3801,177,4449,177,4449,453,3801,453
1993,597,2392,597,2392,603,1993,603
4060,594,4517,594,4517,723,4060,723
1137,677,1307,677,1307,751,1137,751
1409,677,1450,677,1450,751,1409,751
1584,644,1588,813,1565,813,1561,645
1070,731,1070,736,1051,736,1051,731
1090,758,1455,758,1455,794,1090,794
1606,750,1615,750,1614,784,1605,784
1658,752,1741,754,1740,788,1657,786
1587,776,1591,776,1591,793,1587,793
2393,756,2474,756,2474,819,2393,819
1069,819,1069,824,1050,824,1050,819
4130,808,4472,808,4472,840,4130,840
967,845,967,849,950,849,950,845
2101,834,2146,834,2146,869,2101,869
1069,855,1069,860,1050,860,1050,855
967,873,967,877,950,877,950,873
2717,859,2726,860,2722,895,2713,894
2813,868,2864,874,2860,910,2809,905
1068,891,1068,896,1049,896,1049,891
967,909,967,913,950,913,950,909
1324,903,1379,903,1379,924,1324,924
2197,936,2205,936,2204,966,2196,966
966,980,966,984,949,984,949,980
1879,998,1879,993,1898,993,1898,998
966,1016,966,1020,949,1020,949,1016
1878,1032,1878,1027,1897,1027,1897,1032
2656,1006,2963,1006,2963,1064,2656,1064
2049,1038,2049,1042,2031,1042,2031,1038
966,1050,966,1054,949,1054,949,1050
3804,1040,3928,1040,3928,1080,3804,1080
4532,1040,4654,1040,4654,1074,4532,1074
1878,1070,1878,1065,1897,1065,1897,1070
2050,1068,2050,1072,2032,1072,2032,1068
965,1086,965,1090,948,1090,948,1086
1877,1104,1877,1099,1896,1099,1896,1104
2051,1104,2051,1108,2033,1108,2033,1104
2159,1082,2448,1082,2448,1144,2159,1144
965,1122,965,1126,948,1126,948,1122
1060,1131,1064,1131,1064,1148,1060,1148
1098,1131,1102,1131,1102,1148,1098,1148
1134,1131,1138,1131,1138,1148,1134,1148
1170,1131,1174,1131,1174,1148,1170,1148
1204,1131,1208,1131,1208,1148,1204,1148
1240,1131,1244,1131,1244,1148,1240,1148
1276,1130,1280,1130,1280,1147,1276,1147
1312,1130,1316,1130,1316,1147,1312,1147
1346,1130,1350,1130,1350,1147,1346,1147
1382,1130,1386,1130,1386,1147,1382,1147
1418,1130,1422,1130,1422,1147,1418,1147
1453,1130,1457,1130,1457,1147,1453,1147
1492,1130,1496,1130,1496,1147,1492,1147
1525,1130,1529,1130,1529,1147,1525,1147
1559,1130,1563,1130,1563,1147,1559,1147
1595,1130,1599,1130,1599,1147,1595,1147
1631,1130,1635,1130,1635,1147,1631,1147
1667,1130,1671,1130,1671,1147,1667,1147
1701,1129,1705,1129,1705,1146,1701,1146
1737,1129,1741,1129,1741,1146,1737,1146
1773,1129,1777,1129,1777,1146,1773,1146
1807,1129,1811,1129,1811,1146,1807,1146
1843,1129,1847,1129,1847,1146,1843,1146
2051,1138,2051,1142,2033,1142,2033,1138
710,1154,714,1154,714,1172,710,1172
744,1153,748,1153,748,1171,744,1171
780,1153,784,1153,784,1171,780,1171
816,1152,820,1152,820,1170,816,1170
851,1152,855,1152,855,1170,851,1170
887,1151,891,1151,891,1169,887,1169
921,1151,925,1151,925,1169,921,1169
2052,1175,2052,1179,2034,1179,2034,1175
2663,1224,2635,1130,2667,1121,2695,1215
2867,1185,2873,1183,2881,1207,2875,1209
2902,1173,2908,1171,2916,1195,2910,1197
2053,1211,2053,1215,2035,1215,2035,1211
2117,1242,2119,1242,2120,1253,2118,1253
2153,1238,2156,1238,2156,1253,2153,1253
2189,1238,2325,1238,2325,1263,2189,1263
2359,1240,2361,1240,2361,1251,2359,1251
2394,1240,2396,1240,2396,1251,2394,1251
2657,1248,2661,1248,2661,1265,2657,1265
2693,1248,2697,1248,2697,1265,2693,1265
2729,1249,2732,1249,2732,1264,2729,1264
2765,1247,2769,1247,2769,1265,2765,1265
2799,1247,2803,1247,2803,1265,2799,1265
2835,1247,2839,1247,2839,1265,2835,1265
2629,1262,2629,1266,2612,1265,2612,1261
2627,1295,2627,1299,2610,1298,2610,1294
4345,1304,4675,1304,4675,1344,4345,1344
2624,1329,2624,1333,2607,1332,2607,1328
2621,1365,2621,1369,2604,1368,2604,1364
1456,1412,1456,1357,1488,1357,1488,1412
2618,1401,2618,1405,2601,1404,2601,1400
2616,1432,2616,1436,2599,1435,2599,1431
2363,1464,2368,1464,2368,1485,2363,1485
2342,1472,2342,1477,2323,1477,2323,1472
2398,1463,2403,1463,2403,1484,2398,1484
2433,1463,2438,1463,2438,1484,2433,1484
2470,1462,2475,1462,2475,1483,2470,1483
2503,1462,2508,1462,2508,1483,2503,1483
2541,1461,2546,1461,2546,1482,2541,1482
2576,1461,2581,1461,2581,1482,2576,1482
2611,1460,2616,1460,2616,1481,2611,1481
2341,1512,2341,1517,2322,1517,2322,1512
2340,1546,2340,1551,2321,1551,2321,1546
1124,1558,1175,1558,1175,1590,1124,1590
1938,1556,1981,1556,1981,1590,1938,1590
2656,1560,2703,1560,2703,1590,2656,1590
931,1625,1373,1625,1373,1695,931,1695
1719,1658,1735,1658,1736,1712,1720,1712
1813,1656,2092,1651,2093,1705,1814,1710
2613,1625,2908,1625,2908,1695,2613,1695
2360,1783,2404,1783,2404,1812,2360,1812
2419,1757,2531,1760,2530,1783,2418,1780
2435,1783,2548,1783,2548,1812,2435,1812
2623,1875,2622,1881,2599,1877,2600,1871
2641,1916,2648,1913,2660,1940,2652,1943
2605,1932,2612,1929,2624,1956,2616,1959
3717,1547,4799,1547,4799,1747,3717,1747
3887,1792,4776,1792,4776,2015,3887,2015
3887,1967,4775,1967,4775,2087,3887,2087
3888,2039,4776,2039,4776,2159,3888,2159
3887,2111,4746,2111,4746,2240,3887,2240
3877,2178,4747,2178,4747,2301,3877,2301
4555,2255,4772,2255,4772,2376,4555,2376
2531,1963,2538,1960,2550,1987,2542,1990
2556,1974,2660,1949,2667,1978,2563,2003
2625,2002,2629,2002,2629,2020,2625,2020
2659,2002,2663,2002,2663,2020,2659,2020
2695,2002,2699,2002,2699,2020,2695,2020
2729,2003,2733,2003,2733,2021,2729,2021
2765,2003,2769,2003,2769,2021,2765,2021
2799,2003,2803,2003,2803,2021,2799,2021
2835,2003,2839,2003,2839,2021,2835,2021
2872,2004,2876,2004,2876,2022,2872,2022
2942,2004,2946,2004,2946,2022,2942,2022
2047,2037,2085,2037,2085,2072,2047,2072
910,2069,911,2069,911,2077,910,2077
934,2069,935,2069,935,2077,934,2077
957,2068,958,2068,958,2076,957,2076
980,2068,981,2068,981,2076,980,2076
1147,2067,1149,2067,1149,2078,1147,2078
1170,2066,1173,2066,1173,2079,1170,2079
1193,2066,1196,2066,1196,2079,1193,2079
1217,2066,1220,2066,1220,2079,1217,2079
1265,2066,1268,2066,1268,2079,1265,2079
1289,2066,1292,2066,1292,2079,1289,2079
1311,2066,1314,2066,1314,2079,1311,2079
1335,2066,1338,2066,1338,2079,1335,2079
1359,2066,1362,2066,1362,2079,1359,2079
1382,2066,1385,2066,1385,2079,1382,2079
1406,2066,1409,2066,1409,2079,1406,2079
2175,2067,2199,2065,2200,2082,2177,2084
2219,2063,2223,2063,2225,2080,2221,2080
2120,2068,2158,2070,2156,2105,2118,2103
2644,2047,2678,2047,2678,2105,2644,2105
1143,2088,1147,2088,1145,2105,1141,2105
2243,2073,2252,2073,2250,2108,2241,2108
2554,2082,2611,2082,2611,2105,2554,2105
675,2477,675,2344,704,2344,704,2477
1349,2391,1601,2391,1601,2434,1349,2434
1692,2453,1692,2408,1724,2408,1724,2453
3719,2482,4870,2482,4870,2516,3719,2516
3894,2567,4156,2567,4156,2613,3894,2613
4570,2544,4704,2544,4704,2630,4570,2630
2071,2617,2101,2620,2097,2654,2067,2651
1911,2656,2292,2656,2292,2707,1911,2707
3901,2746,4060,2750,4059,2782,3900,2778
3766,2818,3831,2818,3831,3004,3766,3004
3875,2818,4358,2818,4358,3200,3875,3200
3766,3014,3807,3011,3809,3042,3768,3045
2439,3058,3573,3053,3574,3280,2440,3285
3761,3046,3814,3046,3814,3200,3761,3200
4518,3186,4897,3186,4897,3320,4518,3320
3582,3373,3626,3373,3626,3407,3582,3407
3997,3362,4120,3362,4120,3408,3997,3408
4290,3363,4534,3363,4534,3407,4290,3407
