3801,177,4449,177,4449,453,3801,453
1958,565,1966,565,1966,594,1958,594
1997,565,2038,565,2038,594,1997,594
2076,576,2076,580,2059,580,2059,576
2131,569,2131,647,2108,647,2108,569
2076,610,2076,614,2059,614,2059,610
2202,618,2202,614,2219,614,2219,618
2201,594,2201,692,2177,692,2177,594
2076,646,2076,650,2059,650,2059,646
2203,651,2203,647,2220,647,2220,651
2591,646,2591,649,2577,648,2577,645
4060,594,4517,594,4517,723,4060,723
1855,684,1899,681,1901,712,1857,715
1958,677,2001,674,2003,705,1960,708
2031,668,2193,657,2195,693,2034,704
2204,699,2204,695,2221,695,2221,699
1937,701,1937,706,1918,706,1918,701
2504,711,2504,717,2481,717,2481,711
1936,735,1936,740,1917,740,1917,735
2579,757,2579,754,2593,754,2593,757
2504,759,2504,765,2481,765,2481,759
1936,769,1936,774,1917,774,1917,769
2580,793,2580,790,2594,790,2594,793
2504,795,2504,801,2481,801,2481,795
1935,805,1935,810,1916,810,1916,805
974,806,1024,806,1024,841,974,841
4130,808,4472,808,4472,840,4130,840
2582,829,2582,826,2596,826,2596,829
2504,829,2504,835,2481,835,2481,829
1821,834,1825,834,1825,851,1821,851
1855,833,1859,833,1859,850,1855,850
1889,833,1893,833,1893,850,1889,850
1922,832,1926,832,1926,849,1922,849
2856,1035,2856,676,2890,676,2890,1035
2504,865,2504,871,2481,871,2481,865
1128,887,1128,883,1144,883,1144,887
1148,916,1148,868,1181,868,1181,916
2504,901,2504,907,2481,907,2481,901
1819,905,1823,905,1823,922,1819,922
1854,905,1858,905,1858,922,1854,922
1890,905,1894,905,1894,922,1890,922
1935,912,1935,917,1916,917,1916,912
851,898,944,898,944,961,851,961
1035,902,1152,902,1152,953,1035,953
2504,934,2504,940,2481,940,2481,934
1935,946,1935,951,1916,951,1916,946
2504,970,2504,976,2481,976,2481,970
1252,981,1252,985,1236,985,1236,981
1935,982,1935,987,1916,987,1916,982
944,990,946,990,946,1000,944,1000
978,988,980,988,980,1000,978,1000
1015,988,1017,988,1017,1000,1015,1000
1050,988,1052,988,1052,1000,1050,1000
1085,989,1087,989,1087,1000,1085,1000
2504,1006,2504,1012,2481,1012,2481,1006
1252,1017,1252,1021,1236,1021,1236,1017
1369,1019,1660,1019,1660,1067,1369,1067
1252,1053,1252,1057,1236,1057,1236,1053
1775,1052,1775,1056,1757,1056,1757,1052
1997,1046,2003,1046,2003,1069,1997,1069
2031,1046,2037,1046,2037,1069,2031,1069
2067,1045,2073,1045,2073,1068,2067,1068
2103,1045,2109,1045,2109,1068,2103,1068
2139,1045,2145,1045,2145,1068,2139,1068
2172,1044,2178,1044,2178,1067,2172,1067
2208,1044,2214,1044,2214,1067,2208,1067
2244,1044,2250,1044,2250,1067,2244,1067
2280,1044,2286,1044,2286,1067,2280,1067
2350,1043,2356,1043,2356,1066,2350,1066
2386,1043,2392,1043,2392,1066,2386,1066
2422,1042,2428,1042,2428,1065,2422,1065
2456,1042,2462,1042,2462,1065,2456,1065
3917,1041,4026,1041,4026,1079,3917,1079
4532,1040,4654,1040,4654,1074,4532,1074
2591,1062,2597,1062,2597,1087,2591,1087
2622,1062,2628,1062,2628,1087,2622,1087
2658,1062,2664,1062,2664,1087,2658,1087
2695,1062,2701,1062,2701,1087,2695,1087
2728,1062,2734,1062,2734,1087,2728,1087
2765,1062,2771,1062,2771,1087,2765,1087
2801,1062,2807,1062,2807,1087,2801,1087
2835,1062,2841,1062,2841,1087,2835,1087
2856,1077,2856,1068,2890,1068,2890,1077
1775,1086,1775,1090,1757,1090,1757,1086
1252,1089,1252,1093,1236,1093,1236,1089
1775,1123,1775,1127,1757,1127,1757,1123
1252,1141,1252,1145,1236,1145,1236,1141
984,1135,1126,1126,1128,1160,986,1169
1775,1157,1775,1161,1757,1161,1757,1157
1086,1176,1208,1059,1224,1076,1102,1193
1357,1187,1360,1187,1360,1202,1357,1202
1392,1187,1395,1187,1395,1202,1392,1202
1427,1187,1430,1187,1430,1202,1427,1202
1518,1190,1710,1182,1711,1204,1519,1212
1224,1195,1224,1246,1201,1246,1201,1195
2329,1197,2775,1197,2775,1245,2329,1245
4209,1241,4378,1241,4378,1270,4209,1270
1224,1276,1224,1282,1201,1282,1201,1276
2270,1331,2270,1273,2307,1273,2307,1331
1224,1312,1224,1318,1201,1318,1201,1312
4345,1304,4675,1304,4675,1344,4345,1344
1224,1345,1224,1351,1201,1351,1201,1345
1224,1381,1224,1387,1201,1387,1201,1381
1215,1407,1219,1407,1219,1424,1215,1424
1249,1408,1253,1408,1253,1425,1249,1425
1283,1409,1287,1409,1287,1426,1283,1426
1224,1420,1224,1426,1201,1426,1201,1420
1423,1414,1425,1414,1425,1426,1423,1426
1459,1414,1461,1414,1461,1426,1459,1426
1128,1466,1168,1462,1172,1502,1132,1506
1832,1468,1881,1468,1881,1502,1832,1502
2585,1473,2628,1473,2628,1503,2585,1503
1011,1562,1293,1562,1293,1620,1011,1620
1690,1567,1969,1567,1969,1615,1690,1615
1503,1599,1503,1601,1492,1601,1492,1599
771,1644,771,1595,799,1595,799,1644
2054,1642,2054,1597,2092,1597,2092,1642
1503,1634,1503,1636,1492,1636,1492,1634
1503,1670,1503,1672,1492,1672,1492,1670
1503,1704,1503,1706,1492,1706,1492,1704
1352,1743,1354,1743,1354,1754,1352,1754
1387,1742,1389,1742,1389,1753,1387,1753
1422,1741,1424,1741,1424,1752,1422,1752
1456,1740,1462,1740,1462,1751,1456,1751
1179,1800,1239,1809,1230,1870,1170,1861
782,1953,786,1953,786,1970,782,1970
845,1953,849,1953,849,1970,845,1970
881,1954,885,1954,885,1971,881,1971
917,1954,921,1954,921,1971,917,1971
951,1954,955,1954,955,1971,951,1971
987,1954,991,1954,991,1971,987,1971
1023,1954,1027,1954,1027,1971,1023,1971
1057,1955,1061,1955,1061,1972,1057,1972
1093,1955,1097,1955,1097,1972,1093,1972
1196,1971,1238,1973,1237,1990,1195,1988
2652,1957,2661,1957,2662,1991,2653,1991
2704,1956,2713,1956,2714,1990,2705,1990
3717,1547,4797,1547,4797,1743,3717,1743
4087,1690,4769,1668,4771,1738,4089,1760
3839,1798,4734,1784,4737,1998,3842,2012
3846,1959,4731,1959,4731,2077,3846,2077
3845,2029,4702,2029,4702,2149,3845,2149
3843,2102,4705,2102,4705,2232,3843,2232
3839,2172,4703,2172,4703,2296,3839,2296
4517,2247,4734,2247,4734,2368,4517,2368
2753,1954,2828,1952,2829,1987,2754,1989
1264,1974,1268,1974,1267,1991,1263,1991
1288,1975,1292,1975,1291,1992,1287,1992
1309,1976,1313,1976,1312,1993,1308,1993
1592,1981,1593,1981,1593,1989,1592,1989
1615,1981,1616,1981,1616,1989,1615,1989
2283,1980,2285,1980,2285,1991,2283,1991
2303,1980,2305,1980,2305,1991,2303,1991
2327,1980,2329,1980,2329,1991,2327,1991
2351,1980,2353,1980,2353,1991,2351,1991
2375,1980,2377,1980,2377,1991,2375,1991
2399,1980,2401,1980,2401,1991,2399,1991
2422,1980,2424,1980,2424,1991,2422,1991
2446,1980,2448,1980,2448,1991,2446,1991
2470,1980,2472,1980,2472,1991,2470,1991
2493,1980,2495,1980,2495,1991,2493,1991
2516,1980,2518,1980,2518,1991,2516,1991
2540,1980,2542,1980,2542,1991,2540,1991
2563,1980,2565,1980,2565,1991,2563,1991
2587,1980,2589,1980,2589,1991,2587,1991
1215,2002,1254,2000,1254,2009,1215,2011
1661,1995,1698,2005,1692,2027,1655,2017
2535,2009,2575,2004,2577,2018,2537,2023
2159,2031,2223,2034,2222,2044,2159,2041
2946,2116,3081,2120,3080,2150,2945,2146
3065,2164,3065,2166,3055,2166,3055,2164
3065,2191,3065,2193,3055,2193,3055,2191
3065,2229,3065,2231,3055,2231,3055,2229
3065,2266,3065,2268,3055,2268,3055,2266
3065,2305,3065,2307,3055,2307,3055,2305
1429,2345,1433,2308,1467,2312,1463,2349
1552,2110,1552,2592,1504,2592,1504,2110
2070,2302,2086,2302,2087,2360,2071,2360
2167,2300,2421,2295,2422,2354,2168,2359
3037,2262,3037,2389,3004,2389,3004,2262
3065,2342,3065,2344,3055,2344,3055,2342
3065,2380,3065,2382,3055,2382,3055,2380
3065,2418,3065,2420,3055,2420,3055,2418
3065,2455,3065,2457,3055,2457,3055,2455
3517,2437,3566,2473,3539,2511,3489,2475
3065,2493,3065,2495,3055,2495,3055,2493
3719,2482,4871,2482,4871,2518,3719,2518
3065,2531,3065,2533,3055,2533,3055,2531
3848,2545,4117,2545,4117,2591,3848,2591
4533,2533,4665,2533,4665,2607,4533,2607
3903,2746,4061,2750,4060,2782,3902,2778
3766,2818,3831,2818,3831,3004,3766,3004
3875,2818,4358,2818,4358,3200,3875,3200
3766,3014,3807,3011,3809,3042,3768,3045
3761,3046,3814,3046,3814,3200,3761,3200
4307,3129,4308,3129,4308,3136,4307,3136
4331,3129,4332,3129,4332,3136,4331,3136
4355,3129,4356,3129,4356,3136,4355,3136
2439,3058,3573,3053,3574,3280,2440,3285
4379,3129,4380,3129,4380,3136,4379,3136
4490,3159,4854,3159,4854,3193,4490,3193
4488,3226,4869,3226,4869,3292,4488,3292
3582,3373,3626,3373,3626,3407,3582,3407
3997,3362,4120,3362,4120,3408,3997,3408
4286,3363,4532,3363,4532,3407,4286,3407
