3801,177,4449,177,4449,453,3801,453
2846,562,2846,568,2823,568,2823,562
2166,544,2166,627,2145,627,2145,544
2659,607,2659,602,2680,602,2680,607
2233,541,2233,676,2211,676,2211,541
2586,595,2601,595,2601,648,2586,648
2801,602,2801,631,2769,631,2769,602
2186,595,2400,595,2400,648,2186,648
2277,661,2540,661,2540,700,2277,700
2659,640,2659,635,2680,635,2680,640
2845,636,2845,642,2822,642,2822,636
4060,592,4522,592,4522,727,4060,727
1964,678,1970,677,1972,700,1966,701
1993,675,1999,674,2001,697,1995,698
2029,672,2035,671,2037,694,2031,695
2068,669,2074,668,2076,691,2070,692
2843,703,2843,709,2820,709,2820,703
2843,742,2843,748,2820,748,2820,742
1273,751,1273,747,1289,747,1289,751
1273,785,1273,781,1289,781,1289,785
2843,778,2843,784,2819,784,2819,778
1969,785,1969,790,1950,790,1950,785
2731,791,2731,787,2748,787,2748,791
1220,796,1220,834,1190,834,1190,796
2844,813,2844,817,2827,817,2827,813
1969,819,1969,824,1950,824,1950,819
985,812,1058,792,1066,821,993,841
2731,825,2731,821,2748,821,2748,825
4130,808,4472,808,4472,840,4130,840
1090,879,1087,833,1112,831,1115,877
2038,877,2038,828,2072,828,2072,877
2844,849,2844,853,2827,853,2827,849
1969,855,1969,860,1950,860,1950,855
2731,861,2731,857,2748,857,2748,861
1361,853,1439,853,1439,884,1361,884
2844,885,2844,889,2827,889,2827,885
1969,891,1969,896,1950,896,1950,891
2731,897,2731,893,2748,893,2748,897
2845,921,2845,925,2828,925,2828,921
850,896,1156,896,1156,955,850,955
2845,957,2845,961,2828,961,2828,957
2845,991,2845,995,2828,995,2828,991
987,992,1036,992,1036,1029,987,1029
1517,998,1571,998,1571,1029,1517,1029
2445,998,2496,998,2496,1030,2445,1030
1274,1042,1269,1048,1247,1029,1252,1023
2144,1026,2322,1026,2322,1061,2144,1061
2417,1042,2418,1042,2418,1050,2417,1050
2567,1040,2573,1040,2575,1062,2569,1063
2452,1042,2453,1042,2453,1050,2452,1050
2598,1037,2604,1037,2606,1059,2600,1060
2634,1034,2640,1034,2642,1056,2636,1057
2701,1029,2707,1029,2709,1051,2703,1052
2668,1032,2674,1032,2676,1054,2670,1055
2839,1054,2843,1054,2842,1071,2838,1071
2846,1063,2846,1067,2829,1067,2829,1063
2871,1056,2875,1056,2874,1073,2870,1073
4532,1040,4654,1040,4654,1074,4532,1074
3812,1040,4098,1040,4098,1080,3812,1080
2905,1058,2909,1058,2908,1075,2904,1075
934,1065,938,1069,922,1086,917,1082
2941,1060,2945,1060,2944,1077,2940,1077
2977,1063,2981,1063,2980,1080,2976,1080
1239,1082,1210,1115,1188,1096,1217,1063
960,1090,964,1094,948,1111,943,1107
1390,1066,1681,1066,1681,1124,1390,1124
985,1114,989,1118,973,1135,968,1131
2407,1086,2856,1086,2856,1144,2407,1144
3975,1118,4102,1118,4102,1181,3975,1181
1404,1152,1480,1153,1480,1171,1404,1170
1515,1153,1602,1154,1602,1173,1515,1172
1635,1153,1638,1153,1638,1167,1635,1167
1668,1153,1671,1153,1671,1167,1668,1167
1244,1223,1244,1227,1227,1227,1227,1223
1244,1259,1244,1263,1227,1263,1227,1259
3058,1316,3058,1265,3090,1265,3090,1316
1244,1293,1244,1297,1227,1297,1227,1293
1244,1329,1244,1333,1227,1333,1227,1329
1244,1365,1244,1369,1227,1369,1227,1365
1339,1378,1342,1378,1342,1393,1339,1393
1374,1378,1377,1378,1377,1393,1374,1393
1409,1378,1412,1378,1412,1393,1409,1393
1444,1378,1447,1378,1447,1393,1444,1393
1480,1378,1483,1378,1483,1393,1480,1393
1515,1378,1518,1378,1518,1393,1515,1393
1135,1408,1177,1405,1179,1434,1137,1437
1829,1402,1882,1402,1882,1439,1829,1439
2623,1402,2673,1402,2673,1437,2623,1437
1116,1531,1400,1531,1400,1575,1116,1575
1835,1516,2117,1516,2117,1583,1835,1583
1089,1622,1089,1567,1116,1567,1116,1622
3717,1547,4565,1547,4565,1747,3717,1747
4063,1667,4564,1667,4564,1872,4063,1872
4666,1547,4799,1547,4799,1747,4666,1747
1228,1715,1228,1711,1245,1712,1245,1716
1227,1753,1227,1749,1244,1750,1244,1754
1225,1787,1225,1783,1242,1784,1242,1788
1224,1823,1224,1819,1241,1820,1241,1824
1223,1859,1223,1855,1240,1856,1240,1860
1172,1876,1172,1872,1190,1873,1190,1877
903,1915,907,1915,907,1932,903,1932
938,1915,942,1915,942,1932,938,1932
974,1916,978,1916,978,1933,974,1933
1010,1916,1014,1916,1014,1933,1010,1933
1044,1916,1048,1916,1048,1933,1044,1933
1080,1916,1084,1916,1084,1933,1080,1933
1150,1917,1154,1917,1154,1934,1150,1934
1249,1967,1252,1967,1252,1981,1249,1981
1273,1968,1276,1968,1276,1982,1273,1982
1296,1968,1299,1968,1299,1982,1296,1982
1320,1969,1323,1969,1323,1983,1320,1983
1719,1951,1796,1943,1799,1978,1722,1986
2362,1972,2364,1972,2364,1984,2362,1984
2386,1972,2388,1972,2388,1984,2386,1984
2409,1972,2411,1972,2411,1984,2409,1984
2432,1972,2434,1972,2434,1984,2432,1984
2456,1972,2458,1972,2458,1984,2456,1984
2479,1972,2481,1972,2481,1981,2479,1981
2527,1965,2718,1960,2719,1984,2528,1989
2741,1960,2865,1957,2866,1980,2742,1983
1249,1982,1312,1982,1312,2013,1249,2013
1600,1986,1609,1986,1611,2019,1602,2019
1692,1982,1728,1980,1729,2013,1694,2015
2595,1990,2633,1993,2631,2016,2593,2013
3014,2113,3091,2113,3091,2149,3014,2149
3871,1914,4361,1914,4361,2324,3871,2324
4549,1913,4774,1913,4774,2393,4549,2393
2165,2266,2413,2266,2413,2316,2165,2316
2017,2359,2017,2315,2048,2315,2048,2359
3107,2285,3107,2412,3076,2412,3076,2285
3722,2482,4868,2482,4868,2518,3722,2518
2906,2517,2946,2514,2948,2546,2908,2549
3884,2534,4155,2534,4155,2596,3884,2596
4562,2538,4698,2538,4698,2601,4562,2601
3903,2746,4061,2750,4060,2782,3902,2778
3766,2818,3831,2818,3831,3004,3766,3004
3875,2818,4358,2818,4358,3200,3875,3200
3766,3014,3807,3011,3809,3042,3768,3045
2439,3058,3573,3053,3574,3280,2440,3285
3761,3046,3814,3046,3814,3200,3761,3200
4488,3157,4853,3153,4853,3193,4488,3197
4490,3224,4870,3224,4870,3293,4490,3293
3582,3373,3626,3373,3626,3407,3582,3407
3999,3363,4123,3367,4122,3409,3998,3405
4290,3363,4534,3363,4534,3407,4290,3407
