874,218,926,216,927,235,875,237
1245,203,1369,248,1355,288,1230,243
1840,208,1900,208,1900,255,1840,255
1198,248,1202,248,1201,265,1197,265
1222,250,1226,250,1225,267,1221,267
1825,249,1828,249,1828,263,1825,263
1849,248,1852,248,1852,262,1849,262
1873,248,1876,248,1876,262,1873,262
1897,247,1900,247,1900,261,1897,261
767,259,834,247,839,276,772,289
1926,247,1960,245,1962,275,1928,277
777,311,777,313,765,313,765,311
1978,299,2027,299,2027,330,1978,330
3801,177,4449,177,4449,453,3801,453
778,345,778,347,766,347,766,345
684,343,729,343,729,379,684,379
1373,344,1423,344,1423,379,1373,379
773,411,777,411,777,428,773,428
805,411,809,411,809,428,805,428
841,411,845,411,845,428,841,428
877,411,881,411,881,428,877,428
913,411,917,411,917,428,913,428
948,411,952,411,952,428,948,428
984,411,988,411,988,428,984,428
1020,411,1024,411,1024,428,1020,428
1066,459,1066,465,1043,465,1043,459
1066,495,1066,501,1043,501,1043,495
1066,531,1066,537,1043,537,1043,531
1066,567,1066,573,1043,573,1043,567
416,631,416,581,452,581,452,631
564,561,853,561,853,607,564,607
1262,561,1541,561,1541,605,1262,605
1858,559,2142,559,2142,605,1858,605
1066,601,1066,607,1043,607,1043,601
2178,653,2178,606,2215,606,2215,653
4060,594,4517,594,4517,723,4060,723
797,763,797,699,828,699,828,763
780,785,780,790,760,790,760,785
780,818,780,823,760,823,760,818
4129,808,4472,808,4472,840,4129,840
780,854,780,859,760,859,760,854
780,890,780,895,760,895,760,890
405,950,411,950,411,975,405,975
441,950,447,950,447,975,441,975
475,950,481,950,481,975,475,975
512,950,518,950,518,975,512,975
548,950,554,950,554,975,548,975
582,950,588,950,588,975,582,975
618,950,624,950,624,975,618,975
655,950,661,950,661,975,655,975
688,950,694,950,694,975,688,975
725,950,731,950,731,975,725,975
1033,971,1038,968,1052,988,1047,992
1003,992,1008,989,1022,1009,1017,1013
536,1022,542,1022,542,1047,536,1047
637,1022,643,1022,643,1047,637,1047
671,1022,677,1022,677,1047,671,1047
973,1012,978,1009,992,1029,987,1033
945,1032,950,1029,964,1049,959,1053
4532,1040,4654,1040,4654,1074,4532,1074
539,1061,574,1054,580,1083,544,1089
563,1103,609,1106,606,1141,561,1138
500,1127,506,1127,506,1150,500,1150
2043,1156,2137,1156,2137,1207,2043,1207
486,1191,492,1191,492,1214,486,1214
519,1191,525,1191,525,1214,519,1214
555,1192,561,1192,561,1215,555,1215
589,1192,595,1192,595,1215,589,1215
625,1192,631,1192,631,1215,625,1215
661,1193,667,1193,667,1216,661,1216
697,1193,703,1193,703,1216,697,1216
475,1218,781,1218,781,1276,475,1276
1260,1198,1551,1198,1551,1256,1260,1256
3791,1306,3801,1306,3801,1342,3791,1342
3915,1306,4121,1306,4121,1342,3915,1342
4336,1306,4692,1306,4692,1344,4336,1344
597,1373,603,1396,586,1400,581,1377
588,1377,592,1377,591,1395,587,1395
658,1380,662,1380,661,1398,657,1398
693,1382,697,1382,696,1400,692,1400
1954,1461,1954,1470,1921,1470,1921,1461
1251,1438,1254,1438,1257,1512,1254,1512
1615,1496,1794,1496,1794,1539,1615,1539
2072,1431,2072,1566,2015,1566,2015,1431
2038,1502,2038,1532,2015,1532,2015,1502
1442,1573,1448,1573,1448,1598,1442,1598
1479,1572,1485,1572,1485,1597,1479,1597
2092,1556,2098,1556,2099,1579,2093,1579
1513,1572,1519,1572,1519,1597,1513,1597
1549,1571,1555,1571,1555,1596,1549,1596
1585,1570,1591,1570,1591,1595,1585,1595
1619,1570,1625,1570,1625,1595,1619,1595
1656,1569,1662,1569,1662,1594,1656,1594
1692,1569,1698,1569,1698,1594,1692,1594
1726,1568,1732,1568,1732,1593,1726,1593
1762,1568,1768,1568,1768,1593,1762,1593
2025,1560,2031,1560,2032,1583,2026,1583
1796,1567,1802,1567,1802,1592,1796,1592
1866,1566,1872,1566,1872,1591,1866,1591
1903,1566,1909,1566,1909,1591,1903,1591
1939,1565,1945,1565,1945,1590,1939,1590
835,1655,835,1651,852,1651,852,1655
1345,1680,1345,1684,1327,1684,1327,1680
835,1691,835,1687,852,1687,852,1691
1345,1714,1345,1718,1327,1718,1327,1714
834,1727,834,1723,851,1723,851,1727
1345,1751,1345,1755,1327,1755,1327,1751
627,1782,631,1736,660,1738,656,1784
833,1762,833,1757,852,1757,852,1762
1345,1785,1345,1789,1327,1789,1327,1785
832,1798,832,1793,851,1793,851,1798
1345,1821,1345,1825,1327,1825,1327,1821
831,1834,831,1829,850,1829,850,1834
2105,1836,2105,1832,2122,1831,2122,1835
1345,1857,1345,1861,1327,1861,1327,1857
830,1868,830,1863,849,1863,849,1868
2107,1872,2107,1868,2124,1867,2124,1871
1345,1891,1345,1895,1327,1895,1327,1891
695,1891,701,1891,702,1914,696,1914
829,1902,829,1897,848,1897,848,1902
731,1890,737,1890,738,1913,732,1913
765,1889,771,1889,772,1912,766,1912
801,1888,807,1888,808,1911,802,1911
1339,1926,1345,1926,1345,1951,1339,1951
1391,1926,1397,1926,1397,1951,1391,1951
1425,1926,1431,1926,1431,1951,1425,1951
1461,1926,1467,1926,1467,1951,1461,1951
1495,1926,1501,1926,1501,1951,1495,1951
1531,1926,1537,1926,1537,1951,1531,1951
1568,1926,1574,1926,1574,1951,1568,1951
1601,1926,1607,1926,1607,1951,1601,1951
1638,1926,1644,1926,1644,1951,1638,1951
1674,1926,1680,1926,1680,1951,1674,1951
1708,1926,1714,1926,1714,1951,1708,1951
1744,1926,1750,1926,1750,1951,1744,1951
1778,1926,1784,1926,1784,1951,1778,1951
1815,1926,1821,1926,1821,1951,1815,1951
1848,1926,1854,1926,1854,1951,1848,1951
1885,1926,1891,1926,1891,1951,1885,1951
1921,1926,1927,1926,1927,1951,1921,1951
1958,1926,1964,1926,1964,1951,1958,1951
1991,1926,1997,1926,1997,1951,1991,1951
2028,1926,2034,1926,2034,1951,2028,1951
2064,1926,2070,1926,2070,1951,2064,1951
3720,1547,4797,1547,4797,1747,3720,1747
3874,1797,4763,1797,4763,2025,3874,2025
3875,1978,4768,1978,4768,2097,3875,2097
3875,2051,4738,2051,4738,2169,3875,2169
3873,2120,4735,2120,4735,2246,3873,2246
3878,2191,4734,2191,4734,2315,3878,2315
3869,2266,4739,2266,4739,2389,3869,2389
4550,2339,4766,2339,4766,2455,4550,2455
1803,2096,1803,2042,1832,2042,1832,2096
1444,2126,1498,2126,1498,2160,1444,2160
1268,2174,1716,2174,1716,2236,1268,2236
3521,2433,3578,2482,3539,2527,3482,2478
3719,2482,4871,2482,4871,2518,3719,2518
3882,2551,4150,2551,4150,2595,3882,2595
4558,2551,4690,2551,4690,2595,4558,2595
1124,2635,1127,2635,1127,2650,1124,2650
1148,2635,1151,2635,1151,2650,1148,2650
1172,2635,1175,2635,1175,2650,1172,2650
1195,2635,1198,2635,1198,2650,1195,2650
1219,2635,1222,2635,1222,2650,1219,2650
1243,2635,1246,2635,1246,2650,1243,2650
1267,2635,1270,2635,1270,2650,1267,2650
1313,2635,1316,2635,1316,2650,1313,2650
1433,2635,1436,2635,1436,2649,1433,2649
1455,2635,1458,2635,1458,2649,1455,2649
1476,2635,1479,2635,1479,2649,1476,2649
1503,2635,1506,2635,1506,2649,1503,2649
1526,2635,1529,2635,1529,2649,1526,2649
1550,2635,1553,2635,1553,2649,1550,2649
1574,2635,1577,2635,1577,2649,1574,2649
1598,2635,1601,2635,1601,2649,1598,2649
1620,2635,1623,2635,1623,2650,1620,2650
1644,2635,1647,2635,1647,2650,1644,2650
1668,2635,1671,2635,1671,2650,1668,2650
1691,2635,1694,2635,1694,2650,1691,2650
1715,2635,1718,2635,1718,2650,1715,2650
1739,2635,1742,2635,1742,2650,1739,2650
1763,2635,1766,2635,1766,2650,1763,2650
1787,2635,1790,2635,1790,2650,1787,2650
1809,2635,1812,2635,1812,2650,1809,2650
1099,2667,1099,2665,1108,2665,1108,2667
1561,2663,1603,2660,1604,2681,1563,2684
3903,2746,4061,2750,4060,2782,3902,2778
3766,2818,3831,2818,3831,3004,3766,3004
1400,2934,1648,2934,1648,2988,1400,2988
2283,2868,2283,3000,2251,3000,2251,2868
3875,2818,4358,2818,4358,3200,3875,3200
1794,3073,1800,3019,1833,3023,1828,3076
3766,3014,3807,3011,3809,3042,3768,3045
3764,3046,3809,3046,3809,3086,3764,3086
3763,3090,3807,3081,3815,3120,3771,3129
2439,3056,3576,3056,3576,3285,2439,3285
3761,3122,3814,3122,3814,3200,3761,3200
4480,3151,4844,3151,4844,3185,4480,3185
4480,3216,4860,3216,4860,3285,4480,3285
3582,3373,3626,3373,3626,3407,3582,3407
3999,3363,4123,3367,4122,3409,3998,3405
4286,3363,4532,3363,4532,3407,4286,3407
