1361,167,1413,167,1413,188,1361,188
1724,167,1779,167,1779,188,1724,188
1428,199,1432,199,1432,216,1428,216
1449,198,1453,198,1453,215,1449,215
1475,198,1479,198,1479,215,1475,215
1527,198,1530,203,1510,214,1507,209
1655,199,1690,199,1690,226,1655,226
1543,227,1546,232,1526,243,1523,238
1560,259,1563,264,1543,275,1540,270
1887,297,1935,297,1935,328,1887,328
3801,177,4449,177,4449,453,3801,453
1571,368,1571,372,1554,372,1554,368
1571,417,1543,447,1522,428,1550,397
1307,421,1421,424,1420,458,1306,455
1441,450,1441,445,1460,445,1460,450
1524,468,1495,500,1474,480,1503,448
1441,486,1441,481,1460,481,1460,486
1441,522,1441,517,1460,517,1460,522
1070,483,1427,468,1431,584,1075,599
1790,506,2069,506,2069,560,1790,560
1441,556,1441,551,1460,551,1460,556
1441,592,1441,587,1460,587,1460,592
1935,632,1935,582,1964,582,1964,632
4071,583,4581,583,4581,728,4071,728
1441,697,1441,694,1455,694,1455,697
1440,733,1440,730,1454,730,1454,733
1304,766,1307,766,1307,779,1304,779
1439,770,1439,767,1453,767,1453,770
1341,758,1347,758,1348,781,1342,781
1377,756,1383,756,1384,779,1378,779
1413,755,1419,755,1420,778,1414,778
1218,810,1218,804,1241,804,1241,810
4129,808,4472,808,4472,840,4129,840
1219,846,1219,840,1242,840,1242,846
1221,951,1221,945,1244,945,1244,951
1223,1068,1222,1017,1246,1017,1247,1068
3812,1040,4098,1040,4098,1080,3812,1080
4532,1040,4654,1040,4654,1074,4532,1074
1008,1078,1151,1075,1152,1134,1009,1137
1025,1185,1397,1185,1397,1250,1025,1250
1517,1174,1807,1174,1807,1236,1517,1236
1366,1310,1363,1315,1342,1304,1345,1298
1349,1341,1346,1346,1325,1335,1328,1329
1332,1372,1329,1377,1308,1366,1311,1360
1315,1402,1312,1407,1291,1396,1294,1390
988,1416,988,1410,1013,1409,1013,1415
990,1453,990,1447,1015,1446,1015,1452
1010,1490,1013,1490,1013,1504,1010,1504
1039,1490,1042,1490,1042,1504,1039,1504
1601,1506,1602,1462,1631,1463,1630,1507
1073,1490,1076,1490,1076,1504,1073,1504
1280,1422,1285,1564,1273,1564,1268,1422
1109,1490,1112,1490,1112,1504,1109,1504
1591,1479,1591,1507,1560,1507,1560,1479
1591,1555,1591,1563,1560,1563,1560,1555
1953,1559,1952,1567,1923,1564,1924,1556
1598,1578,1598,1570,1627,1571,1627,1579
966,1593,1006,1595,1004,1629,964,1627
1478,1585,1605,1585,1605,1621,1478,1621
1275,1635,1399,1634,1399,1681,1275,1682
1507,1679,1507,1684,1486,1683,1486,1678
1572,1678,1572,1681,1558,1681,1558,1678
777,1639,1168,1635,1169,1738,778,1742
1107,1713,1147,1713,1147,1744,1107,1744
1949,1604,1933,1788,1904,1786,1920,1601
1506,1717,1506,1722,1485,1721,1485,1716
1212,1713,1431,1713,1431,1744,1212,1744
1573,1734,1573,1737,1559,1737,1559,1734
1573,1783,1573,1786,1559,1786,1559,1783
1920,1929,1901,1708,1930,1705,1949,1926
1574,1819,1574,1822,1560,1822,1560,1819
1574,1854,1574,1857,1560,1857,1560,1854
1574,1890,1574,1893,1560,1893,1560,1890
1575,1926,1575,1929,1561,1929,1561,1926
3720,1547,4799,1547,4799,1747,3720,1747
4078,1667,4769,1667,4769,1747,4078,1747
3897,1797,4562,1787,4564,1942,3899,1952
3898,1897,4786,1897,4786,2020,3898,2020
3896,1969,4789,1969,4789,2089,3896,2089
3899,2038,4759,2038,4759,2161,3899,2161
3895,2111,4757,2111,4757,2240,3895,2240
3887,2183,4756,2183,4756,2301,3887,2301
4565,2255,4788,2255,4788,2375,4565,2375
1931,2051,1927,2001,1957,1999,1961,2048
1995,2070,1999,2070,1999,2086,1995,2086
2031,2068,2035,2068,2035,2086,2031,2086
2063,2068,2069,2068,2069,2086,2063,2086
2102,2068,2105,2068,2105,2082,2102,2082
808,2079,811,2079,811,2094,808,2094
2136,2068,2139,2068,2139,2082,2136,2082
846,2079,849,2079,849,2094,846,2094
881,2079,884,2079,884,2094,881,2094
917,2079,920,2079,920,2094,917,2094
952,2079,955,2079,955,2094,952,2094
1415,2066,1528,2062,1529,2094,1416,2098
987,2079,990,2079,990,2094,987,2094
1022,2079,1025,2079,1025,2094,1022,2094
1057,2079,1060,2079,1060,2094,1057,2094
1094,2079,1097,2079,1097,2094,1094,2094
1200,2073,1384,2067,1385,2099,1201,2105
1137,2143,1137,2090,1168,2090,1168,2143
1321,2121,1767,2121,1767,2189,1321,2189
1473,2301,1527,2301,1527,2332,1473,2332
3719,2482,4871,2482,4871,2518,3719,2518
1336,2561,1342,2562,1339,2586,1333,2585
3900,2550,4173,2550,4173,2612,3900,2612
1203,2584,1205,2584,1205,2596,1203,2596
1226,2584,1228,2584,1228,2596,1226,2596
1250,2584,1252,2584,1252,2596,1250,2596
1273,2584,1275,2584,1275,2596,1273,2596
1296,2584,1298,2584,1298,2596,1296,2596
1321,2584,1323,2584,1323,2596,1321,2596
1507,2584,1509,2584,1509,2596,1507,2596
1533,2584,1535,2584,1535,2596,1533,2596
1556,2584,1558,2584,1558,2596,1556,2596
1651,2584,1653,2584,1653,2596,1651,2596
1674,2584,1676,2584,1676,2596,1674,2596
1699,2584,1701,2584,1701,2596,1699,2596
1721,2584,1723,2584,1723,2596,1721,2596
1746,2584,1748,2584,1748,2596,1746,2596
1769,2584,1771,2584,1771,2596,1769,2596
1793,2584,1795,2584,1795,2596,1793,2596
1816,2584,1818,2584,1818,2596,1816,2596
1839,2584,1841,2584,1841,2596,1839,2596
1864,2584,1866,2584,1866,2596,1864,2596
4582,2553,4711,2553,4711,2618,4582,2618
805,2733,884,2723,889,2757,810,2768
3903,2746,4061,2750,4060,2782,3902,2778
804,2995,804,2865,828,2865,828,2995
1402,2889,1648,2889,1648,2935,1402,2935
3766,2818,3831,2818,3831,3004,3766,3004
1134,3023,1134,2972,1166,2972,1166,3023
3875,2818,4358,2818,4358,3200,3875,3200
3766,3014,3807,3011,3809,3042,3768,3045
777,2856,777,3316,760,3316,760,2856
2440,3056,3576,3056,3576,3285,2440,3285
3761,3046,3814,3046,3814,3200,3761,3200
4482,3148,4846,3148,4846,3183,4482,3183
1353,3240,1399,3240,1399,3271,1353,3271
4481,3216,4859,3216,4859,3282,4481,3282
3582,3373,3626,3373,3626,3407,3582,3407
3999,3363,4123,3367,4122,3409,3998,3405
4288,3361,4534,3361,4534,3407,4288,3407
