3801,177,4449,177,4449,453,3801,453
667,579,771,579,771,586,667,586
1502,637,1502,643,1478,643,1478,637
998,685,998,679,1021,679,1021,685
1161,680,1161,685,1140,685,1140,680
4060,594,4517,594,4517,723,4060,723
1216,667,1258,668,1257,727,1215,726
998,718,998,712,1021,712,1021,718
1302,714,1302,719,1283,719,1283,714
1013,663,1164,667,1161,780,1010,776
1502,685,1502,761,1478,761,1478,685
1161,716,1161,721,1140,721,1140,716
1582,631,1592,802,1555,804,1545,633
1714,609,1714,821,1664,821,1664,609
891,858,908,690,942,693,925,861
1627,778,1608,694,1646,685,1666,769
1301,752,1301,757,1282,757,1282,752
998,771,998,765,1021,765,1021,771
1394,764,1396,764,1396,775,1394,775
2345,738,2424,738,2424,800,2345,800
998,807,998,801,1021,801,1021,807
4130,808,4472,808,4472,840,4130,840
998,843,998,837,1021,837,1021,843
902,862,902,859,916,859,916,862
998,879,998,873,1021,873,1021,879
1274,876,1327,876,1327,910,1274,910
902,898,902,895,916,895,916,898
2981,914,2981,917,2966,917,2966,914
902,932,902,929,916,929,916,932
2120,918,2118,959,2096,958,2098,917
998,949,998,943,1021,943,1021,949
2981,949,2981,952,2966,952,2966,949
902,959,902,956,916,956,916,959
998,985,998,979,1021,979,1021,985
2981,985,2981,988,2966,988,2966,985
898,1001,898,997,916,997,916,1001
1828,1013,1828,1009,1846,1010,1846,1014
2521,1008,2521,1010,2510,1010,2510,1008
1871,999,1877,999,1876,1022,1870,1022
1907,1000,1913,1000,1912,1023,1906,1023
1943,1001,1949,1001,1948,1024,1942,1024
2613,982,2913,982,2913,1044,2613,1044
998,1021,998,1015,1021,1015,1021,1021
1979,1002,1985,1002,1984,1025,1978,1025
897,1037,897,1033,915,1033,915,1037
2521,1041,2521,1043,2510,1043,2510,1041
1827,1053,1827,1049,1845,1050,1845,1054
998,1057,998,1051,1021,1051,1021,1057
3804,1040,3928,1040,3928,1080,3804,1080
4532,1040,4654,1040,4654,1074,4532,1074
896,1071,896,1067,914,1067,914,1071
998,1090,998,1084,1021,1084,1021,1090
2112,1070,2394,1059,2396,1118,2114,1129
896,1108,896,1104,914,1104,914,1108
1824,1115,1824,1111,1842,1112,1842,1116
1153,1117,1155,1117,1155,1128,1153,1128
1165,1113,1169,1113,1169,1130,1165,1130
1190,1113,1194,1113,1194,1130,1190,1130
1226,1113,1230,1113,1230,1130,1226,1130
1262,1113,1266,1113,1266,1130,1262,1130
1296,1114,1300,1114,1300,1131,1296,1131
1332,1114,1336,1114,1336,1131,1332,1131
1368,1114,1372,1114,1372,1131,1368,1131
1404,1114,1408,1114,1408,1131,1404,1131
1444,1114,1448,1114,1448,1131,1444,1131
1474,1114,1478,1114,1478,1131,1474,1131
1510,1115,1514,1115,1514,1132,1510,1132
1544,1115,1548,1115,1548,1132,1544,1132
1580,1115,1584,1115,1584,1132,1580,1132
1651,1116,1654,1116,1654,1130,1651,1130
629,1136,635,1136,635,1159,629,1159
660,1135,666,1135,666,1158,660,1158
895,1145,895,1141,913,1141,913,1145
693,1134,699,1134,699,1157,693,1157
729,1134,735,1134,735,1157,729,1157
765,1133,771,1133,771,1156,765,1156
801,1132,807,1132,807,1155,801,1155
837,1131,843,1131,843,1154,837,1154
871,1131,877,1131,877,1154,871,1154
2102,1222,2104,1222,2104,1234,2102,1234
2138,1222,2140,1222,2140,1234,2138,1234
2167,1222,2169,1222,2169,1234,2167,1234
2607,1233,2611,1233,2611,1250,2607,1250
2643,1232,2647,1232,2647,1249,2643,1249
2679,1232,2683,1232,2683,1249,2679,1249
2713,1232,2717,1232,2717,1249,2713,1249
2749,1231,2753,1231,2753,1248,2749,1248
2785,1231,2789,1231,2789,1248,2785,1248
2821,1230,2825,1230,2825,1247,2821,1247
2856,1230,2860,1230,2860,1247,2856,1247
2926,1234,2929,1234,2929,1248,2926,1248
2554,1281,2554,1277,2570,1277,2570,1281
2554,1316,2554,1312,2570,1312,2570,1316
4345,1304,4675,1304,4675,1344,4345,1344
2554,1352,2554,1348,2570,1348,2570,1352
1405,1393,1405,1340,1436,1340,1436,1393
2554,1388,2554,1384,2570,1384,2570,1388
2554,1422,2554,1418,2570,1418,2570,1422
2312,1447,2316,1447,2316,1465,2312,1465
2348,1446,2352,1446,2352,1464,2348,1464
2384,1446,2388,1446,2388,1464,2384,1464
2419,1445,2423,1445,2423,1463,2419,1463
2455,1444,2459,1444,2459,1462,2455,1462
2491,1444,2495,1444,2495,1462,2491,1462
2554,1456,2554,1452,2570,1452,2570,1456
2525,1443,2529,1443,2529,1461,2525,1461
2563,1442,2567,1442,2567,1460,2563,1460
2261,1533,2261,1490,2292,1490,2292,1533
1076,1540,1123,1540,1123,1570,1076,1570
1886,1540,1931,1540,1931,1572,1886,1572
2608,1540,2653,1540,2653,1572,2608,1572
2261,1639,2261,1563,2292,1563,2292,1639
873,1614,1323,1606,1324,1665,874,1673
1643,1642,1660,1642,1662,1700,1645,1700
1764,1638,2038,1630,2040,1689,1766,1697
2562,1608,2854,1608,2854,1675,2562,1675
2261,1783,2261,1669,2292,1669,2292,1783
2448,1733,2453,1735,2444,1757,2438,1755
2478,1746,2483,1748,2474,1770,2468,1768
2510,1761,2515,1763,2506,1785,2500,1783
2348,1776,2352,1776,2352,1794,2348,1794
2384,1776,2388,1776,2388,1794,2384,1794
2418,1776,2422,1776,2422,1794,2418,1794
2454,1776,2458,1776,2458,1794,2454,1794
2487,1782,2489,1782,2489,1791,2487,1791
2275,1816,2279,1811,2298,1826,2294,1831
2580,1809,2582,1815,2559,1823,2557,1817
2236,1864,2256,1838,2276,1854,2256,1879
2592,1842,2594,1848,2571,1856,2569,1850
2574,1854,2574,1859,2552,1859,2552,1854
2603,1875,2605,1881,2582,1889,2580,1883
2574,1891,2574,1896,2552,1896,2552,1891
2591,1900,2598,1897,2610,1924,2602,1927
2574,1925,2574,1930,2552,1930,2552,1925
2483,1945,2490,1942,2502,1969,2494,1972
2574,1960,2574,1965,2552,1965,2552,1960
3717,1547,4799,1547,4799,1750,3717,1750
3887,1681,4776,1681,4776,2015,3887,2015
3887,1967,4775,1967,4775,2087,3887,2087
3889,2039,4776,2039,4776,2159,3889,2159
3887,2111,4746,2111,4746,2240,3887,2240
3877,2178,4747,2178,4747,2301,3877,2301
4555,2255,4772,2255,4772,2376,4555,2376
2565,1984,2569,1984,2570,2001,2566,2001
2587,1983,2611,1982,2612,1999,2588,2000
2785,1988,2788,1988,2788,2002,2785,2002
2821,1990,2825,1990,2825,2008,2821,2008
2857,1990,2861,1990,2861,2008,2857,2008
2009,2016,2064,2030,2057,2060,2001,2046
883,2047,886,2047,886,2060,883,2060
907,2047,910,2047,910,2060,907,2060
931,2047,934,2047,934,2060,931,2060
954,2047,957,2047,957,2060,954,2060
978,2047,981,2047,981,2060,978,2060
999,2047,1002,2047,1002,2060,999,2060
1026,2047,1029,2047,1029,2060,1026,2060
1145,2047,1149,2047,1149,2064,1145,2064
1168,2047,1172,2047,1172,2064,1168,2064
1191,2047,1195,2047,1195,2064,1191,2064
1215,2047,1219,2047,1219,2064,1215,2064
1238,2047,1242,2047,1242,2064,1238,2064
1262,2047,1266,2047,1266,2064,1262,2064
1287,2047,1291,2047,1291,2064,1287,2064
1310,2047,1314,2047,1314,2064,1310,2064
1334,2047,1338,2047,1338,2064,1334,2064
2069,2087,2067,2044,2081,2043,2083,2086
1087,2073,1125,2074,1125,2091,1087,2090
2069,2057,2101,2054,2104,2089,2072,2092
631,2457,631,2328,663,2328,663,2457
1297,2375,1555,2375,1555,2417,1297,2417
1640,2437,1640,2392,1675,2392,1675,2437
3719,2482,4870,2482,4870,2516,3719,2516
3894,2567,4156,2567,4156,2613,3894,2613
4570,2544,4704,2544,4704,2630,4570,2630
1865,2644,2213,2644,2213,2688,1865,2688
3901,2746,4060,2750,4059,2782,3900,2778
3766,2818,3831,2818,3831,3004,3766,3004
3875,2818,4358,2818,4358,3200,3875,3200
3766,3014,3807,3011,3809,3042,3768,3045
2439,3058,3573,3053,3574,3280,2440,3285
3761,3046,3814,3046,3814,3200,3761,3200
4480,3156,4848,3156,4848,3192,4480,3192
4480,3224,4859,3224,4859,3292,4480,3292
3582,3373,3626,3373,3626,3407,3582,3407
3999,3363,4123,3367,4122,3409,3998,3405
4286,3363,4532,3363,4532,3407,4286,3407
