833,216,888,216,888,237,833,237
727,246,727,242,745,242,745,246
1196,215,1251,215,1251,242,1196,242
1233,238,1324,241,1322,280,1232,277
1801,216,1924,216,1924,278,1801,278
731,257,799,245,804,275,736,287
727,316,727,312,745,312,745,316
1941,295,1990,298,1987,336,1938,333
3801,177,4449,177,4449,453,3801,453
727,352,727,348,745,348,745,352
649,343,690,335,698,376,657,384
1337,340,1385,340,1385,377,1337,377
727,386,727,382,745,382,745,386
876,411,880,411,880,428,876,428
911,411,915,411,915,428,911,428
1029,496,1029,500,1012,500,1012,496
1028,530,1028,534,1011,534,1011,530
1027,566,1027,570,1010,570,1010,566
527,561,813,561,813,605,527,605
1225,556,1505,556,1505,607,1225,607
1824,557,2103,557,2103,605,1824,605
1027,601,1027,605,1010,605,1010,601
330,630,330,584,366,584,366,630
2142,651,2142,609,2179,609,2179,651
1026,637,1026,641,1009,641,1009,637
4060,594,4517,594,4517,723,4060,723
1025,673,1025,677,1008,677,1008,673
1024,707,1024,711,1007,711,1007,707
1024,746,1024,750,1007,750,1007,746
1015,786,1013,780,1035,774,1037,780
723,789,723,784,743,783,743,788
725,823,725,818,745,817,745,822
1025,821,1023,815,1045,809,1047,815
4129,808,4472,808,4472,840,4129,840
367,947,411,947,411,978,367,978
441,947,695,947,695,978,441,978
476,1014,484,1014,483,1044,475,1044
974,997,980,995,987,1018,982,1020
600,1018,642,1019,641,1049,599,1048
941,1009,947,1007,954,1030,949,1032
875,1032,881,1030,888,1053,883,1055
908,1020,914,1018,921,1041,916,1043
506,1055,539,1051,543,1087,510,1091
4532,1040,4654,1040,4654,1074,4532,1074
478,1097,573,1097,573,1131,478,1131
2008,1170,2092,1166,2094,1201,2010,1205
448,1192,452,1192,452,1210,448,1210
482,1192,486,1192,486,1210,482,1210
516,1193,520,1193,520,1211,516,1211
552,1193,556,1193,556,1211,552,1211
588,1193,592,1193,592,1211,588,1211
624,1193,628,1193,628,1211,624,1211
659,1194,663,1194,663,1212,659,1212
693,1194,697,1194,697,1212,693,1212
436,1225,707,1225,707,1273,436,1273
1222,1193,1508,1193,1508,1263,1222,1263
689,1393,705,1287,735,1292,719,1398
3791,1306,3801,1306,3801,1342,3791,1342
3915,1306,4121,1306,4121,1342,3915,1342
4336,1306,4692,1306,4692,1344,4336,1344
551,1371,557,1371,556,1394,550,1394
584,1373,590,1373,589,1396,583,1396
623,1375,629,1375,628,1398,622,1398
654,1377,660,1377,659,1400,653,1400
1966,1460,1966,1574,1924,1574,1924,1460
2068,1418,2068,1584,1978,1584,1978,1418
1899,1521,1897,1529,1866,1521,1868,1513
1723,1569,1729,1569,1731,1592,1725,1593
1758,1566,1764,1566,1766,1589,1760,1590
1798,1563,1824,1561,1826,1585,1800,1587
1900,1554,1906,1554,1908,1577,1902,1578
1886,1576,1881,1597,1850,1590,1855,1568
815,1651,815,1655,797,1655,797,1651
293,1658,293,1662,276,1662,276,1658
2159,1643,2195,1648,2190,1681,2154,1676
1286,1686,1286,1680,1309,1680,1309,1686
814,1687,814,1691,796,1691,796,1687
293,1694,293,1698,276,1698,276,1694
4091,1665,4190,1671,4185,1747,4086,1741
1286,1720,1286,1714,1309,1714,1309,1720
814,1723,814,1727,796,1727,796,1723
294,1730,294,1734,277,1734,277,1730
1286,1753,1286,1747,1309,1747,1309,1753
591,1779,591,1735,626,1735,626,1779
813,1757,813,1761,795,1761,795,1757
294,1766,294,1770,277,1770,277,1766
1286,1789,1286,1783,1309,1783,1309,1789
813,1793,813,1797,795,1797,795,1793
294,1800,294,1804,277,1804,277,1800
2061,1902,2072,1733,2095,1735,2085,1903
1286,1825,1286,1819,1309,1819,1309,1825
812,1827,812,1831,794,1831,794,1827
295,1836,295,1840,278,1840,278,1836
1286,1861,1286,1855,1309,1855,1309,1861
812,1863,812,1867,794,1867,794,1863
1286,1895,1286,1889,1309,1889,1309,1895
630,1892,634,1892,635,1909,631,1909
657,1891,661,1891,662,1908,658,1908
693,1889,697,1889,698,1906,694,1906
728,1891,732,1891,732,1908,728,1908
764,1891,768,1891,768,1908,764,1908
811,1898,811,1902,793,1902,793,1898
1602,1920,1608,1920,1608,1943,1602,1943
1636,1921,1642,1921,1642,1944,1636,1944
1672,1921,1678,1921,1678,1944,1672,1944
1708,1922,1714,1922,1714,1945,1708,1945
1742,1922,1748,1922,1748,1945,1742,1945
1777,1923,1783,1923,1783,1946,1777,1946
1811,1924,1817,1924,1817,1947,1811,1947
1849,1924,1855,1924,1855,1947,1849,1947
1883,1925,1889,1925,1889,1948,1883,1948
1919,1925,1925,1925,1925,1948,1919,1948
1955,1926,1961,1926,1961,1949,1955,1949
1991,1927,1997,1927,1997,1950,1991,1950
2025,1927,2031,1927,2031,1950,2025,1950
2063,1928,2069,1928,2069,1951,2063,1951
3720,1547,4797,1547,4797,1732,3720,1732
3874,1666,4764,1666,4764,2025,3874,2025
3875,1978,4768,1978,4768,2097,3875,2097
3875,2051,4738,2051,4738,2169,3875,2169
3873,2120,4735,2120,4735,2246,3873,2246
3878,2191,4734,2191,4734,2315,3878,2315
3869,2266,4739,2266,4739,2389,3869,2389
4550,2339,4766,2339,4766,2455,4550,2455
1756,2093,1756,2042,1795,2042,1795,2093
1227,2122,1680,2122,1680,2229,1227,2229
3521,2433,3578,2482,3539,2527,3482,2478
3719,2482,4871,2482,4871,2518,3719,2518
3882,2551,4150,2551,4150,2595,3882,2595
4558,2551,4690,2551,4690,2595,4558,2595
1225,2613,1303,2598,1310,2638,1232,2652
1369,2636,1370,2636,1370,2644,1369,2644
1392,2636,1393,2636,1393,2644,1392,2644
1416,2636,1417,2636,1417,2644,1416,2644
1463,2636,1464,2636,1464,2644,1463,2644
1630,2637,1633,2637,1633,2652,1630,2652
1655,2634,1657,2634,1657,2645,1655,2645
1677,2634,1679,2634,1679,2645,1677,2645
1701,2635,1703,2635,1703,2646,1701,2646
1725,2635,1727,2635,1727,2646,1725,2646
1748,2635,1750,2635,1750,2646,1748,2646
1772,2635,1774,2635,1774,2646,1772,2646
1820,2636,1822,2636,1822,2647,1820,2647
3903,2746,4061,2750,4060,2782,3902,2778
2150,2776,2188,2771,2192,2805,2155,2810
2245,2868,2245,2994,2213,2994,2213,2868
3766,2818,3831,2818,3831,3004,3766,3004
1362,2934,1614,2934,1614,2985,1362,2985
3875,2818,4358,2818,4358,3200,3875,3200
3766,3014,3807,3011,3809,3042,3768,3045
1767,3073,1769,3023,1792,3024,1790,3074
2439,3056,3574,3056,3574,3285,2439,3285
3761,3046,3814,3046,3814,3200,3761,3200
4484,3156,4852,3156,4852,3192,4484,3192
4484,3224,4862,3224,4862,3292,4484,3292
1367,3278,1416,3294,1401,3339,1352,3323
3582,3373,3626,3373,3626,3407,3582,3407
4001,3364,4123,3364,4123,3408,4001,3408
4286,3363,4532,3363,4532,3407,4286,3407
