3801,177,4449,177,4449,453,3801,453
2683,560,2687,560,2687,577,2683,577
2719,560,2723,560,2723,577,2719,577
2755,560,2759,560,2759,577,2755,577
2789,560,2793,560,2793,577,2789,577
2247,577,2247,583,2223,583,2223,577
2044,579,2068,583,2065,599,2042,596
2928,613,2928,619,2905,619,2905,613
2248,626,2248,622,2265,622,2265,626
2297,624,2333,624,2333,656,2297,656
2928,649,2928,655,2905,655,2905,649
2248,660,2248,656,2265,656,2265,660
2111,622,2247,616,2251,712,2115,718
2247,627,2247,713,2223,713,2223,627
2576,726,2585,615,2620,618,2611,729
4060,594,4517,594,4517,723,4060,723
2928,685,2928,691,2905,691,2905,685
1866,702,1871,702,1872,723,1867,723
1901,700,1906,700,1907,721,1902,721
1937,699,1942,699,1943,720,1938,720
1970,691,2084,686,2085,718,1971,723
2329,696,2333,696,2332,713,2328,713
1981,710,1981,714,1963,714,1963,710
2401,701,2405,701,2404,718,2400,718
2928,719,2928,725,2905,725,2905,719
1981,744,1981,748,1963,748,1963,744
2928,755,2928,761,2905,761,2905,755
1365,748,1539,835,1521,871,1347,784
1981,780,1981,784,1963,784,1963,780
2928,791,2928,797,2905,797,2905,791
1981,814,1981,818,1963,818,1963,814
4130,808,4472,808,4472,840,4130,840
2928,827,2928,833,2905,833,2905,827
2643,833,2643,836,2629,836,2629,833
1981,852,1981,856,1963,856,1963,852
1981,887,1981,891,1963,891,1963,887
818,929,818,871,843,871,843,929
2928,897,2928,903,2905,903,2905,897
2643,903,2643,906,2629,906,2629,903
2532,916,2532,913,2547,913,2547,916
1813,904,1872,911,1868,936,1810,929
1303,918,1303,922,1286,922,1286,918
1901,912,1905,912,1905,929,1901,929
1937,912,1941,912,1941,929,1937,929
1981,923,1981,927,1963,927,1963,923
822,906,1202,906,1202,964,822,964
2928,933,2928,939,2905,939,2905,933
2532,951,2532,948,2547,948,2547,951
1981,957,1981,961,1963,961,1963,957
2928,969,2928,975,2905,975,2905,969
2642,975,2642,979,2625,980,2625,976
1288,982,1288,987,1267,985,1267,980
2532,986,2532,983,2547,983,2547,986
1301,991,1301,995,1284,995,1284,991
1981,993,1981,997,1963,997,1963,993
994,995,997,995,997,1009,994,1009
1025,995,1028,995,1028,1009,1025,1009
2928,1005,2928,1011,2905,1011,2905,1005
2644,1011,2644,1015,2627,1016,2627,1012
928,1005,929,1005,933,1029,932,1029
1285,1018,1285,1023,1264,1021,1264,1016
2532,1021,2532,1018,2547,1018,2547,1021
1805,1029,1805,1025,1821,1026,1821,1030
1301,1027,1301,1031,1284,1031,1284,1027
1981,1027,1981,1031,1963,1031,1963,1027
2645,1045,2645,1049,2628,1050,2628,1046
1281,1054,1281,1059,1260,1057,1260,1052
1419,1029,1707,1029,1707,1075,1419,1075
1803,1064,1803,1060,1819,1061,1819,1065
1972,1052,1978,1052,1978,1075,1972,1075
2008,1052,2014,1052,2014,1075,2008,1075
2044,1051,2050,1051,2050,1074,2044,1074
2078,1051,2084,1051,2084,1074,2078,1074
2114,1051,2120,1051,2120,1074,2114,1074
2150,1051,2156,1051,2156,1074,2150,1074
1300,1062,1300,1066,1283,1066,1283,1062
2186,1050,2192,1050,2192,1073,2186,1073
2219,1050,2225,1050,2225,1073,2219,1073
2255,1050,2261,1050,2261,1073,2255,1073
2291,1050,2297,1050,2297,1073,2291,1073
2327,1049,2333,1049,2333,1072,2327,1072
2397,1049,2403,1049,2403,1072,2397,1072
2433,1049,2439,1049,2439,1072,2433,1072
2469,1049,2475,1049,2475,1072,2469,1072
2505,1048,2511,1048,2511,1071,2505,1071
3917,1041,4026,1041,4026,1079,3917,1079
4532,1040,4654,1040,4654,1074,4532,1074
2532,1066,2532,1063,2547,1063,2547,1066
2646,1083,2646,1087,2629,1088,2629,1084
2670,1075,2676,1075,2676,1099,2670,1099
2705,1075,2711,1075,2711,1099,2705,1099
2740,1074,2746,1074,2746,1098,2740,1098
2777,1074,2783,1074,2783,1098,2777,1098
2812,1073,2818,1073,2818,1097,2812,1097
2847,1073,2853,1073,2853,1097,2847,1097
2882,1073,2888,1073,2888,1097,2882,1097
1802,1100,1802,1096,1818,1097,1818,1101
1299,1098,1299,1102,1282,1102,1282,1098
1220,1098,1246,1075,1263,1093,1237,1117
1801,1126,1801,1122,1817,1123,1817,1127
1298,1152,1298,1156,1281,1156,1281,1152
1100,1144,1172,1147,1171,1176,1099,1173
1151,1159,1163,1148,1180,1167,1168,1178
1646,1195,1650,1195,1650,1212,1646,1212
1680,1195,1684,1195,1684,1212,1680,1212
1716,1194,1720,1194,1720,1211,1716,1211
1752,1194,1756,1194,1756,1211,1752,1211
2374,1202,2826,1202,2826,1256,2374,1256
4209,1241,4378,1241,4378,1270,4209,1270
2316,1338,2316,1285,2353,1285,2353,1338
4345,1304,4675,1304,4675,1344,4345,1344
1259,1417,1263,1417,1263,1434,1259,1434
1293,1417,1297,1417,1297,1434,1293,1434
1324,1417,1328,1417,1328,1434,1324,1434
1175,1476,1218,1476,1218,1519,1175,1519
1882,1476,1929,1476,1929,1523,1882,1523
2631,1480,2675,1480,2675,1515,2631,1515
1050,1574,1331,1574,1331,1632,1050,1632
1736,1577,2015,1577,2015,1625,1736,1625
815,1653,815,1605,848,1605,848,1653
2102,1653,2102,1604,2136,1604,2136,1653
1536,1651,1536,1646,1555,1646,1555,1651
1536,1687,1536,1682,1555,1682,1555,1687
1377,1677,1383,1675,1392,1698,1387,1700
1345,1690,1351,1688,1360,1711,1355,1713
1315,1703,1321,1701,1330,1724,1325,1726
1536,1721,1536,1716,1555,1716,1555,1721
1281,1717,1287,1715,1296,1738,1291,1740
1329,1753,1332,1753,1332,1768,1329,1768
1364,1752,1367,1752,1367,1767,1364,1767
1400,1751,1403,1751,1403,1766,1400,1766
1435,1750,1438,1750,1438,1765,1435,1765
1470,1749,1473,1749,1473,1764,1470,1764
1505,1748,1508,1748,1508,1763,1505,1763
963,1954,1231,1963,1230,1995,962,1986
1544,1954,1548,1950,1564,1967,1560,1971
3717,1547,4797,1547,4797,1750,3717,1750
3839,1798,4734,1784,4737,1998,3842,2012
3846,1959,4731,1959,4731,2077,3846,2077
3845,2029,4702,2029,4702,2149,3845,2149
3843,2102,4705,2102,4705,2232,3843,2232
3839,2172,4703,2172,4703,2296,3839,2296
4517,2247,4734,2247,4734,2368,4517,2368
1522,1976,1526,1972,1542,1989,1538,1993
2844,1960,2873,1960,2873,1992,2844,1992
2494,1984,2498,1984,2497,2001,2493,2001
2541,1988,2545,1988,2544,2005,2540,2005
2564,1990,2568,1990,2567,2007,2563,2007
2799,1990,2801,1990,2801,2000,2799,2000
2823,1990,2825,1990,2825,2000,2823,2000
1264,1996,1326,1996,1326,2039,1264,2039
2584,2012,2619,2012,2619,2033,2584,2033
2988,2125,3122,2125,3122,2165,2988,2165
1480,2360,1480,2318,1518,2318,1518,2360
1598,2154,1598,2571,1547,2571,1547,2154
2114,2318,2130,2318,2132,2375,2116,2376
2218,2314,2465,2307,2467,2365,2220,2373
3083,2270,3083,2397,3059,2397,3059,2270
3719,2482,4871,2482,4871,2518,3719,2518
3848,2545,4117,2545,4117,2591,3848,2591
4533,2533,4665,2533,4665,2607,4533,2607
3903,2746,4061,2750,4060,2782,3902,2778
3766,2818,3831,2818,3831,3004,3766,3004
3875,2818,4358,2818,4358,3200,3875,3200
3766,3014,3807,3011,3809,3042,3768,3045
3764,3046,3809,3046,3809,3086,3764,3086
3763,3090,3807,3081,3815,3120,3771,3129
2439,3058,3573,3053,3574,3280,2440,3285
3761,3122,3814,3122,3814,3200,3761,3200
4486,3152,4852,3152,4852,3189,4486,3189
4490,3220,4870,3220,4870,3288,4490,3288
3582,3373,3626,3373,3626,3407,3582,3407
3997,3362,4120,3362,4120,3408,3997,3408
4290,3363,4534,3363,4534,3407,4290,3407
