3801,177,4449,177,4449,453,3801,453
1412,611,1412,617,1389,617,1389,611
840,655,840,661,817,660,817,654
864,662,853,690,826,679,837,651
839,689,839,695,816,694,816,688
922,651,1321,651,1321,759,922,759
4060,594,4517,594,4517,723,4060,723
1212,694,1212,699,1193,699,1193,694
1412,659,1412,737,1389,737,1389,659
1480,669,1499,753,1471,759,1452,676
831,741,828,748,801,737,804,730
920,740,923,740,923,755,920,755
952,739,955,739,955,754,952,754
987,738,990,738,990,753,987,753
1306,738,1309,738,1310,752,1307,752
1485,733,1489,733,1487,750,1483,750
1521,737,1525,737,1523,754,1519,754
2252,722,2334,722,2334,778,2252,778
836,797,836,803,813,802,813,796
903,853,903,776,932,776,932,853
2656,804,2778,802,2779,838,2657,840
4130,808,4472,808,4472,840,4130,840
835,833,835,839,812,838,812,832
834,869,834,875,811,874,811,868
1186,850,1244,850,1244,887,1186,887
1948,889,1955,889,1955,916,1948,916
2030,891,2030,936,1972,936,1972,891
2018,889,2025,889,2025,916,2018,916
1741,922,1741,918,1758,919,1758,923
1958,923,1958,928,1950,928,1950,923
833,938,833,944,810,943,810,937
1740,954,1740,950,1757,951,1757,955
832,974,832,980,809,979,809,973
903,1066,903,917,932,917,932,1066
1749,975,1788,976,1787,1000,1748,999
1819,977,1916,979,1915,1003,1818,1001
2514,962,2819,962,2819,1024,2514,1024
831,1008,831,1014,808,1013,808,1007
1738,1028,1738,1024,1755,1025,1755,1029
830,1044,830,1050,807,1049,807,1043
4532,1040,4654,1040,4654,1074,4532,1074
3804,1040,3928,1040,3928,1080,3804,1080
2021,1044,2316,1044,2316,1108,2021,1108
2824,1089,2820,1094,2802,1078,2805,1074
829,1080,829,1086,806,1085,806,1079
920,1087,924,1087,924,1104,920,1104
959,1087,963,1087,963,1104,959,1104
995,1087,999,1087,999,1104,995,1104
1031,1087,1035,1087,1035,1104,1031,1104
1066,1087,1070,1087,1070,1104,1066,1104
1102,1088,1106,1088,1106,1105,1102,1105
1138,1088,1142,1088,1142,1105,1138,1105
1172,1088,1176,1088,1176,1105,1172,1105
1208,1088,1212,1088,1212,1105,1208,1105
1244,1088,1248,1088,1248,1105,1244,1105
1278,1088,1282,1088,1282,1105,1278,1105
1314,1088,1318,1088,1318,1105,1314,1105
1384,1088,1388,1088,1388,1105,1384,1105
1420,1088,1424,1088,1424,1105,1420,1105
1456,1088,1460,1088,1460,1105,1456,1105
1735,1098,1735,1094,1752,1095,1752,1099
1492,1089,1496,1089,1496,1106,1492,1106
1526,1089,1530,1089,1530,1106,1526,1106
1562,1089,1566,1089,1566,1106,1562,1106
1598,1089,1602,1089,1602,1106,1598,1106
1633,1089,1637,1089,1637,1106,1633,1106
1669,1089,1673,1089,1673,1106,1669,1106
1911,1097,1911,1101,1894,1101,1894,1097
2800,1117,2796,1122,2778,1106,2781,1102
571,1114,575,1114,576,1132,572,1132
605,1113,609,1113,610,1131,606,1131
641,1112,645,1112,646,1130,642,1130
676,1111,680,1111,681,1129,677,1129
711,1109,715,1109,716,1127,712,1127
747,1108,751,1108,752,1126,748,1126
782,1107,786,1107,787,1125,783,1125
2777,1144,2773,1149,2755,1133,2758,1129
1912,1133,1912,1137,1895,1137,1895,1133
2632,1149,2639,1149,2639,1175,2632,1175
2702,1149,2709,1149,2709,1175,2702,1175
1912,1167,1912,1171,1895,1171,1895,1167
1977,1201,1979,1201,1978,1211,1976,1211
2085,1201,2087,1201,2087,1212,2085,1212
2517,1211,2519,1211,2519,1223,2517,1223
2552,1210,2554,1210,2554,1222,2552,1222
2588,1209,2590,1209,2590,1221,2588,1221
2659,1209,2662,1209,2663,1224,2660,1224
2696,1207,2699,1207,2700,1222,2697,1222
1312,1367,1316,1313,1351,1316,1347,1369
4345,1304,4675,1304,4675,1344,4345,1344
2202,1431,2202,1437,2179,1437,2179,1431
2201,1469,2201,1475,2178,1475,2178,1469
2201,1505,2201,1511,2178,1511,2178,1505
981,1512,1036,1512,1036,1555,981,1555
1795,1512,1844,1512,1844,1555,1795,1555
2518,1517,2562,1517,2562,1548,2518,1548
2201,1541,2201,1547,2178,1547,2178,1541
2200,1575,2200,1581,2177,1581,2177,1575
784,1590,1234,1590,1234,1644,784,1644
2200,1611,2200,1617,2177,1617,2177,1611
1551,1614,1585,1614,1585,1668,1551,1668
1672,1614,1951,1614,1951,1668,1672,1668
2475,1584,2766,1591,2764,1655,2473,1648
2200,1647,2200,1653,2177,1653,2177,1647
2199,1683,2199,1689,2176,1689,2176,1683
2199,1719,2199,1725,2176,1725,2176,1719
2279,1716,2285,1716,2286,1741,2280,1741
2349,1714,2355,1714,2356,1739,2350,1739
2386,1713,2392,1713,2393,1738,2387,1738
2315,1715,2321,1715,2322,1740,2316,1740
2329,1752,2332,1752,2332,1767,2329,1767
2199,1753,2199,1759,2176,1759,2176,1753
2364,1752,2367,1752,2367,1767,2364,1767
2485,1830,2424,1763,2442,1746,2503,1813
2481,1942,2490,1943,2487,1977,2478,1976
2523,1946,2639,1957,2636,1992,2520,1981
3717,1547,4799,1547,4799,1747,3717,1747
3887,1793,4776,1793,4776,2015,3887,2015
3887,1967,4775,1967,4775,2087,3887,2087
3889,2039,4776,2039,4776,2159,3889,2159
3887,2111,4746,2111,4746,2240,3887,2240
3877,2178,4747,2178,4747,2301,3877,2301
4555,2255,4772,2255,4772,2376,4555,2376
2659,1965,2662,1965,2662,1980,2659,1980
2696,1965,2699,1965,2699,1980,2696,1980
2731,1965,2734,1965,2734,1980,2731,1980
2766,1965,2769,1965,2769,1980,2766,1980
736,2001,774,2001,774,2035,736,2035
1918,1989,1976,2005,1966,2040,1908,2024
2502,2003,2539,1999,2543,2035,2506,2039
794,2024,796,2024,796,2035,794,2035
818,2024,820,2024,820,2035,818,2035
842,2024,844,2024,844,2035,842,2035
865,2024,867,2024,867,2035,865,2035
889,2024,891,2024,891,2035,889,2035
936,2024,938,2024,938,2035,936,2035
960,2024,962,2024,962,2035,960,2035
991,2023,994,2023,994,2037,991,2037
1009,2023,1012,2023,1012,2037,1009,2037
1031,2023,1034,2023,1034,2037,1031,2037
1055,2023,1058,2023,1058,2037,1055,2037
1078,2024,1081,2024,1081,2038,1078,2038
1126,2024,1129,2024,1129,2038,1126,2038
1150,2024,1153,2024,1153,2038,1150,2038
1172,2024,1175,2024,1175,2038,1172,2038
1196,2024,1199,2024,1199,2038,1196,2038
1220,2025,1223,2025,1223,2039,1220,2039
1244,2025,1247,2025,1247,2039,1244,2039
1267,2025,1270,2025,1270,2039,1267,2039
2417,2021,2477,2024,2474,2072,2414,2069
544,2434,544,2302,578,2302,578,2434
1208,2336,1463,2344,1461,2409,1206,2401
1565,2346,1583,2347,1581,2412,1563,2411
3719,2482,4870,2482,4870,2516,3719,2516
3894,2567,4156,2567,4156,2613,3894,2613
4570,2544,4704,2544,4704,2630,4570,2630
3901,2746,4060,2750,4059,2782,3900,2778
3766,2818,3831,2818,3831,3004,3766,3004
3875,2818,4358,2818,4358,3200,3875,3200
3766,3014,3807,3011,3809,3042,3768,3045
2439,3058,3573,3053,3574,3280,2440,3285
3761,3046,3814,3046,3814,3200,3761,3200
4488,3156,4855,3152,4855,3192,4488,3196
4488,3224,4867,3224,4867,3289,4488,3289
3582,3373,3626,3373,3626,3407,3582,3407
3997,3362,4120,3362,4120,3408,3997,3408
4290,3363,4534,3363,4534,3407,4290,3407
