1224,146,2176,146,2176,204,1224,204
1638,203,1694,203,1694,222,1638,222
433,231,470,231,470,251,433,251
2710,165,3062,165,3062,308,2710,308
515,259,535,261,534,271,514,269
870,252,946,252,946,275,870,275
1054,268,1054,270,1043,270,1043,268
679,272,718,270,718,282,680,284
1053,290,1053,292,1042,292,1042,290
662,300,662,304,645,303,645,299
1052,312,1052,314,1041,314,1041,312
611,347,612,296,635,297,634,348
693,315,700,315,699,330,692,330
660,343,660,347,643,346,643,342
1052,360,1052,362,1041,362,1041,360
497,334,497,399,478,399,478,334
659,367,659,371,642,370,642,366
2156,318,2178,418,2153,423,2132,323
1052,383,1052,385,1041,385,1041,383
1005,412,1005,372,1020,372,1020,412
798,381,913,385,912,420,797,416
2220,325,2231,432,2214,434,2203,327
2210,383,2216,449,2198,450,2192,385
1053,407,1053,409,1042,409,1042,407
876,427,878,427,878,438,876,438
897,426,899,426,899,437,897,437
920,426,922,426,922,437,920,437
944,425,946,425,946,436,944,436
2798,389,3199,389,3199,482,2798,482
1054,456,1054,458,1043,458,1043,456
1054,480,1054,482,1043,482,1043,480
1054,503,1054,505,1043,505,1043,503
1055,525,1055,527,1044,527,1044,525
877,551,877,550,885,550,885,551
1055,548,1055,550,1044,550,1044,548
614,550,651,560,643,589,606,579
1198,557,1267,557,1267,575,1198,575
2778,562,2967,562,2967,575,2778,575
2984,563,3080,563,3080,575,2984,575
3135,558,3176,571,3172,582,3131,569
906,601,944,601,944,623,906,623
1198,601,1237,601,1237,628,1198,628
1457,700,1457,631,1475,631,1475,700
2997,669,3103,669,3103,692,2997,692
2741,677,2922,677,2922,722,2741,722
802,711,916,711,916,734,802,734
999,744,999,702,1020,702,1020,744
2703,614,2703,834,2688,834,2688,614
2791,734,2791,732,2801,734,2801,736
2899,783,2895,692,2909,691,2913,782
2784,763,2784,761,2794,763,2794,765
2802,757,2877,762,2876,774,2801,769
2884,754,3001,754,3001,765,2884,765
1458,898,1458,827,1475,827,1475,898
3037,791,3033,896,3008,895,3012,790
2946,875,2945,848,2953,848,2954,875
3140,869,3140,836,3158,836,3158,869
758,895,803,901,797,937,753,931
1303,905,1343,905,1343,923,1303,923
642,965,647,896,662,897,657,966
2122,1049,2122,789,2130,789,2130,1049
3140,939,3140,923,3158,923,3158,939
3117,1027,3117,1006,3125,1006,3125,1027
781,1034,943,1034,943,1066,781,1066
1268,1038,1355,1038,1355,1063,1268,1063
1731,1037,1787,1037,1787,1064,1731,1064
2105,1069,2105,1018,2122,1018,2122,1069
997,1121,997,1080,1024,1080,1024,1121
2122,1125,2122,1092,2130,1092,2130,1125
416,1175,454,1175,454,1190,416,1190
2911,1196,3064,1196,3064,1239,2911,1239
3141,1146,3375,1150,3374,1185,3140,1181
3218,1196,3297,1196,3297,1288,3218,1288
2666,1196,2780,1196,2780,1289,2666,1289
436,1235,485,1235,485,1250,436,1250
2962,1257,3006,1254,3008,1288,2964,1291
561,1330,787,1324,787,1338,561,1344
2148,1354,2135,1405,2124,1403,2137,1351
590,1442,593,1373,613,1374,610,1443
1002,1469,1002,1422,1017,1422,1017,1469
1458,1467,1458,1396,1475,1396,1475,1467
2639,1340,3070,1340,3070,1620,2639,1620
3191,1338,3323,1338,3323,1373,3191,1373
3197,1381,3327,1381,3327,1622,3197,1622
643,1516,712,1516,712,1534,643,1534
1047,1516,1116,1516,1116,1534,1047,1534
2068,1611,2074,1594,2084,1598,2077,1615
2061,1632,2061,1631,2069,1634,2068,1635
2126,1724,2090,1833,2072,1827,2108,1718
2616,1792,3081,1792,3081,1826,2616,1826
2615,1861,2747,1861,2747,1892,2615,1892
549,1857,580,1896,564,1909,533,1869
3179,1796,3329,1796,3329,1955,3179,1955
2616,1917,2705,1917,2705,1948,2616,1948
1316,2057,1368,2059,1367,2078,1315,2076
2658,2036,2701,2036,2701,2096,2658,2096
2749,2036,2915,2036,2915,2099,2749,2099
1149,2074,1163,2074,1163,2085,1149,2085
1176,2074,1187,2074,1187,2085,1176,2085
1202,2074,1235,2074,1235,2085,1202,2085
1248,2074,1250,2074,1250,2085,1248,2085
3179,2050,3362,2050,3362,2100,3179,2100
1301,2076,1399,2076,1399,2083,1301,2083
1643,2084,1777,2084,1777,2098,1643,2098
769,2057,1144,2057,1144,2148,769,2148
1134,2088,1240,2078,1243,2120,1138,2130
1335,2057,1486,2057,1486,2148,1335,2148
1602,2057,1628,2057,1628,2148,1602,2148
1662,2112,1681,2110,1683,2127,1664,2129
1725,2105,1737,2104,1739,2122,1727,2123
2671,2113,2699,2116,2697,2136,2669,2133
765,2131,794,2131,794,2142,765,2142
923,2131,1078,2131,1078,2143,923,2143
1117,2126,1355,2126,1355,2144,1117,2144
1477,2130,1483,2130,1482,2141,1476,2141
1553,2130,1555,2130,1554,2141,1552,2141
1639,2128,1741,2128,1741,2143,1639,2143
2749,2116,2857,2116,2857,2174,2749,2174
3081,2122,3118,2122,3118,2145,3081,2145
3177,2122,3378,2122,3378,2145,3177,2145
2676,2151,2697,2154,2695,2172,2674,2170
1934,2166,1947,2166,1946,2213,1933,2213
2037,2169,2054,2169,2053,2216,2036,2216
2160,2180,2179,2180,2179,2201,2160,2201
2142,2171,2186,2172,2185,2220,2141,2219
3074,2165,3082,2165,3082,2194,3074,2194
2276,2181,2304,2181,2304,2201,2276,2201
2515,2177,2536,2180,2533,2199,2512,2196
2394,2181,2415,2179,2417,2198,2396,2200
2281,2175,2306,2176,2305,2224,2280,2223
2396,2179,2421,2180,2420,2227,2395,2226
2517,2182,2539,2183,2538,2230,2516,2229
2665,2185,2708,2186,2707,2234,2664,2233
2750,2187,2918,2191,2917,2239,2749,2235
3182,2167,3328,2170,3327,2239,3181,2236
2751,2208,2913,2208,2913,2229,2751,2229
166,2289,2249,2289,2249,2346,166,2346
2614,2300,2966,2300,2966,2339,2614,2339
