2710,165,3062,165,3062,308,2710,308
448,334,467,334,467,348,448,348
502,333,505,333,505,347,502,347
1427,330,1429,330,1428,340,1426,340
543,332,561,332,561,346,543,346
1243,336,1244,336,1245,344,1244,344
1441,332,1443,332,1442,342,1440,342
1386,338,1410,334,1412,345,1388,350
1965,330,2028,333,2027,349,1964,346
766,356,823,356,823,373,766,373
1364,362,1366,362,1364,374,1363,374
1619,360,1624,360,1624,377,1619,377
1691,358,1734,357,1734,375,1691,376
1876,364,1894,364,1894,375,1876,375
832,375,894,353,900,369,838,391
794,387,890,389,890,407,794,405
1354,390,1413,390,1413,401,1354,401
1803,389,1813,390,1812,400,1802,399
1229,416,1274,416,1274,433,1229,433
2803,381,3150,381,3150,489,2803,489
3116,549,3264,597,3260,611,3111,563
2307,567,2337,628,2328,633,2298,571
174,727,174,665,196,665,196,727
2738,698,2887,698,2887,723,2738,723
2977,698,3064,698,3064,723,2977,723
2703,614,2703,834,2688,834,2688,614
2801,758,2963,754,2963,766,2801,770
3032,785,3032,859,3009,859,3009,785
1581,840,1642,840,1642,856,1581,856
2956,838,2956,892,2945,892,2945,838
1255,955,1251,894,1275,892,1279,953
3142,946,3141,842,3155,842,3156,946
3032,931,3032,937,3009,937,3009,931
3236,970,3236,955,3245,955,3245,970
987,973,987,1008,966,1008,966,973
1260,1016,1260,1010,1283,1008,1283,1014
3143,1032,3148,987,3160,988,3155,1033
339,1021,451,1021,451,1047,339,1047
728,1018,803,1014,807,1082,732,1086
2401,1036,2397,1061,2385,1059,2389,1034
1263,1067,1263,1061,1286,1059,1286,1065
1802,1114,1802,1051,1819,1051,1819,1114
2365,1132,2358,1034,2366,1034,2373,1131
399,1105,475,1105,475,1136,399,1136
760,1107,806,1107,806,1136,760,1136
1189,1103,1229,1109,1224,1138,1185,1133
233,1164,237,1164,238,1182,234,1182
258,1162,262,1162,263,1180,259,1180
281,1161,285,1161,286,1179,282,1179
307,1159,311,1159,312,1177,308,1177
332,1157,336,1157,337,1175,333,1175
385,1162,494,1162,494,1185,385,1185
2663,1196,2780,1196,2780,1292,2663,1292
2910,1196,3064,1196,3064,1236,2910,1236
2960,1256,3008,1256,3008,1289,2960,1289
3141,1148,3375,1148,3375,1185,3141,1185
3216,1196,3296,1196,3296,1236,3216,1236
3245,1258,3273,1258,3273,1289,3245,1289
306,1280,435,1283,434,1322,305,1319
698,1282,804,1282,804,1322,698,1322
865,1282,892,1282,892,1322,865,1322
1058,1287,1243,1283,1244,1318,1059,1322
1597,1293,1694,1293,1694,1322,1597,1322
2087,1293,2147,1293,2147,1320,2087,1320
1458,1320,1458,1321,1450,1321,1450,1320
1458,1335,1458,1336,1450,1336,1450,1335
402,1340,433,1349,424,1378,394,1369
1459,1363,1459,1364,1451,1364,1451,1363
1459,1376,1459,1377,1451,1377,1451,1376
1802,1432,1802,1371,1820,1371,1820,1432
2328,1424,2328,1379,2346,1379,2346,1424
1254,1505,1254,1461,1276,1461,1276,1505
2362,1661,2359,1492,2367,1492,2370,1661
2641,1355,3062,1355,3062,1637,2641,1637
3194,1356,3325,1352,3326,1391,3195,1395
3195,1402,3327,1402,3327,1641,3195,1641
293,1603,398,1621,392,1656,287,1637
1067,1615,1071,1615,1071,1632,1067,1632
1090,1615,1094,1615,1094,1632,1090,1632
1116,1615,1120,1615,1120,1632,1116,1632
1143,1615,1147,1615,1147,1632,1143,1632
1168,1615,1172,1615,1172,1632,1168,1632
1193,1615,1197,1615,1197,1632,1193,1632
1218,1615,1222,1615,1222,1632,1218,1632
1243,1615,1247,1615,1247,1632,1243,1632
1267,1615,1271,1615,1271,1632,1267,1632
1294,1615,1298,1615,1298,1632,1294,1632
1321,1615,1343,1615,1343,1632,1321,1632
337,1664,391,1659,396,1715,342,1720
410,1696,414,1696,415,1714,411,1714
434,1694,438,1694,439,1712,435,1712
261,1710,264,1737,252,1738,249,1711
1438,1737,1440,1737,1440,1746,1438,1746
1452,1738,1454,1738,1454,1747,1452,1747
1467,1739,1469,1739,1469,1748,1467,1748
525,1756,549,1761,543,1790,519,1784
1802,1812,1802,1751,1820,1751,1820,1812
2350,1878,2350,1732,2359,1732,2359,1878
2613,1792,3082,1789,3082,1829,2613,1832
3196,1789,3330,1788,3330,1827,3196,1828
1066,1821,1065,1829,1036,1824,1037,1816
1515,1814,1554,1809,1556,1829,1517,1834
1119,1831,1174,1830,1174,1849,1119,1850
1267,1847,1269,1847,1270,1858,1268,1858
1059,1859,1058,1867,1029,1862,1030,1854
1296,1829,1296,1887,1284,1887,1284,1829
1579,1858,1647,1858,1647,1873,1579,1873
2063,1872,2107,1872,2107,1890,2063,1890
2615,1861,2747,1861,2747,1892,2615,1892
1162,1891,1164,1891,1164,1902,1162,1902
1183,1891,1185,1891,1185,1902,1183,1902
1198,1891,1200,1891,1200,1902,1198,1902
1212,1891,1214,1891,1214,1902,1212,1902
1227,1891,1229,1891,1229,1902,1227,1902
1241,1891,1243,1891,1243,1902,1241,1902
1255,1891,1257,1891,1257,1902,1255,1902
1299,1891,1301,1891,1301,1902,1299,1902
1484,1876,1727,1908,1720,1963,1477,1931
3197,1859,3331,1859,3331,1955,3197,1955
2613,1917,2706,1913,2707,1949,2615,1953
1513,1937,1742,1937,1742,1968,1513,1968
2658,2036,2701,2036,2701,2096,2658,2096
2749,2036,2915,2036,2915,2099,2749,2099
3179,2050,3362,2050,3362,2100,3179,2100
2671,2113,2699,2116,2697,2136,2669,2133
2749,2116,2857,2116,2857,2174,2749,2174
2676,2151,2697,2154,2695,2172,2674,2170
3074,2119,3119,2119,3119,2194,3074,2194
1854,2158,1871,2158,1871,2220,1854,2220
1964,2158,1987,2158,1987,2220,1964,2220
2096,2158,2119,2158,2119,2220,2096,2220
2220,2158,2255,2158,2255,2220,2220,2220
2347,2158,2381,2158,2381,2220,2347,2220
2479,2158,2513,2158,2513,2220,2479,2220
2604,2158,2621,2158,2621,2220,2604,2220
3181,2119,3379,2119,3379,2238,3181,2238
2751,2208,2913,2208,2913,2229,2751,2229
166,2289,2249,2289,2249,2346,166,2346
2614,2300,2966,2300,2966,2339,2614,2339
