1180,148,1184,152,1169,169,1164,165
1443,148,1503,151,1500,193,1441,190
1209,174,1213,178,1198,195,1193,191
1007,182,1039,182,1039,217,1007,217
1371,182,1445,182,1445,217,1371,217
1439,189,1442,189,1442,203,1439,203
1463,189,1466,189,1466,203,1463,203
1487,189,1490,189,1490,203,1487,203
1511,189,1514,189,1514,203,1511,203
826,246,876,246,876,269,826,269
1538,226,1554,226,1554,284,1538,284
1604,226,1653,226,1653,284,1604,284
3801,177,4449,177,4449,453,3801,453
916,323,914,317,938,311,939,317
941,417,939,411,963,405,964,411
1188,468,1263,382,1288,403,1213,490
1157,477,1157,473,1175,473,1175,477
1156,511,1156,507,1174,507,1174,511
1155,547,1155,543,1173,543,1173,547
798,518,1077,518,1077,580,798,580
1506,529,1785,529,1785,577,1506,577
1155,583,1155,579,1173,579,1173,583
1154,617,1154,613,1172,613,1172,617
856,649,851,605,882,602,887,646
1651,653,1651,606,1682,606,1682,653
1153,653,1153,649,1171,649,1171,653
4075,599,4524,599,4524,727,4075,727
1153,690,1153,686,1171,686,1171,690
1152,724,1152,720,1170,720,1170,724
987,746,993,746,993,771,987,771
1024,746,1030,746,1030,771,1024,771
1058,746,1064,746,1064,771,1058,771
1094,746,1100,746,1100,771,1094,771
1130,746,1136,746,1136,771,1130,771
1151,762,1151,758,1169,758,1169,762
962,764,962,768,946,768,946,764
962,798,962,802,946,802,946,798
4129,808,4472,808,4472,840,4129,840
961,833,961,837,945,837,945,833
961,867,961,871,945,871,945,867
960,903,960,907,944,907,944,903
960,939,960,943,944,943,944,939
948,1038,952,1042,935,1058,931,1054
899,1080,880,1044,891,1038,911,1074
3812,1040,4098,1040,4098,1080,3812,1080
4532,1040,4654,1040,4654,1074,4532,1074
779,1094,816,1094,816,1127,779,1127
1328,1082,1378,1082,1378,1113,1328,1113
1008,1104,1012,1108,995,1124,991,1120
1056,1156,1060,1160,1043,1176,1039,1172
742,1181,1559,1166,1560,1226,743,1241
897,1267,897,1264,911,1264,911,1267
898,1303,898,1300,912,1300,912,1303
899,1339,899,1336,913,1336,913,1339
1030,1355,1034,1351,1052,1367,1048,1371
714,1350,723,1350,723,1385,714,1385
769,1350,819,1350,819,1385,769,1385
900,1374,900,1371,914,1371,914,1374
1068,1366,1093,1354,1102,1373,1077,1385
983,1405,987,1401,1005,1417,1001,1421
1307,1468,1307,1501,1282,1501,1282,1468
751,1548,753,1548,753,1558,751,1558
1307,1547,1307,1553,1282,1553,1282,1547
730,1580,730,1631,549,1631,549,1580
1651,1634,1651,1637,1637,1637,1637,1634
1221,1635,1221,1640,1201,1641,1201,1636
516,1628,1035,1628,1035,1679,516,1679
1150,1628,1164,1628,1164,1679,1150,1679
1651,1665,1651,1668,1637,1668,1637,1665
1222,1669,1222,1674,1202,1675,1202,1670
525,1673,632,1675,631,1704,524,1702
556,1700,633,1700,633,1733,556,1733
1651,1700,1651,1703,1637,1703,1637,1700
681,1700,685,1700,685,1718,681,1718
715,1700,719,1700,719,1718,715,1718
770,1679,795,1680,794,1734,769,1733
1223,1707,1223,1712,1203,1713,1203,1708
663,1708,669,1708,669,1733,663,1733
699,1708,705,1708,705,1733,699,1733
733,1708,739,1708,739,1733,733,1733
821,1708,827,1708,827,1733,821,1733
858,1708,864,1708,864,1733,858,1733
931,1708,937,1708,937,1733,931,1733
964,1708,970,1708,970,1733,964,1733
1001,1708,1007,1708,1007,1733,1001,1733
1035,1708,1041,1708,1041,1733,1035,1733
1071,1708,1077,1708,1077,1733,1071,1733
1105,1708,1111,1708,1111,1733,1105,1733
1141,1708,1147,1708,1147,1733,1141,1733
1290,1724,1290,1730,1267,1730,1267,1724
1651,1736,1651,1739,1637,1739,1637,1736
1651,1772,1651,1775,1637,1775,1637,1772
1291,1777,1291,1783,1268,1783,1268,1777
1651,1807,1651,1810,1637,1810,1637,1807
1291,1811,1291,1817,1268,1817,1268,1811
1651,1842,1651,1845,1637,1845,1637,1842
1292,1847,1292,1853,1269,1853,1269,1847
1651,1878,1651,1881,1637,1881,1637,1878
1292,1883,1292,1889,1269,1889,1269,1883
1651,1913,1651,1916,1637,1916,1637,1913
1293,1916,1293,1922,1270,1922,1270,1916
1293,1952,1293,1958,1270,1958,1270,1952
3720,1547,4799,1547,4799,1747,3720,1747
3897,1797,4572,1787,4574,1942,3899,1952
3898,1897,4789,1897,4789,2020,3898,2020
3896,1969,4789,1969,4789,2089,3896,2089
3899,2039,4757,2039,4757,2161,3899,2161
3895,2113,4755,2113,4755,2240,3895,2240
3887,2183,4759,2183,4759,2309,3887,2309
4562,2255,4786,2255,4786,2375,4562,2375
1294,1988,1294,1994,1271,1994,1271,1988
1648,2044,1648,1993,1684,1993,1684,2044
1294,2024,1294,2030,1271,2030,1271,2024
1714,2057,1718,2057,1718,2073,1714,2073
1750,2059,1754,2059,1754,2075,1750,2075
1785,2060,1789,2060,1789,2076,1785,2076
1821,2061,1825,2061,1825,2077,1821,2077
506,2063,856,2065,856,2095,506,2093
1855,2062,1859,2062,1859,2078,1855,2078
1891,2063,1895,2063,1895,2079,1891,2079
917,2065,1244,2067,1244,2097,917,2095
857,2173,857,2123,882,2123,882,2173
1037,2123,1486,2123,1486,2169,1037,2169
3719,2482,4871,2482,4871,2518,3719,2518
1053,2547,1091,2549,1089,2584,1051,2582
1132,2551,1231,2557,1229,2593,1130,2587
1250,2576,1252,2576,1252,2587,1250,2587
1273,2576,1275,2576,1275,2587,1273,2587
1320,2577,1322,2577,1322,2588,1320,2588
1344,2577,1346,2577,1346,2588,1344,2588
1368,2577,1370,2577,1370,2588,1368,2588
1391,2577,1393,2577,1393,2588,1391,2588
1417,2578,1419,2578,1419,2589,1417,2589
1438,2578,1440,2578,1440,2589,1438,2589
1462,2578,1464,2578,1464,2589,1462,2589
1485,2578,1487,2578,1487,2589,1485,2589
1507,2578,1509,2578,1509,2589,1507,2589
1531,2578,1533,2578,1533,2589,1531,2589
1555,2579,1557,2579,1557,2590,1555,2590
1581,2579,1583,2579,1583,2590,1581,2590
1605,2579,1607,2579,1607,2590,1605,2590
3900,2550,4173,2550,4173,2612,3900,2612
4582,2553,4711,2553,4711,2618,4582,2618
4785,2553,4803,2553,4803,2618,4785,2618
1311,2600,1348,2600,1348,2625,1311,2625
3903,2746,4061,2750,4060,2782,3902,2778
1120,2879,1368,2879,1368,2925,1120,2925
3766,2818,3831,2818,3831,3004,3766,3004
670,3014,670,2965,701,2965,701,3014
474,3258,474,2809,552,2809,552,3258
3875,2818,4358,2818,4358,3200,3875,3200
3766,3014,3807,3011,3809,3042,3768,3045
3764,3046,3809,3046,3809,3086,3764,3086
3763,3090,3807,3081,3815,3120,3771,3129
2440,3056,3574,3056,3574,3285,2440,3285
3761,3122,3814,3122,3814,3200,3761,3200
4486,3152,4854,3152,4854,3188,4486,3188
4486,3220,4864,3220,4864,3288,4486,3288
3582,3373,3626,3373,3626,3407,3582,3407
3999,3363,4123,3367,4122,3409,3998,3405
4290,3363,4534,3363,4534,3407,4290,3407
