3801,177,4449,177,4449,453,3801,453
691,604,694,604,694,618,691,618
493,697,495,663,543,667,541,700
4060,599,4532,599,4532,727,4060,727
1017,697,1017,702,996,702,996,697
1393,660,1393,778,1302,778,1302,660
1429,704,1553,684,1561,732,1436,751
1017,733,1017,738,996,738,996,733
1158,732,1158,737,1139,737,1139,732
545,766,545,770,528,770,528,766
934,752,1310,752,1310,796,934,796
1478,768,1472,797,1455,794,1460,765
2069,740,2209,740,2209,807,2069,807
1572,776,1576,776,1576,794,1572,794
1606,776,1610,776,1610,794,1606,794
1582,786,1582,790,1564,790,1564,786
546,803,546,807,529,807,529,803
945,820,945,824,928,824,928,820
1583,820,1583,824,1565,824,1565,820
4130,808,4472,808,4472,840,4130,840
546,839,546,843,529,843,529,839
1640,837,1724,834,1725,869,1641,872
1790,832,1828,831,1829,866,1791,867
944,856,944,860,927,860,927,856
1583,855,1583,859,1565,859,1565,855
2064,846,2113,846,2113,881,2064,881
2417,850,2529,850,2529,875,2417,875
547,875,547,879,530,879,530,875
1584,891,1584,895,1566,895,1566,891
808,1086,808,723,841,723,841,1086
2385,887,2462,882,2464,912,2387,917
548,910,548,914,531,914,531,910
1584,920,1584,924,1566,924,1566,920
1388,971,1388,921,1423,921,1423,971
1857,940,1857,945,1836,945,1836,940
548,946,548,950,531,950,531,946
941,961,941,964,926,964,926,961
1857,965,1857,970,1836,970,1836,965
2742,934,2742,1008,2710,1008,2710,934
549,982,549,986,532,986,532,982
941,996,941,999,926,999,926,996
2316,986,2616,986,2616,1048,2316,1048
3838,995,3846,995,3846,1024,3838,1024
550,1016,550,1020,533,1020,533,1016
941,1032,941,1035,926,1035,926,1032
4065,1002,4084,1003,4082,1076,4063,1076
550,1052,550,1056,533,1056,533,1052
3996,1040,4006,1040,4006,1076,3996,1076
2256,1074,2256,1077,2241,1077,2241,1074
551,1088,551,1092,534,1092,534,1088
2256,1109,2256,1112,2241,1112,2241,1109
541,1117,546,1117,546,1138,541,1138
574,1116,579,1116,579,1137,574,1137
609,1116,614,1116,614,1137,609,1137
644,1115,649,1115,649,1136,644,1136
680,1115,685,1115,685,1136,680,1136
715,1115,720,1115,720,1136,715,1136
750,1114,755,1114,755,1135,750,1135
787,1114,792,1114,792,1135,787,1135
937,1129,941,1129,941,1146,937,1146
969,1129,973,1129,973,1146,969,1146
1005,1129,1009,1129,1009,1146,1005,1146
1039,1129,1043,1129,1043,1146,1039,1146
1075,1130,1079,1130,1079,1147,1075,1147
1111,1130,1115,1130,1115,1147,1111,1147
1146,1130,1150,1130,1150,1147,1146,1147
1182,1130,1186,1130,1186,1147,1182,1147
1218,1130,1222,1130,1222,1147,1218,1147
1255,1130,1259,1130,1259,1147,1255,1147
1288,1130,1292,1130,1292,1147,1288,1147
1324,1130,1328,1130,1328,1147,1324,1147
1360,1130,1364,1130,1364,1147,1360,1147
1394,1131,1398,1131,1398,1148,1394,1148
1466,1131,1470,1131,1470,1148,1466,1148
1500,1131,1504,1131,1504,1148,1500,1148
606,1142,1054,1142,1054,1204,606,1204
1840,1122,2133,1122,2133,1184,1840,1184
1874,1239,1877,1239,1877,1253,1874,1253
2115,1243,2118,1243,2118,1256,2115,1256
2150,1242,2153,1242,2153,1255,2150,1255
2185,1241,2188,1241,2188,1254,2185,1254
2305,1294,2305,1297,2290,1297,2290,1294
2304,1327,2304,1331,2287,1331,2287,1327
3736,1291,4148,1291,4148,1376,3736,1376
1214,1394,1214,1341,1251,1341,1251,1394
2305,1363,2305,1367,2288,1367,2288,1363
2306,1399,2306,1403,2289,1403,2289,1399
2306,1433,2306,1437,2289,1437,2289,1433
2049,1462,2055,1462,2055,1485,2049,1485
2085,1461,2091,1461,2091,1484,2085,1484
2121,1461,2127,1461,2127,1484,2121,1484
2155,1460,2161,1460,2161,1483,2155,1483
2191,1460,2197,1460,2197,1483,2191,1483
2227,1459,2233,1459,2233,1482,2227,1482
2260,1459,2266,1459,2266,1482,2260,1482
2307,1471,2307,1475,2290,1475,2290,1471
2026,1511,2026,1517,2001,1517,2001,1511
2026,1548,2026,1554,2001,1554,2001,1548
1558,1551,1837,1551,1837,1599,1558,1599
2196,1547,2483,1547,2483,1600,2196,1600
2026,1581,2026,1587,2001,1587,2001,1581
2026,1618,2026,1624,2001,1624,2001,1618
2026,1652,2026,1658,2001,1658,2001,1652
792,1646,847,1646,847,1678,792,1678
1388,1695,1388,1647,1425,1647,1425,1695
1634,1653,1684,1653,1684,1676,1634,1676
2342,1645,2386,1646,2385,1685,2341,1684
2026,1688,2026,1694,2001,1694,2001,1688
2026,1724,2026,1730,2001,1730,2001,1724
2099,1721,2143,1717,2146,1750,2102,1755
2026,1758,2026,1764,2001,1764,2001,1758
2049,1791,2053,1791,2053,1808,2049,1808
2084,1792,2088,1792,2088,1809,2084,1809
2120,1792,2124,1792,2124,1809,2120,1809
2156,1792,2160,1792,2160,1809,2156,1809
2190,1793,2194,1793,2194,1810,2190,1810
2284,1898,2343,1884,2349,1908,2290,1922
3717,1547,4799,1547,4799,1747,3717,1747
3884,1792,4775,1792,4775,2017,3884,2017
3880,1968,4775,1968,4775,2089,3880,2089
3892,2041,4744,2041,4744,2164,3892,2164
3886,2111,4741,2111,4741,2236,3886,2236
3880,2182,4743,2182,4743,2301,3880,2301
4554,2257,4772,2257,4772,2377,4554,2377
2331,2001,2336,2001,2336,2028,2331,2028
2379,2001,2386,2001,2386,2028,2379,2028
2415,2001,2422,2001,2422,2028,2415,2028
2452,2001,2459,2001,2459,2028,2452,2028
2485,2001,2492,2001,2492,2028,2485,2028
2522,2001,2529,2001,2529,2028,2522,2028
2558,2001,2565,2001,2565,2028,2558,2028
2592,2001,2599,2001,2599,2028,2592,2028
2625,2001,2632,2001,2632,2028,2625,2028
2627,2004,2630,2004,2630,2019,2627,2019
2662,2004,2665,2004,2665,2019,2662,2019
581,2033,583,2033,583,2043,581,2043
603,2033,605,2033,605,2043,603,2043
675,2027,699,2027,699,2045,675,2045
722,2028,726,2028,726,2045,722,2045
745,2029,749,2029,749,2046,745,2046
771,2029,775,2029,775,2046,771,2046
794,2030,798,2030,798,2047,794,2047
817,2030,821,2030,821,2047,817,2047
841,2030,845,2030,845,2047,841,2047
864,2031,868,2031,868,2048,864,2048
911,2032,915,2032,915,2049,911,2049
934,2032,938,2032,938,2049,934,2049
1822,2032,1824,2032,1824,2043,1822,2043
960,2033,983,2033,983,2050,960,2050
1846,2032,1848,2032,1848,2043,1846,2043
1869,2032,1871,2032,1871,2043,1869,2043
2156,2001,2291,2001,2291,2028,2156,2028
2149,2026,2297,2026,2297,2074,2149,2074
2318,2026,2321,2026,2321,2041,2318,2041
782,2058,821,2055,822,2071,783,2074
2162,2086,2157,2104,2146,2102,2151,2083
354,2186,389,2186,389,2207,354,2207
841,2341,1102,2341,1102,2411,841,2411
304,2573,304,2447,338,2447,338,2573
1217,2538,1217,2491,1250,2491,1250,2538
3719,2482,4870,2482,4870,2516,3719,2516
3896,2558,4159,2558,4159,2620,3896,2620
4560,2558,4706,2558,4706,2621,4560,2621
3901,2746,4060,2750,4059,2782,3900,2778
3766,2818,3831,2818,3831,3004,3766,3004
3875,2818,4364,2818,4364,3200,3875,3200
3766,3014,3807,3011,3809,3042,3768,3045
3764,3046,3809,3046,3809,3086,3764,3086
3763,3090,3807,3081,3815,3120,3771,3129
2439,3058,3573,3053,3574,3280,2440,3285
3761,3122,3814,3122,3814,3200,3761,3200
4490,3157,4855,3153,4855,3189,4490,3193
4488,3223,4867,3223,4867,3289,4488,3289
3582,3373,3626,3373,3626,3407,3582,3407
3997,3362,4120,3362,4120,3408,3997,3408
4290,3363,4534,3363,4534,3407,4290,3407
