1431,185,1464,185,1464,201,1431,201
1774,187,1810,187,1810,202,1774,202
1338,221,1372,218,1374,241,1340,244
1705,218,1739,218,1739,241,1705,241
1167,263,1215,277,1207,305,1159,291
3801,177,4449,177,4449,453,3801,453
1940,316,1990,319,1988,345,1938,342
1327,444,1333,444,1332,467,1326,467
1358,445,1364,445,1363,468,1357,468
1394,447,1400,447,1399,470,1393,470
1430,448,1436,448,1435,471,1429,471
1464,449,1470,449,1469,472,1463,472
1493,468,1493,465,1508,465,1508,468
1560,475,1564,473,1571,487,1568,489
1530,491,1534,489,1541,503,1538,505
1493,504,1493,501,1508,501,1508,504
1493,539,1493,536,1508,536,1508,539
1126,546,1405,546,1405,600,1126,600
1846,516,2127,516,2127,583,1846,583
1982,647,1982,599,2019,599,2019,647
1493,646,1493,643,1507,643,1507,646
1189,686,1189,640,1218,640,1218,686
4075,599,4524,599,4524,727,4075,727
1493,680,1493,677,1507,677,1507,680
1493,716,1493,713,1507,713,1507,716
1493,752,1493,749,1507,749,1507,752
1358,775,1364,775,1365,798,1359,798
1391,774,1397,774,1398,797,1392,797
1427,773,1433,773,1434,796,1428,796
1463,771,1469,771,1470,794,1464,794
1493,790,1493,787,1507,787,1507,790
4129,808,4472,808,4472,840,4129,840
1295,930,1295,934,1277,934,1277,930
1296,964,1296,968,1278,968,1278,964
1296,1000,1296,1004,1278,1004,1278,1000
1297,1036,1297,1040,1279,1040,1279,1036
3812,1040,4098,1040,4098,1080,3812,1080
4532,1040,4654,1040,4654,1074,4532,1074
1052,1108,1105,1108,1105,1155,1052,1155
1162,1108,1197,1108,1197,1155,1162,1155
1664,1113,1714,1111,1715,1140,1665,1142
1073,1206,1380,1206,1380,1268,1073,1268
1567,1190,1856,1190,1856,1252,1567,1252
1416,1253,1416,1257,1398,1257,1398,1253
1985,1232,2105,1161,2127,1197,2006,1268
1247,1288,1247,1292,1230,1292,1230,1288
1416,1287,1416,1291,1398,1291,1398,1287
1086,1363,1090,1368,1071,1382,1068,1377
1044,1400,1044,1396,1062,1396,1062,1400
1108,1390,1112,1395,1093,1409,1090,1404
1044,1436,1044,1432,1062,1432,1062,1436
1129,1418,1133,1423,1114,1437,1111,1432
1044,1471,1044,1467,1062,1467,1062,1471
1044,1499,1044,1495,1062,1495,1062,1499
1643,1495,1643,1522,1614,1522,1614,1495
2276,1627,2276,1634,2250,1634,2250,1627
930,1634,934,1634,933,1651,929,1651
1127,1641,1127,1643,1115,1643,1115,1641
1988,1657,1988,1661,1970,1661,1970,1657
2276,1665,2276,1672,2250,1672,2250,1665
873,1581,873,1768,852,1768,852,1581
899,1650,1045,1650,1045,1708,899,1708
941,1668,962,1668,962,1690,941,1690
1127,1677,1127,1679,1115,1679,1115,1677
1190,1650,1221,1650,1221,1708,1190,1708
1329,1650,1450,1650,1450,1708,1329,1708
1988,1692,1988,1696,1970,1696,1970,1692
1559,1695,1559,1700,1539,1700,1539,1695
1609,1701,1609,1697,1627,1697,1627,1701
2276,1700,2276,1707,2250,1707,2250,1700
1127,1712,1127,1714,1115,1714,1115,1712
1988,1728,1988,1732,1970,1732,1970,1728
2276,1738,2276,1745,2250,1745,2250,1738
1157,1732,1585,1725,1585,1755,1157,1762
1366,1744,1368,1744,1368,1755,1366,1755
1609,1754,1609,1750,1627,1750,1627,1754
1988,1764,1988,1768,1970,1768,1970,1764
2276,1773,2276,1780,2250,1780,2250,1773
1988,1798,1988,1802,1970,1802,1970,1798
1609,1807,1609,1803,1627,1803,1627,1807
2276,1808,2276,1815,2250,1815,2250,1808
1988,1834,1988,1838,1970,1838,1970,1834
1609,1843,1609,1839,1627,1839,1627,1843
2276,1846,2276,1853,2250,1853,2250,1846
1988,1868,1988,1872,1970,1872,1970,1868
1609,1879,1609,1875,1627,1875,1627,1879
1988,1904,1988,1908,1970,1908,1970,1904
1609,1914,1609,1910,1627,1910,1627,1914
1988,1941,1988,1945,1970,1945,1970,1941
1609,1950,1609,1946,1627,1946,1627,1950
3720,1547,4799,1547,4799,1747,3720,1747
3897,1798,4562,1788,4564,1942,3899,1952
3898,1897,4786,1897,4786,2020,3898,2020
3896,1969,4789,1969,4789,2089,3896,2089
3899,2038,4759,2038,4759,2161,3899,2161
3895,2111,4757,2111,4757,2240,3895,2240
3887,2183,4756,2183,4756,2301,3887,2301
4565,2255,4788,2255,4788,2375,4565,2375
1988,1975,1988,1979,1970,1979,1970,1975
1609,1984,1609,1980,1627,1980,1627,1984
1988,2011,1988,2015,1970,2015,1970,2011
1609,2020,1609,2016,1627,2016,1627,2020
1987,2067,1985,2017,2014,2016,2016,2066
1988,2047,1988,2051,1970,2051,1970,2047
1979,2076,1985,2076,1984,2099,1978,2099
2049,2079,2055,2079,2054,2102,2048,2102
2085,2080,2091,2080,2090,2103,2084,2103
2118,2081,2124,2081,2123,2104,2117,2104
2154,2083,2160,2083,2159,2106,2153,2106
2190,2084,2196,2084,2195,2107,2189,2107
899,2098,903,2098,903,2115,899,2115
2226,2085,2232,2085,2231,2108,2225,2108
933,2098,937,2098,937,2115,933,2115
969,2098,973,2098,973,2115,969,2115
1003,2098,1007,2098,1007,2115,1003,2115
1039,2098,1043,2098,1043,2115,1039,2115
1075,2098,1079,2098,1079,2115,1075,2115
1109,2098,1113,2098,1113,2115,1109,2115
1359,2089,1616,2085,1617,2121,1360,2125
1145,2098,1149,2098,1149,2115,1145,2115
1253,2099,1257,2099,1257,2116,1253,2116
1373,2141,1819,2141,1819,2206,1373,2206
3719,2482,4871,2482,4871,2518,3719,2518
3900,2550,4173,2550,4173,2612,3900,2612
4582,2553,4711,2553,4711,2618,4582,2618
1206,2603,1208,2603,1208,2615,1206,2615
1254,2603,1256,2603,1256,2615,1254,2615
1278,2603,1280,2603,1280,2615,1278,2615
1301,2603,1303,2603,1303,2615,1301,2615
1325,2603,1327,2603,1327,2615,1325,2615
1348,2603,1350,2603,1350,2615,1348,2615
1373,2603,1375,2603,1375,2615,1373,2615
1655,2603,1657,2603,1657,2615,1655,2615
1679,2603,1681,2603,1681,2615,1679,2615
1702,2603,1704,2603,1704,2615,1702,2615
1726,2603,1728,2603,1728,2615,1726,2615
1750,2603,1752,2603,1752,2615,1750,2615
1774,2603,1776,2603,1776,2615,1774,2615
1797,2603,1799,2603,1799,2615,1797,2615
1820,2603,1822,2603,1822,2615,1820,2615
1844,2603,1846,2603,1846,2615,1844,2615
1867,2603,1869,2603,1869,2615,1867,2615
1891,2603,1893,2603,1893,2615,1891,2615
1914,2603,1916,2603,1916,2615,1914,2615
1939,2603,1941,2603,1941,2615,1939,2615
1561,2610,1574,2611,1571,2658,1558,2657
1651,2615,1725,2619,1722,2666,1648,2662
814,2732,943,2743,940,2781,811,2770
3903,2746,4061,2750,4060,2782,3902,2778
1449,2907,1702,2907,1702,2951,1449,2951
3766,2818,3831,2818,3831,3004,3766,3004
1192,3043,1192,2989,1217,2989,1217,3043
808,3302,808,2787,884,2787,884,3302
3875,2818,4358,2818,4358,3200,3875,3200
3766,3014,3807,3011,3809,3042,3768,3045
3764,3046,3809,3046,3809,3086,3764,3086
3763,3090,3807,3081,3815,3120,3771,3129
2439,3056,3574,3056,3574,3285,2439,3285
3761,3122,3814,3122,3814,3200,3761,3200
4491,3157,4853,3157,4853,3195,4491,3195
4490,3226,4866,3226,4866,3292,4490,3292
3582,3373,3626,3373,3626,3407,3582,3407
3999,3363,4123,3367,4122,3409,3998,3405
4286,3363,4532,3363,4532,3407,4286,3407
