3801,177,4449,177,4449,453,3801,453
2596,589,2596,585,2613,585,2613,589
2028,606,2028,601,2049,601,2049,606
2135,541,2135,547,2078,547,2078,541
2101,589,2101,677,2078,677,2078,589
2169,526,2169,665,2112,665,2112,526
2519,575,2534,575,2534,628,2519,628
2733,583,2736,611,2704,614,2701,586
2596,623,2596,619,2613,619,2613,623
2213,575,2504,575,2504,684,2213,684
2028,641,2028,636,2049,636,2049,641
4060,592,4522,592,4522,727,4060,727
2028,674,2028,669,2049,669,2049,674
2247,668,2250,668,2250,681,2247,681
2354,667,2356,667,2356,679,2354,679
2660,735,2660,729,2685,729,2685,735
2761,766,2761,762,2778,762,2778,766
2660,771,2660,765,2685,765,2685,771
956,780,962,780,963,804,957,804
991,778,997,778,998,802,992,802
1029,776,1035,776,1036,800,1030,800
2761,802,2761,798,2778,798,2778,802
1902,801,1902,803,1891,803,1891,801
2660,807,2660,801,2685,801,2685,807
4130,808,4472,808,4472,840,4130,840
2761,836,2761,832,2778,832,2778,836
1977,860,1975,815,2008,814,2010,859
1903,835,1903,837,1892,837,1892,835
2660,841,2660,835,2685,835,2685,841
2761,872,2761,868,2778,868,2778,872
1905,870,1905,872,1894,872,1894,870
2660,878,2660,872,2685,872,2685,878
846,873,1204,873,1204,947,846,947
2761,908,2761,904,2778,904,2778,908
2660,911,2660,905,2685,905,2685,911
2761,942,2761,938,2778,938,2778,942
2660,948,2660,942,2685,942,2685,948
2761,978,2761,974,2778,974,2778,978
2660,984,2660,978,2685,978,2685,984
919,972,970,972,970,1011,919,1011
1455,978,1505,978,1505,1013,1455,1013
2380,980,2432,980,2432,1010,2380,1010
2073,1019,2077,1019,2077,1036,2073,1036
2107,1019,2111,1019,2111,1036,2107,1036
2143,1019,2147,1019,2147,1036,2143,1036
2177,1019,2181,1019,2181,1036,2177,1036
2213,1019,2217,1019,2217,1036,2213,1036
2249,1019,2253,1019,2253,1036,2249,1036
2283,1019,2287,1019,2287,1036,2283,1036
2319,1019,2323,1019,2323,1036,2319,1036
2355,1019,2359,1019,2359,1036,2355,1036
2390,1019,2394,1019,2394,1036,2390,1036
2426,1019,2430,1019,2430,1036,2426,1036
2462,1019,2466,1019,2466,1036,2462,1036
2496,1019,2500,1019,2500,1036,2496,1036
2532,1019,2536,1019,2536,1036,2532,1036
2568,1019,2572,1019,2572,1036,2568,1036
2602,1019,2606,1019,2606,1036,2602,1036
2638,1019,2642,1019,2642,1036,2638,1036
2670,1019,2674,1019,2674,1036,2670,1036
2773,1035,2779,1035,2778,1058,2772,1058
2804,1035,2810,1035,2809,1058,2803,1058
2840,1036,2846,1036,2845,1059,2839,1059
2876,1037,2882,1037,2881,1060,2875,1060
2912,1038,2918,1038,2917,1061,2911,1061
2979,1044,2981,1044,2981,1055,2979,1055
2993,1052,2993,1043,3028,1044,3028,1053
4532,1040,4654,1040,4654,1074,4532,1074
3812,1040,4098,1040,4098,1080,3812,1080
1326,1046,1617,1046,1617,1104,1326,1104
2341,1070,2791,1070,2791,1124,2341,1124
1306,1131,1310,1131,1310,1148,1306,1148
1340,1131,1378,1131,1378,1149,1340,1149
1410,1132,1414,1132,1414,1149,1410,1149
1459,1133,1498,1133,1498,1150,1459,1150
1603,1135,1605,1135,1605,1146,1603,1146
3975,1118,4102,1118,4102,1181,3975,1181
1160,1245,1160,1242,1174,1242,1174,1245
2985,1297,2987,1242,3023,1243,3021,1298
1161,1281,1161,1278,1175,1278,1175,1281
1161,1315,1161,1312,1175,1312,1175,1315
1162,1345,1162,1342,1176,1342,1176,1345
1276,1351,1280,1351,1279,1367,1275,1367
1310,1354,1314,1354,1313,1370,1309,1370
1346,1357,1350,1357,1349,1373,1345,1373
1066,1388,1112,1388,1112,1420,1066,1420
1769,1384,1816,1384,1816,1421,1769,1421
2555,1388,2604,1388,2604,1419,2555,1419
1053,1498,1333,1498,1333,1560,1053,1560
1772,1514,2048,1514,2048,1556,1772,1556
1021,1601,1021,1547,1052,1547,1052,1601
1977,1599,1980,1548,2010,1550,2007,1601
3717,1547,4565,1547,4565,1747,3717,1747
4063,1795,4564,1795,4564,1872,4063,1872
4666,1547,4799,1547,4799,1747,4666,1747
1188,1701,1129,1796,1102,1779,1161,1684
1159,1769,1159,1765,1176,1766,1176,1770
1158,1804,1158,1800,1175,1801,1175,1805
1156,1840,1156,1836,1173,1837,1173,1841
800,1903,802,1903,802,1914,800,1914
836,1895,842,1895,842,1918,836,1918
872,1895,878,1895,878,1918,872,1918
908,1895,914,1895,914,1918,908,1918
944,1895,950,1895,950,1918,944,1918
978,1895,984,1895,984,1918,978,1918
1014,1895,1020,1895,1020,1918,1014,1918
1052,1895,1058,1895,1058,1918,1052,1918
1086,1895,1092,1895,1092,1918,1086,1918
1693,1920,1733,1920,1733,1963,1693,1963
2786,1929,2821,1932,2819,1949,2784,1946
2298,1952,2302,1952,2302,1969,2298,1969
2321,1952,2325,1952,2325,1969,2321,1969
2344,1952,2348,1952,2348,1969,2344,1969
2368,1951,2372,1951,2372,1968,2368,1968
2393,1951,2397,1951,2397,1968,2393,1968
2416,1950,2420,1950,2420,1967,2416,1967
2440,1950,2444,1950,2444,1967,2440,1967
2463,1949,2467,1949,2467,1966,2463,1966
2487,1949,2491,1949,2491,1966,2487,1966
2630,1950,2634,1950,2634,1967,2630,1967
2676,1949,2680,1949,2680,1966,2676,1966
2700,1949,2704,1949,2704,1966,2700,1966
2747,1948,2751,1948,2751,1965,2747,1965
1185,1963,1247,1966,1246,1997,1184,1994
1629,1962,1661,1962,1661,1997,1629,1997
2527,1953,2566,1952,2567,1995,2528,1996
3871,1914,4361,1914,4361,2324,3871,2324
4549,1913,4774,1913,4774,2393,4549,2393
2100,2243,2350,2236,2352,2309,2102,2316
1400,2323,1400,2282,1437,2282,1437,2323
1950,2341,1950,2296,1985,2296,1985,2341
3045,2263,3045,2399,3009,2399,3009,2263
3722,2482,4868,2482,4868,2518,3722,2518
3884,2534,4155,2534,4155,2596,3884,2596
4562,2538,4698,2538,4698,2601,4562,2601
3903,2746,4061,2750,4060,2782,3902,2778
3766,2818,3831,2818,3831,3004,3766,3004
3875,2818,4358,2818,4358,3200,3875,3200
3766,3014,3807,3011,3809,3042,3768,3045
3764,3046,3809,3046,3809,3086,3764,3086
3763,3090,3807,3081,3815,3120,3771,3129
2439,3058,3573,3053,3574,3280,2440,3285
3761,3122,3814,3122,3814,3200,3761,3200
4486,3156,4849,3156,4849,3192,4486,3192
4486,3224,4866,3224,4866,3292,4486,3292
3582,3373,3626,3373,3626,3407,3582,3407
3999,3363,4123,3367,4122,3409,3998,3405
4286,3363,4532,3363,4532,3407,4286,3407
