3801,177,4449,177,4449,453,3801,453
1640,655,1633,699,1593,693,1600,649
4060,594,4517,594,4517,723,4060,723
2061,776,2318,776,2318,839,2061,839
4130,808,4472,808,4472,840,4130,840
2872,895,2872,844,2904,844,2904,895
2965,1058,3055,1062,3053,1105,2963,1101
3812,1040,4098,1040,4098,1080,3812,1080
1388,1178,1388,1176,1399,1177,1399,1179
673,1203,677,1203,677,1219,673,1219
1223,1182,1232,1182,1234,1216,1225,1217
2722,1187,2759,1187,2759,1209,2722,1209
704,1203,708,1203,708,1219,704,1219
741,1203,745,1203,745,1219,741,1219
776,1204,779,1204,779,1219,776,1219
813,1203,816,1203,816,1218,813,1218
848,1203,851,1203,851,1218,848,1218
883,1203,886,1203,886,1218,883,1218
919,1202,922,1202,922,1217,919,1217
1122,1187,1177,1184,1179,1220,1124,1223
1563,1194,1603,1192,1604,1211,1564,1213
953,1196,1069,1190,1071,1226,955,1232
1333,1223,1329,1218,1349,1203,1353,1208
2261,1221,2263,1221,2263,1232,2261,1232
2282,1222,2284,1222,2284,1233,2282,1233
2306,1223,2308,1223,2308,1234,2306,1234
2329,1224,2331,1224,2331,1235,2329,1235
2375,1224,2376,1224,2376,1232,2375,1232
2400,1224,2401,1224,2401,1232,2400,1232
2423,1224,2424,1224,2424,1232,2423,1232
2470,1223,2471,1223,2471,1231,2470,1231
2683,1222,2685,1222,2685,1234,2683,1234
2707,1222,2709,1222,2709,1234,2707,1234
2730,1222,2732,1222,2732,1234,2730,1234
2754,1222,2756,1222,2756,1234,2754,1234
2778,1222,2780,1222,2780,1234,2778,1234
2802,1222,2804,1222,2804,1234,2802,1234
1212,1223,1246,1223,1246,1253,1212,1253
1636,1225,1669,1225,1669,1261,1636,1261
1356,1252,1352,1247,1372,1232,1376,1237
4209,1241,4378,1241,4378,1270,4209,1270
1375,1279,1371,1274,1391,1259,1395,1264
1398,1307,1394,1302,1414,1287,1418,1292
1144,1419,1147,1419,1147,1434,1144,1434
1179,1419,1182,1419,1182,1434,1179,1434
1248,1419,1251,1419,1251,1432,1248,1432
1283,1419,1286,1419,1286,1432,1283,1432
1322,1419,1327,1419,1325,1438,1320,1438
1358,1422,1363,1422,1361,1441,1356,1441
1400,1426,1405,1426,1403,1445,1398,1445
1344,1468,1344,1462,1369,1462,1369,1468
1217,1518,1297,1510,1300,1539,1220,1548
1344,1541,1344,1535,1369,1535,1369,1541
896,1535,1180,1535,1180,1581,896,1581
1613,1535,1891,1535,1891,1581,1613,1581
1344,1575,1344,1569,1369,1569,1369,1575
654,1621,654,1573,691,1573,691,1621
1998,1601,1998,1550,2030,1550,2030,1601
2321,1526,2766,1526,2766,1584,2321,1584
2519,1612,2563,1612,2563,1651,2519,1651
1344,1611,1344,1605,1369,1605,1369,1611
997,1612,1043,1612,1043,1652,997,1652
1725,1614,1773,1614,1773,1651,1725,1651
1344,1648,1344,1642,1369,1642,1369,1648
1344,1682,1344,1676,1369,1676,1369,1682
1344,1718,1344,1712,1369,1712,1369,1718
1071,1744,1077,1744,1077,1767,1071,1767
1107,1743,1113,1743,1113,1766,1107,1766
1143,1742,1149,1742,1149,1765,1143,1765
1179,1741,1185,1741,1185,1764,1179,1764
1215,1741,1221,1741,1221,1764,1215,1764
1249,1740,1255,1740,1255,1763,1249,1763
1285,1739,1291,1739,1291,1762,1285,1762
1321,1738,1327,1738,1327,1761,1321,1761
1344,1757,1344,1751,1369,1751,1369,1757
1061,1864,1061,1858,1084,1859,1084,1865
2868,1911,2868,1854,2908,1854,2908,1911
1058,1900,1058,1894,1081,1895,1081,1901
1686,1915,1686,1881,1748,1881,1748,1915
1056,1934,1056,1928,1079,1929,1079,1935
1054,1967,1054,1961,1077,1962,1077,1968
706,1956,712,1956,712,1979,706,1979
742,1956,748,1956,748,1979,742,1979
778,1956,784,1956,784,1979,778,1979
814,1956,820,1956,820,1979,814,1979
847,1956,853,1956,853,1979,847,1979
883,1956,889,1956,889,1979,883,1979
919,1956,925,1956,925,1979,919,1979
955,1956,961,1956,961,1979,955,1979
989,1956,995,1956,995,1979,989,1979
1025,1956,1031,1956,1031,1979,1025,1979
1063,1956,1069,1956,1069,1979,1063,1979
1243,1964,1249,1964,1249,1987,1243,1987
1279,1964,1285,1964,1285,1987,1279,1987
1315,1964,1321,1964,1321,1987,1315,1987
1349,1964,1355,1964,1355,1987,1349,1987
1385,1964,1389,1964,1389,1987,1385,1987
1428,1964,1431,1964,1431,1987,1428,1987
1493,1964,1499,1964,1499,1987,1493,1987
1526,1964,1532,1964,1532,1987,1526,1987
1562,1964,1568,1964,1568,1987,1562,1987
1598,1964,1604,1964,1604,1987,1598,1987
1651,1964,1657,1964,1657,1987,1651,1987
3717,1547,4797,1547,4797,1748,3717,1748
4082,1663,4766,1663,4766,1748,4082,1748
3840,1795,4735,1795,4735,2031,3840,2031
3842,1978,4735,1978,4735,2105,3842,2105
3847,2054,4707,2054,4707,2175,3847,2175
3842,2126,4707,2126,4707,2247,3842,2247
4517,2198,4731,2198,4731,2396,4517,2396
1649,2016,1649,2021,1628,2021,1628,2016
1649,2049,1649,2054,1628,2054,1628,2049
799,2035,906,2027,911,2102,804,2110
996,2068,1053,2065,1055,2095,998,2098
2061,2077,2065,2077,2065,2094,2061,2094
2095,2077,2099,2077,2099,2094,2095,2094
2131,2077,2135,2077,2135,2094,2131,2094
2165,2077,2169,2077,2169,2094,2165,2094
1649,2085,1649,2090,1628,2090,1628,2085
2201,2077,2205,2077,2205,2094,2201,2094
2273,2076,2277,2076,2277,2093,2273,2093
2237,2077,2241,2077,2241,2094,2237,2094
2308,2076,2312,2076,2312,2093,2308,2093
2344,2076,2348,2076,2348,2093,2344,2093
2380,2076,2384,2076,2384,2093,2380,2093
2414,2076,2418,2076,2418,2093,2414,2093
2450,2076,2454,2076,2454,2093,2450,2093
2486,2076,2490,2076,2490,2093,2486,2093
2520,2076,2524,2076,2524,2093,2520,2093
2556,2076,2560,2076,2560,2093,2556,2093
2592,2076,2596,2076,2596,2093,2592,2093
2628,2076,2632,2076,2632,2093,2628,2093
2662,2076,2666,2076,2666,2093,2662,2093
2698,2076,2702,2076,2702,2093,2698,2093
2734,2075,2738,2075,2738,2092,2734,2092
2768,2075,2772,2075,2772,2092,2768,2092
2036,2087,2036,2090,2022,2090,2022,2087
2804,2075,2808,2075,2808,2092,2804,2092
2840,2075,2844,2075,2844,2092,2840,2092
2875,2075,2879,2075,2879,2092,2875,2092
2943,2075,2947,2075,2947,2092,2943,2092
1239,2088,1245,2088,1245,2113,1239,2113
1273,2088,1279,2088,1279,2113,1273,2113
1310,2088,1316,2088,1316,2113,1310,2113
1343,2088,1349,2088,1349,2113,1343,2113
1380,2088,1386,2088,1386,2113,1380,2113
1416,2088,1422,2088,1422,2113,1416,2113
1450,2088,1456,2088,1456,2113,1450,2113
1484,2088,1490,2088,1490,2113,1484,2113
1686,2142,1686,2098,1748,2098,1748,2142
2035,2120,2035,2123,2021,2123,2021,2120
2034,2155,2034,2158,2020,2158,2020,2155
767,2162,1074,2154,1075,2213,769,2221
1263,2129,1452,2129,1452,2203,1263,2203
1675,2086,1663,2299,1615,2296,1627,2083
2032,2192,2032,2195,2018,2195,2018,2192
2919,2311,2922,2118,2989,2119,2986,2312
2031,2225,2031,2228,2017,2228,2017,2225
684,2294,684,2288,708,2288,708,2294
3830,2278,3923,2270,3927,2317,3834,2325
1686,2407,1686,2243,1748,2243,1748,2407
684,2329,684,2323,708,2323,708,2329
2485,2329,2539,2329,2539,2358,2485,2358
684,2364,684,2358,708,2358,708,2364
684,2407,684,2401,708,2401,708,2407
2164,2436,2167,2436,2168,2450,2165,2450
2310,2434,2314,2434,2314,2452,2310,2452
2344,2434,2348,2434,2348,2452,2344,2452
2380,2434,2384,2434,2384,2452,2380,2452
2415,2434,2419,2434,2419,2452,2415,2452
2453,2433,2457,2433,2457,2451,2453,2451
2485,2433,2489,2433,2489,2451,2485,2451
2521,2433,2525,2433,2525,2451,2521,2451
2557,2433,2561,2433,2561,2451,2557,2451
2593,2433,2597,2433,2597,2451,2593,2451
2628,2433,2632,2433,2632,2451,2628,2451
2664,2433,2668,2433,2668,2451,2664,2451
2698,2432,2702,2432,2702,2450,2698,2450
2746,2441,2746,2446,2725,2446,2725,2441
2770,2432,2774,2432,2774,2450,2770,2450
2804,2432,2808,2432,2808,2450,2804,2450
2322,2475,2322,2480,2301,2480,2301,2475
2463,2475,2463,2480,2442,2480,2442,2475
2746,2476,2746,2481,2725,2481,2725,2476
2633,2498,2668,2498,2668,2517,2633,2517
3719,2482,4870,2482,4870,2516,3719,2516
2790,2499,2795,2499,2795,2518,2790,2518
2322,2510,2322,2515,2301,2515,2301,2510
2231,2456,2231,2579,2208,2579,2208,2456
2746,2512,2746,2517,2725,2517,2725,2512
2322,2546,2322,2551,2301,2551,2301,2546
3000,2588,3024,2588,3024,2596,3000,2596
3846,2569,4114,2569,4114,2613,3846,2613
4528,2561,4660,2561,4660,2626,4528,2626
3012,2599,3014,2599,3013,2609,3011,2609
3903,2746,4061,2750,4060,2782,3902,2778
3766,2818,3831,2818,3831,3004,3766,3004
3875,2818,4358,2818,4358,3200,3875,3200
3766,3014,3807,3011,3809,3042,3768,3045
3764,3046,3809,3046,3809,3086,3764,3086
3763,3090,3807,3081,3815,3120,3771,3129
2439,3058,3573,3053,3574,3280,2440,3285
3761,3122,3814,3122,3814,3200,3761,3200
4486,3156,4855,3156,4855,3196,4486,3196
4488,3226,4869,3226,4869,3292,4488,3292
3582,3373,3626,3373,3626,3407,3582,3407
3999,3363,4123,3367,4122,3409,3998,3405
4290,3363,4534,3363,4534,3407,4290,3407
