3801,177,4449,177,4449,324,3801,324
3803,314,4442,314,4442,453,3803,453
990,575,994,575,994,592,990,592
1026,575,1030,575,1030,592,1026,592
1742,616,1746,616,1744,633,1740,633
1784,620,1788,620,1786,637,1782,637
1828,625,1832,625,1830,642,1826,642
1862,628,1866,628,1864,645,1860,645
1639,673,1639,668,1660,668,1660,673
4060,594,4517,594,4517,723,4060,723
1783,672,1783,668,1801,668,1801,672
1444,649,1539,649,1539,723,1444,723
1576,649,1617,649,1617,723,1576,723
1519,674,1519,679,1498,679,1498,674
1683,599,1686,711,1664,712,1661,600
1687,758,1687,763,1665,764,1665,759
1759,688,1759,684,1776,685,1776,689
1861,677,1894,677,1894,698,1861,698
1924,677,1929,677,1929,698,1924,698
1935,677,1940,677,1940,698,1935,698
1195,704,1195,709,1174,709,1174,704
1639,708,1639,703,1660,703,1660,708
1783,708,1783,704,1801,704,1801,708
1757,719,1757,715,1774,716,1774,720
910,736,910,742,887,742,887,736
1195,734,1195,739,1174,739,1174,734
1783,757,1783,753,1801,753,1801,757
1934,748,1939,748,1939,767,1934,767
1972,748,1977,748,1977,767,1972,767
2004,749,2009,749,2009,768,2004,768
1195,770,1195,775,1174,775,1174,770
911,777,911,783,888,783,888,777
1273,725,1280,725,1280,765,1273,765
1343,726,1350,726,1350,766,1343,766
1402,727,1413,727,1413,767,1402,767
1439,727,1450,727,1450,767,1439,767
1472,727,1483,727,1483,767,1472,767
1509,728,1520,728,1520,768,1509,768
1542,728,1553,728,1553,768,1542,768
1578,729,1589,729,1589,769,1578,769
1615,729,1626,729,1626,769,1615,769
1288,778,1302,778,1302,828,1288,828
1344,778,1393,778,1393,828,1344,828
1195,805,1195,810,1174,810,1174,805
911,811,911,817,888,817,888,811
2866,795,2910,797,2909,828,2865,826
4130,808,4214,808,4214,840,4130,840
4232,808,4273,808,4273,840,4232,840
4288,808,4472,808,4472,840,4288,840
911,847,911,853,888,853,888,847
1277,901,1277,892,1311,894,1311,903
1278,866,1278,857,1312,859,1312,868
1280,831,1282,787,1316,789,1314,833
1195,875,1195,880,1174,880,1174,875
912,883,912,889,889,889,889,883
1195,910,1195,915,1174,915,1174,910
3055,870,3055,878,3024,878,3024,870
3102,805,3102,947,3069,947,3069,805
3055,912,3055,920,3024,920,3024,912
3055,940,3055,948,3024,948,3024,940
3055,976,3055,984,3024,984,3024,976
3055,1011,3055,1019,3024,1019,3024,1011
912,919,912,925,889,925,889,919
1195,946,1195,951,1174,951,1174,946
912,952,912,958,889,958,889,952
1921,1059,1922,1050,1957,1053,1956,1062
1924,1023,1925,1014,1960,1017,1959,1026
1926,991,1927,982,1962,985,1961,994
1929,958,1933,908,1968,911,1964,961
1195,981,1195,986,1174,986,1174,981
913,988,913,994,890,994,890,988
2427,964,2447,964,2448,1033,2428,1033
2671,959,2772,957,2773,1027,2672,1029
2790,957,2841,956,2842,1025,2791,1026
2860,955,2974,953,2975,1023,2861,1025
1195,1018,1195,1023,1174,1023,1174,1018
913,1024,913,1030,890,1030,890,1024
2099,1043,2099,1046,2086,1046,2086,1043
1195,1053,1195,1058,1174,1058,1174,1053
3812,1040,4098,1040,4098,1080,3812,1080
4532,1040,4654,1040,4654,1074,4532,1074
914,1060,914,1066,891,1066,891,1060
2099,1074,2099,1077,2086,1077,2086,1074
914,1094,914,1100,891,1100,891,1094
938,1092,944,1092,945,1115,939,1115
971,1091,977,1091,978,1114,972,1114
1007,1090,1013,1090,1014,1113,1008,1113
1043,1089,1049,1089,1050,1112,1044,1112
1077,1088,1083,1088,1084,1111,1078,1111
1113,1088,1119,1088,1120,1111,1114,1111
1149,1087,1155,1087,1156,1110,1150,1110
1183,1086,1189,1086,1190,1109,1184,1109
1330,1100,1334,1100,1333,1117,1329,1117
1366,1102,1370,1102,1369,1119,1365,1119
2099,1109,2099,1112,2086,1112,2086,1109
1473,1105,1476,1105,1476,1120,1473,1120
1508,1105,1511,1105,1511,1120,1508,1120
1543,1105,1546,1105,1546,1120,1543,1120
1578,1105,1581,1105,1581,1120,1578,1120
1614,1105,1617,1105,1617,1120,1614,1120
1649,1105,1652,1105,1652,1120,1649,1120
1684,1105,1687,1105,1687,1120,1684,1120
1719,1105,1722,1105,1722,1120,1719,1120
1754,1105,1757,1105,1757,1120,1754,1120
1791,1105,1794,1105,1794,1120,1791,1120
1826,1105,1829,1105,1829,1120,1826,1120
1862,1105,1865,1105,1865,1120,1862,1120
962,1129,1147,1129,1147,1173,962,1173
1180,1129,1192,1129,1192,1173,1180,1173
1219,1129,1412,1129,1412,1173,1219,1173
2175,1105,2466,1105,2466,1153,2175,1153
2099,1145,2099,1148,2086,1148,2086,1145
2676,1159,2681,1162,2670,1183,2665,1180
2099,1180,2099,1183,2086,1183,2086,1180
2705,1175,2710,1178,2699,1199,2694,1196
2736,1191,2741,1194,2730,1215,2725,1212
2200,1213,2202,1213,2202,1224,2200,1224
2234,1213,2236,1213,2236,1224,2234,1224
2270,1213,2272,1213,2272,1224,2270,1224
2764,1206,2769,1209,2758,1230,2753,1227
4209,1241,4246,1241,4246,1270,4209,1270
4286,1241,4378,1241,4378,1270,4286,1270
1408,1369,1408,1314,1440,1314,1440,1369
2651,1342,2651,1339,2666,1339,2666,1342
2651,1377,2651,1374,2666,1374,2666,1377
2651,1412,2651,1409,2666,1409,2666,1412
2411,1436,2415,1436,2415,1453,2411,1453
2445,1436,2449,1436,2449,1453,2445,1453
2481,1435,2485,1435,2485,1452,2481,1452
2517,1435,2521,1435,2521,1452,2517,1452
2551,1434,2555,1434,2555,1451,2551,1451
2587,1434,2591,1434,2591,1451,2587,1451
1997,1434,2045,1434,2045,1471,1997,1471
2622,1433,2626,1433,2626,1450,2622,1450
1155,1439,1209,1439,1209,1468,1155,1468
2659,1436,2671,1436,2671,1479,2659,1479
2703,1436,2745,1436,2745,1479,2703,1479
2395,1479,2395,1487,2364,1487,2364,1479
1907,1518,2150,1518,2150,1572,1907,1572
2171,1518,2186,1518,2186,1572,2171,1572
2395,1518,2395,1526,2364,1526,2364,1518
2395,1553,2395,1561,2364,1561,2364,1553
2553,1525,2799,1525,2799,1568,2553,1568
1934,1665,1934,1623,1971,1623,1971,1665
2395,1591,2395,1599,2364,1599,2364,1591
2395,1626,2395,1634,2364,1634,2364,1626
2395,1662,2395,1670,2364,1670,2364,1662
2808,1665,2808,1621,2843,1621,2843,1665
2377,1758,2383,1758,2382,1781,2376,1781
2410,1759,2416,1759,2415,1782,2409,1782
2446,1762,2452,1762,2451,1785,2445,1785
2480,1765,2483,1765,2483,1780,2480,1780
2482,1764,2488,1764,2487,1787,2481,1787
2515,1765,2518,1765,2518,1780,2515,1780
2550,1765,2553,1765,2553,1780,2550,1780
2586,1765,2589,1765,2589,1780,2586,1780
2666,1765,2668,1771,2645,1780,2643,1774
2656,1906,2661,1904,2670,1924,2665,1926
3717,1547,3980,1547,3980,1632,3717,1632
4035,1547,4238,1547,4238,1632,4035,1632
4302,1547,4380,1547,4380,1632,4302,1632
4388,1547,4466,1547,4466,1632,4388,1632
4481,1547,4565,1547,4565,1632,4481,1632
4666,1547,4799,1547,4799,1632,4666,1632
3769,1669,3874,1669,3874,1743,3769,1743
3866,1669,3887,1669,3887,1743,3866,1743
3896,1669,3917,1669,3917,1743,3896,1743
4085,1663,4109,1663,4109,1748,4085,1748
4137,1663,4161,1663,4161,1748,4137,1748
4082,1663,4101,1663,4101,1748,4082,1748
4355,1663,4494,1663,4494,1748,4355,1748
4702,1663,4766,1663,4766,1748,4702,1748
4063,1792,4287,1792,4287,1868,4063,1868
4300,1792,4566,1792,4566,1868,4300,1868
3894,1886,4084,1886,4084,1948,3894,1948
4116,1886,4133,1886,4133,1948,4116,1948
4160,1886,4366,1886,4366,1948,4160,1948
4564,1896,4618,1896,4618,1944,4564,1944
4618,1896,4631,1896,4631,1944,4618,1944
4633,1896,4685,1896,4685,1944,4633,1944
4696,1896,4775,1896,4775,1944,4696,1944
3884,1969,4138,1969,4138,2017,3884,2017
4170,1969,4183,1969,4183,2017,4170,2017
4564,1968,4618,1968,4618,2016,4564,2016
4618,1968,4631,1968,4631,2016,4618,2016
4631,1968,4692,1968,4692,2016,4631,2016
4696,1968,4775,1968,4775,2016,4696,2016
3880,2041,4136,2041,4136,2089,3880,2089
4163,2041,4176,2041,4176,2089,4163,2089
4564,2041,4576,2041,4576,2085,4564,2085
4591,2041,4603,2041,4603,2085,4591,2085
4605,2041,4653,2041,4653,2085,4605,2085
4671,2041,4744,2041,4744,2085,4671,2085
3892,2110,3992,2110,3992,2164,3892,2164
4019,2110,4069,2110,4069,2164,4019,2164
4083,2110,4214,2110,4214,2164,4083,2164
4563,2111,4576,2111,4576,2159,4563,2159
4587,2111,4600,2111,4600,2159,4587,2159
4610,2111,4646,2111,4646,2159,4610,2159
4671,2111,4741,2111,4741,2159,4671,2159
3886,2186,4186,2186,4186,2236,3886,2236
4566,2182,4580,2182,4580,2234,4566,2234
4588,2182,4602,2182,4602,2234,4588,2234
4600,2182,4647,2182,4647,2234,4600,2234
4668,2182,4745,2182,4745,2234,4668,2234
3880,2257,3961,2257,3961,2301,3880,2301
4569,2257,4581,2257,4581,2301,4569,2301
4587,2257,4599,2257,4599,2301,4587,2301
4605,2257,4653,2257,4653,2301,4605,2301
4665,2257,4746,2257,4746,2301,4665,2301
4553,2326,4617,2326,4617,2376,4553,2376
4617,2326,4631,2326,4631,2376,4617,2376
4638,2326,4685,2326,4685,2376,4638,2376
4698,2326,4772,2326,4772,2376,4698,2376
869,1983,922,1986,921,2004,868,2001
2108,1976,2145,1976,2145,2010,2108,2010
2811,1975,2818,1975,2818,2001,2811,2001
2846,1975,2853,1975,2853,2001,2846,2001
2527,1981,2557,1992,2546,2025,2515,2014
2567,1995,2575,1998,2564,2031,2555,2028
2597,2005,2649,2023,2637,2057,2585,2039
2881,1975,2888,1975,2888,2001,2881,2001
2919,1975,2926,1975,2926,2001,2919,2001
2954,1975,2961,1975,2961,2001,2954,2001
1085,1996,1089,1996,1088,2013,1084,2013
1108,1997,1112,1997,1111,2014,1107,2014
1132,1998,1136,1998,1135,2015,1131,2015
1203,2003,1207,2003,1206,2020,1202,2020
1226,2004,1230,2004,1229,2021,1225,2021
2585,1997,2590,1997,2591,2017,2586,2017
2608,1996,2613,1996,2614,2016,2609,2016
2655,1995,2660,1995,2661,2015,2656,2015
2680,1994,2685,1994,2686,2014,2681,2014
1155,2000,1159,2000,1158,2017,1154,2017
1177,2001,1181,2001,1180,2018,1176,2018
1146,2025,1184,2026,1183,2049,1145,2048
1273,2007,1277,2007,1276,2024,1272,2024
2173,2027,2214,2027,2214,2045,2173,2045
637,2139,648,2139,647,2181,636,2181
671,2140,682,2140,681,2182,670,2182
715,2141,754,2142,753,2184,714,2183
664,2428,664,2362,700,2362,700,2428
664,2358,664,2348,700,2348,700,2358
664,2344,664,2297,700,2297,700,2344
1209,2323,1456,2323,1456,2372,1209,2372
1937,2396,1937,2347,1971,2347,1971,2396
3719,2482,3806,2482,3806,2516,3719,2516
3823,2482,3832,2482,3832,2516,3823,2516
3840,2482,3878,2482,3878,2516,3840,2516
3892,2482,3994,2482,3994,2516,3892,2516
4013,2482,4061,2482,4061,2516,4013,2516
4072,2482,4198,2482,4198,2516,4072,2516
4211,2482,4260,2482,4260,2516,4211,2516
4269,2482,4369,2482,4369,2516,4269,2516
4384,2482,4455,2482,4455,2516,4384,2516
4464,2482,4528,2482,4528,2516,4464,2516
4544,2482,4597,2482,4597,2516,4544,2516
4608,2482,4707,2482,4707,2516,4608,2516
4716,2482,4870,2482,4870,2516,4716,2516
3894,2561,4157,2561,4157,2607,3894,2607
4571,2554,4605,2554,4605,2617,4571,2617
4633,2554,4651,2554,4651,2617,4633,2617
4678,2554,4696,2554,4696,2617,4678,2617
3903,2746,4061,2750,4060,2782,3902,2778
3766,2818,3806,2818,3806,2854,3766,2854
3767,2854,3827,2855,3827,2891,3767,2890
3767,2894,3831,2895,3831,2929,3767,2928
3767,2937,3803,2935,3804,2960,3768,2962
3769,2973,3803,2973,3803,3004,3769,3004
3885,2818,3895,2818,3895,2854,3885,2854
3903,2818,3980,2818,3980,2854,3903,2854
3997,2818,4106,2818,4106,2854,3997,2854
3883,2855,3892,2855,3892,2890,3883,2890
3897,2855,4011,2856,4011,2892,3897,2891
4023,2856,4114,2857,4114,2893,4023,2892
4134,2857,4215,2858,4215,2894,4134,2893
3883,2895,3892,2895,3892,2929,3883,2929
3906,2895,4011,2896,4011,2931,3906,2930
4032,2896,4134,2897,4134,2932,4032,2931
4144,2897,4259,2898,4259,2932,4144,2931
3881,2938,3889,2938,3889,2969,3881,2969
3899,2938,3978,2938,3978,2969,3899,2969
3985,2938,4103,2938,4103,2969,3985,2969
3877,2972,3886,2972,3886,3006,3877,3006
3899,2972,4011,2972,4011,3006,3899,3006
4029,2972,4174,2972,4174,3006,4029,3006
3879,3010,3888,3010,3888,3045,3879,3045
3901,3010,4010,3010,4010,3045,3901,3045
4019,3010,4028,3010,4028,3045,4019,3045
4031,3010,4081,3010,4081,3045,4031,3045
4095,3010,4358,3010,4358,3045,4095,3045
3881,3050,3889,3050,3889,3081,3881,3081
3899,3050,3973,3051,3973,3083,3899,3082
3990,3052,4024,3052,4024,3083,3990,3083
4036,3052,4176,3054,4176,3086,4036,3084
3878,3088,3887,3088,3887,3122,3878,3122
3899,3088,3993,3088,3993,3122,3899,3122
4006,3088,4125,3088,4125,3122,4006,3122
3878,3128,3886,3128,3886,3160,3878,3160
3898,3128,3968,3128,3968,3160,3898,3160
3978,3128,3986,3128,3986,3160,3978,3160
3985,3128,4065,3128,4065,3160,3985,3160
3875,3164,3885,3164,3885,3200,3875,3200
3889,3164,3981,3164,3981,3200,3889,3200
3986,3164,3996,3164,3996,3200,3986,3200
3996,3164,4077,3164,4077,3200,3996,3200
3766,3014,3807,3011,3809,3042,3768,3045
3764,3046,3809,3046,3809,3086,3764,3086
3763,3090,3807,3081,3815,3120,3771,3129
2448,3058,2513,3058,2513,3093,2448,3093
2525,3058,2551,3058,2551,3093,2525,3093
2572,3057,2736,3056,2736,3092,2572,3093
2742,3057,2783,3057,2783,3092,2742,3092
2799,3056,3031,3055,3031,3091,2799,3092
3046,3055,3218,3054,3218,3090,3046,3091
3233,3055,3265,3055,3265,3090,3233,3090
3276,3055,3332,3055,3332,3090,3276,3090
3343,3055,3352,3055,3352,3090,3343,3090
3361,3055,3381,3055,3381,3090,3361,3090
3400,3054,3502,3054,3502,3089,3400,3089
3514,3054,3546,3054,3546,3089,3514,3089
2440,3096,2553,3096,2553,3128,2440,3128
2564,3096,2587,3096,2587,3128,2564,3128
2601,3096,2745,3096,2745,3128,2601,3128
2767,3096,2775,3096,2775,3128,2767,3128
2780,3096,2788,3096,2788,3128,2780,3128
2790,3096,2798,3096,2798,3128,2790,3128
2812,3096,2938,3096,2938,3128,2812,3128
2947,3096,2998,3096,2998,3128,2947,3128
3006,3096,3208,3096,3208,3128,3006,3128
3223,3096,3288,3096,3288,3128,3223,3128
3297,3096,3348,3096,3348,3128,3297,3128
3364,3096,3468,3096,3468,3128,3364,3128
3479,3096,3515,3096,3515,3128,3479,3128
2442,3134,2621,3134,2621,3166,2442,3166
2638,3134,2667,3134,2667,3166,2638,3166
2686,3134,2694,3134,2694,3166,2686,3166
2699,3134,2707,3134,2707,3166,2699,3166
2710,3134,2889,3134,2889,3166,2710,3166
2894,3134,2902,3134,2902,3166,2894,3166
2440,3174,2494,3174,2494,3205,2440,3205
2508,3174,2664,3174,2664,3205,2508,3205
2679,3174,2738,3174,2738,3205,2679,3205
2750,3174,2875,3174,2875,3205,2750,3205
2880,3174,2888,3174,2888,3205,2880,3205
2901,3174,3002,3174,3002,3205,2901,3205
3019,3174,3047,3174,3047,3205,3019,3205
3056,3174,3064,3174,3064,3205,3056,3205
3063,3174,3071,3174,3071,3205,3063,3205
3073,3174,3275,3174,3275,3205,3073,3205
3283,3174,3332,3174,3332,3205,3283,3205
3347,3174,3536,3174,3536,3205,3347,3205
2444,3210,2511,3210,2511,3242,2444,3242
2519,3210,2615,3210,2615,3242,2519,3242
2631,3210,2639,3210,2639,3242,2631,3242
2658,3210,2707,3210,2707,3242,2658,3242
2724,3210,2836,3210,2836,3242,2724,3242
2839,3210,2847,3210,2847,3242,2839,3242
2864,3210,2936,3210,2936,3242,2864,3242
2947,3210,3127,3210,3127,3242,2947,3242
3142,3210,3178,3210,3178,3242,3142,3242
3188,3210,3280,3210,3280,3242,3188,3242
3299,3210,3350,3210,3350,3242,3299,3242
3365,3210,3472,3210,3472,3242,3365,3242
3487,3210,3533,3210,3533,3242,3487,3242
3551,3210,3574,3210,3574,3242,3551,3242
2446,3250,2492,3250,2492,3285,2446,3285
2507,3249,2633,3248,2633,3284,2507,3285
2644,3248,2684,3248,2684,3284,2644,3284
2695,3248,2808,3247,2808,3283,2695,3284
2825,3247,2834,3247,2834,3282,2825,3282
2839,3247,2848,3247,2848,3282,2839,3282
2848,3247,3024,3246,3024,3282,2848,3283
3032,3246,3041,3246,3041,3281,3032,3281
3764,3122,3809,3122,3809,3162,3764,3162
3761,3164,3814,3164,3814,3200,3761,3200
4487,3154,4497,3154,4497,3192,4487,3192
4505,3154,4678,3154,4678,3192,4505,3192
4692,3154,4721,3154,4721,3192,4692,3192
4729,3154,4854,3154,4854,3192,4729,3192
4488,3222,4497,3222,4497,3256,4488,3256
4509,3222,4618,3222,4618,3256,4509,3256
4629,3222,4660,3222,4660,3256,4629,3256
4666,3222,4727,3222,4727,3256,4666,3256
4733,3222,4742,3222,4742,3256,4733,3256
4741,3222,4867,3222,4867,3256,4741,3256
4506,3254,4591,3254,4591,3288,4506,3288
4609,3254,4618,3254,4618,3288,4609,3288
4641,3254,4650,3254,4650,3288,4641,3288
4655,3254,4664,3254,4664,3288,4655,3288
4668,3254,4693,3254,4693,3288,4668,3288
4714,3254,4723,3254,4723,3288,4714,3288
3582,3373,3626,3373,3626,3407,3582,3407
3997,3362,4097,3362,4097,3408,3997,3408
4107,3362,4120,3362,4120,3408,4107,3408
4290,3363,4338,3363,4338,3407,4290,3407
4348,3363,4360,3363,4360,3407,4348,3407
4366,3363,4415,3363,4415,3407,4366,3407
4420,3363,4432,3363,4432,3407,4420,3407
4434,3363,4534,3363,4534,3407,4434,3407
