3801,177,4449,177,4449,324,3801,324
3803,314,4442,314,4442,453,3803,453
2665,593,2668,593,2668,608,2665,608
2702,593,2705,593,2705,608,2702,608
2737,593,2740,593,2740,608,2737,608
2773,593,2776,593,2776,608,2773,608
2809,593,2812,593,2812,608,2809,608
2140,616,2140,621,2121,621,2121,616
2141,652,2141,657,2122,657,2122,652
2258,659,2258,653,2280,651,2281,657
4060,594,4517,594,4517,723,4060,723
2141,686,2141,691,2122,691,2122,686
2261,692,2261,686,2283,684,2284,690
2142,726,2142,731,2123,731,2123,726
2521,737,2523,737,2523,748,2521,748
2660,727,2666,756,2632,764,2626,734
2943,752,2943,756,2926,756,2926,752
2944,788,2944,792,2927,792,2927,788
2945,824,2945,828,2928,828,2928,824
4130,808,4214,808,4214,840,4130,840
4232,808,4273,808,4273,840,4232,840
4288,808,4472,808,4472,840,4288,840
2662,831,2662,835,2644,835,2644,831
2003,848,2003,854,1979,854,1979,848
2946,859,2946,863,2929,863,2929,859
2662,865,2662,869,2644,869,2644,865
2003,883,2003,921,1979,921,1979,883
2945,893,2945,898,2925,898,2925,893
833,962,833,875,868,875,868,962
2945,929,2945,934,2925,934,2925,929
1192,927,1192,922,1213,922,1213,927
1219,961,1219,912,1242,912,1242,961
1192,962,1192,957,1213,957,1213,962
2662,936,2662,940,2644,940,2644,936
1820,936,1867,940,1865,963,1818,959
1887,942,1893,942,1891,965,1885,965
1954,945,1958,945,1958,963,1954,963
2945,964,2945,969,2925,969,2925,964
912,952,1003,946,1005,981,915,988
1032,948,1084,948,1084,995,1032,995
1099,948,1220,948,1220,995,1099,995
2659,972,2659,976,2642,977,2642,973
2945,1000,2945,1005,2925,1005,2925,1000
2661,1008,2661,1012,2644,1013,2644,1009
2549,1018,2549,1014,2566,1014,2566,1018
939,1024,945,1024,945,1047,939,1047
975,1023,981,1023,981,1046,975,1046
1011,1023,1017,1023,1017,1046,1011,1046
1047,1022,1053,1022,1053,1045,1047,1045
1081,1022,1087,1022,1087,1045,1081,1045
1117,1021,1123,1021,1123,1044,1117,1044
1153,1021,1159,1021,1159,1044,1153,1044
2945,1035,2945,1040,2925,1040,2925,1035
2662,1042,2662,1046,2645,1047,2645,1043
2548,1052,2548,1048,2565,1048,2565,1052
1825,1062,1825,1058,1842,1058,1842,1062
3917,1041,4026,1041,4026,1079,3917,1079
4532,1040,4654,1040,4654,1074,4532,1074
2945,1071,2945,1076,2925,1076,2925,1071
2663,1078,2663,1082,2646,1083,2646,1079
949,1063,954,1069,932,1088,927,1082
1438,1061,1727,1061,1727,1107,1438,1107
1824,1097,1824,1093,1841,1093,1841,1097
1992,1086,1998,1086,1998,1109,1992,1109
2025,1086,2031,1086,2031,1109,2025,1109
2061,1085,2067,1085,2067,1108,2061,1108
2097,1085,2103,1085,2103,1108,2097,1108
2133,1085,2139,1085,2139,1108,2133,1108
2169,1085,2175,1085,2175,1108,2169,1108
2203,1085,2209,1085,2209,1108,2203,1108
2239,1084,2245,1084,2245,1107,2239,1107
2547,1097,2547,1093,2564,1093,2564,1097
2275,1084,2281,1084,2281,1107,2275,1107
2309,1084,2315,1084,2315,1107,2309,1107
2345,1084,2351,1084,2351,1107,2345,1107
2417,1083,2423,1083,2423,1106,2417,1106
2450,1083,2456,1083,2456,1106,2450,1106
2486,1083,2492,1083,2492,1106,2486,1106
2522,1082,2528,1082,2528,1105,2522,1105
2656,1106,2662,1106,2662,1130,2656,1130
2688,1106,2694,1106,2694,1130,2688,1130
2723,1106,2729,1106,2729,1130,2723,1130
2758,1106,2764,1106,2764,1130,2758,1130
2793,1106,2799,1106,2799,1130,2793,1130
2831,1106,2837,1106,2837,1130,2831,1130
2866,1106,2872,1106,2872,1130,2866,1130
2901,1106,2907,1106,2907,1130,2901,1130
2933,1106,2939,1106,2939,1130,2933,1130
1823,1133,1823,1129,1840,1129,1840,1133
984,1104,989,1110,967,1129,962,1123
1007,1131,1012,1137,990,1156,985,1150
1030,1159,1035,1165,1013,1184,1008,1178
1085,1176,1093,1176,1092,1206,1084,1206
1119,1177,1127,1177,1126,1207,1118,1207
1152,1178,1191,1179,1190,1209,1151,1208
1055,1189,1060,1195,1038,1214,1033,1208
1698,1230,1701,1230,1701,1243,1698,1243
1736,1225,1740,1225,1739,1242,1735,1242
1770,1226,1774,1226,1773,1243,1769,1243
2396,1234,2582,1234,2582,1288,2396,1288
2609,1234,2624,1234,2624,1288,2609,1288
2653,1234,2846,1234,2846,1288,2653,1288
4209,1241,4246,1241,4246,1270,4209,1270
4286,1241,4378,1241,4378,1270,4286,1270
1284,1319,1284,1322,1270,1322,1270,1319
2336,1367,2340,1312,2371,1314,2368,1369
4345,1304,4545,1304,4545,1344,4345,1344
4568,1304,4579,1304,4579,1344,4568,1344
4581,1304,4675,1304,4675,1344,4581,1344
1284,1352,1284,1355,1270,1355,1270,1352
1571,1502,1571,1506,1554,1506,1554,1502
1193,1514,1238,1514,1238,1545,1193,1545
1897,1514,1947,1514,1947,1549,1897,1549
2653,1512,2696,1512,2696,1555,2653,1555
1571,1536,1571,1540,1554,1540,1554,1536
1571,1572,1571,1576,1554,1576,1554,1572
1571,1608,1571,1612,1554,1612,1554,1608
1080,1602,1321,1602,1321,1664,1080,1664
1342,1602,1359,1602,1359,1664,1342,1664
1755,1602,1999,1611,1996,1672,1753,1663
2024,1612,2041,1613,2039,1673,2022,1672
1571,1642,1571,1646,1554,1646,1554,1642
834,1682,834,1636,866,1636,866,1682
3717,1547,3980,1547,3980,1632,3717,1632
4035,1547,4238,1547,4238,1632,4035,1632
4302,1547,4380,1547,4380,1632,4302,1632
4399,1547,4463,1547,4463,1632,4399,1632
4481,1547,4565,1547,4565,1632,4481,1632
3769,1669,3874,1669,3874,1743,3769,1743
3866,1669,3887,1669,3887,1743,3866,1743
3896,1669,3917,1669,3917,1743,3896,1743
4084,1664,4107,1664,4107,1743,4084,1743
4132,1664,4155,1664,4155,1743,4132,1743
4172,1664,4195,1664,4195,1743,4172,1743
4384,1665,4493,1663,4494,1740,4386,1742
4666,1547,4797,1547,4797,1632,4666,1632
4711,1659,4766,1658,4767,1734,4712,1735
1571,1678,1571,1682,1554,1682,1554,1678
1571,1714,1571,1718,1554,1718,1554,1714
1361,1716,1368,1712,1383,1738,1377,1742
1329,1735,1336,1731,1351,1757,1345,1761
1571,1748,1571,1752,1554,1752,1554,1748
1266,1773,1273,1769,1288,1795,1282,1799
1297,1755,1304,1751,1319,1777,1313,1781
1312,1778,1317,1778,1317,1799,1312,1799
1348,1778,1353,1778,1353,1799,1348,1799
1383,1779,1388,1779,1388,1800,1383,1800
1420,1779,1425,1779,1425,1800,1420,1800
1455,1780,1460,1780,1460,1801,1455,1801
1491,1780,1496,1780,1496,1801,1491,1801
1526,1781,1531,1781,1531,1802,1526,1802
874,1986,882,1986,881,2016,873,2016
911,1987,919,1987,918,2017,910,2017
948,1989,956,1989,955,2019,947,2019
982,1990,990,1990,989,2020,981,2020
1019,1992,1027,1992,1026,2022,1018,2022
1053,1993,1061,1993,1060,2023,1052,2023
1091,1995,1099,1995,1098,2025,1090,2025
1125,1996,1133,1996,1132,2026,1124,2026
1159,1997,1167,1997,1166,2027,1158,2027
1196,1999,1204,1999,1203,2029,1195,2029
1214,2000,1251,2002,1250,2031,1213,2030
1166,1985,1176,1987,1166,2024,1157,2022
1219,1998,1254,2007,1244,2044,1210,2035
1289,2016,1365,2035,1355,2073,1279,2054
2860,1993,2892,1993,2892,2023,2860,2023
2464,2021,2466,2021,2466,2032,2464,2032
2512,2019,2516,2019,2516,2036,2512,2036
2536,2019,2540,2019,2540,2036,2536,2036
2559,2019,2563,2019,2563,2036,2559,2036
2582,2019,2586,2019,2586,2036,2582,2036
2653,2018,2657,2018,2657,2035,2653,2035
2678,2018,2682,2018,2682,2035,2678,2035
2701,2018,2705,2018,2705,2035,2701,2035
2721,2018,2725,2018,2725,2035,2721,2035
2748,2018,2752,2018,2752,2035,2748,2035
2771,2017,2775,2017,2775,2034,2771,2034
2795,2017,2799,2017,2799,2034,2795,2034
2818,2017,2822,2017,2822,2034,2818,2034
2843,2017,2847,2017,2847,2034,2843,2034
1236,2036,1244,2036,1245,2065,1237,2065
1283,2034,1337,2032,1338,2062,1284,2064
1603,2019,1648,2019,1648,2036,1603,2036
1658,2019,1662,2019,1662,2036,1658,2036
1682,2019,1686,2019,1686,2036,1682,2036
1705,2019,1709,2019,1709,2036,1705,2036
1728,2019,1732,2019,1732,2036,1728,2036
1754,2019,1758,2019,1758,2036,1754,2036
1723,2037,1760,2038,1759,2067,1722,2066
2606,2018,2610,2018,2610,2035,2606,2035
2629,2018,2633,2018,2633,2035,2629,2035
2601,2043,2641,2042,2642,2066,2602,2067
4059,1797,4276,1797,4276,1866,4059,1866
4307,1797,4570,1797,4570,1866,4307,1866
3851,1882,4043,1882,4043,1936,3851,1936
4080,1882,4095,1882,4095,1936,4080,1936
4126,1882,4323,1882,4323,1936,4126,1936
4522,1885,4566,1885,4566,1933,4522,1933
4578,1885,4591,1885,4591,1933,4578,1933
4593,1885,4645,1885,4645,1933,4593,1933
4656,1885,4735,1885,4735,1933,4656,1933
3842,1959,4096,1959,4096,2007,3842,2007
4128,1959,4141,1959,4141,2007,4128,2007
4525,1959,4575,1959,4575,2005,4525,2005
4576,1959,4589,1959,4589,2005,4576,2005
4589,1959,4648,1959,4648,2005,4589,2005
4656,1959,4731,1959,4731,2005,4656,2005
3846,2033,4093,2033,4093,2077,3846,2077
4127,2033,4139,2033,4139,2077,4127,2077
4525,2029,4539,2029,4539,2079,4525,2079
4546,2029,4560,2029,4560,2079,4546,2079
4570,2029,4607,2029,4607,2079,4570,2079
4628,2029,4702,2029,4702,2079,4628,2079
3845,2103,3947,2103,3947,2149,3845,2149
3978,2103,4028,2103,4028,2149,3978,2149
4042,2103,4171,2103,4171,2149,4042,2149
4523,2102,4536,2102,4536,2149,4523,2149
4547,2102,4560,2102,4560,2149,4547,2149
4563,2102,4606,2102,4606,2149,4563,2149
4628,2102,4705,2102,4705,2149,4628,2149
3843,2170,4145,2170,4145,2232,3843,2232
4525,2172,4539,2172,4539,2221,4525,2221
4550,2172,4564,2172,4564,2221,4550,2221
4567,2172,4612,2172,4612,2221,4567,2221
4631,2172,4703,2172,4703,2221,4631,2221
3839,2242,3928,2242,3928,2296,3839,2296
4529,2247,4542,2247,4542,2293,4529,2293
4548,2247,4561,2247,4561,2293,4548,2293
4562,2247,4613,2247,4613,2293,4562,2293
4627,2247,4703,2247,4703,2293,4627,2293
4517,2314,4576,2314,4576,2368,4517,2368
4577,2314,4592,2314,4592,2368,4577,2368
4596,2314,4646,2314,4646,2368,4596,2368
4655,2314,4734,2314,4734,2368,4655,2368
3110,2426,3110,2204,3133,2204,3133,2426
2131,2345,2150,2344,2153,2411,2134,2412
3105,2303,3105,2369,3073,2369,3073,2303
3105,2373,3105,2381,3073,2381,3073,2373
3105,2384,3105,2434,3073,2434,3073,2384
2238,2340,2484,2329,2487,2397,2241,2408
3719,2482,3807,2482,3807,2518,3719,2518
3823,2482,3833,2482,3833,2518,3823,2518
3839,2482,3878,2482,3878,2518,3839,2518
3893,2482,3999,2482,3999,2518,3893,2518
4009,2482,4060,2482,4060,2518,4009,2518
4073,2482,4199,2482,4199,2518,4073,2518
4214,2482,4260,2482,4260,2518,4214,2518
4265,2482,4367,2482,4367,2518,4265,2518
4384,2482,4455,2482,4455,2518,4384,2518
4465,2482,4529,2482,4529,2518,4465,2518
4547,2482,4598,2482,4598,2518,4547,2518
4610,2482,4706,2482,4706,2518,4610,2518
4718,2482,4871,2482,4871,2518,4718,2518
3848,2545,4117,2545,4117,2591,3848,2591
4533,2533,4574,2533,4574,2607,4533,2607
4584,2533,4665,2533,4665,2607,4584,2607
2732,2620,3111,2620,3111,2663,2732,2663
3903,2746,4061,2750,4060,2782,3902,2778
3766,2818,3806,2818,3806,2854,3766,2854
3767,2854,3827,2855,3827,2891,3767,2890
3767,2894,3831,2895,3831,2929,3767,2928
3767,2937,3803,2935,3804,2960,3768,2962
3769,2973,3803,2973,3803,3004,3769,3004
3885,2818,3895,2818,3895,2854,3885,2854
3903,2818,3980,2818,3980,2854,3903,2854
3997,2818,4106,2818,4106,2854,3997,2854
3883,2855,3892,2855,3892,2890,3883,2890
3897,2855,4011,2856,4011,2892,3897,2891
4023,2856,4114,2857,4114,2893,4023,2892
4134,2857,4215,2858,4215,2894,4134,2893
3883,2895,3892,2895,3892,2929,3883,2929
3906,2895,4011,2896,4011,2931,3906,2930
4032,2896,4134,2897,4134,2932,4032,2931
4144,2897,4259,2898,4259,2932,4144,2931
3881,2938,3889,2938,3889,2969,3881,2969
3899,2938,3978,2938,3978,2969,3899,2969
3985,2938,4103,2938,4103,2969,3985,2969
3877,2972,3886,2972,3886,3006,3877,3006
3899,2972,4011,2972,4011,3006,3899,3006
4029,2972,4174,2972,4174,3006,4029,3006
3879,3010,3888,3010,3888,3045,3879,3045
3901,3010,4010,3010,4010,3045,3901,3045
4019,3010,4028,3010,4028,3045,4019,3045
4031,3010,4081,3010,4081,3045,4031,3045
4095,3010,4358,3010,4358,3045,4095,3045
3881,3050,3889,3050,3889,3081,3881,3081
3899,3050,3973,3051,3973,3083,3899,3082
3990,3052,4024,3052,4024,3083,3990,3083
4036,3052,4176,3054,4176,3086,4036,3084
3878,3088,3887,3088,3887,3122,3878,3122
3899,3088,3993,3088,3993,3122,3899,3122
4006,3088,4125,3088,4125,3122,4006,3122
3878,3128,3886,3128,3886,3160,3878,3160
3898,3128,3968,3128,3968,3160,3898,3160
3978,3128,3986,3128,3986,3160,3978,3160
3985,3128,4065,3128,4065,3160,3985,3160
3875,3164,3885,3164,3885,3200,3875,3200
3889,3164,3981,3164,3981,3200,3889,3200
3986,3164,3996,3164,3996,3200,3986,3200
3996,3164,4077,3164,4077,3200,3996,3200
3766,3014,3807,3011,3809,3042,3768,3045
2448,3058,2513,3058,2513,3093,2448,3093
2525,3058,2551,3058,2551,3093,2525,3093
2572,3057,2736,3056,2736,3092,2572,3093
2742,3057,2783,3057,2783,3092,2742,3092
2799,3056,3031,3055,3031,3091,2799,3092
3046,3055,3218,3054,3218,3090,3046,3091
3233,3055,3265,3055,3265,3090,3233,3090
3276,3055,3332,3055,3332,3090,3276,3090
3343,3055,3352,3055,3352,3090,3343,3090
3361,3055,3381,3055,3381,3090,3361,3090
3400,3054,3502,3054,3502,3089,3400,3089
3514,3054,3546,3054,3546,3089,3514,3089
2440,3096,2553,3096,2553,3128,2440,3128
2564,3096,2587,3096,2587,3128,2564,3128
2601,3096,2745,3096,2745,3128,2601,3128
2767,3096,2775,3096,2775,3128,2767,3128
2780,3096,2788,3096,2788,3128,2780,3128
2790,3096,2798,3096,2798,3128,2790,3128
2812,3096,2938,3096,2938,3128,2812,3128
2947,3096,2998,3096,2998,3128,2947,3128
3006,3096,3208,3096,3208,3128,3006,3128
3223,3096,3288,3096,3288,3128,3223,3128
3297,3096,3348,3096,3348,3128,3297,3128
3364,3096,3468,3096,3468,3128,3364,3128
3479,3096,3515,3096,3515,3128,3479,3128
2442,3134,2621,3134,2621,3166,2442,3166
2638,3134,2667,3134,2667,3166,2638,3166
2686,3134,2694,3134,2694,3166,2686,3166
2699,3134,2707,3134,2707,3166,2699,3166
2710,3134,2889,3134,2889,3166,2710,3166
2894,3134,2902,3134,2902,3166,2894,3166
2440,3174,2494,3174,2494,3205,2440,3205
2508,3174,2664,3174,2664,3205,2508,3205
2679,3174,2738,3174,2738,3205,2679,3205
2750,3174,2875,3174,2875,3205,2750,3205
2880,3174,2888,3174,2888,3205,2880,3205
2901,3174,3002,3174,3002,3205,2901,3205
3019,3174,3047,3174,3047,3205,3019,3205
3056,3174,3064,3174,3064,3205,3056,3205
3063,3174,3071,3174,3071,3205,3063,3205
3073,3174,3275,3174,3275,3205,3073,3205
3283,3174,3332,3174,3332,3205,3283,3205
3347,3174,3536,3174,3536,3205,3347,3205
2444,3210,2511,3210,2511,3242,2444,3242
2519,3210,2615,3210,2615,3242,2519,3242
2631,3210,2639,3210,2639,3242,2631,3242
2658,3210,2707,3210,2707,3242,2658,3242
2724,3210,2836,3210,2836,3242,2724,3242
2839,3210,2847,3210,2847,3242,2839,3242
2864,3210,2936,3210,2936,3242,2864,3242
2947,3210,3127,3210,3127,3242,2947,3242
3142,3210,3178,3210,3178,3242,3142,3242
3188,3210,3280,3210,3280,3242,3188,3242
3299,3210,3350,3210,3350,3242,3299,3242
3365,3210,3472,3210,3472,3242,3365,3242
3487,3210,3533,3210,3533,3242,3487,3242
3551,3210,3574,3210,3574,3242,3551,3242
2446,3250,2492,3250,2492,3285,2446,3285
2507,3249,2633,3248,2633,3284,2507,3285
2644,3248,2684,3248,2684,3284,2644,3284
2695,3248,2808,3247,2808,3283,2695,3284
2825,3247,2834,3247,2834,3282,2825,3282
2839,3247,2848,3247,2848,3282,2839,3282
2848,3247,3024,3246,3024,3282,2848,3283
3032,3246,3041,3246,3041,3281,3032,3281
3764,3046,3809,3046,3809,3086,3764,3086
3766,3084,3811,3084,3811,3124,3766,3124
3764,3122,3809,3122,3809,3162,3764,3162
3761,3164,3814,3164,3814,3200,3761,3200
4509,3174,4517,3174,4517,3206,4509,3206
4523,3174,4699,3174,4699,3206,4523,3206
4712,3174,4741,3174,4741,3206,4712,3206
4746,3174,4874,3174,4874,3206,4746,3206
4506,3238,4516,3238,4516,3274,4506,3274
4530,3238,4637,3238,4637,3274,4530,3274
4649,3238,4676,3238,4676,3274,4649,3274
4688,3238,4748,3238,4748,3274,4688,3274
4750,3238,4760,3238,4760,3274,4750,3274
4759,3238,4883,3238,4883,3274,4759,3274
4525,3270,4607,3271,4606,3307,4524,3306
4631,3272,4640,3272,4639,3307,4630,3307
4660,3272,4669,3272,4668,3307,4659,3307
4675,3273,4684,3273,4683,3308,4674,3308
4688,3273,4713,3273,4712,3308,4687,3308
4732,3273,4741,3273,4740,3308,4731,3308
3582,3373,3626,3373,3626,3407,3582,3407
3997,3362,4097,3362,4097,3408,3997,3408
4107,3362,4120,3362,4120,3408,4107,3408
4290,3363,4338,3363,4338,3407,4290,3407
4348,3363,4360,3363,4360,3407,4348,3407
4366,3363,4415,3363,4415,3407,4366,3407
4420,3363,4432,3363,4432,3407,4420,3407
4434,3363,4534,3363,4534,3407,4434,3407
