3801,177,4449,177,4449,324,3801,324
3803,314,4442,314,4442,453,3803,453
4060,594,4517,594,4517,723,4060,723
998,668,1123,668,1123,712,998,712
1156,668,1396,668,1396,712,1156,712
1201,729,1197,769,1183,767,1187,728
2767,766,2767,764,2776,764,2776,766
2767,804,2767,802,2776,802,2776,804
4130,808,4214,808,4214,840,4130,840
4232,808,4273,808,4273,840,4232,840
4288,808,4472,808,4472,840,4288,840
2767,842,2767,840,2776,840,2776,842
2767,879,2767,877,2776,877,2776,879
1478,875,1731,875,1731,920,1478,920
2767,917,2767,915,2776,915,2776,917
1077,960,1074,911,1113,909,1116,957
2767,955,2767,953,2776,953,2776,955
2746,924,2746,991,2704,991,2704,924
2746,992,2746,1003,2704,1003,2704,992
2746,1004,2746,1058,2704,1058,2704,1004
2767,993,2767,991,2776,991,2776,993
2767,1031,2767,1029,2776,1029,2776,1031
4532,1040,4654,1040,4654,1074,4532,1074
2767,1068,2767,1066,2776,1066,2776,1068
2767,1106,2767,1104,2776,1104,2776,1106
2767,1144,2767,1142,2776,1142,2776,1144
2649,1127,2689,1127,2689,1180,2649,1180
2704,1127,2791,1127,2791,1180,2704,1180
4209,1241,4246,1241,4246,1270,4209,1270
4286,1241,4378,1241,4378,1270,4286,1270
1619,1268,1657,1267,1657,1291,1619,1292
1535,1302,1585,1300,1586,1323,1536,1325
1604,1299,1610,1299,1611,1322,1605,1322
1625,1298,1631,1298,1632,1321,1626,1321
1649,1297,1655,1297,1656,1320,1650,1320
1673,1296,1679,1296,1680,1319,1674,1319
1697,1295,1703,1295,1704,1318,1698,1318
1721,1293,1727,1293,1728,1316,1722,1316
2051,1295,2055,1295,2055,1312,2051,1312
2074,1295,2078,1295,2078,1312,2074,1312
2098,1295,2102,1295,2102,1312,2098,1312
2123,1295,2127,1295,2127,1312,2123,1312
2146,1295,2150,1295,2150,1312,2146,1312
2170,1295,2174,1295,2174,1312,2170,1312
2193,1295,2197,1295,2197,1312,2193,1312
2217,1295,2221,1295,2221,1312,2217,1312
1782,1312,1779,1307,1799,1295,1802,1300
2383,1300,2385,1300,2385,1312,2383,1312
2403,1300,2405,1300,2405,1312,2403,1312
2430,1300,2432,1300,2432,1312,2430,1312
2454,1300,2456,1300,2456,1312,2454,1312
2477,1300,2479,1300,2479,1312,2477,1312
2500,1300,2502,1300,2502,1312,2500,1312
2524,1300,2526,1300,2526,1312,2524,1312
2213,1303,2270,1308,2267,1333,2211,1328
4345,1304,4545,1304,4545,1344,4345,1344
4568,1304,4579,1304,4579,1344,4568,1344
4581,1304,4675,1304,4675,1344,4581,1344
1799,1341,1796,1336,1816,1324,1819,1329
1817,1373,1814,1368,1834,1356,1837,1361
1498,1441,1504,1441,1503,1465,1497,1465
1546,1443,1552,1443,1551,1467,1545,1467
1581,1444,1587,1444,1586,1468,1580,1468
1616,1445,1622,1445,1621,1469,1615,1469
1354,1562,1588,1555,1590,1620,1356,1627
2107,1575,2295,1575,2295,1623,2107,1623
2322,1575,2335,1575,2335,1623,2322,1623
2366,1575,2560,1575,2560,1623,2366,1623
1072,1651,1072,1608,1115,1608,1115,1651
4666,1547,4799,1547,4799,1632,4666,1632
4712,1663,4759,1663,4759,1747,4712,1747
1431,1659,1475,1656,1477,1691,1433,1694
3717,1547,3980,1547,3980,1632,3717,1632
4035,1547,4238,1547,4238,1632,4035,1632
4302,1547,4380,1547,4380,1632,4302,1632
4388,1547,4466,1547,4466,1632,4388,1632
4481,1547,4565,1547,4565,1632,4481,1632
3769,1669,3874,1669,3874,1743,3769,1743
3866,1669,3887,1669,3887,1743,3866,1743
3896,1669,3917,1669,3917,1743,3896,1743
4086,1667,4109,1667,4109,1747,4086,1747
4135,1667,4158,1667,4158,1747,4135,1747
4168,1667,4191,1667,4191,1747,4168,1747
4397,1666,4497,1666,4497,1744,4397,1744
4061,1795,4279,1795,4279,1876,4061,1876
4307,1795,4572,1795,4572,1876,4307,1876
2285,1658,2333,1658,2333,1695,2285,1695
1772,1718,1772,1715,1787,1715,1787,1718
1772,1753,1772,1750,1787,1750,1787,1753
1531,1780,1537,1780,1537,1803,1531,1803
1567,1779,1573,1779,1573,1802,1567,1802
1603,1779,1609,1779,1609,1802,1603,1802
1637,1778,1643,1778,1643,1801,1637,1801
1673,1778,1679,1778,1679,1801,1673,1801
1505,1791,1505,1794,1490,1794,1490,1791
1709,1777,1715,1777,1715,1800,1709,1800
1772,1792,1772,1789,1787,1789,1787,1792
1745,1777,1751,1777,1751,1800,1745,1800
1505,1824,1505,1827,1490,1827,1490,1824
1505,1859,1505,1862,1490,1862,1490,1859
1505,1895,1505,1898,1490,1898,1490,1895
1932,2006,1932,1951,1967,1951,1967,2006
2842,1952,2840,2002,2805,2001,2807,1951
1173,1985,1184,1985,1184,2024,1173,2024
1209,1985,1220,1985,1220,2024,1209,2024
1245,1985,1256,1985,1256,2024,1245,2024
1281,1985,1292,1985,1292,2024,1281,2024
3847,1975,4043,1975,4043,2021,3847,2021
4078,1975,4091,1975,4091,2021,4078,2021
4119,1975,4327,1975,4327,2021,4119,2021
3840,2047,4095,2047,4095,2093,3840,2093
3845,2119,3947,2119,3947,2165,3845,2165
3978,2119,4028,2119,4028,2165,3978,2165
4042,2119,4171,2119,4171,2165,4042,2165
4194,2119,4207,2119,4207,2165,4194,2165
4210,2119,4294,2119,4294,2165,4210,2165
1817,2061,1826,2060,1830,2095,1821,2096
1717,2072,1755,2068,1759,2104,1721,2108
4526,1977,4566,1977,4566,2021,4526,2021
4578,1977,4590,1977,4590,2021,4578,2021
4603,1977,4643,1977,4643,2021,4603,2021
4656,1977,4737,1977,4737,2021,4656,2021
4527,2046,4570,2046,4570,2093,4527,2093
4578,2046,4591,2046,4591,2093,4578,2093
4590,2046,4650,2046,4650,2093,4590,2093
4659,2046,4736,2046,4736,2093,4659,2093
4522,2119,4535,2119,4535,2167,4522,2167
4551,2119,4564,2119,4564,2167,4551,2167
4561,2119,4613,2119,4613,2167,4561,2167
4628,2119,4707,2119,4707,2167,4628,2167
4518,2191,4580,2191,4580,2239,4518,2239
4578,2191,4591,2191,4591,2239,4578,2239
4593,2191,4645,2191,4645,2239,4593,2239
4656,2191,4735,2191,4735,2239,4656,2239
1813,2115,1813,2112,1828,2112,1828,2115
1813,2144,1813,2141,1828,2141,1828,2144
1237,2144,1243,2144,1245,2167,1239,2168
1272,2142,1278,2142,1280,2165,1274,2166
1307,2139,1313,2139,1315,2162,1309,2163
1341,2136,1347,2136,1349,2159,1343,2160
1320,2171,1369,2167,1371,2196,1322,2200
1187,2180,1195,2179,1197,2208,1189,2209
1954,2184,1957,2184,1957,2198,1954,2198
1989,2185,1992,2185,1992,2199,1989,2199
2023,2185,2026,2185,2026,2199,2023,2199
2059,2185,2062,2185,2062,2199,2059,2199
2094,2186,2097,2186,2097,2200,2094,2200
2136,2176,2145,2175,2147,2209,2138,2210
2181,2173,2229,2170,2231,2204,2183,2207
2135,2233,2135,2227,2158,2227,2158,2233
2475,2249,2475,2253,2459,2253,2459,2249
1250,2250,1256,2250,1256,2273,1250,2273
1284,2250,1290,2250,1290,2273,1284,2273
1320,2250,1326,2250,1326,2273,1320,2273
1356,2250,1362,2250,1362,2273,1356,2273
1392,2250,1398,2250,1398,2273,1392,2273
1426,2250,1432,2250,1432,2273,1426,2273
2135,2269,2135,2263,2158,2263,2158,2269
2474,2284,2474,2288,2458,2288,2458,2284
2135,2305,2135,2299,2158,2299,2158,2305
1142,2280,1245,2280,1245,2331,1142,2331
1269,2280,1316,2280,1316,2331,1269,2331
1329,2280,1446,2280,1446,2331,1329,2331
1471,2280,1485,2280,1485,2331,1471,2331
1485,2280,1569,2280,1569,2331,1485,2331
2473,2318,2473,2322,2457,2322,2457,2318
2135,2339,2135,2333,2158,2333,2158,2339
1308,2333,1313,2333,1314,2355,1309,2355
1343,2332,1348,2332,1349,2354,1344,2354
1212,2342,1212,2347,1192,2347,1192,2342
1379,2331,1384,2331,1385,2353,1380,2353
1414,2330,1419,2330,1420,2352,1415,2352
1448,2329,1453,2329,1454,2351,1449,2351
1478,2328,1483,2328,1484,2350,1479,2350
2473,2354,2473,2358,2457,2358,2457,2354
1212,2367,1212,2372,1192,2372,1192,2367
2135,2375,2135,2369,2158,2369,2158,2375
2472,2390,2472,2394,2456,2394,2456,2390
1212,2403,1212,2408,1192,2408,1192,2403
1230,2408,1238,2407,1243,2435,1235,2437
1265,2402,1273,2401,1278,2429,1270,2431
2135,2411,2135,2405,2158,2405,2158,2411
1301,2395,1309,2394,1314,2422,1306,2424
2472,2425,2472,2429,2456,2429,2456,2425
2135,2447,2135,2441,2158,2441,2158,2447
2471,2456,2471,2460,2455,2460,2455,2456
2135,2480,2135,2474,2158,2474,2158,2480
3719,2482,3807,2482,3807,2518,3719,2518
3823,2482,3833,2482,3833,2518,3823,2518
3839,2482,3878,2482,3878,2518,3839,2518
3893,2482,3999,2482,3999,2518,3893,2518
4009,2482,4060,2482,4060,2518,4009,2518
4073,2482,4199,2482,4199,2518,4073,2518
4214,2482,4260,2482,4260,2518,4214,2518
4265,2482,4367,2482,4367,2518,4265,2518
4384,2482,4455,2482,4455,2518,4384,2518
4465,2482,4529,2482,4529,2518,4465,2518
4547,2482,4598,2482,4598,2518,4547,2518
4610,2482,4706,2482,4706,2518,4610,2518
4718,2482,4871,2482,4871,2518,4718,2518
2135,2516,2135,2510,2158,2510,2158,2516
2111,2545,2113,2545,2113,2557,2111,2557
2135,2552,2135,2546,2158,2546,2158,2552
1829,2546,1837,2545,1840,2574,1832,2575
1865,2542,1873,2541,1876,2570,1868,2571
1901,2537,1912,2537,1911,2577,1900,2577
1934,2538,1945,2538,1944,2578,1933,2578
2008,2539,2019,2539,2018,2579,2007,2579
2041,2540,2052,2540,2051,2580,2040,2580
2078,2541,2089,2541,2088,2581,2077,2581
1837,2600,2049,2600,2049,2651,1837,2651
3852,2553,4116,2553,4116,2597,3852,2597
4530,2541,4571,2541,4571,2615,4530,2615
4592,2541,4660,2541,4660,2615,4592,2615
2072,2610,2072,2608,2083,2608,2083,2610
2549,2671,2557,2671,2556,2700,2548,2700
2585,2672,2593,2672,2592,2701,2584,2701
2621,2674,2629,2674,2628,2703,2620,2703
2654,2675,2662,2675,2661,2704,2653,2704
2690,2677,2698,2677,2697,2706,2689,2706
2759,2680,2767,2680,2766,2709,2758,2709
3900,2746,4056,2746,4056,2777,3900,2777
3766,2818,3806,2818,3806,2854,3766,2854
3767,2854,3827,2855,3827,2891,3767,2890
3767,2894,3831,2895,3831,2929,3767,2928
3767,2937,3803,2935,3804,2960,3768,2962
3769,2973,3803,2973,3803,3004,3769,3004
3885,2818,3895,2818,3895,2854,3885,2854
3903,2818,3980,2818,3980,2854,3903,2854
3997,2818,4106,2818,4106,2854,3997,2854
3883,2855,3892,2855,3892,2890,3883,2890
3897,2855,4011,2856,4011,2892,3897,2891
4023,2856,4114,2857,4114,2893,4023,2892
4134,2857,4215,2858,4215,2894,4134,2893
3883,2895,3892,2895,3892,2929,3883,2929
3906,2895,4011,2896,4011,2931,3906,2930
4032,2896,4134,2897,4134,2932,4032,2931
4144,2897,4259,2898,4259,2932,4144,2931
3881,2938,3889,2938,3889,2969,3881,2969
3899,2938,3978,2938,3978,2969,3899,2969
3985,2938,4103,2938,4103,2969,3985,2969
3877,2972,3886,2972,3886,3006,3877,3006
3899,2972,4011,2972,4011,3006,3899,3006
4029,2972,4174,2972,4174,3006,4029,3006
3879,3010,3888,3010,3888,3045,3879,3045
3901,3010,4010,3010,4010,3045,3901,3045
4019,3010,4028,3010,4028,3045,4019,3045
4031,3010,4081,3010,4081,3045,4031,3045
4095,3010,4358,3010,4358,3045,4095,3045
3881,3050,3889,3050,3889,3081,3881,3081
3899,3050,3973,3051,3973,3083,3899,3082
3990,3052,4024,3052,4024,3083,3990,3083
4036,3052,4176,3054,4176,3086,4036,3084
3878,3088,3887,3088,3887,3122,3878,3122
3899,3088,3993,3088,3993,3122,3899,3122
4006,3088,4125,3088,4125,3122,4006,3122
3878,3128,3886,3128,3886,3160,3878,3160
3898,3128,3968,3128,3968,3160,3898,3160
3978,3128,3986,3128,3986,3160,3978,3160
3985,3128,4065,3128,4065,3160,3985,3160
3875,3164,3885,3164,3885,3200,3875,3200
3889,3164,3981,3164,3981,3200,3889,3200
3986,3164,3996,3164,3996,3200,3986,3200
3996,3164,4077,3164,4077,3200,3996,3200
3766,3014,3807,3011,3809,3042,3768,3045
3764,3046,3809,3046,3809,3086,3764,3086
3763,3090,3807,3081,3815,3120,3771,3129
2448,3058,2513,3058,2513,3093,2448,3093
2525,3058,2551,3058,2551,3093,2525,3093
2572,3057,2736,3056,2736,3092,2572,3093
2742,3057,2783,3057,2783,3092,2742,3092
2799,3056,3031,3055,3031,3091,2799,3092
3046,3055,3218,3054,3218,3090,3046,3091
3233,3055,3265,3055,3265,3090,3233,3090
3276,3055,3332,3055,3332,3090,3276,3090
3343,3055,3352,3055,3352,3090,3343,3090
3361,3055,3381,3055,3381,3090,3361,3090
3400,3054,3502,3054,3502,3089,3400,3089
3514,3054,3546,3054,3546,3089,3514,3089
2440,3096,2553,3096,2553,3128,2440,3128
2564,3096,2587,3096,2587,3128,2564,3128
2601,3096,2745,3096,2745,3128,2601,3128
2767,3096,2775,3096,2775,3128,2767,3128
2780,3096,2788,3096,2788,3128,2780,3128
2790,3096,2798,3096,2798,3128,2790,3128
2812,3096,2938,3096,2938,3128,2812,3128
2947,3096,2998,3096,2998,3128,2947,3128
3006,3096,3208,3096,3208,3128,3006,3128
3223,3096,3288,3096,3288,3128,3223,3128
3297,3096,3348,3096,3348,3128,3297,3128
3364,3096,3468,3096,3468,3128,3364,3128
3479,3096,3515,3096,3515,3128,3479,3128
2442,3134,2621,3134,2621,3166,2442,3166
2638,3134,2667,3134,2667,3166,2638,3166
2686,3134,2694,3134,2694,3166,2686,3166
2699,3134,2707,3134,2707,3166,2699,3166
2710,3134,2889,3134,2889,3166,2710,3166
2894,3134,2902,3134,2902,3166,2894,3166
2440,3174,2494,3174,2494,3205,2440,3205
2508,3174,2664,3174,2664,3205,2508,3205
2679,3174,2738,3174,2738,3205,2679,3205
2750,3174,2875,3174,2875,3205,2750,3205
2880,3174,2888,3174,2888,3205,2880,3205
2901,3174,3002,3174,3002,3205,2901,3205
3019,3174,3047,3174,3047,3205,3019,3205
3056,3174,3064,3174,3064,3205,3056,3205
3063,3174,3071,3174,3071,3205,3063,3205
3073,3174,3275,3174,3275,3205,3073,3205
3283,3174,3332,3174,3332,3205,3283,3205
3347,3174,3536,3174,3536,3205,3347,3205
2444,3210,2511,3210,2511,3242,2444,3242
2519,3210,2615,3210,2615,3242,2519,3242
2631,3210,2639,3210,2639,3242,2631,3242
2658,3210,2707,3210,2707,3242,2658,3242
2724,3210,2836,3210,2836,3242,2724,3242
2839,3210,2847,3210,2847,3242,2839,3242
2864,3210,2936,3210,2936,3242,2864,3242
2947,3210,3127,3210,3127,3242,2947,3242
3142,3210,3178,3210,3178,3242,3142,3242
3188,3210,3280,3210,3280,3242,3188,3242
3299,3210,3350,3210,3350,3242,3299,3242
3365,3210,3472,3210,3472,3242,3365,3242
3487,3210,3533,3210,3533,3242,3487,3242
3551,3210,3574,3210,3574,3242,3551,3242
2446,3250,2492,3250,2492,3285,2446,3285
2507,3249,2633,3248,2633,3284,2507,3285
2644,3248,2684,3248,2684,3284,2644,3284
2695,3248,2808,3247,2808,3283,2695,3284
2825,3247,2834,3247,2834,3282,2825,3282
2839,3247,2848,3247,2848,3282,2839,3282
2848,3247,3024,3246,3024,3282,2848,3283
3032,3246,3041,3246,3041,3281,3032,3281
3764,3122,3809,3122,3809,3162,3764,3162
3761,3164,3814,3164,3814,3200,3761,3200
4483,3148,4494,3148,4494,3188,4483,3188
4498,3148,4678,3148,4678,3188,4498,3188
4692,3148,4715,3148,4715,3188,4692,3188
4726,3148,4848,3148,4848,3188,4726,3188
4482,3216,4492,3216,4492,3252,4482,3252
4506,3216,4613,3216,4613,3252,4506,3252
4625,3216,4652,3216,4652,3252,4625,3252
4664,3216,4724,3216,4724,3252,4664,3252
4726,3216,4736,3216,4736,3252,4726,3252
4735,3216,4865,3216,4865,3252,4735,3252
4501,3248,4585,3249,4584,3284,4500,3283
4608,3250,4617,3250,4616,3284,4607,3284
4636,3250,4645,3250,4644,3284,4635,3284
4650,3251,4659,3251,4658,3285,4649,3285
4663,3251,4688,3251,4687,3285,4662,3285
4709,3252,4718,3252,4717,3286,4708,3286
3582,3373,3626,3373,3626,3407,3582,3407
3997,3362,4097,3362,4097,3408,3997,3408
4107,3362,4120,3362,4120,3408,4107,3408
4286,3363,4343,3363,4343,3407,4286,3407
4346,3363,4358,3363,4358,3407,4346,3407
4362,3363,4419,3363,4419,3407,4362,3407
4418,3363,4430,3363,4430,3407,4418,3407
4432,3363,4532,3363,4532,3407,4432,3407
