1123,172,1249,215,1230,270,1104,227
1717,184,1779,184,1779,227,1717,227
661,216,661,220,643,220,643,216
661,252,661,256,643,256,643,252
752,262,750,260,761,250,763,252
1816,212,1850,212,1850,259,1816,259
1861,273,1906,272,1907,303,1862,304
769,281,767,279,778,269,780,271
767,278,765,276,776,266,778,268
662,286,662,290,644,290,644,286
784,298,782,296,793,286,795,288
800,316,798,314,809,304,811,306
798,314,796,312,807,302,809,304
3801,177,4449,177,4449,324,3801,324
3803,314,4442,314,4442,453,3803,453
566,316,614,313,617,356,569,359
654,311,665,310,668,352,657,353
663,359,663,363,645,363,645,359
689,383,693,383,693,400,689,400
725,384,729,384,729,401,725,401
759,385,763,385,763,402,759,402
792,386,794,386,794,397,792,397
828,388,830,388,830,399,828,399
663,395,663,399,645,399,645,395
863,389,865,389,865,400,863,400
899,391,901,391,901,402,899,402
451,535,690,535,690,581,451,581
720,535,733,535,733,581,720,581
1145,526,1387,526,1387,584,1145,584
1409,526,1425,526,1425,584,1409,584
300,610,300,559,332,559,332,610
1740,530,1985,530,1985,592,1740,592
2012,530,2029,530,2029,592,2012,592
2062,631,2062,581,2097,581,2097,631
4060,594,4517,594,4517,723,4060,723
847,670,847,677,821,677,821,670
880,681,880,687,855,687,855,681
644,726,644,721,665,722,665,727
642,764,642,759,663,760,663,765
637,773,636,778,616,775,616,770
641,799,641,794,662,795,662,800
632,808,631,813,611,810,611,805
4129,808,4214,808,4214,840,4129,840
4232,808,4273,808,4273,840,4232,840
4288,808,4472,808,4472,840,4288,840
639,834,639,829,660,830,660,835
628,842,627,847,607,844,607,839
638,869,638,864,659,865,659,870
623,875,622,880,602,877,602,872
637,904,637,899,658,900,658,905
252,924,258,924,258,949,252,949
286,924,292,924,292,949,286,949
322,924,328,924,328,949,322,949
359,924,365,924,365,949,359,949
392,924,398,924,398,949,392,949
429,924,435,924,435,949,429,949
465,924,471,924,471,949,465,949
499,924,505,924,505,949,499,949
535,924,541,924,541,949,535,949
569,924,575,924,575,949,569,949
606,924,612,924,612,949,606,949
635,940,635,935,656,936,656,941
664,991,793,991,793,1020,664,1020
828,1005,835,1001,850,1025,843,1030
856,988,863,984,878,1008,871,1013
886,969,893,965,908,989,901,994
917,950,924,946,939,970,932,975
4532,1040,4654,1040,4654,1074,4532,1074
423,1030,461,1030,461,1065,423,1065
443,1076,492,1076,492,1119,443,1119
1928,1135,2017,1135,2017,1189,1928,1189
365,1168,371,1168,372,1191,366,1191
401,1167,407,1167,408,1190,402,1190
434,1166,440,1166,441,1189,435,1189
470,1165,476,1165,477,1188,471,1188
325,1180,430,1180,430,1243,325,1243
450,1180,496,1180,496,1243,450,1243
511,1180,631,1180,631,1243,511,1243
1140,1170,1430,1170,1430,1232,1140,1232
2046,1236,2046,1182,2088,1182,2088,1236
696,1261,699,1257,716,1271,713,1275
675,1288,678,1284,695,1298,692,1302
3791,1306,3801,1306,3801,1342,3791,1342
3915,1306,4000,1306,4000,1342,3915,1342
4009,1306,4019,1306,4019,1342,4009,1342
4055,1306,4121,1306,4121,1342,4055,1342
4336,1306,4677,1306,4677,1344,4336,1344
4682,1306,4692,1306,4692,1344,4682,1344
471,1347,479,1347,479,1376,471,1376
504,1347,512,1347,512,1376,504,1376
540,1347,548,1347,548,1376,540,1376
573,1347,581,1347,581,1376,573,1376
1174,1488,1166,1517,1125,1506,1132,1477
1323,1461,1537,1464,1536,1511,1322,1508
1638,1465,1856,1468,1855,1516,1637,1513
1469,1520,1482,1520,1481,1567,1468,1567
1503,1521,1516,1521,1515,1568,1502,1568
1536,1522,1549,1522,1548,1569,1535,1569
1575,1523,1588,1523,1587,1570,1574,1570
1608,1523,1621,1523,1620,1570,1607,1570
1642,1524,1655,1524,1654,1571,1641,1571
1680,1525,1693,1525,1692,1572,1679,1572
1725,1526,1811,1528,1810,1575,1724,1573
1820,1528,1833,1528,1832,1575,1819,1575
1953,1410,1953,1569,1932,1569,1932,1410
1851,1511,1852,1502,1886,1505,1885,1514
1230,1532,1243,1531,1245,1578,1232,1579
1322,1527,1335,1526,1337,1573,1324,1574
1355,1526,1368,1525,1370,1572,1357,1573
1394,1524,1407,1523,1409,1570,1396,1571
1153,1564,1150,1575,1110,1564,1112,1553
1395,1551,1399,1551,1399,1568,1395,1568
1431,1551,1435,1551,1435,1568,1431,1568
1465,1553,1468,1553,1468,1568,1465,1568
1501,1553,1504,1553,1504,1568,1501,1568
1536,1553,1539,1553,1539,1568,1536,1568
1573,1553,1576,1553,1576,1568,1573,1568
1606,1553,1609,1553,1609,1568,1606,1568
1643,1553,1647,1553,1647,1570,1643,1570
1677,1552,1681,1552,1681,1569,1677,1569
1715,1551,1719,1551,1719,1568,1715,1568
1749,1550,1753,1550,1753,1567,1749,1567
735,1632,735,1636,718,1636,718,1632
4666,1547,4797,1547,4797,1632,4666,1632
4706,1667,4766,1667,4766,1747,4706,1747
734,1663,734,1667,717,1667,717,1663
212,1674,212,1678,195,1678,195,1674
2015,1684,2015,1690,1992,1688,1992,1682
733,1697,733,1701,716,1701,716,1697
3720,1547,3980,1547,3980,1632,3720,1632
4035,1547,4238,1547,4238,1632,4035,1632
4302,1547,4380,1547,4380,1632,4302,1632
4399,1547,4463,1547,4463,1632,4399,1632
4481,1547,4565,1547,4565,1632,4481,1632
3768,1676,3871,1676,3871,1732,3768,1732
3867,1676,3883,1676,3883,1732,3867,1732
3895,1676,3911,1676,3911,1732,3895,1732
4004,1672,4020,1673,4017,1731,4001,1730
4087,1677,4103,1678,4100,1736,4084,1735
4140,1679,4156,1680,4153,1738,4137,1737
4169,1681,4185,1682,4182,1740,4166,1739
4270,1686,4286,1687,4283,1745,4267,1744
4386,1667,4501,1667,4501,1747,4386,1747
4389,1691,4496,1696,4493,1755,4386,1750
4063,1795,4279,1795,4279,1872,4063,1872
4305,1795,4564,1795,4564,1872,4305,1872
212,1705,212,1709,195,1709,195,1705
513,1755,513,1713,542,1713,542,1755
732,1733,732,1737,715,1737,715,1733
212,1741,212,1745,195,1745,195,1741
731,1767,731,1771,714,1771,714,1767
2009,1772,2009,1778,1986,1776,1986,1770
212,1777,212,1781,195,1781,195,1777
730,1803,730,1807,713,1807,713,1803
2007,1808,2007,1814,1984,1812,1984,1806
212,1811,212,1815,195,1815,195,1811
729,1839,729,1843,712,1843,712,1839
2004,1844,2004,1850,1981,1848,1981,1842
576,1865,582,1865,582,1888,576,1888
612,1864,618,1864,618,1887,612,1887
648,1864,654,1864,654,1887,648,1887
684,1863,690,1863,690,1886,684,1886
728,1874,728,1878,711,1878,711,1874
1270,1902,1274,1902,1274,1920,1270,1920
1306,1902,1310,1902,1310,1920,1306,1920
1340,1902,1344,1902,1344,1920,1340,1920
1376,1902,1380,1902,1380,1920,1376,1920
1412,1902,1416,1902,1416,1920,1412,1920
1447,1903,1451,1903,1451,1921,1447,1921
1483,1903,1487,1903,1487,1921,1483,1921
1519,1903,1523,1903,1523,1921,1519,1921
1555,1903,1559,1903,1559,1921,1555,1921
1589,1903,1593,1903,1593,1921,1589,1921
1625,1903,1629,1903,1629,1921,1625,1921
1661,1903,1665,1903,1665,1921,1661,1921
1696,1903,1700,1903,1700,1921,1696,1921
1730,1903,1734,1903,1734,1921,1730,1921
1766,1903,1770,1903,1770,1921,1766,1921
1802,1903,1806,1903,1806,1921,1802,1921
1838,1904,1842,1904,1842,1922,1838,1922
1872,1904,1876,1904,1876,1922,1872,1922
1908,1904,1912,1904,1912,1922,1908,1922
1944,1904,1948,1904,1948,1922,1944,1922
1981,1904,1985,1904,1985,1922,1981,1922
1682,2072,1682,2017,1714,2017,1714,2072
1328,2098,1381,2098,1381,2135,1328,2135
1147,2157,1333,2157,1333,2203,1147,2203
1363,2157,1376,2157,1376,2203,1363,2203
1403,2157,1596,2157,1596,2203,1403,2203
3854,1914,4052,1914,4052,1976,3854,1976
4084,1914,4101,1914,4101,1976,4084,1976
4131,1914,4329,1914,4329,1976,4131,1976
4530,1922,4573,1922,4573,1969,4530,1969
4586,1922,4599,1922,4599,1969,4586,1969
4593,1922,4654,1922,4654,1969,4593,1969
4669,1922,4737,1922,4737,1969,4669,1969
3849,1995,4103,1995,4103,2043,3849,2043
4135,1995,4148,1995,4148,2043,4135,2043
4530,1991,4584,1991,4584,2041,4530,2041
4586,1991,4600,1991,4600,2041,4586,2041
4602,1991,4649,1991,4649,2041,4602,2041
4667,1991,4741,1991,4741,2041,4667,2041
3848,2066,4101,2066,4101,2115,3848,2115
4130,2066,4144,2066,4144,2115,4130,2115
4533,2066,4546,2066,4546,2113,4533,2113
4555,2066,4568,2066,4568,2113,4555,2113
4571,2066,4623,2066,4623,2113,4571,2113
4632,2066,4710,2066,4710,2113,4632,2113
3851,2130,4107,2130,4107,2188,3851,2188
4129,2130,4145,2130,4145,2188,4129,2188
4531,2137,4544,2137,4544,2185,4531,2185
4555,2137,4568,2137,4568,2185,4555,2185
4568,2137,4630,2137,4630,2185,4568,2185
4632,2137,4711,2137,4711,2185,4632,2185
3847,2206,4153,2206,4153,2264,3847,2264
4526,2208,4540,2208,4540,2257,4526,2257
4556,2208,4570,2208,4570,2257,4556,2257
4566,2208,4620,2208,4620,2257,4566,2257
4637,2208,4709,2208,4709,2257,4637,2257
3854,2283,3952,2283,3952,2330,3854,2330
3979,2283,4030,2283,4030,2330,3979,2330
4051,2283,4176,2283,4176,2330,4051,2330
4531,2279,4545,2279,4545,2329,4531,2329
4557,2279,4571,2279,4571,2329,4557,2329
4574,2279,4620,2279,4620,2329,4574,2329
4632,2279,4715,2279,4715,2329,4632,2329
3845,2355,3930,2355,3930,2401,3845,2401
4535,2354,4549,2354,4549,2403,4535,2403
4555,2354,4569,2354,4569,2403,4555,2403
4570,2354,4624,2354,4624,2403,4570,2403
4634,2354,4715,2354,4715,2403,4634,2403
4528,2424,4575,2424,4575,2475,4528,2475
4584,2424,4598,2424,4598,2475,4584,2475
4594,2424,4650,2424,4650,2475,4594,2475
4663,2424,4737,2424,4737,2475,4663,2475
3719,2482,3806,2482,3806,2516,3719,2516
3823,2482,3832,2482,3832,2516,3823,2516
3840,2482,3878,2482,3878,2516,3840,2516
3892,2482,3994,2482,3994,2516,3892,2516
4013,2482,4061,2482,4061,2516,4013,2516
4072,2482,4198,2482,4198,2516,4072,2516
4211,2482,4255,2482,4255,2516,4211,2516
4269,2482,4369,2482,4369,2516,4269,2516
4384,2482,4455,2482,4455,2516,4384,2516
4469,2482,4528,2482,4528,2516,4469,2516
4544,2482,4597,2482,4597,2516,4544,2516
4608,2482,4707,2482,4707,2516,4608,2516
4716,2482,4870,2482,4870,2516,4716,2516
3519,2434,3532,2443,3501,2491,3487,2483
3858,2557,4117,2557,4117,2622,3858,2622
4536,2553,4577,2553,4577,2627,4536,2627
4597,2553,4665,2553,4665,2627,4597,2627
1187,2594,1222,2592,1223,2615,1188,2617
984,2607,990,2607,991,2630,985,2630
1005,2606,1011,2606,1012,2629,1006,2629
1029,2604,1035,2604,1036,2627,1030,2627
1053,2603,1059,2603,1060,2626,1054,2626
1077,2601,1083,2601,1084,2624,1078,2624
1099,2600,1105,2600,1106,2623,1100,2623
1123,2599,1129,2599,1130,2622,1124,2622
1147,2597,1153,2597,1154,2620,1148,2620
1290,2603,1294,2603,1294,2620,1290,2620
1313,2603,1317,2603,1317,2620,1313,2620
1336,2604,1340,2604,1340,2621,1336,2621
1358,2604,1362,2604,1362,2621,1358,2621
1385,2604,1389,2604,1389,2621,1385,2621
1408,2605,1412,2605,1412,2622,1408,2622
1432,2605,1436,2605,1436,2622,1432,2622
1504,2606,1508,2606,1508,2623,1504,2623
1525,2606,1529,2606,1529,2623,1525,2623
1542,2606,1546,2606,1546,2623,1542,2623
1574,2607,1578,2607,1578,2624,1574,2624
1597,2607,1601,2607,1601,2624,1597,2624
1621,2607,1625,2607,1625,2624,1621,2624
1644,2608,1648,2608,1648,2625,1644,2625
1668,2608,1672,2608,1672,2625,1668,2625
1691,2608,1695,2608,1695,2625,1691,2625
1455,2605,1459,2605,1459,2622,1455,2622
1479,2606,1483,2606,1483,2623,1479,2623
1448,2630,1480,2630,1480,2655,1448,2655
3903,2746,4061,2750,4060,2782,3902,2778
2199,2796,2199,2797,2191,2797,2191,2796
2199,2820,2199,2821,2191,2821,2191,2820
2168,2755,2168,2764,2134,2763,2134,2754
2167,2793,2166,2859,2131,2858,2132,2792
2165,2863,2165,2872,2131,2871,2131,2862
2165,2876,2164,2925,2130,2924,2131,2875
2199,2858,2199,2859,2191,2859,2191,2858
2199,2895,2199,2896,2191,2896,2191,2895
1276,2902,1525,2902,1525,2964,1276,2964
3766,2818,3806,2818,3806,2854,3766,2854
3766,2858,3829,2858,3829,2892,3766,2892
3767,2894,3831,2895,3831,2929,3767,2928
3768,2936,3802,2936,3802,2963,3768,2963
3769,2973,3803,2973,3803,3004,3769,3004
2199,2933,2199,2934,2191,2934,2191,2933
2199,2971,2199,2972,2191,2972,2191,2971
2199,3009,2199,3010,2191,3010,2191,3009
1678,3050,1678,2997,1715,2997,1715,3050
3885,2818,3895,2818,3895,2854,3885,2854
3903,2818,3980,2818,3980,2854,3903,2854
3997,2818,4106,2818,4106,2854,3997,2854
3882,2858,3891,2858,3891,2892,3882,2892
3899,2858,4011,2858,4011,2892,3899,2892
4026,2858,4113,2858,4113,2892,4026,2892
4131,2858,4211,2858,4211,2892,4131,2892
3883,2895,3892,2895,3892,2929,3883,2929
3906,2895,4012,2896,4012,2931,3906,2930
4032,2896,4134,2897,4134,2932,4032,2931
4144,2897,4259,2898,4259,2932,4144,2931
3881,2938,3889,2938,3889,2969,3881,2969
3899,2938,3978,2938,3978,2969,3899,2969
3985,2938,4103,2938,4103,2969,3985,2969
3877,2972,3886,2972,3886,3006,3877,3006
3899,2972,4011,2972,4011,3006,3899,3006
4029,2972,4174,2972,4174,3006,4029,3006
3879,3010,3888,3010,3888,3045,3879,3045
3901,3010,4010,3010,4010,3045,3901,3045
4019,3010,4028,3010,4028,3045,4019,3045
4031,3010,4081,3010,4081,3045,4031,3045
4095,3010,4358,3010,4358,3045,4095,3045
3881,3050,3889,3050,3889,3081,3881,3081
3899,3050,3973,3051,3973,3083,3899,3082
3990,3052,4024,3052,4024,3083,3990,3083
4036,3052,4176,3054,4176,3086,4036,3084
3878,3088,3887,3088,3887,3122,3878,3122
3899,3088,3993,3088,3993,3122,3899,3122
4006,3088,4125,3088,4125,3122,4006,3122
3878,3126,3887,3126,3887,3160,3878,3160
3900,3126,3969,3126,3969,3160,3900,3160
3976,3126,3985,3126,3985,3160,3976,3160
3989,3126,4065,3126,4065,3160,3989,3160
3875,3164,3885,3164,3885,3200,3875,3200
3889,3164,3981,3164,3981,3200,3889,3200
3986,3164,3996,3164,3996,3200,3986,3200
3996,3164,4077,3164,4077,3200,3996,3200
3766,3014,3807,3011,3809,3042,3768,3045
2199,3047,2199,3048,2191,3048,2191,3047
3764,3046,3809,3046,3809,3086,3764,3086
2199,3084,2199,3085,2191,3085,2191,3084
3763,3090,3807,3081,3815,3120,3771,3129
2199,3122,2199,3123,2191,3123,2191,3122
2199,3160,2199,3161,2191,3161,2191,3160
2448,3056,2516,3056,2516,3090,2448,3090
2522,3056,2553,3056,2553,3090,2522,3090
2567,3056,2735,3056,2735,3090,2567,3090
2740,3056,2784,3056,2784,3090,2740,3090
2800,3056,3029,3056,3029,3090,2800,3090
3043,3056,3218,3056,3218,3090,3043,3090
3232,3056,3263,3056,3263,3090,3232,3090
3279,3056,3332,3056,3332,3090,3279,3090
3343,3056,3352,3056,3352,3090,3343,3090
3361,3056,3380,3056,3380,3090,3361,3090
3397,3056,3500,3056,3500,3090,3397,3090
3517,3056,3542,3056,3542,3090,3517,3090
2443,3094,2553,3094,2553,3130,2443,3130
2567,3094,2587,3094,2587,3130,2567,3130
2601,3094,2746,3094,2746,3130,2601,3130
2766,3094,2776,3094,2776,3130,2766,3130
2781,3094,2791,3094,2791,3130,2781,3130
2792,3094,2802,3094,2802,3130,2792,3130
2817,3094,2940,3094,2940,3130,2817,3130
2949,3094,3000,3094,3000,3130,2949,3130
3007,3094,3208,3094,3208,3130,3007,3130
3223,3094,3289,3094,3289,3130,3223,3130
3294,3094,3346,3094,3346,3130,3294,3130
3362,3094,3471,3094,3471,3130,3362,3130
3481,3094,3515,3094,3515,3130,3481,3130
2442,3134,2621,3134,2621,3166,2442,3166
2638,3134,2667,3134,2667,3166,2638,3166
2686,3134,2694,3134,2694,3166,2686,3166
2699,3134,2707,3134,2707,3166,2699,3166
2710,3134,2889,3134,2889,3166,2710,3166
2894,3134,2902,3134,2902,3166,2894,3166
2439,3174,2493,3174,2493,3205,2439,3205
2507,3174,2662,3174,2662,3205,2507,3205
2678,3174,2737,3174,2737,3205,2678,3205
2749,3174,2874,3174,2874,3205,2749,3205
2879,3174,2887,3174,2887,3205,2879,3205
2900,3174,3002,3174,3002,3205,2900,3205
3018,3174,3046,3174,3046,3205,3018,3205
3055,3174,3063,3174,3063,3205,3055,3205
3062,3174,3070,3174,3070,3205,3062,3205
3073,3174,3274,3174,3274,3205,3073,3205
3282,3174,3335,3174,3335,3205,3282,3205
3351,3174,3534,3174,3534,3205,3351,3205
2444,3210,2511,3210,2511,3242,2444,3242
2519,3210,2615,3210,2615,3242,2519,3242
2631,3210,2639,3210,2639,3242,2631,3242
2658,3210,2707,3210,2707,3242,2658,3242
2726,3210,2836,3210,2836,3242,2726,3242
2839,3210,2847,3210,2847,3242,2839,3242
2864,3210,2936,3210,2936,3242,2864,3242
2947,3210,3127,3210,3127,3242,2947,3242
3142,3210,3178,3210,3178,3242,3142,3242
3188,3210,3280,3210,3280,3242,3188,3242
3299,3210,3350,3210,3350,3242,3299,3242
3365,3210,3467,3210,3467,3242,3365,3242
3488,3210,3534,3210,3534,3242,3488,3242
3551,3210,3574,3210,3574,3242,3551,3242
2446,3250,2492,3250,2492,3285,2446,3285
2507,3249,2633,3248,2633,3284,2507,3285
2644,3248,2684,3248,2684,3284,2644,3284
2695,3248,2808,3247,2808,3283,2695,3284
2825,3247,2834,3247,2834,3282,2825,3282
2839,3247,2848,3247,2848,3282,2839,3282
2848,3247,3024,3246,3024,3282,2848,3283
3034,3246,3043,3246,3043,3281,3034,3281
3764,3122,3809,3122,3809,3162,3764,3162
3761,3164,3814,3164,3814,3200,3761,3200
2199,3198,2199,3199,2191,3199,2191,3198
4478,3148,4489,3148,4489,3188,4478,3188
4493,3148,4667,3148,4667,3188,4493,3188
4682,3148,4712,3148,4712,3188,4682,3188
4717,3148,4843,3148,4843,3188,4717,3188
4478,3214,4488,3214,4488,3250,4478,3250
4498,3214,4604,3214,4604,3250,4498,3250
4621,3214,4648,3214,4648,3250,4621,3250
4656,3214,4716,3214,4716,3250,4656,3250
4718,3214,4728,3214,4728,3250,4718,3250
4732,3214,4857,3214,4857,3250,4732,3250
4494,3248,4580,3248,4580,3284,4494,3284
4599,3248,4609,3248,4609,3284,4599,3284
4629,3248,4639,3248,4639,3284,4629,3284
4644,3248,4654,3248,4654,3284,4644,3284
4653,3248,4686,3248,4686,3284,4653,3284
4699,3248,4709,3248,4709,3284,4699,3284
2199,3236,2199,3237,2191,3237,2191,3236
2199,3273,2199,3274,2191,3274,2191,3273
3582,3373,3626,3373,3626,3407,3582,3407
3999,3363,4100,3366,4099,3408,3998,3405
4112,3367,4123,3367,4122,3408,4111,3408
4290,3363,4338,3363,4338,3407,4290,3407
4348,3363,4360,3363,4360,3407,4348,3407
4366,3363,4415,3363,4415,3407,4366,3407
4420,3363,4432,3363,4432,3407,4420,3407
4434,3363,4534,3363,4534,3407,4434,3407
