2717,165,3036,165,3036,239,2717,239
2710,236,3062,236,3062,308,2710,308
764,267,826,267,826,288,764,288
1674,349,1682,349,1682,380,1674,380
1687,349,1695,349,1695,380,1687,380
1694,349,1722,349,1722,380,1694,380
1990,364,2012,371,2006,391,1984,384
2806,381,3153,381,3153,489,2806,489
3170,381,3201,381,3201,489,3170,489
1606,481,1730,483,1729,524,1605,522
1743,484,1754,484,1753,524,1742,524
2088,493,2088,498,2067,500,2067,495
2089,504,2089,509,2068,511,2068,506
2090,515,2092,538,2071,540,2069,517
1515,541,1515,546,1493,546,1493,541
1515,553,1515,558,1493,558,1493,553
1515,566,1515,571,1493,571,1493,566
273,562,312,576,307,589,268,575
318,654,320,488,328,488,326,654
2778,562,2967,562,2967,575,2778,575
2984,563,3080,563,3080,575,2984,575
322,530,320,623,305,623,307,530
3135,558,3176,571,3172,582,3131,569
1841,621,1841,575,1872,575,1872,621
280,622,280,607,291,607,291,622
1537,605,1541,605,1541,622,1537,622
1575,604,1579,604,1579,621,1575,621
1604,604,1608,604,1608,621,1604,621
1634,604,1638,604,1638,621,1634,621
1665,603,1669,603,1669,620,1665,620
2956,673,3085,667,3085,679,2957,685
2228,679,2261,689,2254,712,2221,702
2993,702,3055,705,3054,715,2992,712
2703,614,2703,834,2688,834,2688,614
2973,717,3022,714,3023,725,2974,728
2777,726,2873,724,2873,738,2777,740
3022,731,3043,727,3045,738,3024,742
332,678,332,817,321,817,321,678
1185,737,1234,737,1234,759,1185,759
1237,737,1242,737,1242,759,1237,759
1245,737,1277,737,1277,759,1245,759
2781,756,2794,757,2793,771,2780,770
2801,756,2846,759,2845,774,2800,771
306,828,306,812,319,812,319,828
306,796,306,732,319,732,319,796
1305,791,1319,791,1319,817,1305,817
1674,845,1681,845,1681,872,1674,872
1685,845,1692,845,1692,872,1685,872
1693,845,1723,845,1723,872,1693,872
3036,821,3034,843,3011,841,3012,819
3034,864,3031,914,3006,912,3009,862
3085,828,3084,908,3067,908,3068,828
332,899,332,938,321,938,321,899
3140,987,3140,834,3158,834,3158,987
3236,973,3236,956,3245,956,3245,973
3236,956,3236,955,3244,955,3244,956
1515,969,1515,975,1492,975,1492,969
1515,983,1515,989,1492,989,1492,983
1515,990,1515,1016,1492,1016,1492,990
3082,981,3082,998,3066,998,3066,981
1607,992,1730,992,1730,1030,1607,1030
1741,992,1751,992,1751,1030,1741,1030
3118,1027,3115,992,3123,991,3126,1026
319,1025,319,1049,312,1049,312,1025
330,1065,330,1011,350,1011,350,1065
321,1301,321,1142,329,1142,329,1301
3141,1148,3196,1148,3196,1185,3141,1185
3208,1148,3242,1148,3242,1185,3208,1185
3253,1148,3375,1148,3375,1185,3253,1185
3218,1196,3297,1196,3297,1239,3218,1239
2243,1231,2333,1224,2335,1248,2245,1255
2337,1224,2343,1224,2345,1246,2339,1247
981,1305,981,1257,1010,1257,1010,1305
981,1256,981,1248,1010,1248,1010,1256
981,1248,981,1215,1010,1215,1010,1248
2666,1196,2780,1196,2780,1239,2666,1239
2688,1252,2751,1252,2751,1289,2688,1289
2911,1196,2958,1196,2958,1239,2911,1239
2970,1196,3009,1196,3009,1239,2970,1239
3022,1196,3064,1196,3064,1239,3022,1239
2958,1253,3008,1253,3008,1292,2958,1292
3244,1254,3275,1252,3277,1286,3246,1288
1847,1286,1852,1286,1852,1308,1847,1308
1864,1286,1869,1286,1869,1308,1864,1308
1874,1286,1898,1286,1898,1308,1874,1308
1425,1359,1425,1361,1413,1361,1413,1359
2245,1345,2328,1345,2328,1374,2245,1374
1425,1376,1425,1378,1413,1378,1413,1376
1425,1393,1425,1395,1413,1395,1413,1393
2247,1382,2291,1385,2289,1414,2245,1411
1425,1410,1425,1412,1413,1412,1413,1410
1425,1427,1425,1429,1413,1429,1413,1427
1425,1444,1425,1446,1413,1446,1413,1444
2274,1444,2280,1444,2280,1467,2274,1467
2290,1444,2296,1444,2296,1467,2290,1467
2307,1444,2313,1444,2313,1467,2307,1467
2324,1444,2330,1444,2330,1467,2324,1467
2646,1342,2740,1342,2740,1378,2646,1378
2746,1342,2756,1342,2756,1378,2746,1378
2767,1342,2861,1342,2861,1378,2767,1378
2642,1381,2835,1381,2835,1419,2642,1419
2842,1381,2852,1381,2852,1419,2842,1419
2852,1381,2881,1381,2881,1419,2852,1419
2891,1381,2994,1381,2994,1419,2891,1419
3005,1381,3048,1381,3048,1419,3005,1419
3052,1381,3062,1381,3062,1419,3052,1419
2645,1419,2775,1419,2775,1451,2645,1451
2795,1419,2803,1419,2803,1451,2795,1451
2646,1454,2775,1454,2775,1488,2646,1488
2789,1454,2798,1454,2798,1488,2789,1488
2644,1492,2709,1492,2709,1524,2644,1524
2724,1492,2760,1492,2760,1524,2724,1524
2767,1492,2820,1492,2820,1524,2767,1524
2638,1532,2694,1532,2694,1555,2638,1555
3196,1341,3221,1341,3221,1375,3196,1375
3228,1341,3237,1341,3237,1375,3228,1375
3236,1341,3267,1341,3267,1375,3236,1375
3279,1341,3323,1341,3323,1375,3279,1375
3209,1378,3219,1378,3219,1414,3209,1414
3224,1378,3234,1378,3234,1414,3224,1414
3238,1378,3265,1378,3265,1414,3238,1414
3274,1378,3321,1378,3321,1414,3274,1414
3194,1414,3219,1414,3219,1449,3194,1449
3223,1414,3232,1414,3232,1449,3223,1449
3236,1414,3262,1414,3262,1449,3236,1449
3275,1414,3321,1414,3321,1449,3275,1449
3209,1452,3218,1452,3218,1486,3209,1486
3223,1452,3232,1452,3232,1486,3223,1486
3236,1452,3261,1452,3261,1486,3236,1486
3273,1452,3323,1452,3323,1486,3273,1486
3209,1490,3218,1490,3218,1524,3209,1524
3223,1490,3232,1490,3232,1524,3223,1524
3241,1490,3260,1490,3260,1524,3241,1524
3273,1490,3323,1490,3323,1524,3273,1524
3210,1526,3220,1526,3220,1562,3210,1562
3225,1526,3235,1526,3235,1562,3225,1562
3235,1526,3261,1526,3261,1562,3235,1562
3275,1526,3322,1526,3322,1562,3275,1562
1425,1460,1425,1462,1413,1462,1413,1460
1425,1477,1425,1479,1413,1479,1413,1477
634,1464,705,1464,705,1498,634,1498
1176,1466,1291,1466,1291,1500,1176,1500
1569,1464,1663,1464,1663,1502,1569,1502
1670,1464,1680,1464,1680,1502,1670,1502
1686,1464,1788,1464,1788,1502,1686,1502
1516,1471,1516,1477,1493,1477,1493,1471
1516,1485,1516,1491,1493,1491,1493,1485
1516,1492,1516,1518,1493,1518,1493,1492
1425,1494,1425,1496,1413,1496,1413,1494
1425,1511,1425,1513,1413,1513,1413,1511
1425,1528,1425,1530,1413,1530,1413,1528
1425,1545,1425,1547,1413,1547,1413,1545
2092,1546,2094,1546,2094,1558,2092,1558
2122,1545,2124,1545,2124,1557,2122,1557
2152,1544,2154,1544,2154,1556,2152,1556
2181,1543,2183,1543,2183,1555,2181,1555
2211,1542,2213,1542,2213,1554,2211,1554
1425,1562,1425,1564,1413,1564,1413,1562
1425,1579,1425,1581,1413,1581,1413,1579
1425,1596,1425,1598,1413,1598,1413,1596
2435,1624,2435,1627,2421,1627,2421,1624
2435,1639,2435,1642,2421,1642,2421,1639
2435,1656,2435,1659,2421,1659,2421,1656
2435,1674,2435,1677,2421,1677,2421,1674
2435,1690,2435,1693,2421,1693,2421,1690
2435,1707,2435,1710,2421,1710,2421,1707
318,1702,318,1726,310,1726,310,1702
620,1788,679,1791,678,1814,619,1811
1143,1782,1247,1776,1249,1806,1145,1812
1298,1773,1335,1771,1337,1801,1300,1803
2613,1790,2754,1791,2754,1827,2613,1826
2766,1790,2929,1791,2929,1827,2766,1826
2948,1791,3059,1792,3059,1828,2948,1827
3073,1793,3082,1793,3082,1828,3073,1828
3193,1793,3225,1793,3225,1828,3193,1828
3227,1793,3236,1793,3236,1828,3227,1828
3239,1794,3271,1794,3271,1829,3239,1829
3278,1794,3329,1794,3329,1829,3278,1829
2615,1861,2726,1861,2726,1892,2615,1892
2739,1861,2747,1861,2747,1892,2739,1892
3199,1858,3225,1858,3225,1894,3199,1894
3229,1858,3239,1858,3239,1894,3229,1894
3243,1858,3269,1858,3269,1894,3243,1894
3278,1858,3331,1858,3331,1894,3278,1894
3195,1913,3225,1913,3225,1953,3195,1953
3229,1913,3240,1913,3240,1953,3229,1953
3240,1913,3270,1913,3270,1953,3240,1953
3283,1913,3326,1913,3326,1953,3283,1953
2616,1917,2681,1917,2681,1948,2616,1948
2697,1917,2705,1917,2705,1948,2697,1948
2678,2036,2683,2036,2683,2058,2678,2058
2658,2073,2701,2073,2701,2096,2658,2096
2749,2036,2809,2036,2809,2059,2749,2059
2752,2074,2810,2074,2810,2099,2752,2099
2820,2074,2866,2074,2866,2099,2820,2099
2876,2074,2915,2074,2915,2099,2876,2099
3045,2053,3050,2052,3057,2110,3052,2111
3103,2047,3108,2046,3115,2104,3110,2105
3175,2038,3221,2033,3227,2091,3182,2097
3223,2033,3285,2026,3291,2084,3230,2091
3181,2048,3220,2048,3220,2073,3181,2073
3221,2048,3227,2048,3227,2073,3221,2073
3228,2048,3286,2048,3286,2073,3228,2073
3179,2077,3247,2077,3247,2100,3179,2100
3251,2077,3281,2077,3281,2100,3251,2100
3296,2077,3302,2077,3302,2100,3296,2100
3312,2077,3318,2077,3318,2100,3312,2100
3322,2077,3328,2077,3328,2100,3322,2100
3332,2077,3344,2077,3344,2100,3332,2100
3356,2077,3362,2077,3362,2100,3356,2100
2671,2113,2699,2116,2697,2136,2669,2133
3081,2122,3118,2122,3118,2145,3081,2145
3177,2122,3255,2122,3255,2145,3177,2145
3263,2122,3299,2122,3299,2145,3263,2145
3306,2122,3378,2122,3378,2145,3306,2145
1616,2122,1631,2122,1631,2177,1616,2177
1764,2122,1784,2122,1784,2177,1764,2177
1915,2122,1936,2122,1936,2177,1915,2177
2064,2122,2094,2122,2094,2177,2064,2177
2749,2116,2788,2116,2788,2137,2749,2137
2798,2116,2857,2116,2857,2137,2798,2137
2749,2153,2792,2153,2792,2174,2749,2174
2797,2153,2854,2153,2854,2174,2797,2174
2215,2122,2246,2122,2246,2177,2215,2177
2372,2122,2402,2122,2402,2177,2372,2177
2676,2151,2697,2154,2695,2172,2674,2170
3074,2165,3082,2165,3082,2194,3074,2194
3182,2167,3233,2168,3233,2198,3182,2197
3240,2168,3307,2169,3306,2199,3240,2198
3181,2213,3242,2214,3242,2237,3181,2236
3254,2214,3327,2215,3327,2238,3254,2237
2751,2208,2797,2208,2797,2229,2751,2229
2808,2208,2813,2208,2813,2229,2808,2229
2817,2208,2822,2208,2822,2229,2817,2229
2820,2208,2846,2208,2846,2229,2820,2229
2856,2208,2913,2208,2913,2229,2856,2229
170,2289,218,2289,218,2312,170,2312
223,2289,244,2289,244,2312,223,2312
257,2289,380,2289,380,2312,257,2312
386,2289,416,2289,416,2312,386,2312
425,2289,596,2289,596,2312,425,2312
607,2289,733,2289,733,2312,607,2312
741,2289,766,2289,766,2312,741,2312
775,2289,819,2289,819,2312,775,2312
822,2289,828,2289,828,2312,822,2312
837,2289,849,2289,849,2312,837,2312
864,2289,937,2289,937,2312,864,2312
950,2289,971,2289,971,2312,950,2312
982,2289,1060,2289,1060,2312,982,2312
1072,2289,1085,2289,1085,2312,1072,2312
1099,2289,1204,2289,1204,2312,1099,2312
1218,2289,1224,2289,1224,2312,1218,2312
1228,2289,1234,2289,1234,2312,1228,2312
1235,2289,1241,2289,1241,2312,1235,2312
1253,2289,1343,2289,1343,2312,1253,2312
1353,2289,1389,2289,1389,2312,1353,2312
1395,2289,1542,2289,1542,2312,1395,2312
1549,2289,1600,2289,1600,2312,1549,2312
1607,2289,1647,2289,1647,2312,1607,2312
1655,2289,1734,2289,1734,2312,1655,2312
1741,2289,1767,2289,1767,2312,1741,2312
1779,2289,1906,2289,1906,2312,1779,2312
1918,2289,1939,2289,1939,2312,1918,2312
1955,2289,1961,2289,1961,2312,1955,2312
1965,2289,1971,2289,1971,2312,1965,2312
1969,2289,2099,2289,2099,2312,1969,2312
2106,2289,2112,2289,2112,2312,2106,2312
166,2317,208,2317,208,2346,166,2346
216,2317,329,2317,329,2346,216,2346
339,2317,385,2317,385,2346,339,2346
387,2317,395,2317,395,2346,387,2346
395,2317,487,2317,487,2346,395,2346
489,2317,497,2317,497,2346,489,2346
503,2317,578,2317,578,2346,503,2346
591,2317,607,2317,607,2346,591,2346
615,2317,623,2317,623,2346,615,2346
621,2317,629,2317,629,2346,621,2346
626,2317,778,2317,778,2346,626,2346
781,2317,818,2317,818,2346,781,2346
829,2317,967,2317,967,2346,829,2346
981,2317,1025,2317,1025,2346,981,2346
1034,2317,1103,2317,1103,2346,1034,2346
1116,2317,1124,2317,1124,2346,1116,2346
1136,2317,1171,2317,1171,2346,1136,2346
1182,2317,1266,2317,1266,2346,1182,2346
1266,2317,1274,2317,1274,2346,1266,2346
1286,2317,1339,2317,1339,2346,1286,2346
1346,2317,1475,2317,1475,2346,1346,2346
1489,2317,1516,2317,1516,2346,1489,2346
1522,2317,1591,2317,1591,2346,1522,2346
1604,2317,1643,2317,1643,2346,1604,2346
1652,2317,1727,2317,1727,2346,1652,2346
1739,2317,1777,2317,1777,2346,1739,2346
1788,2317,1804,2317,1804,2346,1788,2346
1815,2317,1846,2317,1846,2346,1815,2346
1857,2317,1948,2317,1948,2346,1857,2346
1959,2317,1988,2317,1988,2346,1959,2346
1996,2317,2078,2317,2078,2346,1996,2346
2091,2317,2099,2317,2099,2346,2091,2346
2100,2317,2108,2317,2108,2346,2100,2346
2108,2317,2236,2317,2236,2346,2108,2346
2241,2317,2249,2317,2249,2346,2241,2346
2614,2300,2676,2300,2676,2339,2614,2339
2690,2300,2701,2300,2701,2339,2690,2339
2733,2300,2762,2300,2762,2339,2733,2339
2774,2300,2886,2300,2886,2339,2774,2339
2901,2300,2966,2300,2966,2339,2901,2339
