2717,165,3036,165,3036,239,2717,239
2717,233,3062,233,3062,302,2717,302
1184,237,1191,237,1191,264,1184,264
1218,237,1225,237,1225,264,1218,264
1232,237,1239,237,1239,264,1232,264
1244,237,1269,237,1269,264,1244,264
616,297,713,250,726,278,629,324
793,369,793,361,824,361,824,369
793,353,793,345,824,345,824,353
793,342,793,314,824,314,824,342
1060,417,1195,417,1195,459,1060,459
1213,417,1224,417,1224,459,1213,459
1034,464,1044,464,1044,500,1034,500
1067,464,1077,464,1077,500,1067,500
1101,464,1111,464,1111,500,1101,500
1130,464,1140,464,1140,500,1130,500
1164,464,1174,464,1174,500,1164,500
1208,464,1218,464,1218,500,1208,500
1241,464,1251,464,1251,500,1241,500
1271,464,1281,464,1281,500,1271,500
1304,464,1314,464,1314,500,1304,500
1341,490,1341,481,1375,480,1375,489
1340,451,1340,442,1374,441,1374,450
1340,441,1340,432,1374,431,1374,440
1339,424,1338,399,1372,398,1373,423
2807,389,3145,389,3145,485,2807,485
3170,389,3198,389,3198,485,3170,485
1485,466,1494,466,1495,500,1486,500
1513,466,1522,466,1523,500,1514,500
1539,465,1570,464,1571,498,1540,499
1586,463,1630,462,1631,497,1587,498
813,657,856,662,851,697,809,692
1718,659,1769,659,1769,685,1718,685
1771,659,1778,659,1778,685,1771,685
1782,659,1816,659,1816,685,1782,685
926,673,935,674,931,708,922,707
2786,668,3096,657,3097,681,2787,692
1219,724,1228,724,1228,758,1219,758
1233,724,1242,724,1242,758,1233,758
1246,724,1271,724,1271,758,1246,758
1629,720,1638,720,1638,754,1629,754
1661,720,1680,720,1680,754,1661,754
1735,720,1800,720,1800,754,1735,754
1801,720,1810,720,1810,754,1801,754
1812,720,1867,720,1867,754,1812,754
2781,728,2892,728,2892,747,2781,747
1989,825,1989,774,2012,774,2012,825
1989,770,1989,764,2012,764,2012,770
1989,764,1989,727,2012,727,2012,764
1071,874,1201,874,1201,912,1071,912
1223,874,1233,874,1233,912,1223,912
1336,918,1336,908,1373,908,1373,918
1336,903,1336,893,1373,893,1373,903
1336,894,1336,860,1373,860,1373,894
458,990,458,991,450,991,450,990
458,1008,458,1009,450,1009,450,1008
458,1026,458,1027,450,1027,450,1026
458,1045,458,1046,450,1046,450,1045
458,1063,458,1064,450,1064,450,1063
458,1081,458,1082,450,1082,450,1081
458,1099,458,1100,450,1100,450,1099
641,1162,647,1162,647,1185,641,1185
672,1162,678,1162,678,1185,672,1185
545,1198,544,1190,575,1188,576,1196
1916,1290,1918,1218,1953,1219,1951,1291
1918,1219,1918,1210,1952,1211,1952,1220
1918,1209,1920,1153,1955,1154,1953,1210
870,1224,870,1228,853,1228,853,1224
3139,1146,3193,1147,3192,1182,3138,1181
3207,1147,3244,1148,3243,1183,3206,1182
3252,1148,3371,1150,3370,1185,3251,1183
3218,1196,3297,1196,3297,1239,3218,1239
3243,1252,3277,1252,3277,1289,3243,1289
2666,1196,2780,1196,2780,1239,2666,1239
2692,1254,2701,1254,2701,1288,2692,1288
2717,1254,2726,1254,2726,1288,2717,1288
2738,1254,2747,1254,2747,1288,2738,1288
549,1250,548,1242,579,1240,580,1248
2911,1196,2958,1196,2958,1239,2911,1239
2970,1196,3009,1196,3009,1239,2970,1239
3022,1196,3064,1196,3064,1239,3022,1239
2959,1254,3004,1254,3004,1289,2959,1289
870,1256,870,1260,853,1260,853,1256
2861,1254,2870,1254,2870,1289,2861,1289
869,1288,869,1292,852,1292,852,1288
869,1323,869,1327,852,1327,852,1323
1036,1325,1134,1325,1134,1367,1036,1367
1143,1325,1154,1325,1154,1367,1143,1367
1161,1325,1267,1325,1267,1367,1161,1367
1726,1327,1847,1327,1847,1369,1726,1369
869,1355,869,1359,852,1359,852,1355
600,1438,601,1333,619,1333,618,1438
869,1386,869,1390,852,1390,852,1386
520,1395,520,1397,510,1397,510,1395
868,1418,868,1422,851,1422,851,1418
1338,1446,1338,1437,1373,1437,1373,1446
1338,1432,1338,1423,1373,1423,1373,1432
1338,1419,1338,1393,1373,1393,1373,1419
520,1423,520,1425,510,1425,510,1423
520,1442,520,1444,510,1444,510,1442
868,1450,868,1454,851,1454,851,1450
520,1459,520,1461,510,1461,510,1459
566,1469,565,1452,596,1450,597,1467
1551,1406,1551,1410,1534,1410,1534,1406
1552,1424,1552,1428,1535,1428,1535,1424
1552,1442,1552,1446,1535,1446,1535,1442
1552,1458,1552,1462,1535,1462,1535,1458
1553,1478,1553,1482,1536,1482,1536,1478
1553,1496,1553,1500,1536,1500,1536,1496
1554,1514,1554,1518,1537,1518,1537,1514
520,1478,520,1480,510,1480,510,1478
2648,1340,2741,1340,2741,1378,2648,1378
2748,1340,2758,1340,2758,1378,2748,1378
2768,1340,2870,1340,2870,1378,2768,1378
2642,1386,2835,1386,2835,1424,2642,1424
2849,1386,2859,1386,2859,1424,2849,1424
2860,1386,2889,1386,2889,1424,2860,1424
2899,1386,3000,1386,3000,1424,2899,1424
3013,1386,3055,1386,3055,1424,3013,1424
3060,1386,3070,1386,3070,1424,3060,1424
2648,1434,2775,1434,2775,1470,2648,1470
2790,1434,2800,1434,2800,1470,2790,1470
2646,1486,2775,1486,2775,1520,2646,1520
2793,1486,2802,1486,2802,1520,2793,1520
2648,1533,2709,1533,2709,1571,2648,1571
2725,1533,2761,1533,2761,1571,2725,1571
2768,1533,2822,1533,2822,1571,2768,1571
2639,1587,2694,1587,2694,1620,2639,1620
3191,1338,3223,1338,3223,1373,3191,1373
3226,1338,3235,1338,3235,1373,3226,1373
3234,1338,3266,1338,3266,1373,3234,1373
3274,1338,3323,1338,3323,1373,3274,1373
3215,1381,3226,1381,3226,1421,3215,1421
3227,1381,3238,1381,3238,1421,3227,1421
3243,1381,3266,1381,3266,1421,3243,1421
3279,1381,3324,1381,3324,1421,3279,1421
3197,1433,3223,1432,3224,1467,3198,1468
3223,1433,3232,1433,3233,1468,3224,1468
3236,1432,3262,1431,3263,1466,3237,1467
3274,1431,3320,1430,3321,1465,3275,1466
3211,1483,3222,1483,3223,1523,3212,1523
3223,1483,3234,1483,3235,1523,3224,1523
3234,1482,3264,1481,3265,1522,3235,1523
3276,1481,3321,1479,3322,1519,3277,1521
3207,1531,3219,1531,3219,1574,3207,1574
3225,1531,3237,1531,3237,1574,3225,1574
3238,1531,3262,1531,3262,1574,3238,1574
3271,1531,3327,1531,3327,1574,3271,1574
3211,1582,3222,1582,3222,1622,3211,1622
3224,1582,3235,1582,3235,1622,3224,1622
3235,1582,3264,1582,3264,1622,3235,1622
3276,1582,3321,1582,3321,1622,3276,1622
868,1483,868,1487,851,1487,851,1483
520,1496,520,1498,510,1498,510,1496
520,1514,520,1516,510,1516,510,1514
868,1515,868,1519,851,1519,851,1515
572,1547,569,1508,600,1506,603,1545
520,1533,520,1535,510,1535,510,1533
867,1548,867,1552,850,1552,850,1548
520,1551,520,1553,510,1553,510,1551
1555,1568,1555,1572,1538,1572,1538,1568
867,1580,867,1584,850,1584,850,1580
516,1582,519,1582,518,1596,515,1596
537,1583,540,1583,539,1597,536,1597
555,1584,558,1584,557,1598,554,1598
574,1584,577,1584,576,1598,573,1598
591,1585,594,1585,593,1599,590,1599
867,1611,867,1615,850,1615,850,1611
557,1602,603,1605,601,1634,555,1631
526,1637,528,1637,528,1646,526,1646
1987,1676,1987,1625,2016,1625,2016,1676
1987,1624,1987,1616,2016,1616,2016,1624
1987,1616,1987,1578,2016,1578,2016,1616
545,1637,547,1637,547,1646,545,1646
562,1637,564,1637,564,1646,562,1646
581,1637,583,1637,583,1646,581,1646
599,1637,601,1637,601,1646,599,1646
1005,1625,1013,1625,1013,1656,1005,1656
1021,1625,1029,1625,1029,1656,1021,1656
1028,1625,1074,1625,1074,1656,1028,1656
651,1636,653,1636,653,1645,651,1645
1759,1630,1765,1630,1766,1653,1760,1653
1771,1630,1777,1630,1778,1653,1772,1653
1782,1629,1812,1628,1813,1652,1783,1653
597,1668,597,1648,614,1648,614,1668
611,1665,633,1666,633,1682,611,1681
662,1667,665,1667,665,1682,662,1682
686,1691,695,1656,714,1661,704,1696
1059,1719,1086,1719,1086,1748,1059,1748
889,1748,987,1748,987,1760,889,1760
1263,1747,1355,1747,1355,1762,1263,1762
1454,1749,1492,1749,1492,1760,1454,1760
1059,1774,1084,1773,1085,1792,1060,1793
841,1799,914,1803,912,1833,839,1829
2613,1790,2754,1791,2754,1827,2613,1826
2766,1790,2929,1791,2929,1827,2766,1826
2948,1791,3059,1792,3059,1828,2948,1827
3073,1793,3082,1793,3082,1828,3073,1828
3193,1793,3225,1793,3225,1828,3193,1828
3227,1793,3236,1793,3236,1828,3227,1828
3244,1794,3270,1794,3270,1829,3244,1829
3278,1794,3329,1794,3329,1829,3278,1829
830,1946,833,1881,864,1882,861,1947
833,1881,833,1873,863,1874,863,1882
834,1867,836,1812,866,1813,864,1868
1345,1904,1345,1895,1379,1894,1379,1903
1345,1894,1345,1885,1379,1884,1379,1893
1344,1882,1343,1851,1378,1850,1379,1881
2613,1863,2725,1863,2725,1892,2613,1892
2739,1863,2747,1863,2747,1892,2739,1892
3201,1855,3226,1856,3225,1890,3200,1889
3234,1856,3243,1856,3242,1890,3233,1890
3242,1855,3273,1856,3272,1891,3241,1890
3280,1857,3330,1858,3329,1892,3279,1891
1141,1937,1208,1939,1207,1965,1140,1963
1210,1939,1216,1939,1215,1964,1209,1964
1219,1939,1275,1940,1274,1966,1218,1965
1348,1990,1347,1952,1381,1951,1382,1989
919,2002,966,2002,966,2025,919,2025
974,2002,980,2002,980,2025,974,2025
979,2002,1016,2002,1016,2025,979,2025
1404,1999,1453,2000,1452,2023,1403,2022
1460,2001,1465,2001,1464,2023,1459,2023
1465,2001,1500,2002,1499,2024,1464,2023
2680,2036,2685,2036,2685,2057,2680,2057
2686,2036,2691,2036,2691,2057,2686,2057
2658,2073,2701,2073,2701,2096,2658,2096
2749,2036,2809,2036,2809,2059,2749,2059
2751,2074,2810,2074,2810,2099,2751,2099
2820,2074,2865,2074,2865,2099,2820,2099
2875,2074,2915,2074,2915,2099,2875,2099
3050,2053,3054,2053,3060,2110,3057,2111
3092,2048,3096,2048,3102,2105,3099,2106
3178,2050,3219,2050,3219,2072,3178,2072
3222,2050,3227,2050,3227,2072,3222,2072
3225,2050,3283,2050,3283,2072,3225,2072
3179,2077,3247,2077,3247,2100,3179,2100
3251,2077,3281,2077,3281,2100,3251,2100
3296,2077,3302,2077,3302,2100,3296,2100
3312,2077,3318,2077,3318,2100,3312,2100
3322,2077,3328,2077,3328,2100,3322,2100
3332,2077,3344,2077,3344,2100,3332,2100
3356,2077,3362,2077,3362,2100,3356,2100
3179,2037,3219,2033,3225,2091,3186,2096
3212,2035,3228,2033,3234,2091,3219,2093
3229,2032,3289,2025,3295,2084,3236,2091
2671,2113,2699,2116,2697,2136,2669,2133
2749,2116,2788,2116,2788,2137,2749,2137
2798,2116,2857,2116,2857,2137,2798,2137
2749,2153,2792,2153,2792,2174,2749,2174
2797,2153,2854,2153,2854,2174,2797,2174
3081,2122,3118,2122,3118,2145,3081,2145
3178,2123,3254,2123,3254,2144,3178,2144
3264,2123,3300,2123,3300,2144,3264,2144
3305,2123,3376,2123,3376,2144,3305,2144
2676,2151,2697,2154,2695,2172,2674,2170
1648,2146,1664,2146,1664,2204,1648,2204
1802,2146,1835,2146,1835,2204,1802,2204
1967,2146,2000,2146,2000,2204,1967,2204
2132,2146,2165,2146,2165,2204,2132,2204
2298,2146,2330,2146,2330,2204,2298,2204
2463,2146,2494,2146,2494,2204,2463,2204
3074,2165,3082,2165,3082,2194,3074,2194
3182,2167,3233,2168,3233,2198,3182,2197
3240,2168,3307,2169,3306,2199,3240,2198
3181,2213,3242,2214,3242,2237,3181,2236
3254,2214,3327,2215,3327,2238,3254,2237
2751,2208,2797,2208,2797,2229,2751,2229
2808,2208,2813,2208,2813,2229,2808,2229
2817,2208,2822,2208,2822,2229,2817,2229
2820,2208,2846,2208,2846,2229,2820,2229
2856,2208,2913,2208,2913,2229,2856,2229
170,2289,218,2289,218,2312,170,2312
223,2289,244,2289,244,2312,223,2312
257,2289,380,2289,380,2312,257,2312
386,2289,416,2289,416,2312,386,2312
425,2289,596,2289,596,2312,425,2312
607,2289,733,2289,733,2312,607,2312
741,2289,766,2289,766,2312,741,2312
775,2289,819,2289,819,2312,775,2312
822,2289,828,2289,828,2312,822,2312
837,2289,849,2289,849,2312,837,2312
864,2289,937,2289,937,2312,864,2312
950,2289,971,2289,971,2312,950,2312
982,2289,1060,2289,1060,2312,982,2312
1072,2289,1085,2289,1085,2312,1072,2312
1099,2289,1204,2289,1204,2312,1099,2312
1218,2289,1224,2289,1224,2312,1218,2312
1228,2289,1234,2289,1234,2312,1228,2312
1235,2289,1241,2289,1241,2312,1235,2312
1253,2289,1343,2289,1343,2312,1253,2312
1353,2289,1389,2289,1389,2312,1353,2312
1395,2289,1542,2289,1542,2312,1395,2312
1549,2289,1600,2289,1600,2312,1549,2312
1607,2289,1647,2289,1647,2312,1607,2312
1655,2289,1734,2289,1734,2312,1655,2312
1741,2289,1767,2289,1767,2312,1741,2312
1779,2289,1906,2289,1906,2312,1779,2312
1918,2289,1939,2289,1939,2312,1918,2312
1955,2289,1961,2289,1961,2312,1955,2312
1965,2289,1971,2289,1971,2312,1965,2312
1969,2289,2099,2289,2099,2312,1969,2312
2106,2289,2112,2289,2112,2312,2106,2312
166,2317,208,2317,208,2346,166,2346
216,2317,329,2317,329,2346,216,2346
339,2317,385,2317,385,2346,339,2346
387,2317,395,2317,395,2346,387,2346
395,2317,487,2317,487,2346,395,2346
489,2317,497,2317,497,2346,489,2346
503,2317,578,2317,578,2346,503,2346
591,2317,607,2317,607,2346,591,2346
615,2317,623,2317,623,2346,615,2346
621,2317,629,2317,629,2346,621,2346
626,2317,778,2317,778,2346,626,2346
781,2317,818,2317,818,2346,781,2346
829,2317,967,2317,967,2346,829,2346
981,2317,1025,2317,1025,2346,981,2346
1034,2317,1103,2317,1103,2346,1034,2346
1116,2317,1124,2317,1124,2346,1116,2346
1136,2317,1171,2317,1171,2346,1136,2346
1182,2317,1266,2317,1266,2346,1182,2346
1266,2317,1274,2317,1274,2346,1266,2346
1286,2317,1339,2317,1339,2346,1286,2346
1346,2317,1475,2317,1475,2346,1346,2346
1489,2317,1516,2317,1516,2346,1489,2346
1522,2317,1591,2317,1591,2346,1522,2346
1604,2317,1643,2317,1643,2346,1604,2346
1652,2317,1727,2317,1727,2346,1652,2346
1739,2317,1777,2317,1777,2346,1739,2346
1788,2317,1804,2317,1804,2346,1788,2346
1815,2317,1846,2317,1846,2346,1815,2346
1857,2317,1948,2317,1948,2346,1857,2346
1959,2317,1988,2317,1988,2346,1959,2346
1996,2317,2078,2317,2078,2346,1996,2346
2091,2317,2099,2317,2099,2346,2091,2346
2100,2317,2108,2317,2108,2346,2100,2346
2108,2317,2236,2317,2236,2346,2108,2346
2241,2317,2249,2317,2249,2346,2241,2346
2614,2300,2676,2300,2676,2339,2614,2339
2690,2300,2701,2300,2701,2339,2690,2339
2733,2300,2762,2300,2762,2339,2733,2339
2774,2300,2886,2300,2886,2339,2774,2339
2901,2300,2966,2300,2966,2339,2901,2339
