3801,177,4449,177,4449,324,3801,324
3803,314,4442,314,4442,453,3803,453
4060,594,4517,594,4517,723,4060,723
1609,798,1861,798,1861,840,1609,840
4130,808,4214,808,4214,840,4130,840
4232,808,4273,808,4273,840,4232,840
4288,808,4472,808,4472,840,4288,840
1420,904,1417,856,1452,854,1455,902
3812,1040,4098,1040,4098,1080,3812,1080
1013,1062,1098,1062,1098,1116,1013,1116
1895,1172,1934,1168,1935,1181,1896,1185
1710,1194,1744,1194,1744,1225,1710,1225
2307,1196,2346,1199,2344,1219,2305,1216
1480,1229,1486,1229,1485,1254,1479,1254
1516,1230,1522,1230,1521,1255,1515,1255
1626,1233,1697,1235,1696,1260,1625,1258
1716,1235,1718,1235,1718,1247,1716,1247
1740,1235,1742,1235,1742,1247,1740,1247
1763,1235,1765,1235,1765,1247,1763,1247
2273,1234,2276,1234,2276,1248,2273,1248
2294,1234,2297,1234,2297,1248,2294,1248
2318,1234,2321,1234,2321,1248,2318,1248
2342,1234,2345,1234,2345,1248,2342,1248
2366,1234,2369,1234,2369,1248,2366,1248
2389,1234,2392,1234,2392,1248,2389,1248
2405,1234,2408,1234,2408,1248,2405,1248
2413,1234,2416,1234,2416,1248,2413,1248
2437,1234,2440,1234,2440,1248,2437,1248
2461,1234,2464,1234,2464,1248,2461,1248
2507,1235,2510,1235,2510,1249,2507,1249
2532,1234,2535,1234,2535,1248,2532,1248
2555,1233,2558,1233,2558,1247,2555,1247
2579,1233,2582,1233,2582,1247,2579,1247
4209,1241,4246,1241,4246,1270,4209,1270
4286,1241,4378,1241,4378,1270,4286,1270
1506,1307,1541,1307,1541,1330,1506,1330
4345,1304,4545,1304,4545,1344,4345,1344
4581,1304,4675,1304,4675,1344,4581,1344
1527,1448,1530,1448,1530,1462,1527,1462
1563,1449,1566,1449,1566,1463,1563,1463
1597,1449,1600,1449,1600,1463,1597,1463
1633,1450,1636,1450,1636,1464,1633,1464
1669,1450,1672,1450,1672,1464,1669,1464
1704,1450,1707,1450,1707,1464,1704,1464
1740,1451,1743,1451,1743,1465,1740,1465
1821,1534,1821,1540,1797,1540,1797,1534
2065,1537,2253,1537,2253,1598,2065,1598
2280,1537,2297,1537,2297,1598,2280,1598
2325,1537,2512,1537,2512,1598,2325,1598
1822,1569,1822,1575,1798,1575,1798,1569
1502,1533,1740,1533,1740,1607,1502,1607
1447,1622,1495,1624,1493,1672,1445,1670
1822,1604,1822,1610,1798,1610,1798,1604
1822,1639,1822,1645,1798,1645,1798,1639
2264,1626,2307,1626,2307,1660,2264,1660
3717,1547,3980,1547,3980,1632,3717,1632
4035,1547,4238,1547,4238,1632,4035,1632
4302,1547,4380,1547,4380,1632,4302,1632
4388,1547,4466,1547,4466,1632,4388,1632
4481,1547,4565,1547,4565,1632,4481,1632
3769,1669,3874,1669,3874,1743,3769,1743
3866,1669,3887,1669,3887,1743,3866,1743
3896,1669,3917,1669,3917,1743,3896,1743
4082,1663,4106,1663,4106,1748,4082,1748
4133,1663,4157,1663,4157,1748,4133,1748
4168,1663,4192,1663,4192,1748,4168,1748
4389,1663,4499,1663,4499,1748,4389,1748
4061,1795,4279,1795,4279,1876,4061,1876
4307,1795,4572,1795,4572,1876,4307,1876
4666,1547,4799,1547,4799,1632,4666,1632
4708,1663,4770,1663,4770,1748,4708,1748
1823,1711,1823,1717,1799,1717,1799,1711
1824,1746,1824,1752,1800,1752,1800,1746
1562,1776,1568,1776,1568,1799,1562,1799
1598,1775,1604,1775,1604,1798,1598,1798
1634,1775,1640,1775,1640,1798,1634,1798
1670,1774,1676,1774,1676,1797,1670,1797
1706,1774,1712,1774,1712,1797,1706,1797
1739,1774,1745,1774,1745,1797,1739,1797
1775,1773,1781,1773,1781,1796,1775,1796
1523,1829,1523,1827,1535,1827,1535,1829
1523,1864,1523,1862,1535,1862,1535,1864
1926,1894,1926,1846,1960,1846,1960,1894
1523,1899,1523,1897,1535,1897,1535,1899
1523,1935,1523,1933,1535,1933,1535,1935
1696,2036,1702,2036,1702,2061,1696,2061
1727,2036,1733,2036,1733,2061,1727,2061
1763,2036,1769,2036,1769,2061,1763,2061
1797,2036,1803,2036,1803,2061,1797,2061
1834,2036,1840,2036,1840,2061,1834,2061
1870,2036,1876,2036,1876,2061,1870,2061
1904,2036,1910,2036,1910,2061,1904,2061
1940,2036,1946,2036,1946,2061,1940,2061
2116,2041,2119,2041,2119,2055,2116,2055
2152,2042,2155,2042,2155,2056,2152,2056
2187,2043,2190,2043,2190,2057,2187,2057
1809,2082,1809,2087,1788,2087,1788,2082
2234,2082,2234,2087,2213,2087,2213,2082
3875,1993,4071,1993,4071,2039,3875,2039
4106,1993,4119,1993,4119,2039,4106,2039
4147,1993,4355,1993,4355,2039,4147,2039
3874,2063,4128,2063,4128,2111,3874,2111
3874,2137,3979,2137,3979,2181,3874,2181
4006,2137,4055,2137,4055,2181,4006,2181
4072,2137,4196,2137,4196,2181,4072,2181
4227,2137,4239,2137,4239,2181,4227,2181
4236,2137,4325,2137,4325,2181,4236,2181
2448,2100,2452,2100,2452,2117,2448,2117
2484,2100,2488,2100,2488,2117,2484,2117
2518,2099,2522,2099,2522,2116,2518,2116
2554,2099,2558,2099,2558,2116,2554,2116
2588,2099,2592,2099,2592,2116,2588,2116
2624,2098,2628,2098,2628,2115,2624,2115
2660,2098,2664,2098,2664,2115,2660,2115
1809,2117,1809,2122,1788,2122,1788,2117
2235,2118,2235,2123,2214,2123,2214,2118
4554,1993,4598,1993,4598,2041,4554,2041
4605,1993,4618,1993,4618,2041,4605,2041
4620,1993,4672,1993,4672,2041,4620,2041
4690,1993,4760,1993,4760,2041,4690,2041
4558,2063,4603,2063,4603,2111,4558,2111
4605,2063,4618,2063,4618,2111,4605,2111
4627,2063,4670,2063,4670,2111,4627,2111
4690,2063,4760,2063,4760,2111,4690,2111
4550,2134,4563,2134,4563,2181,4550,2181
4579,2134,4592,2134,4592,2181,4579,2181
4595,2134,4638,2134,4638,2181,4595,2181
4654,2134,4732,2134,4732,2181,4654,2181
4552,2202,4605,2202,4605,2260,4552,2260
4609,2202,4625,2202,4625,2260,4609,2260
4625,2202,4668,2202,4668,2260,4625,2260
4689,2202,4763,2202,4763,2260,4689,2260
2421,2147,2421,2150,2406,2150,2406,2147
1306,2147,1309,2147,1309,2162,1306,2162
1341,2147,1344,2147,1344,2162,1341,2162
1808,2153,1808,2158,1787,2158,1787,2153
2235,2153,2235,2158,2214,2158,2214,2153
1339,2147,1386,2144,1389,2191,1342,2194
2421,2183,2421,2186,2406,2186,2406,2183
2236,2188,2236,2193,2215,2193,2215,2188
1807,2190,1807,2195,1786,2195,1786,2190
1807,2207,1807,2213,1786,2213,1786,2207
2421,2218,2421,2221,2406,2221,2406,2218
1331,2219,1334,2219,1334,2234,1331,2234
1366,2219,1369,2219,1369,2234,1366,2234
1401,2219,1404,2219,1404,2234,1401,2234
2237,2225,2237,2230,2216,2230,2216,2225
1145,2217,1240,2217,1240,2286,1145,2286
1264,2217,1315,2217,1315,2286,1264,2286
1325,2217,1448,2217,1448,2286,1325,2286
1469,2217,1489,2217,1489,2286,1469,2286
1487,2217,1576,2217,1576,2286,1487,2286
2421,2253,2421,2256,2406,2256,2406,2253
2237,2258,2237,2263,2216,2263,2216,2258
2421,2288,2421,2291,2406,2291,2406,2288
2238,2296,2238,2301,2217,2301,2217,2296
2421,2323,2421,2326,2406,2326,2406,2323
2239,2331,2239,2336,2218,2336,2218,2331
1226,2327,1231,2327,1231,2348,1226,2348
1270,2327,1275,2327,1275,2348,1270,2348
1671,2326,1680,2326,1681,2361,1672,2361
1692,2325,1701,2325,1702,2360,1693,2360
1718,2324,1727,2324,1728,2359,1719,2359
1739,2324,1748,2324,1749,2359,1740,2359
1764,2323,1773,2323,1774,2358,1765,2358
1790,2322,1799,2322,1800,2357,1791,2357
1670,2366,1679,2366,1680,2401,1671,2401
1696,2365,1705,2365,1706,2400,1697,2400
1717,2364,1726,2364,1727,2399,1718,2399
1742,2364,1751,2364,1752,2399,1743,2399
1764,2363,1773,2363,1774,2398,1765,2398
1789,2362,1798,2362,1799,2397,1790,2397
3719,2482,3807,2482,3807,2518,3719,2518
3823,2482,3833,2482,3833,2518,3823,2518
3839,2482,3878,2482,3878,2518,3839,2518
3893,2482,3999,2482,3999,2518,3893,2518
4009,2482,4060,2482,4060,2518,4009,2518
4073,2482,4199,2482,4199,2518,4073,2518
4214,2482,4260,2482,4260,2518,4214,2518
4265,2482,4367,2482,4367,2518,4265,2518
4384,2482,4455,2482,4455,2518,4384,2518
4465,2482,4529,2482,4529,2518,4465,2518
4547,2482,4598,2482,4598,2518,4547,2518
4610,2482,4706,2482,4706,2518,4610,2518
4718,2482,4871,2482,4871,2518,4718,2518
3882,2538,4145,2538,4145,2600,3882,2600
4555,2537,4606,2537,4606,2606,4555,2606
4610,2537,4699,2537,4699,2606,4610,2606
3903,2746,4061,2750,4060,2782,3902,2778
3766,2818,3806,2818,3806,2854,3766,2854
3767,2854,3827,2855,3827,2891,3767,2890
3767,2894,3831,2895,3831,2929,3767,2928
3767,2937,3803,2935,3804,2960,3768,2962
3769,2973,3803,2973,3803,3004,3769,3004
3767,3009,3805,3004,3810,3044,3772,3049
3885,2818,3895,2818,3895,2854,3885,2854
3903,2818,3980,2818,3980,2854,3903,2854
3997,2818,4106,2818,4106,2854,3997,2854
3883,2855,3892,2855,3892,2890,3883,2890
3897,2855,4011,2856,4011,2892,3897,2891
4023,2856,4114,2857,4114,2893,4023,2892
4134,2857,4215,2858,4215,2894,4134,2893
3883,2895,3892,2895,3892,2929,3883,2929
3906,2895,4011,2896,4011,2931,3906,2930
4032,2896,4134,2897,4134,2932,4032,2931
4144,2897,4259,2898,4259,2932,4144,2931
3881,2938,3889,2938,3889,2969,3881,2969
3899,2938,3978,2938,3978,2969,3899,2969
3985,2938,4103,2938,4103,2969,3985,2969
3877,2972,3886,2972,3886,3006,3877,3006
3899,2972,4011,2972,4011,3006,3899,3006
4029,2972,4174,2972,4174,3006,4029,3006
3879,3010,3888,3010,3888,3045,3879,3045
3901,3010,4010,3010,4010,3045,3901,3045
4019,3010,4028,3010,4028,3045,4019,3045
4031,3010,4081,3010,4081,3045,4031,3045
4095,3010,4358,3010,4358,3045,4095,3045
3881,3050,3889,3050,3889,3081,3881,3081
3899,3050,3973,3051,3973,3083,3899,3082
3990,3052,4024,3052,4024,3083,3990,3083
4036,3052,4176,3054,4176,3086,4036,3084
3878,3088,3887,3088,3887,3122,3878,3122
3899,3088,3993,3088,3993,3122,3899,3122
4006,3088,4125,3088,4125,3122,4006,3122
3878,3128,3886,3128,3886,3160,3878,3160
3898,3128,3968,3128,3968,3160,3898,3160
3978,3128,3986,3128,3986,3160,3978,3160
3985,3128,4065,3128,4065,3160,3985,3160
3875,3164,3885,3164,3885,3200,3875,3200
3889,3164,3981,3164,3981,3200,3889,3200
3986,3164,3996,3164,3996,3200,3986,3200
3996,3164,4077,3164,4077,3200,3996,3200
2448,3058,2513,3058,2513,3093,2448,3093
2525,3058,2551,3058,2551,3093,2525,3093
2572,3057,2736,3056,2736,3092,2572,3093
2742,3057,2783,3057,2783,3092,2742,3092
2799,3056,3031,3055,3031,3091,2799,3092
3046,3055,3218,3054,3218,3090,3046,3091
3233,3055,3265,3055,3265,3090,3233,3090
3276,3055,3332,3055,3332,3090,3276,3090
3343,3055,3352,3055,3352,3090,3343,3090
3361,3055,3381,3055,3381,3090,3361,3090
3400,3054,3502,3054,3502,3089,3400,3089
3514,3054,3546,3054,3546,3089,3514,3089
2440,3096,2553,3096,2553,3128,2440,3128
2564,3096,2587,3096,2587,3128,2564,3128
2601,3096,2745,3096,2745,3128,2601,3128
2767,3096,2775,3096,2775,3128,2767,3128
2780,3096,2788,3096,2788,3128,2780,3128
2790,3096,2798,3096,2798,3128,2790,3128
2812,3096,2938,3096,2938,3128,2812,3128
2947,3096,2998,3096,2998,3128,2947,3128
3006,3096,3208,3096,3208,3128,3006,3128
3223,3096,3288,3096,3288,3128,3223,3128
3297,3096,3348,3096,3348,3128,3297,3128
3364,3096,3468,3096,3468,3128,3364,3128
3479,3096,3515,3096,3515,3128,3479,3128
2442,3134,2621,3134,2621,3166,2442,3166
2638,3134,2667,3134,2667,3166,2638,3166
2686,3134,2694,3134,2694,3166,2686,3166
2699,3134,2707,3134,2707,3166,2699,3166
2710,3134,2889,3134,2889,3166,2710,3166
2894,3134,2902,3134,2902,3166,2894,3166
2440,3174,2494,3174,2494,3205,2440,3205
2508,3174,2664,3174,2664,3205,2508,3205
2679,3174,2738,3174,2738,3205,2679,3205
2750,3174,2875,3174,2875,3205,2750,3205
2880,3174,2888,3174,2888,3205,2880,3205
2901,3174,3002,3174,3002,3205,2901,3205
3019,3174,3047,3174,3047,3205,3019,3205
3056,3174,3064,3174,3064,3205,3056,3205
3063,3174,3071,3174,3071,3205,3063,3205
3073,3174,3275,3174,3275,3205,3073,3205
3283,3174,3332,3174,3332,3205,3283,3205
3347,3174,3536,3174,3536,3205,3347,3205
2444,3210,2511,3210,2511,3242,2444,3242
2519,3210,2615,3210,2615,3242,2519,3242
2631,3210,2639,3210,2639,3242,2631,3242
2658,3210,2707,3210,2707,3242,2658,3242
2724,3210,2836,3210,2836,3242,2724,3242
2839,3210,2847,3210,2847,3242,2839,3242
2864,3210,2936,3210,2936,3242,2864,3242
2947,3210,3127,3210,3127,3242,2947,3242
3142,3210,3178,3210,3178,3242,3142,3242
3188,3210,3280,3210,3280,3242,3188,3242
3299,3210,3350,3210,3350,3242,3299,3242
3365,3210,3472,3210,3472,3242,3365,3242
3487,3210,3533,3210,3533,3242,3487,3242
3551,3210,3574,3210,3574,3242,3551,3242
2446,3250,2492,3250,2492,3285,2446,3285
2507,3249,2633,3248,2633,3284,2507,3285
2644,3248,2684,3248,2684,3284,2644,3284
2695,3248,2808,3247,2808,3283,2695,3284
2825,3247,2834,3247,2834,3282,2825,3282
2839,3247,2848,3247,2848,3282,2839,3282
2848,3247,3024,3246,3024,3282,2848,3283
3032,3246,3041,3246,3041,3281,3032,3281
3764,3046,3809,3046,3809,3086,3764,3086
3766,3084,3811,3084,3811,3124,3766,3124
3764,3122,3809,3122,3809,3162,3764,3162
3761,3164,3814,3164,3814,3200,3761,3200
4488,3150,4498,3150,4498,3186,4488,3186
4505,3150,4677,3150,4677,3186,4505,3186
4696,3150,4716,3150,4716,3186,4696,3186
4729,3150,4851,3150,4851,3186,4729,3186
4486,3218,4495,3218,4495,3252,4486,3252
4507,3218,4616,3218,4616,3252,4507,3252
4632,3218,4657,3218,4657,3252,4632,3252
4669,3218,4725,3218,4725,3252,4669,3252
4731,3218,4740,3218,4740,3252,4731,3252
4739,3218,4865,3218,4865,3252,4739,3252
4504,3250,4589,3250,4589,3286,4504,3286
4609,3250,4619,3250,4619,3286,4609,3286
4639,3250,4649,3250,4649,3286,4639,3286
4654,3250,4664,3250,4664,3286,4654,3286
4663,3250,4696,3250,4696,3286,4663,3286
4709,3250,4719,3250,4719,3286,4709,3286
3582,3373,3626,3373,3626,3407,3582,3407
3997,3362,4097,3362,4097,3408,3997,3408
4107,3362,4120,3362,4120,3408,4107,3408
4290,3363,4338,3363,4338,3407,4290,3407
4348,3363,4360,3363,4360,3407,4348,3407
4366,3363,4415,3363,4415,3407,4366,3407
4420,3363,4432,3363,4432,3407,4420,3407
4434,3363,4534,3363,4534,3407,4434,3407
