3801,177,4449,177,4449,324,3801,324
3803,314,4442,314,4442,453,3803,453
1640,655,1633,699,1593,693,1600,649
4060,594,4517,594,4517,723,4060,723
2061,776,2318,776,2318,839,2061,839
4130,808,4214,808,4214,840,4130,840
4232,808,4273,808,4273,840,4232,840
4288,808,4472,808,4472,840,4288,840
2872,895,2872,844,2904,844,2904,895
2965,1058,3055,1062,3053,1105,2963,1101
3812,1040,4098,1040,4098,1080,3812,1080
1388,1178,1388,1176,1399,1177,1399,1179
673,1203,677,1203,677,1219,673,1219
1223,1182,1232,1182,1234,1216,1225,1217
2722,1187,2759,1187,2759,1209,2722,1209
704,1203,708,1203,708,1219,704,1219
741,1203,745,1203,745,1219,741,1219
776,1204,779,1204,779,1219,776,1219
813,1203,816,1203,816,1218,813,1218
848,1203,851,1203,851,1218,848,1218
883,1203,886,1203,886,1218,883,1218
919,1202,922,1202,922,1217,919,1217
1122,1187,1177,1184,1179,1220,1124,1223
1563,1194,1603,1192,1604,1211,1564,1213
953,1197,962,1197,964,1231,955,1232
989,1195,998,1195,1000,1229,991,1230
1025,1193,1034,1193,1036,1227,1027,1228
1037,1192,1069,1190,1071,1225,1039,1227
1333,1223,1329,1218,1349,1203,1353,1208
2261,1221,2263,1221,2263,1232,2261,1232
2282,1222,2284,1222,2284,1233,2282,1233
2306,1223,2308,1223,2308,1234,2306,1234
2329,1224,2331,1224,2331,1235,2329,1235
2375,1224,2376,1224,2376,1232,2375,1232
2400,1224,2401,1224,2401,1232,2400,1232
2423,1224,2424,1224,2424,1232,2423,1232
2470,1223,2471,1223,2471,1231,2470,1231
2683,1222,2685,1222,2685,1234,2683,1234
2707,1222,2709,1222,2709,1234,2707,1234
2730,1222,2732,1222,2732,1234,2730,1234
2754,1222,2756,1222,2756,1234,2754,1234
2778,1222,2780,1222,2780,1234,2778,1234
2802,1222,2804,1222,2804,1234,2802,1234
1212,1223,1246,1223,1246,1253,1212,1253
1636,1225,1669,1225,1669,1261,1636,1261
1356,1252,1352,1247,1372,1232,1376,1237
4209,1241,4246,1241,4246,1270,4209,1270
4286,1241,4378,1241,4378,1270,4286,1270
1375,1279,1371,1274,1391,1259,1395,1264
1398,1307,1394,1302,1414,1287,1418,1292
1144,1419,1147,1419,1147,1434,1144,1434
1179,1419,1182,1419,1182,1434,1179,1434
1248,1419,1251,1419,1251,1432,1248,1432
1283,1419,1286,1419,1286,1432,1283,1432
1322,1419,1327,1419,1325,1438,1320,1438
1358,1422,1363,1422,1361,1441,1356,1441
1400,1426,1405,1426,1403,1445,1398,1445
1344,1468,1344,1462,1369,1462,1369,1468
1217,1518,1225,1517,1228,1546,1220,1547
1253,1515,1261,1514,1264,1543,1256,1544
1289,1511,1297,1510,1300,1539,1292,1540
1344,1541,1344,1535,1369,1535,1369,1541
896,1535,1142,1535,1142,1581,896,1581
1167,1535,1180,1535,1180,1581,1167,1581
1613,1535,1858,1535,1858,1581,1613,1581
1878,1535,1891,1535,1891,1581,1878,1581
1344,1575,1344,1569,1369,1569,1369,1575
654,1621,654,1573,691,1573,691,1621
1998,1601,1998,1550,2030,1550,2030,1601
2321,1526,2502,1526,2502,1584,2321,1584
2532,1526,2548,1526,2548,1584,2532,1584
2573,1526,2766,1526,2766,1584,2573,1584
2519,1612,2563,1612,2563,1651,2519,1651
1344,1611,1344,1605,1369,1605,1369,1611
997,1612,1043,1612,1043,1652,997,1652
1725,1614,1773,1614,1773,1651,1725,1651
1344,1648,1344,1642,1369,1642,1369,1648
1344,1682,1344,1676,1369,1676,1369,1682
1344,1718,1344,1712,1369,1712,1369,1718
1071,1744,1077,1744,1077,1767,1071,1767
1107,1743,1113,1743,1113,1766,1107,1766
1143,1742,1149,1742,1149,1765,1143,1765
1179,1741,1185,1741,1185,1764,1179,1764
1215,1741,1221,1741,1221,1764,1215,1764
1249,1740,1255,1740,1255,1763,1249,1763
1285,1739,1291,1739,1291,1762,1285,1762
1321,1738,1327,1738,1327,1761,1321,1761
1344,1757,1344,1751,1369,1751,1369,1757
1061,1864,1061,1858,1084,1859,1084,1865
2868,1911,2868,1854,2908,1854,2908,1911
1058,1900,1058,1894,1081,1895,1081,1901
1686,1915,1686,1881,1748,1881,1748,1915
1056,1934,1056,1928,1079,1929,1079,1935
1054,1967,1054,1961,1077,1962,1077,1968
706,1956,712,1956,712,1979,706,1979
742,1956,748,1956,748,1979,742,1979
778,1956,784,1956,784,1979,778,1979
814,1956,820,1956,820,1979,814,1979
847,1956,853,1956,853,1979,847,1979
883,1956,889,1956,889,1979,883,1979
919,1956,925,1956,925,1979,919,1979
955,1956,961,1956,961,1979,955,1979
989,1956,995,1956,995,1979,989,1979
1025,1956,1031,1956,1031,1979,1025,1979
1063,1956,1069,1956,1069,1979,1063,1979
1243,1964,1249,1964,1249,1987,1243,1987
1279,1964,1285,1964,1285,1987,1279,1987
1315,1964,1321,1964,1321,1987,1315,1987
1349,1964,1355,1964,1355,1987,1349,1987
1385,1964,1389,1964,1389,1987,1385,1987
1428,1964,1431,1964,1431,1987,1428,1987
1493,1964,1499,1964,1499,1987,1493,1987
1526,1964,1532,1964,1532,1987,1526,1987
1562,1964,1568,1964,1568,1987,1562,1987
1598,1964,1604,1964,1604,1987,1598,1987
1651,1964,1657,1964,1657,1987,1651,1987
3717,1547,3980,1547,3980,1632,3717,1632
4035,1547,4238,1547,4238,1632,4035,1632
4302,1547,4380,1547,4380,1632,4302,1632
4399,1547,4463,1547,4463,1632,4399,1632
4481,1547,4565,1547,4565,1632,4481,1632
4666,1547,4797,1547,4797,1632,4666,1632
3768,1676,3871,1676,3871,1732,3768,1732
3867,1676,3883,1676,3883,1732,3867,1732
3895,1676,3911,1676,3911,1732,3895,1732
4085,1663,4109,1663,4109,1748,4085,1748
4137,1663,4161,1663,4161,1748,4137,1748
4082,1663,4101,1663,4101,1748,4082,1748
4355,1663,4494,1663,4494,1748,4355,1748
4702,1663,4766,1663,4766,1748,4702,1748
4067,1795,4286,1795,4286,1872,4067,1872
4308,1795,4568,1795,4568,1872,4308,1872
3847,1913,4043,1913,4043,1961,3847,1961
4077,1913,4090,1913,4090,1961,4077,1961
4119,1913,4324,1913,4324,1961,4119,1961
4524,1906,4569,1906,4569,1968,4524,1968
4576,1906,4593,1906,4593,1968,4576,1968
4593,1906,4638,1906,4638,1968,4593,1968
4655,1906,4735,1906,4735,1968,4655,1968
3840,1985,4095,1985,4095,2031,3840,2031
4130,1985,4143,1985,4143,2031,4130,2031
4530,1978,4575,1978,4575,2040,4530,2040
4576,1978,4593,1978,4593,2040,4576,2040
4593,1978,4638,1978,4638,2040,4593,2040
4655,1978,4735,1978,4735,2040,4655,2040
3842,2057,4096,2057,4096,2105,3842,2105
4123,2057,4136,2057,4136,2105,4123,2105
4522,2054,4537,2054,4537,2108,4522,2108
4550,2054,4565,2054,4565,2108,4550,2108
4572,2054,4602,2054,4602,2108,4572,2108
4628,2054,4707,2054,4707,2108,4628,2108
3847,2127,4050,2127,4050,2175,3847,2175
4522,2126,4537,2126,4537,2180,4522,2180
4550,2126,4565,2126,4565,2180,4550,2180
4563,2126,4613,2126,4613,2180,4563,2180
4628,2126,4707,2126,4707,2180,4628,2180
3842,2199,3952,2199,3952,2247,3842,2247
3976,2199,4028,2199,4028,2247,3976,2247
4044,2199,4172,2199,4172,2247,4044,2247
4522,2198,4537,2198,4537,2252,4522,2252
4550,2198,4565,2198,4565,2252,4550,2252
4565,2198,4605,2198,4605,2252,4565,2252
4628,2198,4707,2198,4707,2252,4628,2252
4529,2271,4542,2271,4542,2319,4529,2319
4549,2271,4562,2271,4562,2319,4549,2319
4568,2271,4603,2271,4603,2319,4568,2319
4626,2271,4705,2271,4705,2319,4626,2319
4517,2342,4567,2342,4567,2396,4517,2396
4576,2342,4591,2342,4591,2396,4576,2396
4592,2342,4652,2342,4652,2396,4592,2396
4662,2342,4731,2342,4731,2396,4662,2396
1649,2016,1649,2021,1628,2021,1628,2016
1649,2049,1649,2054,1628,2054,1628,2049
860,2031,869,2030,872,2064,863,2065
895,2028,904,2027,907,2061,898,2062
802,2079,810,2079,812,2108,804,2108
845,2077,891,2074,893,2103,847,2106
996,2068,1033,2066,1035,2095,998,2097
1045,2066,1053,2066,1055,2095,1047,2095
2061,2077,2065,2077,2065,2094,2061,2094
2095,2077,2099,2077,2099,2094,2095,2094
2131,2077,2135,2077,2135,2094,2131,2094
2165,2077,2169,2077,2169,2094,2165,2094
1649,2085,1649,2090,1628,2090,1628,2085
2201,2077,2205,2077,2205,2094,2201,2094
2273,2076,2277,2076,2277,2093,2273,2093
2237,2077,2241,2077,2241,2094,2237,2094
2308,2076,2312,2076,2312,2093,2308,2093
2344,2076,2348,2076,2348,2093,2344,2093
2380,2076,2384,2076,2384,2093,2380,2093
2414,2076,2418,2076,2418,2093,2414,2093
2450,2076,2454,2076,2454,2093,2450,2093
2486,2076,2490,2076,2490,2093,2486,2093
2520,2076,2524,2076,2524,2093,2520,2093
2556,2076,2560,2076,2560,2093,2556,2093
2592,2076,2596,2076,2596,2093,2592,2093
2628,2076,2632,2076,2632,2093,2628,2093
2662,2076,2666,2076,2666,2093,2662,2093
2698,2076,2702,2076,2702,2093,2698,2093
2734,2075,2738,2075,2738,2092,2734,2092
2768,2075,2772,2075,2772,2092,2768,2092
2036,2087,2036,2090,2022,2090,2022,2087
2804,2075,2808,2075,2808,2092,2804,2092
2840,2075,2844,2075,2844,2092,2840,2092
2875,2075,2879,2075,2879,2092,2875,2092
2943,2075,2947,2075,2947,2092,2943,2092
1239,2088,1245,2088,1245,2113,1239,2113
1273,2088,1279,2088,1279,2113,1273,2113
1310,2088,1316,2088,1316,2113,1310,2113
1343,2088,1349,2088,1349,2113,1343,2113
1380,2088,1386,2088,1386,2113,1380,2113
1416,2088,1422,2088,1422,2113,1416,2113
1450,2088,1456,2088,1456,2113,1450,2113
1484,2088,1490,2088,1490,2113,1484,2113
1686,2142,1686,2098,1748,2098,1748,2142
2035,2120,2035,2123,2021,2123,2021,2120
2034,2155,2034,2158,2020,2158,2020,2155
767,2162,868,2159,869,2218,769,2221
890,2159,944,2158,945,2216,891,2217
955,2157,1074,2154,1075,2213,957,2216
1263,2129,1452,2129,1452,2203,1263,2203
1675,2086,1674,2099,1627,2096,1628,2083
1673,2125,1672,2138,1625,2135,1626,2122
1671,2158,1670,2171,1623,2168,1624,2155
1670,2177,1669,2190,1622,2187,1623,2174
1667,2230,1666,2243,1619,2240,1620,2227
1666,2256,1664,2299,1616,2296,1618,2253
2032,2192,2032,2195,2018,2195,2018,2192
2920,2267,2920,2259,2949,2260,2949,2268
2921,2255,2921,2247,2950,2248,2950,2256
2921,2226,2922,2189,2952,2190,2951,2227
2923,2159,2923,2151,2952,2152,2952,2160
2923,2126,2923,2118,2952,2119,2952,2127
2952,2311,2952,2252,2986,2252,2986,2311
2952,2220,2952,2170,2986,2170,2986,2220
2031,2225,2031,2228,2017,2228,2017,2225
684,2294,684,2288,708,2288,708,2294
3830,2278,3923,2270,3927,2317,3834,2325
1686,2407,1686,2372,1748,2372,1748,2407
1686,2322,1686,2243,1748,2243,1748,2322
684,2329,684,2323,708,2323,708,2329
2485,2329,2539,2329,2539,2358,2485,2358
684,2364,684,2358,708,2358,708,2364
684,2407,684,2401,708,2401,708,2407
2164,2436,2167,2436,2168,2450,2165,2450
2310,2434,2314,2434,2314,2452,2310,2452
2344,2434,2348,2434,2348,2452,2344,2452
2380,2434,2384,2434,2384,2452,2380,2452
2415,2434,2419,2434,2419,2452,2415,2452
2453,2433,2457,2433,2457,2451,2453,2451
2485,2433,2489,2433,2489,2451,2485,2451
2521,2433,2525,2433,2525,2451,2521,2451
2557,2433,2561,2433,2561,2451,2557,2451
2593,2433,2597,2433,2597,2451,2593,2451
2628,2433,2632,2433,2632,2451,2628,2451
2664,2433,2668,2433,2668,2451,2664,2451
2698,2432,2702,2432,2702,2450,2698,2450
2746,2441,2746,2446,2725,2446,2725,2441
2770,2432,2774,2432,2774,2450,2770,2450
2804,2432,2808,2432,2808,2450,2804,2450
2322,2475,2322,2480,2301,2480,2301,2475
2463,2475,2463,2480,2442,2480,2442,2475
2746,2476,2746,2481,2725,2481,2725,2476
2633,2498,2668,2498,2668,2517,2633,2517
3719,2482,3806,2482,3806,2516,3719,2516
3823,2482,3832,2482,3832,2516,3823,2516
3840,2482,3878,2482,3878,2516,3840,2516
3892,2482,3994,2482,3994,2516,3892,2516
4013,2482,4061,2482,4061,2516,4013,2516
4072,2482,4198,2482,4198,2516,4072,2516
4211,2482,4260,2482,4260,2516,4211,2516
4269,2482,4369,2482,4369,2516,4269,2516
4384,2482,4455,2482,4455,2516,4384,2516
4464,2482,4528,2482,4528,2516,4464,2516
4544,2482,4597,2482,4597,2516,4544,2516
4608,2482,4707,2482,4707,2516,4608,2516
4716,2482,4870,2482,4870,2516,4716,2516
2790,2499,2795,2499,2795,2518,2790,2518
2322,2510,2322,2515,2301,2515,2301,2510
2231,2456,2231,2462,2208,2462,2208,2456
2231,2480,2231,2486,2208,2486,2208,2480
2231,2504,2231,2510,2208,2510,2208,2504
2231,2528,2231,2534,2208,2534,2208,2528
2231,2549,2231,2555,2208,2555,2208,2549
2231,2573,2231,2579,2208,2579,2208,2573
2746,2512,2746,2517,2725,2517,2725,2512
2322,2546,2322,2551,2301,2551,2301,2546
3000,2588,3024,2588,3024,2596,3000,2596
3846,2569,4114,2569,4114,2613,3846,2613
4528,2561,4576,2561,4576,2626,4528,2626
4589,2561,4660,2561,4660,2626,4589,2626
3012,2599,3014,2599,3013,2609,3011,2609
3903,2746,4061,2750,4060,2782,3902,2778
3766,2818,3806,2818,3806,2854,3766,2854
3767,2854,3827,2855,3827,2891,3767,2890
3767,2894,3831,2895,3831,2929,3767,2928
3767,2937,3803,2935,3804,2960,3768,2962
3769,2973,3803,2973,3803,3004,3769,3004
3885,2818,3895,2818,3895,2854,3885,2854
3903,2818,3980,2818,3980,2854,3903,2854
3997,2818,4106,2818,4106,2854,3997,2854
3883,2855,3892,2855,3892,2890,3883,2890
3897,2855,4011,2856,4011,2892,3897,2891
4023,2856,4114,2857,4114,2893,4023,2892
4134,2857,4215,2858,4215,2894,4134,2893
3883,2895,3892,2895,3892,2929,3883,2929
3906,2895,4011,2896,4011,2931,3906,2930
4032,2896,4134,2897,4134,2932,4032,2931
4144,2897,4259,2898,4259,2932,4144,2931
3881,2938,3889,2938,3889,2969,3881,2969
3899,2938,3978,2938,3978,2969,3899,2969
3985,2938,4103,2938,4103,2969,3985,2969
3877,2972,3886,2972,3886,3006,3877,3006
3899,2972,4011,2972,4011,3006,3899,3006
4029,2972,4174,2972,4174,3006,4029,3006
3879,3010,3888,3010,3888,3045,3879,3045
3901,3010,4010,3010,4010,3045,3901,3045
4019,3010,4028,3010,4028,3045,4019,3045
4031,3010,4081,3010,4081,3045,4031,3045
4095,3010,4358,3010,4358,3045,4095,3045
3881,3050,3889,3050,3889,3081,3881,3081
3899,3050,3973,3051,3973,3083,3899,3082
3990,3052,4024,3052,4024,3083,3990,3083
4036,3052,4176,3054,4176,3086,4036,3084
3878,3088,3887,3088,3887,3122,3878,3122
3899,3088,3993,3088,3993,3122,3899,3122
4006,3088,4125,3088,4125,3122,4006,3122
3878,3128,3886,3128,3886,3160,3878,3160
3898,3128,3968,3128,3968,3160,3898,3160
3978,3128,3986,3128,3986,3160,3978,3160
3985,3128,4065,3128,4065,3160,3985,3160
3875,3164,3885,3164,3885,3200,3875,3200
3889,3164,3981,3164,3981,3200,3889,3200
3986,3164,3996,3164,3996,3200,3986,3200
3996,3164,4077,3164,4077,3200,3996,3200
3766,3014,3807,3011,3809,3042,3768,3045
3764,3046,3809,3046,3809,3086,3764,3086
3763,3090,3807,3081,3815,3120,3771,3129
2448,3058,2513,3058,2513,3093,2448,3093
2525,3058,2551,3058,2551,3093,2525,3093
2572,3057,2736,3056,2736,3092,2572,3093
2742,3057,2783,3057,2783,3092,2742,3092
2799,3056,3031,3055,3031,3091,2799,3092
3046,3055,3218,3054,3218,3090,3046,3091
3233,3055,3265,3055,3265,3090,3233,3090
3276,3055,3332,3055,3332,3090,3276,3090
3343,3055,3352,3055,3352,3090,3343,3090
3361,3055,3381,3055,3381,3090,3361,3090
3400,3054,3502,3054,3502,3089,3400,3089
3514,3054,3546,3054,3546,3089,3514,3089
2440,3096,2553,3096,2553,3128,2440,3128
2564,3096,2587,3096,2587,3128,2564,3128
2601,3096,2745,3096,2745,3128,2601,3128
2767,3096,2775,3096,2775,3128,2767,3128
2780,3096,2788,3096,2788,3128,2780,3128
2790,3096,2798,3096,2798,3128,2790,3128
2812,3096,2938,3096,2938,3128,2812,3128
2947,3096,2998,3096,2998,3128,2947,3128
3006,3096,3208,3096,3208,3128,3006,3128
3223,3096,3288,3096,3288,3128,3223,3128
3297,3096,3348,3096,3348,3128,3297,3128
3364,3096,3468,3096,3468,3128,3364,3128
3479,3096,3515,3096,3515,3128,3479,3128
2442,3134,2621,3134,2621,3166,2442,3166
2638,3134,2667,3134,2667,3166,2638,3166
2686,3134,2694,3134,2694,3166,2686,3166
2699,3134,2707,3134,2707,3166,2699,3166
2710,3134,2889,3134,2889,3166,2710,3166
2894,3134,2902,3134,2902,3166,2894,3166
2440,3174,2494,3174,2494,3205,2440,3205
2508,3174,2664,3174,2664,3205,2508,3205
2679,3174,2738,3174,2738,3205,2679,3205
2750,3174,2875,3174,2875,3205,2750,3205
2880,3174,2888,3174,2888,3205,2880,3205
2901,3174,3002,3174,3002,3205,2901,3205
3019,3174,3047,3174,3047,3205,3019,3205
3056,3174,3064,3174,3064,3205,3056,3205
3063,3174,3071,3174,3071,3205,3063,3205
3073,3174,3275,3174,3275,3205,3073,3205
3283,3174,3332,3174,3332,3205,3283,3205
3347,3174,3536,3174,3536,3205,3347,3205
2444,3210,2511,3210,2511,3242,2444,3242
2519,3210,2615,3210,2615,3242,2519,3242
2631,3210,2639,3210,2639,3242,2631,3242
2658,3210,2707,3210,2707,3242,2658,3242
2724,3210,2836,3210,2836,3242,2724,3242
2839,3210,2847,3210,2847,3242,2839,3242
2864,3210,2936,3210,2936,3242,2864,3242
2947,3210,3127,3210,3127,3242,2947,3242
3142,3210,3178,3210,3178,3242,3142,3242
3188,3210,3280,3210,3280,3242,3188,3242
3299,3210,3350,3210,3350,3242,3299,3242
3365,3210,3472,3210,3472,3242,3365,3242
3487,3210,3533,3210,3533,3242,3487,3242
3551,3210,3574,3210,3574,3242,3551,3242
2446,3250,2492,3250,2492,3285,2446,3285
2507,3249,2633,3248,2633,3284,2507,3285
2644,3248,2684,3248,2684,3284,2644,3284
2695,3248,2808,3247,2808,3283,2695,3284
2825,3247,2834,3247,2834,3282,2825,3282
2839,3247,2848,3247,2848,3282,2839,3282
2848,3247,3024,3246,3024,3282,2848,3283
3032,3246,3041,3246,3041,3281,3032,3281
3764,3122,3809,3122,3809,3162,3764,3162
3761,3164,3814,3164,3814,3200,3761,3200
4486,3156,4497,3156,4497,3196,4486,3196
4505,3156,4679,3156,4679,3196,4505,3196
4694,3156,4724,3156,4724,3196,4694,3196
4729,3156,4855,3156,4855,3196,4729,3196
4488,3226,4496,3226,4496,3258,4488,3258
4507,3226,4619,3226,4619,3258,4507,3258
4630,3226,4660,3226,4660,3258,4630,3258
4669,3226,4728,3226,4728,3258,4669,3258
4732,3226,4740,3226,4740,3258,4732,3258
4743,3226,4869,3226,4869,3258,4743,3258
4506,3258,4591,3258,4591,3292,4506,3292
4613,3258,4622,3258,4622,3292,4613,3292
4641,3258,4650,3258,4650,3292,4641,3292
4655,3258,4664,3258,4664,3292,4655,3292
4668,3258,4693,3258,4693,3292,4668,3292
4714,3258,4723,3258,4723,3292,4714,3292
3582,3373,3626,3373,3626,3407,3582,3407
3999,3363,4098,3366,4097,3408,3998,3405
4112,3367,4123,3367,4122,3408,4111,3408
4290,3363,4338,3363,4338,3407,4290,3407
4348,3363,4360,3363,4360,3407,4348,3407
4366,3363,4415,3363,4415,3407,4366,3407
4420,3363,4432,3363,4432,3407,4420,3407
4434,3363,4534,3363,4534,3407,4434,3407
