3801,177,4449,177,4449,324,3801,324
3803,314,4442,314,4442,453,3803,453
2478,605,2481,605,2481,620,2478,620
2513,605,2516,605,2516,620,2513,620
1792,666,1793,658,1822,661,1821,669
1796,630,1797,622,1826,625,1825,633
2617,658,2617,664,2594,664,2594,658
1935,646,1935,652,1911,652,1911,646
1935,669,1935,675,1911,675,1911,669
1935,694,1935,700,1911,700,1911,694
1935,716,1935,722,1911,722,1911,716
1936,669,1936,665,1954,665,1954,669
4060,599,4532,599,4532,727,4060,727
2617,694,2617,700,2594,700,2594,694
1936,705,1936,701,1954,701,1954,705
1982,667,2120,667,2120,698,1982,698
2067,660,2171,660,2171,707,2067,707
1983,726,1992,726,1991,760,1982,760
2015,727,2024,727,2023,761,2014,761
2050,729,2059,729,2058,763,2049,763
2088,730,2125,731,2124,765,2087,764
2617,730,2617,736,2594,736,2594,730
1554,746,1557,746,1557,760,1554,760
1692,727,1702,727,1702,765,1692,765
1728,727,1738,727,1738,765,1728,765
1766,727,1776,727,1776,765,1766,765
1805,727,1815,727,1815,765,1805,765
1590,748,1593,748,1593,762,1590,762
1625,749,1628,749,1628,763,1625,763
2048,745,2050,745,2050,757,2048,757
2088,745,2091,745,2091,759,2088,759
2120,746,2123,746,2123,760,2120,760
2156,747,2159,747,2159,761,2156,761
2190,748,2192,748,2192,759,2190,759
2312,770,2310,740,2322,739,2324,769
2617,763,2617,769,2594,769,2594,763
2617,799,2617,805,2594,805,2594,799
4130,808,4214,808,4214,840,4130,840
4232,808,4273,808,4273,840,4232,840
4288,808,4472,808,4472,840,4288,840
2617,835,2617,841,2594,841,2594,835
2119,824,2173,826,2172,861,2118,859
2228,828,2237,828,2236,862,2227,862
1081,858,1089,857,1092,886,1084,887
1111,855,1119,854,1122,883,1114,884
1133,853,1179,849,1181,879,1136,883
527,892,527,895,514,894,514,891
1589,885,1593,885,1593,903,1589,903
1623,885,1627,885,1627,903,1623,903
2617,905,2617,911,2594,911,2594,905
525,916,525,919,512,918,512,915
1672,752,1672,758,1649,758,1649,752
1672,788,1672,794,1649,794,1649,788
1672,824,1672,830,1649,830,1649,824
1672,854,1672,909,1649,909,1649,854
1672,930,1672,936,1649,936,1649,930
1672,966,1672,972,1649,972,1649,966
1672,999,1672,1005,1649,1005,1649,999
1672,1035,1672,1041,1649,1041,1649,1035
1672,1071,1672,1077,1649,1077,1649,1071
1804,954,1804,903,1836,903,1836,954
2617,941,2617,947,2594,947,2594,941
582,945,686,948,684,1010,580,1008
707,948,753,949,751,1012,705,1011
768,949,887,952,885,1016,766,1013
2617,977,2617,983,2594,983,2594,977
2221,996,2221,993,2235,993,2235,996
3838,995,3846,995,3846,1024,3838,1024
2617,1011,2617,1017,2594,1017,2594,1011
2221,1030,2221,1027,2235,1027,2235,1030
2617,1047,2617,1053,2594,1053,2594,1047
3913,1040,4025,1040,4025,1076,3913,1076
4060,1040,4079,1040,4079,1076,4060,1076
2221,1065,2221,1062,2235,1062,2235,1065
710,1069,760,1069,760,1090,710,1090
2617,1083,2617,1089,2594,1089,2594,1083
1106,1067,1396,1067,1396,1120,1106,1120
1508,1104,1508,1107,1493,1107,1493,1104
1661,1096,1667,1096,1667,1119,1661,1119
1697,1096,1703,1096,1703,1119,1697,1119
1730,1095,1736,1095,1736,1118,1730,1118
1766,1095,1772,1095,1772,1118,1766,1118
1802,1095,1808,1095,1808,1118,1802,1118
1872,1094,1878,1094,1878,1117,1872,1117
1908,1094,1914,1094,1914,1117,1908,1117
1944,1094,1950,1094,1950,1117,1944,1117
1980,1094,1986,1094,1986,1117,1980,1117
2016,1093,2022,1093,2022,1116,2016,1116
2049,1093,2055,1093,2055,1116,2049,1116
2085,1093,2091,1093,2091,1116,2085,1116
2121,1093,2127,1093,2127,1116,2121,1116
2221,1108,2221,1105,2235,1105,2235,1108
2157,1092,2163,1092,2163,1115,2157,1115
2191,1092,2197,1092,2197,1115,2191,1115
650,1120,656,1126,634,1148,628,1142
675,1145,681,1151,659,1173,653,1167
700,1169,706,1175,684,1197,678,1191
723,1192,729,1198,707,1220,701,1214
1508,1139,1508,1142,1493,1142,1493,1139
1508,1175,1508,1178,1493,1178,1493,1175
788,1189,796,1189,797,1218,789,1218
823,1187,860,1186,861,1216,824,1217
1092,1241,1095,1241,1095,1255,1092,1255
1126,1241,1129,1241,1129,1255,1126,1255
1162,1241,1165,1241,1165,1255,1162,1255
1331,1243,1333,1243,1333,1254,1331,1254
1366,1242,1368,1242,1368,1253,1366,1253
1401,1241,1403,1241,1403,1252,1401,1252
1437,1240,1439,1240,1439,1251,1437,1251
953,1246,953,1268,936,1268,936,1246
2063,1241,2248,1241,2248,1301,2063,1301
2280,1241,2297,1241,2297,1301,2280,1301
2325,1241,2517,1241,2517,1301,2325,1301
954,1293,954,1297,937,1297,937,1293
955,1328,955,1332,938,1332,938,1328
1986,1379,1990,1321,2025,1323,2021,1381
4269,1304,4285,1301,4297,1357,4281,1361
955,1364,955,1368,938,1368,938,1364
956,1400,956,1404,939,1404,939,1400
957,1434,957,1438,940,1438,940,1434
1018,1463,1021,1463,1021,1478,1018,1478
1051,1463,1054,1463,1054,1478,1051,1478
1241,1512,1241,1518,1218,1518,1218,1512
1241,1545,1241,1551,1218,1551,1218,1545
864,1545,906,1545,906,1578,864,1578
1567,1546,1617,1546,1617,1581,1567,1581
2316,1546,2362,1546,2362,1578,2316,1578
1242,1584,1242,1590,1219,1590,1219,1584
1243,1617,1243,1623,1220,1623,1220,1617
673,1629,689,1628,692,1686,676,1687
752,1625,984,1613,987,1672,755,1684
1015,1611,1031,1610,1034,1668,1018,1669
1427,1623,1666,1623,1666,1669,1427,1669
1691,1623,1704,1623,1704,1669,1691,1669
3717,1547,3980,1547,3980,1632,3717,1632
4035,1547,4238,1547,4238,1632,4035,1632
4302,1547,4380,1547,4380,1632,4302,1632
4399,1547,4463,1547,4463,1632,4399,1632
4481,1547,4565,1547,4565,1632,4481,1632
3771,1676,3871,1676,3871,1732,3771,1732
3867,1676,3883,1676,3883,1732,3867,1732
3895,1676,3911,1676,3911,1732,3895,1732
4072,1658,4202,1664,4198,1741,4068,1735
4384,1665,4493,1663,4494,1739,4385,1741
4666,1547,4797,1547,4797,1632,4666,1632
4710,1659,4766,1658,4767,1734,4711,1735
1243,1653,1243,1659,1220,1659,1220,1653
1805,1694,1805,1650,1836,1650,1836,1694
1244,1689,1244,1695,1221,1695,1221,1689
1244,1725,1244,1731,1221,1731,1221,1725
1245,1759,1245,1765,1222,1765,1222,1759
965,1805,963,1811,941,1801,943,1796
1053,1792,1057,1792,1057,1809,1053,1809
1087,1792,1091,1792,1091,1809,1087,1809
1123,1792,1127,1792,1127,1809,1123,1809
952,1836,950,1842,928,1832,930,1827
938,1870,936,1876,914,1866,916,1861
580,2009,583,2009,583,2023,580,2023
616,2009,619,2009,619,2023,616,2023
625,2005,630,2005,629,2026,624,2026
653,2006,658,2006,657,2027,652,2027
724,2008,729,2008,728,2029,723,2029
759,2009,764,2009,763,2030,758,2030
792,2010,797,2010,796,2031,791,2031
2530,2003,2562,2003,2562,2032,2530,2032
829,2011,834,2011,833,2032,828,2032
864,2011,869,2011,868,2032,863,2032
880,2012,919,2013,918,2034,879,2033
851,2055,989,2052,989,2070,851,2073
948,2045,1007,2045,1007,2074,948,2074
2110,2035,2112,2035,2112,2046,2110,2046
2133,2035,2135,2035,2135,2046,2133,2046
2155,2035,2157,2035,2157,2046,2155,2046
2181,2034,2183,2034,2183,2045,2181,2045
2206,2034,2208,2034,2208,2045,2206,2045
2227,2034,2229,2034,2229,2045,2227,2045
2251,2034,2253,2034,2253,2045,2251,2045
2275,2034,2277,2034,2277,2045,2275,2045
2298,2033,2300,2033,2300,2044,2298,2044
2322,2033,2324,2033,2324,2044,2322,2044
2346,2033,2348,2033,2348,2044,2346,2044
2369,2033,2371,2033,2371,2044,2369,2044
2391,2033,2393,2033,2393,2044,2391,2044
2416,2032,2418,2032,2418,2043,2416,2043
2441,2032,2443,2032,2443,2043,2441,2043
2464,2032,2466,2032,2466,2043,2464,2043
4059,1797,4276,1797,4276,1866,4059,1866
4307,1797,4570,1797,4570,1866,4307,1866
3845,1881,4045,1881,4045,1937,3845,1937
4078,1881,4094,1881,4094,1937,4078,1937
4126,1881,4324,1881,4324,1937,4126,1937
4522,1885,4566,1885,4566,1933,4522,1933
4578,1885,4591,1885,4591,1933,4578,1933
4593,1885,4645,1885,4645,1933,4593,1933
4656,1885,4735,1885,4735,1933,4656,1933
3842,1959,4096,1959,4096,2007,3842,2007
4128,1959,4141,1959,4141,2007,4128,2007
4525,1959,4575,1959,4575,2005,4525,2005
4576,1959,4589,1959,4589,2005,4576,2005
4589,1959,4648,1959,4648,2005,4589,2005
4656,1959,4731,1959,4731,2005,4656,2005
3846,2033,4093,2033,4093,2077,3846,2077
4127,2033,4139,2033,4139,2077,4127,2077
4525,2029,4539,2029,4539,2079,4525,2079
4546,2029,4560,2029,4560,2079,4546,2079
4570,2029,4607,2029,4607,2079,4570,2079
4628,2029,4702,2029,4702,2079,4628,2079
3845,2103,3947,2103,3947,2149,3845,2149
3978,2103,4028,2103,4028,2149,3978,2149
4042,2103,4171,2103,4171,2149,4042,2149
4523,2102,4536,2102,4536,2149,4523,2149
4547,2102,4560,2102,4560,2149,4547,2149
4563,2102,4606,2102,4606,2149,4563,2149
4628,2102,4705,2102,4705,2149,4628,2149
3846,2174,4150,2166,4151,2225,3848,2233
4525,2172,4539,2172,4539,2221,4525,2221
4550,2172,4564,2172,4564,2221,4550,2221
4567,2172,4612,2172,4612,2221,4567,2221
4631,2172,4703,2172,4703,2221,4631,2221
3840,2244,3923,2244,3923,2294,3840,2294
4529,2247,4542,2247,4542,2293,4529,2293
4548,2247,4561,2247,4561,2293,4548,2293
4562,2247,4613,2247,4613,2293,4562,2293
4627,2247,4703,2247,4703,2293,4627,2293
4517,2319,4568,2319,4568,2365,4517,2365
4578,2319,4591,2319,4591,2365,4578,2365
4593,2319,4643,2319,4643,2365,4593,2365
4658,2319,4733,2319,4733,2365,4658,2365
2788,2230,2788,2228,2799,2228,2799,2230
2788,2267,2788,2265,2799,2265,2799,2267
2788,2305,2788,2303,2799,2303,2799,2305
2788,2344,2788,2342,2799,2342,2799,2344
1901,2360,2155,2360,2155,2400,1901,2400
2771,2311,2771,2376,2747,2376,2747,2311
2771,2386,2771,2392,2747,2392,2747,2386
2771,2397,2771,2442,2747,2442,2747,2397
2788,2381,2788,2379,2799,2379,2799,2381
2788,2418,2788,2416,2799,2416,2799,2418
2788,2456,2788,2454,2799,2454,2799,2456
2788,2495,2788,2493,2799,2493,2799,2495
2582,2539,2582,2494,2614,2494,2614,2539
3719,2482,3806,2482,3806,2516,3719,2516
3823,2482,3832,2482,3832,2516,3823,2516
3840,2482,3878,2482,3878,2516,3840,2516
3892,2482,3994,2482,3994,2516,3892,2516
4013,2482,4061,2482,4061,2516,4013,2516
4072,2482,4198,2482,4198,2516,4072,2516
4211,2482,4260,2482,4260,2516,4211,2516
4269,2482,4369,2482,4369,2516,4269,2516
4384,2482,4455,2482,4455,2516,4384,2516
4464,2482,4528,2482,4528,2516,4464,2516
4544,2482,4597,2482,4597,2516,4544,2516
4608,2482,4707,2482,4707,2516,4608,2516
4716,2482,4870,2482,4870,2516,4716,2516
2788,2532,2788,2530,2799,2530,2799,2532
2788,2570,2788,2568,2799,2568,2799,2570
3853,2571,4117,2571,4117,2619,3853,2619
4532,2557,4570,2558,4568,2628,4530,2627
4586,2560,4662,2562,4660,2631,4584,2629
2788,2608,2788,2606,2799,2606,2799,2608
2788,2645,2788,2643,2799,2643,2799,2645
2788,2683,2788,2681,2799,2681,2799,2683
2788,2720,2788,2718,2799,2718,2799,2720
2788,2759,2788,2757,2799,2757,2799,2759
3901,2746,4060,2750,4059,2782,3900,2778
2788,2797,2788,2795,2799,2795,2799,2797
2788,2834,2788,2832,2799,2832,2799,2834
3766,2818,3806,2818,3806,2854,3766,2854
3767,2854,3827,2855,3827,2891,3767,2890
3767,2894,3831,2895,3831,2929,3767,2928
3767,2937,3803,2935,3804,2960,3768,2962
3769,2973,3803,2973,3803,3004,3769,3004
3767,3009,3805,3004,3810,3044,3772,3049
3885,2818,3895,2818,3895,2854,3885,2854
3903,2818,3980,2818,3980,2854,3903,2854
3997,2818,4106,2818,4106,2854,3997,2854
3883,2855,3892,2855,3892,2890,3883,2890
3897,2855,4011,2856,4011,2892,3897,2891
4023,2856,4114,2857,4114,2893,4023,2892
4134,2857,4215,2858,4215,2894,4134,2893
3883,2895,3892,2895,3892,2929,3883,2929
3906,2895,4011,2896,4011,2931,3906,2930
4032,2896,4134,2897,4134,2932,4032,2931
4144,2897,4259,2898,4259,2932,4144,2931
3881,2938,3889,2938,3889,2969,3881,2969
3899,2938,3978,2938,3978,2969,3899,2969
3985,2938,4103,2938,4103,2969,3985,2969
3877,2972,3886,2972,3886,3006,3877,3006
3899,2972,4011,2972,4011,3006,3899,3006
4029,2972,4174,2972,4174,3006,4029,3006
3879,3010,3888,3010,3888,3045,3879,3045
3901,3010,4010,3010,4010,3045,3901,3045
4019,3010,4028,3010,4028,3045,4019,3045
4031,3010,4081,3010,4081,3045,4031,3045
4095,3010,4358,3010,4358,3045,4095,3045
3881,3050,3889,3050,3889,3081,3881,3081
3899,3050,3973,3051,3973,3083,3899,3082
3990,3052,4024,3052,4024,3083,3990,3083
4036,3052,4176,3054,4176,3086,4036,3084
3878,3088,3887,3088,3887,3122,3878,3122
3899,3088,3993,3088,3993,3122,3899,3122
4006,3088,4125,3088,4125,3122,4006,3122
3878,3128,3886,3128,3886,3160,3878,3160
3898,3128,3968,3128,3968,3160,3898,3160
3978,3128,3986,3128,3986,3160,3978,3160
3985,3128,4065,3128,4065,3160,3985,3160
3875,3164,3885,3164,3885,3200,3875,3200
3889,3164,3981,3164,3981,3200,3889,3200
3986,3164,3996,3164,3996,3200,3986,3200
3996,3164,4077,3164,4077,3200,3996,3200
2448,3058,2513,3058,2513,3093,2448,3093
2525,3058,2551,3058,2551,3093,2525,3093
2572,3057,2736,3056,2736,3092,2572,3093
2742,3057,2783,3057,2783,3092,2742,3092
2797,3056,3031,3055,3031,3091,2797,3092
3046,3055,3218,3054,3218,3090,3046,3091
3233,3055,3265,3055,3265,3090,3233,3090
3276,3055,3332,3055,3332,3090,3276,3090
3343,3055,3352,3055,3352,3090,3343,3090
3361,3055,3381,3055,3381,3090,3361,3090
3400,3054,3502,3054,3502,3090,3400,3090
3514,3054,3546,3054,3546,3089,3514,3089
2440,3096,2553,3096,2553,3128,2440,3128
2564,3096,2587,3096,2587,3128,2564,3128
2601,3096,2745,3096,2745,3128,2601,3128
2767,3096,2775,3096,2775,3128,2767,3128
2780,3096,2788,3096,2788,3128,2780,3128
2790,3096,2798,3096,2798,3128,2790,3128
2812,3096,2938,3096,2938,3128,2812,3128
2947,3096,2998,3096,2998,3128,2947,3128
3006,3096,3208,3096,3208,3128,3006,3128
3223,3096,3288,3096,3288,3128,3223,3128
3297,3096,3348,3096,3348,3128,3297,3128
3364,3096,3468,3096,3468,3128,3364,3128
3479,3096,3515,3096,3515,3128,3479,3128
2442,3134,2621,3134,2621,3166,2442,3166
2638,3134,2667,3134,2667,3166,2638,3166
2686,3134,2694,3134,2694,3166,2686,3166
2699,3134,2707,3134,2707,3166,2699,3166
2710,3134,2889,3134,2889,3166,2710,3166
2894,3134,2902,3134,2902,3166,2894,3166
2440,3174,2494,3174,2494,3205,2440,3205
2508,3174,2664,3174,2664,3205,2508,3205
2679,3174,2738,3174,2738,3205,2679,3205
2750,3174,2875,3174,2875,3205,2750,3205
2880,3174,2888,3174,2888,3205,2880,3205
2901,3174,3002,3174,3002,3205,2901,3205
3019,3174,3047,3174,3047,3205,3019,3205
3056,3174,3064,3174,3064,3205,3056,3205
3063,3174,3071,3174,3071,3205,3063,3205
3073,3174,3275,3174,3275,3205,3073,3205
3283,3174,3332,3174,3332,3205,3283,3205
3347,3174,3536,3174,3536,3205,3347,3205
2444,3210,2511,3210,2511,3242,2444,3242
2519,3210,2615,3210,2615,3242,2519,3242
2631,3210,2639,3210,2639,3242,2631,3242
2658,3210,2707,3210,2707,3242,2658,3242
2724,3210,2836,3210,2836,3242,2724,3242
2839,3210,2847,3210,2847,3242,2839,3242
2864,3210,2936,3210,2936,3242,2864,3242
2947,3210,3127,3210,3127,3242,2947,3242
3142,3210,3178,3210,3178,3242,3142,3242
3188,3210,3280,3210,3280,3242,3188,3242
3299,3210,3350,3210,3350,3242,3299,3242
3365,3210,3472,3210,3472,3242,3365,3242
3487,3210,3533,3210,3533,3242,3487,3242
3551,3210,3574,3210,3574,3242,3551,3242
2446,3250,2492,3250,2492,3285,2446,3285
2507,3249,2633,3248,2633,3284,2507,3285
2644,3248,2684,3248,2684,3284,2644,3284
2695,3248,2808,3247,2808,3283,2695,3284
2825,3247,2834,3247,2834,3282,2825,3282
2839,3247,2848,3247,2848,3282,2839,3282
2848,3247,3024,3246,3024,3282,2848,3283
3032,3246,3041,3246,3041,3281,3032,3281
3764,3046,3809,3046,3809,3086,3764,3086
3766,3084,3811,3084,3811,3124,3766,3124
3764,3122,3809,3122,3809,3162,3764,3162
3761,3164,3814,3164,3814,3200,3761,3200
4483,3151,4493,3151,4493,3189,4483,3189
4497,3151,4670,3151,4670,3189,4497,3189
4690,3151,4715,3151,4715,3189,4690,3189
4719,3151,4846,3151,4846,3189,4719,3189
4482,3218,4491,3218,4491,3252,4482,3252
4504,3218,4609,3218,4609,3252,4504,3252
4623,3218,4654,3218,4654,3252,4623,3252
4661,3218,4721,3218,4721,3252,4661,3252
4727,3218,4736,3218,4736,3252,4727,3252
4735,3218,4863,3218,4863,3252,4735,3252
4498,3250,4583,3250,4583,3286,4498,3286
4603,3250,4613,3250,4613,3286,4603,3286
4633,3250,4643,3250,4643,3286,4633,3286
4648,3250,4658,3250,4658,3286,4648,3286
4657,3250,4690,3250,4690,3286,4657,3286
4703,3250,4713,3250,4713,3286,4703,3286
3582,3373,3626,3373,3626,3407,3582,3407
3999,3363,4098,3366,4097,3408,3998,3405
4112,3367,4123,3367,4122,3408,4111,3408
4290,3363,4338,3363,4338,3407,4290,3407
4348,3363,4360,3363,4360,3407,4348,3407
4366,3363,4415,3363,4415,3407,4366,3407
4420,3363,4432,3363,4432,3407,4420,3407
4434,3363,4534,3363,4534,3407,4434,3407
