3801,177,4449,177,4449,324,3801,324
3803,314,4442,314,4442,453,3803,453
4060,594,4517,594,4517,723,4060,723
2371,712,2371,675,2400,675,2400,712
4130,808,4214,808,4214,840,4130,840
4232,808,4273,808,4273,840,4232,840
4288,808,4472,808,4472,840,4288,840
1287,814,1542,814,1542,868,1287,868
884,913,884,867,916,867,916,913
2554,867,2554,934,2512,934,2512,867
2554,935,2554,946,2512,946,2512,935
2554,947,2554,1001,2512,1001,2512,947
4532,1040,4654,1040,4654,1074,4532,1074
2453,1072,2496,1072,2496,1119,2453,1119
2511,1072,2597,1072,2597,1119,2511,1119
2605,1072,2618,1072,2618,1119,2605,1119
1442,1212,1443,1212,1439,1229,1438,1229
2297,1210,2338,1208,2339,1226,2298,1228
1435,1242,1438,1242,1438,1255,1435,1255
1458,1242,1461,1242,1461,1255,1458,1255
1839,1239,1842,1239,1842,1253,1839,1253
1861,1240,1864,1240,1864,1254,1861,1254
1885,1241,1888,1241,1888,1255,1885,1255
1909,1242,1912,1242,1912,1256,1909,1256
2212,1243,2213,1243,2213,1251,2212,1251
2285,1240,2289,1240,2289,1256,2285,1256
2309,1240,2313,1240,2313,1256,2309,1256
2333,1240,2337,1240,2337,1256,2333,1256
2356,1240,2360,1240,2360,1256,2356,1256
2380,1240,2384,1240,2384,1256,2380,1256
1590,1256,1587,1251,1606,1238,1609,1243
4209,1241,4246,1241,4246,1270,4209,1270
4286,1241,4378,1241,4378,1270,4286,1270
1609,1284,1606,1279,1625,1266,1628,1271
1630,1314,1627,1309,1646,1296,1649,1301
4345,1304,4545,1304,4545,1344,4345,1344
4568,1304,4579,1304,4579,1344,4568,1344
4581,1304,4675,1304,4675,1344,4581,1344
1353,1386,1359,1386,1358,1409,1352,1409
1389,1388,1395,1388,1394,1411,1388,1411
1425,1389,1431,1389,1430,1412,1424,1412
1461,1390,1467,1390,1466,1413,1460,1413
1661,1459,1656,1465,1633,1447,1638,1441
1635,1493,1630,1499,1607,1481,1612,1475
1611,1523,1606,1529,1583,1511,1588,1505
1154,1515,1391,1521,1390,1562,1153,1556
1436,1523,1447,1523,1446,1563,1435,1563
1469,1524,1480,1524,1479,1564,1468,1564
1506,1525,1517,1525,1516,1565,1505,1565
1539,1526,1550,1526,1549,1566,1538,1566
1588,1527,1599,1527,1598,1567,1587,1567
1915,1515,2103,1515,2103,1563,1915,1563
2130,1515,2143,1515,2143,1563,2130,1563
2174,1515,2368,1515,2368,1563,2174,1563
884,1597,884,1550,916,1550,916,1597
1237,1595,1285,1595,1285,1637,1237,1637
2093,1600,2138,1600,2138,1639,2093,1639
4666,1547,4799,1547,4799,1632,4666,1632
4702,1666,4764,1665,4765,1734,4703,1735
1595,1655,1595,1658,1580,1658,1580,1655
3717,1547,3980,1547,3980,1632,3717,1632
4035,1547,4238,1547,4238,1632,4035,1632
4302,1547,4380,1547,4380,1632,4302,1632
4388,1547,4466,1547,4466,1632,4388,1632
4481,1547,4565,1547,4565,1632,4481,1632
3769,1669,3874,1669,3874,1743,3769,1743
3866,1669,3887,1669,3887,1743,3866,1743
3896,1669,3917,1669,3917,1743,3896,1743
4086,1673,4105,1673,4106,1741,4087,1741
4134,1673,4153,1673,4154,1741,4135,1741
4176,1672,4195,1672,4196,1740,4177,1740
4189,1672,4208,1672,4209,1740,4190,1740
4383,1670,4488,1669,4489,1737,4384,1738
4061,1795,4279,1795,4279,1876,4061,1876
4307,1795,4572,1795,4572,1876,4307,1876
1595,1688,1595,1691,1580,1691,1580,1688
1341,1720,1347,1720,1347,1743,1341,1743
1374,1719,1380,1719,1380,1742,1374,1742
1410,1718,1416,1718,1416,1741,1410,1741
1446,1717,1452,1717,1452,1740,1446,1740
1482,1717,1488,1717,1488,1740,1482,1740
1518,1716,1524,1716,1524,1739,1518,1739
1552,1715,1558,1715,1558,1738,1552,1738
1293,1875,1293,1869,1316,1870,1316,1876
1292,1909,1292,1903,1315,1904,1315,1910
1742,1945,1742,1895,1777,1895,1777,1945
2622,1947,2622,1892,2654,1892,2654,1947
1290,1942,1290,1936,1313,1937,1313,1943
1526,2008,1569,2008,1569,2055,1526,2055
3847,1975,4043,1975,4043,2021,3847,2021
4078,1975,4091,1975,4091,2021,4078,2021
4119,1975,4327,1975,4327,2021,4119,2021
3840,2047,4095,2047,4095,2093,3840,2093
3845,2119,3947,2119,3947,2165,3845,2165
3978,2119,4028,2119,4028,2165,3978,2165
4042,2119,4171,2119,4171,2165,4042,2165
4194,2119,4207,2119,4207,2165,4194,2165
4210,2119,4294,2119,4294,2165,4210,2165
1043,2093,1045,2093,1046,2105,1044,2105
1078,2091,1080,2091,1081,2103,1079,2103
1114,2089,1116,2089,1117,2101,1115,2101
1149,2088,1151,2088,1152,2100,1150,2100
1127,2100,1181,2100,1181,2147,1127,2147
2328,2102,2334,2102,2334,2127,2328,2127
2361,2102,2367,2102,2367,2127,2361,2127
2398,2102,2404,2102,2404,2127,2398,2127
2434,2102,2440,2102,2440,2127,2434,2127
2468,2102,2474,2102,2474,2127,2468,2127
2504,2102,2510,2102,2510,2127,2504,2127
4526,1977,4566,1977,4566,2021,4526,2021
4578,1977,4590,1977,4590,2021,4578,2021
4603,1977,4643,1977,4643,2021,4603,2021
4656,1977,4737,1977,4737,2021,4656,2021
4527,2046,4570,2046,4570,2093,4527,2093
4578,2046,4591,2046,4591,2093,4578,2093
4590,2046,4650,2046,4650,2093,4590,2093
4659,2046,4736,2046,4736,2093,4659,2093
4522,2119,4535,2119,4535,2167,4522,2167
4551,2119,4564,2119,4564,2167,4551,2167
4561,2119,4613,2119,4613,2167,4561,2167
4628,2119,4707,2119,4707,2167,4628,2167
4518,2191,4580,2191,4580,2239,4518,2239
4578,2191,4591,2191,4591,2239,4578,2239
4593,2191,4645,2191,4645,2239,4593,2239
4656,2191,4735,2191,4735,2239,4656,2239
1903,2113,1913,2113,1914,2151,1904,2151
1934,2111,2036,2109,2037,2148,1935,2150
2283,2152,2283,2156,2266,2156,2266,2152
1968,2169,1968,2175,1945,2175,1945,2169
2282,2190,2282,2194,2265,2194,2265,2190
1968,2205,1968,2211,1945,2211,1945,2205
2282,2226,2282,2230,2265,2230,2265,2226
960,2214,1054,2214,1054,2272,960,2272
1075,2214,1129,2214,1129,2272,1075,2272
1140,2214,1258,2214,1258,2272,1140,2272
1280,2214,1296,2214,1296,2272,1280,2272
1300,2214,1376,2214,1376,2272,1300,2272
1968,2241,1968,2247,1945,2247,1945,2241
2282,2260,2282,2264,2265,2264,2265,2260
1968,2275,1968,2281,1945,2281,1945,2275
1149,2274,1154,2274,1154,2293,1149,2293
1221,2273,1226,2273,1226,2292,1221,2292
1257,2272,1262,2272,1262,2291,1257,2291
2281,2296,2281,2300,2264,2300,2264,2296
1968,2311,1968,2317,1945,2317,1945,2311
2281,2332,2281,2336,2264,2336,2264,2332
1968,2347,1968,2353,1945,2353,1945,2347
2281,2366,2281,2370,2264,2370,2264,2366
1039,2363,1046,2360,1059,2386,1052,2389
1071,2348,1078,2345,1091,2371,1084,2374
1101,2334,1108,2331,1121,2357,1114,2360
1133,2318,1140,2315,1153,2341,1146,2344
1163,2304,1170,2301,1183,2327,1176,2330
1968,2383,1968,2389,1945,2389,1945,2383
2280,2402,2280,2406,2263,2406,2263,2402
1968,2417,1968,2423,1945,2423,1945,2417
2280,2438,2280,2442,2263,2442,2263,2438
1968,2453,1968,2459,1945,2459,1945,2453
1638,2472,1649,2473,1647,2513,1636,2512
1675,2474,1686,2475,1684,2515,1673,2514
1708,2476,1719,2477,1717,2517,1706,2516
1736,2476,1802,2479,1800,2520,1734,2517
1815,2481,1826,2482,1824,2522,1813,2521
1852,2483,1863,2484,1861,2524,1850,2523
1898,2496,1898,2501,1877,2501,1877,2496
3719,2482,3807,2482,3807,2518,3719,2518
3823,2482,3833,2482,3833,2518,3823,2518
3839,2482,3878,2482,3878,2518,3839,2518
3893,2482,3999,2482,3999,2518,3893,2518
4009,2482,4060,2482,4060,2518,4009,2518
4073,2482,4199,2482,4199,2518,4073,2518
4214,2482,4260,2482,4260,2518,4214,2518
4265,2482,4367,2482,4367,2518,4265,2518
4384,2482,4455,2482,4455,2518,4384,2518
4465,2482,4529,2482,4529,2518,4465,2518
4547,2482,4598,2482,4598,2518,4547,2518
4610,2482,4706,2482,4706,2518,4610,2518
4718,2482,4871,2482,4871,2518,4718,2518
2232,2570,2232,2542,2283,2542,2283,2570
2232,2514,2232,2500,2283,2500,2283,2514
1898,2544,1898,2549,1877,2549,1877,2544
1645,2547,1678,2546,1680,2582,1647,2583
1799,2541,1809,2541,1811,2577,1801,2577
3852,2553,4116,2553,4116,2597,3852,2597
4530,2541,4571,2541,4571,2615,4530,2615
4592,2541,4660,2541,4660,2615,4592,2615
1898,2579,1898,2584,1877,2584,1877,2579
3900,2746,4056,2746,4056,2777,3900,2777
3766,2818,3806,2818,3806,2854,3766,2854
3767,2854,3827,2855,3827,2891,3767,2890
3767,2894,3831,2895,3831,2929,3767,2928
3767,2937,3803,2935,3804,2960,3768,2962
3769,2973,3803,2973,3803,3004,3769,3004
3885,2818,3895,2818,3895,2854,3885,2854
3903,2818,3980,2818,3980,2854,3903,2854
3997,2818,4106,2818,4106,2854,3997,2854
3883,2855,3892,2855,3892,2890,3883,2890
3897,2855,4011,2856,4011,2892,3897,2891
4023,2856,4114,2857,4114,2893,4023,2892
4134,2857,4215,2858,4215,2894,4134,2893
3883,2895,3892,2895,3892,2929,3883,2929
3906,2895,4011,2896,4011,2931,3906,2930
4032,2896,4134,2897,4134,2932,4032,2931
4144,2897,4259,2898,4259,2932,4144,2931
3881,2938,3889,2938,3889,2969,3881,2969
3899,2938,3978,2938,3978,2969,3899,2969
3985,2938,4103,2938,4103,2969,3985,2969
3877,2972,3886,2972,3886,3006,3877,3006
3899,2972,4011,2972,4011,3006,3899,3006
4029,2972,4174,2972,4174,3006,4029,3006
3879,3010,3888,3010,3888,3045,3879,3045
3901,3010,4010,3010,4010,3045,3901,3045
4019,3010,4028,3010,4028,3045,4019,3045
4031,3010,4081,3010,4081,3045,4031,3045
4095,3010,4358,3010,4358,3045,4095,3045
3881,3050,3889,3050,3889,3081,3881,3081
3899,3050,3973,3051,3973,3083,3899,3082
3990,3052,4024,3052,4024,3083,3990,3083
4036,3052,4176,3054,4176,3086,4036,3084
3878,3088,3887,3088,3887,3122,3878,3122
3899,3088,3993,3088,3993,3122,3899,3122
4006,3088,4125,3088,4125,3122,4006,3122
3878,3128,3886,3128,3886,3160,3878,3160
3898,3128,3968,3128,3968,3160,3898,3160
3978,3128,3986,3128,3986,3160,3978,3160
3985,3128,4065,3128,4065,3160,3985,3160
3875,3164,3885,3164,3885,3200,3875,3200
3889,3164,3981,3164,3981,3200,3889,3200
3986,3164,3996,3164,3996,3200,3986,3200
3996,3164,4077,3164,4077,3200,3996,3200
3766,3014,3807,3011,3809,3042,3768,3045
3764,3046,3809,3046,3809,3086,3764,3086
3763,3090,3807,3081,3815,3120,3771,3129
2448,3058,2513,3058,2513,3093,2448,3093
2525,3058,2551,3058,2551,3093,2525,3093
2572,3057,2736,3056,2736,3092,2572,3093
2742,3057,2783,3057,2783,3092,2742,3092
2799,3056,3031,3055,3031,3091,2799,3092
3046,3055,3218,3054,3218,3090,3046,3091
3233,3055,3265,3055,3265,3090,3233,3090
3276,3055,3332,3055,3332,3090,3276,3090
3343,3055,3352,3055,3352,3090,3343,3090
3361,3055,3381,3055,3381,3090,3361,3090
3400,3054,3502,3054,3502,3089,3400,3089
3514,3054,3546,3054,3546,3089,3514,3089
2440,3096,2553,3096,2553,3128,2440,3128
2564,3096,2587,3096,2587,3128,2564,3128
2601,3096,2745,3096,2745,3128,2601,3128
2767,3096,2775,3096,2775,3128,2767,3128
2780,3096,2788,3096,2788,3128,2780,3128
2790,3096,2798,3096,2798,3128,2790,3128
2812,3096,2938,3096,2938,3128,2812,3128
2947,3096,2998,3096,2998,3128,2947,3128
3006,3096,3208,3096,3208,3128,3006,3128
3223,3096,3288,3096,3288,3128,3223,3128
3297,3096,3348,3096,3348,3128,3297,3128
3364,3096,3468,3096,3468,3128,3364,3128
3479,3096,3515,3096,3515,3128,3479,3128
2442,3134,2621,3134,2621,3166,2442,3166
2638,3134,2667,3134,2667,3166,2638,3166
2686,3134,2694,3134,2694,3166,2686,3166
2699,3134,2707,3134,2707,3166,2699,3166
2710,3134,2889,3134,2889,3166,2710,3166
2894,3134,2902,3134,2902,3166,2894,3166
2440,3174,2494,3174,2494,3205,2440,3205
2508,3174,2664,3174,2664,3205,2508,3205
2679,3174,2738,3174,2738,3205,2679,3205
2750,3174,2875,3174,2875,3205,2750,3205
2880,3174,2888,3174,2888,3205,2880,3205
2901,3174,3002,3174,3002,3205,2901,3205
3019,3174,3047,3174,3047,3205,3019,3205
3056,3174,3064,3174,3064,3205,3056,3205
3063,3174,3071,3174,3071,3205,3063,3205
3073,3174,3275,3174,3275,3205,3073,3205
3283,3174,3332,3174,3332,3205,3283,3205
3347,3174,3536,3174,3536,3205,3347,3205
2444,3210,2511,3210,2511,3242,2444,3242
2519,3210,2615,3210,2615,3242,2519,3242
2631,3210,2639,3210,2639,3242,2631,3242
2658,3210,2707,3210,2707,3242,2658,3242
2724,3210,2836,3210,2836,3242,2724,3242
2839,3210,2847,3210,2847,3242,2839,3242
2864,3210,2936,3210,2936,3242,2864,3242
2947,3210,3127,3210,3127,3242,2947,3242
3142,3210,3178,3210,3178,3242,3142,3242
3188,3210,3280,3210,3280,3242,3188,3242
3299,3210,3350,3210,3350,3242,3299,3242
3365,3210,3472,3210,3472,3242,3365,3242
3487,3210,3533,3210,3533,3242,3487,3242
3551,3210,3574,3210,3574,3242,3551,3242
2446,3250,2492,3250,2492,3285,2446,3285
2507,3249,2633,3248,2633,3284,2507,3285
2644,3248,2684,3248,2684,3284,2644,3284
2695,3248,2808,3247,2808,3283,2695,3284
2825,3247,2834,3247,2834,3282,2825,3282
2839,3247,2848,3247,2848,3282,2839,3282
2848,3247,3024,3246,3024,3282,2848,3283
3032,3246,3041,3246,3041,3281,3032,3281
3764,3122,3809,3122,3809,3162,3764,3162
3761,3164,3814,3164,3814,3200,3761,3200
4487,3158,4496,3158,4496,3193,4487,3193
4502,3157,4679,3155,4679,3191,4502,3193
4695,3155,4721,3155,4721,3191,4695,3191
4729,3155,4855,3154,4855,3190,4729,3191
4488,3226,4496,3226,4496,3258,4488,3258
4507,3226,4614,3226,4614,3258,4507,3258
4630,3226,4660,3226,4660,3258,4630,3258
4669,3226,4726,3226,4726,3258,4669,3258
4732,3226,4740,3226,4740,3258,4732,3258
4744,3226,4864,3226,4864,3258,4744,3258
4507,3261,4592,3260,4592,3292,4507,3293
4611,3260,4619,3260,4619,3291,4611,3291
4640,3259,4648,3259,4648,3290,4640,3290
4656,3259,4664,3259,4664,3290,4656,3290
4666,3259,4694,3259,4694,3290,4666,3290
4713,3258,4721,3258,4721,3289,4713,3289
3582,3373,3626,3373,3626,3407,3582,3407
3997,3362,4097,3362,4097,3408,3997,3408
4107,3362,4120,3362,4120,3408,4107,3408
4286,3363,4343,3363,4343,3407,4286,3407
4346,3363,4358,3363,4358,3407,4346,3407
4362,3363,4419,3363,4419,3407,4362,3407
4418,3363,4430,3363,4430,3407,4418,3407
4432,3363,4532,3363,4532,3407,4432,3407
