463,156,517,156,517,174,463,174
528,187,534,189,531,197,525,196
856,217,856,212,864,212,864,217
1100,214,1206,230,1203,247,1097,231
857,234,857,233,865,233,865,234
2717,165,3036,165,3036,239,2717,239
2710,236,3062,236,3062,308,2710,308
1016,250,1020,251,1015,267,1011,266
858,263,858,262,866,262,866,263
861,273,867,273,867,297,861,297
902,272,933,271,933,295,902,296
1014,270,1020,270,1020,294,1014,294
1109,268,1169,267,1169,292,1109,293
1199,267,1261,266,1261,290,1199,291
271,324,271,332,264,332,264,324
271,318,271,362,264,362,264,318
665,350,704,350,704,369,665,369
706,350,711,350,711,369,706,369
713,350,741,350,741,369,713,369
230,403,232,415,221,417,219,405
702,405,732,405,732,436,702,436
2220,412,2233,456,2210,463,2197,419
2243,493,2245,499,2222,505,2220,500
2803,381,3150,381,3150,489,2803,489
986,487,989,487,989,501,986,501
1036,487,1040,487,1040,503,1036,503
207,548,209,589,199,590,197,549
2183,554,2188,553,2192,573,2188,575
2204,549,2209,548,2213,568,2209,570
2778,562,2967,562,2967,575,2778,575
2984,563,3080,563,3080,575,2984,575
3135,558,3176,571,3172,582,3131,569
562,651,562,610,583,610,583,651
562,607,562,602,583,602,583,607
562,602,562,575,583,575,583,602
1207,655,1207,650,1228,650,1228,655
1207,642,1207,637,1228,637,1228,642
1207,634,1207,611,1228,611,1228,634
2122,624,2159,623,2159,644,2122,645
2173,624,2178,624,2178,644,2173,644
2198,623,2203,623,2203,643,2198,643
2248,625,2251,625,2251,639,2248,639
2915,677,2918,677,2918,692,2915,692
3008,669,3071,669,3071,682,3008,682
2997,677,3000,677,3000,692,2997,692
3032,677,3103,677,3103,692,3032,692
2702,628,2702,837,2687,837,2687,628
2794,724,2874,724,2874,737,2794,737
2774,757,2846,760,2846,769,2774,766
2889,754,2905,754,2905,766,2889,766
2912,754,3001,754,3001,766,2912,766
1349,816,1349,811,1370,809,1370,814
1348,805,1348,800,1369,798,1369,803
1347,799,1345,775,1367,773,1369,797
1674,815,1674,809,1698,808,1698,814
1674,805,1674,799,1698,798,1698,804
1673,797,1672,775,1697,774,1698,796
2313,817,2313,812,2332,811,2332,816
2313,807,2313,802,2332,801,2332,806
2312,800,2311,775,2329,774,2331,799
276,881,276,837,301,837,301,881
972,837,1049,837,1049,876,972,876
1055,837,1066,837,1066,876,1055,876
1074,837,1159,837,1159,876,1074,876
1423,840,1532,840,1532,871,1423,871
1545,840,1553,840,1553,871,1545,871
1760,840,1863,840,1863,872,1760,872
1877,840,1885,840,1885,872,1877,872
2147,841,2253,841,2253,875,2147,875
2269,841,2278,841,2278,875,2269,875
2946,875,2945,848,2953,848,2954,875
562,928,562,890,583,890,583,928
562,885,562,880,583,880,583,885
562,880,562,853,583,853,583,880
3035,825,3028,953,3001,951,3008,824
3085,828,3084,908,3067,908,3068,828
3140,987,3140,834,3158,834,3158,987
2066,925,2069,925,2069,940,2066,940
2091,925,2094,925,2094,940,2091,940
2223,925,2226,925,2226,940,2223,940
2248,925,2251,925,2251,940,2248,940
1062,947,1067,947,1066,966,1061,966
1074,948,1079,948,1078,967,1073,967
1085,948,1102,949,1101,969,1084,968
2146,925,2149,925,2149,940,2146,940
2171,925,2174,925,2174,940,2171,940
2197,925,2200,925,2200,940,2197,940
2124,945,2130,945,2130,970,2124,970
2153,945,2159,945,2159,970,2153,970
2162,945,2168,945,2168,970,2162,970
2171,945,2194,945,2194,970,2171,970
1467,949,1471,949,1471,967,1467,967
1478,949,1482,949,1482,967,1478,967
1484,949,1507,949,1507,967,1484,967
1785,948,1790,948,1790,969,1785,969
1796,948,1801,948,1801,969,1796,969
1802,948,1828,948,1828,969,1802,969
264,1047,262,908,270,908,272,1047
3236,973,3236,956,3245,956,3245,973
3236,956,3236,955,3244,955,3244,956
645,974,657,974,656,1017,644,1017
654,974,666,974,665,1017,653,1017
664,974,688,975,687,1019,663,1018
3082,981,3082,998,3066,998,3066,981
3118,1027,3115,992,3123,991,3126,1026
888,1028,909,1028,909,1044,888,1044
1778,1011,1786,1012,1781,1043,1773,1042
1800,1015,1808,1016,1803,1047,1795,1046
1812,1017,1820,1018,1815,1049,1807,1048
1835,1021,1881,1029,1876,1061,1830,1053
1828,1063,1861,1071,1856,1095,1822,1087
2122,1024,2158,1024,2158,1047,2122,1047
2167,1024,2173,1024,2173,1047,2167,1047
2182,1024,2188,1024,2188,1047,2182,1047
1215,1049,1349,1049,1349,1063,1215,1063
1583,1048,1717,1048,1717,1063,1583,1063
2129,1070,2165,1070,2165,1091,2129,1091
1616,1244,1616,1202,1635,1202,1635,1244
1616,1200,1616,1195,1635,1195,1635,1200
1616,1193,1616,1166,1635,1166,1635,1193
3141,1148,3196,1148,3196,1185,3141,1185
3208,1148,3242,1148,3242,1185,3208,1185
3253,1148,3375,1148,3375,1185,3253,1185
3218,1196,3295,1196,3295,1239,3218,1239
1207,1254,1207,1248,1230,1248,1230,1254
1207,1244,1207,1238,1230,1238,1230,1244
1207,1236,1207,1215,1230,1215,1230,1236
1019,1240,1115,1240,1115,1272,1019,1272
2666,1196,2780,1196,2780,1239,2666,1239
2688,1252,2751,1252,2751,1289,2688,1289
2911,1196,2958,1196,2958,1239,2911,1239
2970,1196,3009,1196,3009,1239,2970,1239
3022,1196,3064,1196,3064,1239,3022,1239
2958,1253,3008,1253,3008,1292,2958,1292
3241,1257,3272,1252,3277,1285,3247,1290
801,1382,841,1382,841,1400,801,1400
844,1382,848,1382,848,1400,844,1400
849,1382,878,1382,878,1400,849,1400
1375,1382,1415,1382,1415,1400,1375,1400
1418,1382,1422,1382,1422,1400,1418,1400
1423,1382,1452,1382,1452,1400,1423,1400
215,1479,226,1571,214,1573,203,1480
2646,1342,2740,1342,2740,1378,2646,1378
2746,1342,2756,1342,2756,1378,2746,1378
2767,1342,2861,1342,2861,1378,2767,1378
2646,1381,2830,1381,2830,1417,2646,1417
2842,1381,2852,1381,2852,1417,2842,1417
2852,1381,2879,1381,2879,1417,2852,1417
2893,1381,2994,1381,2994,1417,2893,1417
3004,1381,3044,1381,3044,1417,3004,1417
3053,1381,3063,1381,3063,1417,3053,1417
2645,1419,2775,1419,2775,1451,2645,1451
2795,1419,2803,1419,2803,1451,2795,1451
2645,1455,2774,1455,2774,1488,2645,1488
2791,1455,2800,1455,2800,1488,2791,1488
2644,1492,2773,1492,2773,1524,2644,1524
2790,1492,2798,1492,2798,1524,2790,1524
2644,1530,2709,1530,2709,1562,2644,1562
2724,1530,2760,1530,2760,1562,2724,1562
2767,1530,2820,1530,2820,1562,2767,1562
2641,1566,2818,1566,2818,1602,2641,1602
2641,1605,2695,1605,2695,1634,2641,1634
3194,1342,3222,1342,3222,1373,3194,1373
3228,1342,3236,1342,3236,1373,3228,1373
3239,1342,3267,1342,3267,1373,3239,1373
3277,1342,3322,1342,3322,1373,3277,1373
3208,1378,3217,1378,3217,1412,3208,1412
3226,1378,3235,1378,3235,1412,3226,1412
3239,1378,3264,1378,3264,1412,3239,1412
3276,1378,3320,1378,3320,1412,3276,1412
3194,1414,3219,1414,3219,1449,3194,1449
3223,1414,3232,1414,3232,1449,3223,1449
3236,1414,3262,1414,3262,1449,3236,1449
3275,1414,3321,1414,3321,1449,3275,1449
3209,1452,3218,1452,3218,1486,3209,1486
3223,1452,3232,1452,3232,1486,3223,1486
3236,1452,3261,1452,3261,1486,3236,1486
3273,1452,3323,1452,3323,1486,3273,1486
3209,1490,3217,1490,3217,1521,3209,1521
3225,1490,3233,1490,3233,1521,3225,1521
3236,1490,3264,1490,3264,1521,3236,1521
3272,1490,3323,1490,3323,1521,3272,1521
3209,1529,3217,1529,3217,1560,3209,1560
3225,1529,3233,1529,3233,1560,3225,1560
3231,1529,3265,1529,3265,1560,3231,1560
3272,1529,3323,1529,3323,1560,3272,1560
3210,1564,3219,1564,3219,1599,3210,1599
3224,1564,3233,1564,3233,1599,3224,1599
3237,1564,3263,1564,3263,1599,3237,1599
3276,1564,3321,1564,3321,1599,3276,1599
3210,1600,3220,1600,3220,1636,3210,1636
3225,1600,3235,1600,3235,1636,3225,1636
3240,1600,3260,1600,3260,1636,3240,1636
3275,1600,3322,1600,3322,1636,3275,1636
2354,1658,2354,1600,2377,1600,2377,1658
2411,1661,2412,1653,2421,1654,2421,1662
1035,1649,1097,1649,1097,1680,1035,1680
263,1795,263,1791,270,1791,270,1795
2616,1792,2753,1792,2753,1826,2616,1826
2768,1792,2929,1792,2929,1826,2768,1826
2947,1792,3061,1792,3061,1826,2947,1826
3072,1792,3081,1792,3081,1826,3072,1826
263,1885,263,1851,270,1851,270,1885
2615,1861,2726,1861,2726,1892,2615,1892
2739,1861,2747,1861,2747,1892,2739,1892
3192,1796,3227,1796,3227,1834,3192,1834
3230,1796,3240,1796,3240,1834,3230,1834
3240,1796,3269,1796,3269,1834,3240,1834
3279,1796,3327,1796,3327,1834,3279,1834
3198,1857,3225,1857,3225,1893,3198,1893
3229,1857,3239,1857,3239,1893,3229,1893
3243,1857,3269,1857,3269,1893,3243,1893
3277,1857,3331,1857,3331,1893,3277,1893
3182,1913,3228,1913,3228,1953,3182,1953
3232,1913,3243,1913,3243,1953,3232,1953
3243,1913,3272,1913,3272,1953,3243,1953
3279,1913,3331,1913,3331,1953,3279,1953
2616,1917,2681,1917,2681,1948,2616,1948
2697,1917,2705,1917,2705,1948,2697,1948
1046,1937,1092,1937,1092,1954,1046,1954
573,1953,614,1953,614,1960,573,1960
1145,1953,1207,1953,1207,1960,1145,1960
2678,2036,2683,2036,2683,2058,2678,2058
2658,2073,2701,2073,2701,2096,2658,2096
2749,2036,2809,2036,2809,2059,2749,2059
2752,2074,2810,2074,2810,2099,2752,2099
2820,2074,2866,2074,2866,2099,2820,2099
2876,2074,2915,2074,2915,2099,2876,2099
3178,2050,3219,2050,3219,2072,3178,2072
3222,2050,3227,2050,3227,2072,3222,2072
3225,2050,3283,2050,3283,2072,3225,2072
3179,2077,3247,2077,3247,2100,3179,2100
3251,2077,3281,2077,3281,2100,3251,2100
3296,2077,3302,2077,3302,2100,3296,2100
3312,2077,3318,2077,3318,2100,3312,2100
3322,2077,3328,2077,3328,2100,3322,2100
3332,2077,3344,2077,3344,2100,3332,2100
3356,2077,3362,2077,3362,2100,3356,2100
2671,2113,2699,2116,2697,2136,2669,2133
2749,2116,2788,2116,2788,2137,2749,2137
2798,2116,2857,2116,2857,2137,2798,2137
2749,2153,2792,2153,2792,2174,2749,2174
2797,2153,2854,2153,2854,2174,2797,2174
3081,2122,3118,2122,3118,2145,3081,2145
3178,2123,3254,2123,3254,2144,3178,2144
3264,2123,3300,2123,3300,2144,3264,2144
3305,2123,3376,2123,3376,2144,3305,2144
2676,2151,2697,2154,2695,2172,2674,2170
1762,2158,1779,2158,1779,2220,1762,2220
1872,2158,1895,2158,1895,2220,1872,2220
2004,2158,2027,2158,2027,2220,2004,2220
2128,2158,2162,2158,2162,2220,2128,2220
2254,2158,2288,2158,2288,2220,2254,2220
2386,2158,2420,2158,2420,2220,2386,2220
3074,2165,3082,2165,3082,2194,3074,2194
3182,2167,3233,2168,3233,2198,3182,2197
3240,2168,3307,2169,3306,2199,3240,2198
3181,2213,3242,2214,3242,2237,3181,2236
3254,2214,3327,2215,3327,2238,3254,2237
2751,2208,2797,2208,2797,2229,2751,2229
2808,2208,2813,2208,2813,2229,2808,2229
2817,2208,2822,2208,2822,2229,2817,2229
2820,2208,2846,2208,2846,2229,2820,2229
2856,2208,2913,2208,2913,2229,2856,2229
170,2289,218,2289,218,2312,170,2312
223,2289,244,2289,244,2312,223,2312
257,2289,380,2289,380,2312,257,2312
386,2289,416,2289,416,2312,386,2312
425,2289,596,2289,596,2312,425,2312
607,2289,733,2289,733,2312,607,2312
741,2289,766,2289,766,2312,741,2312
775,2289,819,2289,819,2312,775,2312
822,2289,828,2289,828,2312,822,2312
837,2289,849,2289,849,2312,837,2312
864,2289,937,2289,937,2312,864,2312
950,2289,971,2289,971,2312,950,2312
982,2289,1060,2289,1060,2312,982,2312
1072,2289,1085,2289,1085,2312,1072,2312
1099,2289,1204,2289,1204,2312,1099,2312
1218,2289,1224,2289,1224,2312,1218,2312
1228,2289,1234,2289,1234,2312,1228,2312
1235,2289,1241,2289,1241,2312,1235,2312
1253,2289,1343,2289,1343,2312,1253,2312
1353,2289,1389,2289,1389,2312,1353,2312
1395,2289,1542,2289,1542,2312,1395,2312
1549,2289,1600,2289,1600,2312,1549,2312
1607,2289,1647,2289,1647,2312,1607,2312
1655,2289,1734,2289,1734,2312,1655,2312
1741,2289,1767,2289,1767,2312,1741,2312
1779,2289,1906,2289,1906,2312,1779,2312
1918,2289,1939,2289,1939,2312,1918,2312
1955,2289,1961,2289,1961,2312,1955,2312
1965,2289,1971,2289,1971,2312,1965,2312
1969,2289,2099,2289,2099,2312,1969,2312
2106,2289,2112,2289,2112,2312,2106,2312
166,2317,208,2317,208,2346,166,2346
216,2317,329,2317,329,2346,216,2346
339,2317,385,2317,385,2346,339,2346
387,2317,395,2317,395,2346,387,2346
395,2317,487,2317,487,2346,395,2346
489,2317,497,2317,497,2346,489,2346
503,2317,578,2317,578,2346,503,2346
591,2317,607,2317,607,2346,591,2346
615,2317,623,2317,623,2346,615,2346
621,2317,629,2317,629,2346,621,2346
626,2317,778,2317,778,2346,626,2346
781,2317,818,2317,818,2346,781,2346
829,2317,967,2317,967,2346,829,2346
981,2317,1025,2317,1025,2346,981,2346
1034,2317,1103,2317,1103,2346,1034,2346
1116,2317,1124,2317,1124,2346,1116,2346
1136,2317,1171,2317,1171,2346,1136,2346
1182,2317,1266,2317,1266,2346,1182,2346
1266,2317,1274,2317,1274,2346,1266,2346
1286,2317,1339,2317,1339,2346,1286,2346
1346,2317,1475,2317,1475,2346,1346,2346
1489,2317,1516,2317,1516,2346,1489,2346
1522,2317,1591,2317,1591,2346,1522,2346
1604,2317,1643,2317,1643,2346,1604,2346
1652,2317,1727,2317,1727,2346,1652,2346
1739,2317,1777,2317,1777,2346,1739,2346
1788,2317,1804,2317,1804,2346,1788,2346
1815,2317,1846,2317,1846,2346,1815,2346
1857,2317,1948,2317,1948,2346,1857,2346
1959,2317,1988,2317,1988,2346,1959,2346
1996,2317,2078,2317,2078,2346,1996,2346
2091,2317,2099,2317,2099,2346,2091,2346
2100,2317,2108,2317,2108,2346,2100,2346
2108,2317,2236,2317,2236,2346,2108,2346
2241,2317,2249,2317,2249,2346,2241,2346
2614,2300,2676,2300,2676,2339,2614,2339
2690,2300,2701,2300,2701,2339,2690,2339
2733,2300,2762,2300,2762,2339,2733,2339
2774,2300,2886,2300,2886,2339,2774,2339
2901,2300,2966,2300,2966,2339,2901,2339
