3801,177,4449,177,4449,324,3801,324
3803,314,4442,314,4442,453,3803,453
4060,594,4517,594,4517,723,4060,723
2540,733,2578,733,2578,759,2540,759
4130,808,4214,808,4214,840,4130,840
4232,808,4273,808,4273,840,4232,840
4288,808,4472,808,4472,840,4288,840
1681,862,1935,862,1935,920,1681,920
1488,978,1488,929,1526,929,1526,978
3860,1040,4025,1040,4025,1077,3860,1077
1078,1157,1116,1153,1118,1170,1080,1174
4209,1241,4246,1241,4246,1270,4209,1270
4286,1241,4378,1241,4378,1270,4286,1270
2379,1252,2417,1252,2417,1303,2379,1303
1124,1303,1129,1303,1129,1324,1124,1324
1194,1303,1199,1303,1199,1324,1194,1324
1229,1303,1234,1303,1234,1324,1229,1324
1265,1303,1270,1303,1270,1324,1265,1324
1300,1303,1305,1303,1305,1324,1300,1324
1335,1303,1340,1303,1340,1324,1335,1324
1370,1303,1375,1303,1375,1324,1370,1324
1408,1303,1413,1303,1413,1324,1408,1324
1443,1303,1448,1303,1448,1324,1443,1324
1681,1301,1752,1315,1747,1337,1677,1324
1784,1304,1786,1304,1786,1316,1784,1316
1808,1304,1810,1304,1810,1316,1808,1316
2410,1306,2413,1306,2413,1319,2410,1319
2434,1304,2437,1304,2437,1319,2434,1319
2458,1304,2461,1304,2461,1319,2458,1319
2482,1304,2485,1304,2485,1319,2482,1319
1512,1296,1525,1296,1525,1343,1512,1343
1546,1296,1559,1296,1559,1343,1546,1343
1589,1296,1602,1296,1602,1343,1589,1343
1613,1296,1626,1296,1626,1343,1613,1343
2505,1304,2508,1304,2508,1319,2505,1319
4345,1304,4545,1304,4545,1344,4345,1344
4581,1304,4675,1304,4675,1344,4581,1344
1737,1520,1741,1520,1741,1537,1737,1537
1773,1521,1777,1521,1777,1538,1773,1538
1809,1522,1813,1522,1813,1539,1809,1539
1565,1613,1805,1604,1807,1668,1567,1677
2128,1615,2316,1615,2316,1663,2128,1663
2350,1615,2363,1615,2363,1663,2350,1663
2394,1615,2581,1615,2581,1663,2394,1663
4666,1547,4799,1547,4799,1632,4666,1632
4706,1669,4763,1669,4763,1746,4706,1746
1870,1680,1870,1674,1893,1674,1893,1680
1870,1711,1870,1705,1893,1705,1893,1711
1514,1700,1564,1697,1566,1732,1516,1735
3717,1547,3980,1547,3980,1632,3717,1632
4035,1547,4238,1547,4238,1632,4035,1632
4302,1547,4380,1547,4380,1632,4302,1632
4388,1547,4466,1547,4466,1632,4388,1632
4481,1547,4565,1547,4565,1632,4481,1632
3769,1669,3874,1669,3874,1743,3769,1743
3866,1669,3887,1669,3887,1743,3866,1743
3896,1669,3917,1669,3917,1743,3896,1743
4084,1669,4106,1669,4106,1746,4084,1746
4131,1669,4153,1669,4153,1746,4131,1746
4079,1669,4097,1669,4097,1746,4079,1746
4355,1669,4496,1669,4496,1746,4355,1746
4062,1791,4283,1791,4283,1876,4062,1876
4301,1791,4571,1791,4571,1876,4301,1876
2335,1696,2379,1696,2379,1735,2335,1735
1874,1822,1874,1820,1885,1821,1885,1823
1641,1850,1647,1850,1648,1873,1642,1873
1668,1849,1674,1849,1675,1872,1669,1872
1871,1859,1871,1857,1882,1858,1882,1860
1702,1848,1708,1848,1709,1871,1703,1871
1737,1847,1743,1847,1744,1870,1738,1870
1773,1846,1779,1846,1780,1869,1774,1869
1807,1845,1813,1845,1814,1868,1808,1868
1607,1860,1607,1864,1589,1864,1589,1860
1843,1844,1849,1844,1850,1867,1844,1867
1607,1892,1607,1896,1589,1896,1589,1892
1607,1928,1607,1932,1589,1932,1589,1928
1996,1969,1996,1913,2028,1913,2028,1969
1602,1998,1602,2000,1590,2000,1590,1998
3875,1993,4071,1993,4071,2039,3875,2039
4106,1993,4119,1993,4119,2039,4106,2039
4147,1993,4355,1993,4355,2039,4147,2039
3874,2063,4128,2063,4128,2111,3874,2111
3874,2137,3979,2137,3979,2181,3874,2181
4006,2137,4055,2137,4055,2181,4006,2181
4072,2137,4196,2137,4196,2181,4072,2181
4227,2137,4239,2137,4239,2181,4227,2181
4236,2137,4325,2137,4325,2181,4236,2181
1759,2107,1765,2107,1765,2130,1759,2130
1795,2107,1801,2107,1801,2130,1795,2130
1831,2107,1837,2107,1837,2130,1831,2130
1867,2107,1873,2107,1873,2130,1867,2130
1900,2107,1906,2107,1906,2130,1900,2130
1936,2107,1942,2107,1942,2130,1936,2130
1972,2107,1978,2107,1978,2130,1972,2130
2008,2107,2014,2107,2014,2130,2008,2130
2042,2107,2048,2107,2048,2130,2042,2130
2078,2107,2084,2107,2084,2130,2078,2130
2114,2107,2120,2107,2120,2130,2114,2130
2150,2107,2156,2107,2156,2130,2150,2130
2186,2107,2192,2107,2192,2130,2186,2130
2220,2112,2224,2112,2224,2129,2220,2129
2256,2113,2260,2113,2260,2130,2256,2130
2290,2114,2294,2114,2294,2131,2290,2131
4554,1993,4598,1993,4598,2041,4554,2041
4605,1993,4618,1993,4618,2041,4605,2041
4620,1993,4672,1993,4672,2041,4620,2041
4690,1993,4760,1993,4760,2041,4690,2041
4558,2063,4603,2063,4603,2111,4558,2111
4605,2063,4618,2063,4618,2111,4605,2111
4627,2063,4670,2063,4670,2111,4627,2111
4690,2063,4760,2063,4760,2111,4690,2111
4550,2134,4563,2134,4563,2181,4550,2181
4579,2134,4592,2134,4592,2181,4579,2181
4595,2134,4638,2134,4638,2181,4595,2181
4654,2134,4732,2134,4732,2181,4654,2181
4552,2202,4605,2202,4605,2260,4552,2260
4609,2202,4625,2202,4625,2260,4609,2260
4625,2202,4668,2202,4668,2260,4625,2260
4689,2202,4763,2202,4763,2260,4689,2260
1877,2152,1877,2157,1858,2157,1858,2152
2300,2153,2300,2156,2285,2156,2285,2153
2517,2171,2521,2171,2521,2189,2517,2189
2493,2179,2493,2184,2474,2183,2474,2178
2553,2171,2557,2171,2557,2189,2553,2189
2587,2170,2591,2170,2591,2188,2587,2188
1767,2163,1803,2163,1803,2212,1767,2212
2623,2170,2627,2170,2627,2188,2623,2188
2657,2169,2661,2169,2661,2187,2657,2187
2693,2169,2697,2169,2697,2187,2693,2187
2729,2168,2733,2168,2733,2186,2729,2186
2762,2168,2766,2168,2766,2186,2762,2186
1877,2188,1877,2193,1858,2193,1858,2188
2300,2188,2300,2191,2285,2191,2285,2188
2492,2217,2492,2222,2473,2221,2473,2216
2300,2223,2300,2226,2285,2226,2285,2223
1299,2215,1307,2215,1307,2246,1299,2246
1340,2215,1348,2215,1348,2246,1340,2246
1379,2215,1387,2215,1387,2246,1379,2246
1403,2214,1452,2211,1455,2269,1406,2272
2300,2259,2300,2262,2285,2262,2285,2259
2300,2294,2300,2297,2285,2297,2285,2294
1295,2292,1297,2292,1297,2304,1295,2304
1327,2292,1329,2292,1329,2304,1327,2304
1363,2292,1365,2292,1365,2304,1363,2304
1211,2285,1312,2285,1312,2359,1211,2359
1331,2285,1385,2285,1385,2359,1331,2359
1398,2285,1520,2285,1520,2359,1398,2359
1535,2285,1556,2285,1556,2359,1535,2359
1557,2285,1639,2285,1639,2359,1557,2359
1566,2328,1566,2334,1542,2333,1542,2327
2300,2329,2300,2332,2285,2332,2285,2329
2300,2366,2300,2369,2285,2369,2285,2366
1565,2373,1565,2379,1541,2378,1541,2372
1564,2411,1563,2447,1539,2446,1540,2410
3719,2482,3807,2482,3807,2518,3719,2518
3823,2482,3833,2482,3833,2518,3823,2518
3839,2482,3878,2482,3878,2518,3839,2518
3893,2482,3999,2482,3999,2518,3893,2518
4009,2482,4060,2482,4060,2518,4009,2518
4073,2482,4199,2482,4199,2518,4073,2518
4214,2482,4260,2482,4260,2518,4214,2518
4265,2482,4367,2482,4367,2518,4265,2518
4384,2482,4455,2482,4455,2518,4384,2518
4465,2482,4529,2482,4529,2518,4465,2518
4547,2482,4598,2482,4598,2518,4547,2518
4610,2482,4706,2482,4706,2518,4610,2518
4718,2482,4871,2482,4871,2518,4718,2518
3882,2538,4145,2538,4145,2600,3882,2600
2456,2635,2456,2626,2490,2625,2490,2634
2455,2617,2455,2608,2489,2607,2489,2616
2454,2600,2454,2591,2488,2590,2488,2599
2454,2582,2454,2573,2488,2572,2488,2581
4555,2537,4606,2537,4606,2606,4555,2606
4610,2537,4699,2537,4699,2606,4610,2606
2523,2690,2526,2690,2526,2704,2523,2704
2558,2690,2561,2690,2561,2704,2558,2704
2593,2690,2596,2690,2596,2704,2593,2704
2629,2690,2632,2690,2632,2704,2629,2704
3903,2746,4061,2750,4060,2782,3902,2778
3766,2818,3806,2818,3806,2854,3766,2854
3767,2854,3827,2855,3827,2891,3767,2890
3767,2894,3831,2895,3831,2929,3767,2928
3767,2937,3803,2935,3804,2960,3768,2962
3769,2973,3803,2973,3803,3004,3769,3004
3885,2818,3895,2818,3895,2854,3885,2854
3903,2818,3980,2818,3980,2854,3903,2854
3997,2818,4106,2818,4106,2854,3997,2854
3883,2855,3892,2855,3892,2890,3883,2890
3897,2855,4011,2856,4011,2892,3897,2891
4023,2856,4114,2857,4114,2893,4023,2892
4134,2857,4215,2858,4215,2894,4134,2893
3883,2895,3892,2895,3892,2929,3883,2929
3906,2895,4011,2896,4011,2931,3906,2930
4032,2896,4134,2897,4134,2932,4032,2931
4144,2897,4259,2898,4259,2932,4144,2931
3881,2938,3889,2938,3889,2969,3881,2969
3899,2938,3978,2938,3978,2969,3899,2969
3985,2938,4103,2938,4103,2969,3985,2969
3877,2972,3886,2972,3886,3006,3877,3006
3899,2972,4011,2972,4011,3006,3899,3006
4029,2972,4174,2972,4174,3006,4029,3006
3879,3010,3888,3010,3888,3045,3879,3045
3901,3010,4010,3010,4010,3045,3901,3045
4019,3010,4028,3010,4028,3045,4019,3045
4031,3010,4081,3010,4081,3045,4031,3045
4095,3010,4358,3010,4358,3045,4095,3045
3881,3050,3889,3050,3889,3081,3881,3081
3899,3050,3973,3051,3973,3083,3899,3082
3990,3052,4024,3052,4024,3083,3990,3083
4036,3052,4176,3054,4176,3086,4036,3084
3878,3088,3887,3088,3887,3122,3878,3122
3899,3088,3993,3088,3993,3122,3899,3122
4006,3088,4125,3088,4125,3122,4006,3122
3878,3128,3886,3128,3886,3160,3878,3160
3898,3128,3968,3128,3968,3160,3898,3160
3978,3128,3986,3128,3986,3160,3978,3160
3985,3128,4065,3128,4065,3160,3985,3160
3875,3164,3885,3164,3885,3200,3875,3200
3889,3164,3981,3164,3981,3200,3889,3200
3986,3164,3996,3164,3996,3200,3986,3200
3996,3164,4077,3164,4077,3200,3996,3200
3766,3014,3807,3011,3809,3042,3768,3045
3764,3046,3809,3046,3809,3086,3764,3086
3763,3090,3807,3081,3815,3120,3771,3129
4283,3126,4284,3126,4284,3133,4283,3133
4306,3126,4307,3126,4307,3133,4306,3133
4329,3126,4330,3126,4330,3133,4329,3133
4354,3126,4355,3126,4355,3133,4354,3133
4379,3126,4380,3126,4380,3133,4379,3133
4402,3126,4403,3126,4403,3133,4402,3133
2448,3058,2513,3058,2513,3093,2448,3093
2525,3058,2551,3058,2551,3093,2525,3093
2572,3057,2736,3056,2736,3092,2572,3093
2742,3057,2783,3057,2783,3092,2742,3092
2799,3056,3031,3055,3031,3091,2799,3092
3046,3055,3218,3054,3218,3090,3046,3091
3233,3055,3265,3055,3265,3090,3233,3090
3276,3055,3332,3055,3332,3090,3276,3090
3343,3055,3352,3055,3352,3090,3343,3090
3361,3055,3381,3055,3381,3090,3361,3090
3400,3054,3502,3054,3502,3089,3400,3089
3514,3054,3546,3054,3546,3089,3514,3089
2440,3096,2553,3096,2553,3128,2440,3128
2564,3096,2587,3096,2587,3128,2564,3128
2601,3096,2745,3096,2745,3128,2601,3128
2767,3096,2775,3096,2775,3128,2767,3128
2780,3096,2788,3096,2788,3128,2780,3128
2790,3096,2798,3096,2798,3128,2790,3128
2812,3096,2938,3096,2938,3128,2812,3128
2947,3096,2998,3096,2998,3128,2947,3128
3006,3096,3208,3096,3208,3128,3006,3128
3223,3096,3288,3096,3288,3128,3223,3128
3297,3096,3348,3096,3348,3128,3297,3128
3364,3096,3468,3096,3468,3128,3364,3128
3479,3096,3515,3096,3515,3128,3479,3128
2442,3134,2621,3134,2621,3166,2442,3166
2638,3134,2667,3134,2667,3166,2638,3166
2686,3134,2694,3134,2694,3166,2686,3166
2699,3134,2707,3134,2707,3166,2699,3166
2710,3134,2889,3134,2889,3166,2710,3166
2894,3134,2902,3134,2902,3166,2894,3166
2440,3174,2494,3174,2494,3205,2440,3205
2508,3174,2664,3174,2664,3205,2508,3205
2679,3174,2738,3174,2738,3205,2679,3205
2750,3174,2875,3174,2875,3205,2750,3205
2880,3174,2888,3174,2888,3205,2880,3205
2901,3174,3002,3174,3002,3205,2901,3205
3019,3174,3047,3174,3047,3205,3019,3205
3056,3174,3064,3174,3064,3205,3056,3205
3063,3174,3071,3174,3071,3205,3063,3205
3073,3174,3275,3174,3275,3205,3073,3205
3283,3174,3332,3174,3332,3205,3283,3205
3347,3174,3536,3174,3536,3205,3347,3205
2444,3210,2511,3210,2511,3242,2444,3242
2519,3210,2615,3210,2615,3242,2519,3242
2631,3210,2639,3210,2639,3242,2631,3242
2658,3210,2707,3210,2707,3242,2658,3242
2724,3210,2836,3210,2836,3242,2724,3242
2839,3210,2847,3210,2847,3242,2839,3242
2864,3210,2936,3210,2936,3242,2864,3242
2947,3210,3127,3210,3127,3242,2947,3242
3142,3210,3178,3210,3178,3242,3142,3242
3188,3210,3280,3210,3280,3242,3188,3242
3299,3210,3350,3210,3350,3242,3299,3242
3365,3210,3472,3210,3472,3242,3365,3242
3487,3210,3533,3210,3533,3242,3487,3242
3551,3210,3574,3210,3574,3242,3551,3242
2446,3250,2492,3250,2492,3285,2446,3285
2507,3249,2633,3248,2633,3284,2507,3285
2644,3248,2684,3248,2684,3284,2644,3284
2695,3248,2808,3247,2808,3283,2695,3284
2825,3247,2834,3247,2834,3282,2825,3282
2839,3247,2848,3247,2848,3282,2839,3282
2848,3247,3024,3246,3024,3282,2848,3283
3032,3246,3041,3246,3041,3281,3032,3281
3764,3122,3809,3122,3809,3162,3764,3162
3761,3164,3814,3164,3814,3200,3761,3200
4486,3154,4497,3154,4497,3194,4486,3194
4505,3154,4679,3154,4679,3194,4505,3194
4694,3154,4724,3154,4724,3194,4694,3194
4729,3154,4855,3154,4855,3194,4729,3194
4488,3222,4497,3222,4497,3256,4488,3256
4510,3222,4618,3222,4618,3256,4510,3256
4629,3222,4660,3222,4660,3256,4629,3256
4666,3222,4727,3222,4727,3256,4666,3256
4733,3222,4742,3222,4742,3256,4733,3256
4741,3222,4867,3222,4867,3256,4741,3256
4506,3254,4591,3254,4591,3288,4506,3288
4610,3254,4619,3254,4619,3288,4610,3288
4638,3254,4647,3254,4647,3288,4638,3288
4655,3254,4664,3254,4664,3288,4655,3288
4663,3254,4694,3254,4694,3288,4663,3288
4711,3254,4720,3254,4720,3288,4711,3288
3582,3373,3626,3373,3626,3407,3582,3407
3997,3362,4097,3362,4097,3408,3997,3408
4107,3362,4120,3362,4120,3408,4107,3408
4286,3363,4343,3363,4343,3407,4286,3407
4346,3363,4358,3363,4358,3407,4346,3407
4362,3363,4419,3363,4419,3407,4362,3407
4418,3363,4430,3363,4430,3407,4418,3407
4432,3363,4532,3363,4532,3407,4432,3407
