3801,177,4449,177,4449,324,3801,324
3803,314,4442,314,4442,453,3803,453
1491,593,1491,599,1468,599,1468,593
1526,594,1526,600,1503,600,1503,594
911,637,911,641,894,640,894,636
1064,617,1173,617,1173,691,1064,691
1207,617,1248,617,1248,691,1207,691
1349,617,1390,617,1390,691,1349,691
1491,641,1491,647,1468,647,1468,641
1491,665,1491,671,1468,671,1468,665
1491,689,1491,695,1468,695,1468,689
1526,642,1526,648,1503,648,1503,642
1526,666,1526,672,1503,672,1503,666
4060,594,4517,594,4517,723,4060,723
909,671,909,675,892,674,892,670
1289,674,1289,678,1272,678,1272,674
1174,699,1182,699,1182,730,1174,730
1209,699,1217,699,1217,730,1209,730
1244,699,1252,699,1252,730,1244,730
1596,688,1606,688,1606,724,1596,724
1633,688,1643,688,1643,724,1633,724
1173,714,1177,714,1177,732,1173,732
1065,720,1067,720,1067,731,1065,731
1208,714,1212,714,1212,732,1208,732
1244,714,1248,714,1248,732,1244,732
1280,714,1284,714,1284,732,1280,732
1314,714,1318,714,1318,732,1314,732
1350,714,1354,714,1354,732,1350,732
1010,724,1010,730,987,730,987,724
1384,714,1388,714,1388,732,1384,732
2326,696,2419,696,2419,759,2326,759
1010,760,1010,766,987,766,987,760
889,783,889,780,904,780,904,783
1010,796,1010,802,987,802,987,796
2573,780,2587,780,2587,831,2573,831
2754,780,2804,780,2804,831,2754,831
2848,780,2862,780,2862,831,2848,831
889,819,889,816,904,816,904,819
4130,808,4214,808,4214,840,4130,840
4232,808,4273,808,4273,840,4232,840
4288,808,4472,808,4472,840,4288,840
2873,826,2876,831,2855,844,2852,839
889,854,889,851,904,851,904,854
1264,841,1318,841,1318,863,1264,863
2893,859,2896,864,2875,877,2872,872
1010,901,1010,907,987,907,987,901
2911,888,2914,893,2893,906,2890,901
889,924,889,921,904,921,904,924
1010,937,1010,943,987,943,987,937
889,961,889,958,904,958,904,961
1829,959,1834,959,1834,980,1829,980
1862,959,1867,959,1867,980,1862,980
2595,941,2691,941,2691,1001,2595,1001
2720,941,2763,941,2763,1001,2720,1001
2787,941,2901,941,2901,1001,2787,1001
1010,973,1010,979,987,979,987,973
889,996,889,993,904,993,904,996
2497,1009,2497,1005,2514,1005,2514,1009
1010,1009,1010,1015,987,1015,987,1009
889,1031,889,1028,904,1028,904,1031
2497,1043,2497,1039,2514,1039,2514,1043
1010,1043,1010,1049,987,1049,987,1043
2103,1031,2392,1031,2392,1079,2103,1079
3804,1040,3928,1040,3928,1080,3804,1080
4532,1040,4654,1040,4654,1074,4532,1074
889,1067,889,1064,904,1064,904,1067
1000,1070,1003,1070,1002,1084,999,1084
2497,1079,2497,1075,2514,1075,2514,1079
1040,1072,1043,1072,1042,1086,1039,1086
1074,1072,1078,1072,1078,1089,1074,1089
1109,1072,1113,1072,1113,1089,1109,1089
1144,1072,1148,1072,1148,1090,1144,1090
1180,1072,1184,1072,1184,1090,1180,1090
1214,1072,1218,1072,1218,1090,1214,1090
1250,1072,1254,1072,1254,1090,1250,1090
1286,1072,1290,1072,1290,1090,1286,1090
1322,1073,1325,1073,1325,1088,1322,1088
1357,1073,1360,1073,1360,1088,1357,1088
1499,1072,1503,1072,1503,1089,1499,1089
1535,1072,1539,1072,1539,1089,1535,1089
1569,1072,1573,1072,1573,1089,1569,1089
1605,1072,1609,1072,1609,1089,1605,1089
1641,1072,1645,1072,1645,1089,1641,1089
1963,1117,1964,1109,1992,1111,1992,1119
1965,1081,1966,1073,1994,1075,1994,1083
1967,1045,1968,1037,1996,1039,1996,1047
1677,1072,1681,1072,1681,1089,1677,1089
1711,1072,1715,1072,1715,1089,1711,1089
1747,1073,1751,1073,1751,1089,1747,1089
682,1098,684,1098,684,1109,682,1109
721,1093,727,1093,728,1116,722,1116
755,1092,761,1092,762,1115,756,1115
791,1090,797,1090,798,1113,792,1113
2497,1104,2497,1100,2514,1100,2514,1104
827,1089,833,1089,834,1112,828,1112
889,1105,889,1102,904,1102,904,1105
860,1087,866,1087,867,1110,861,1110
2719,1144,2720,1149,2701,1152,2700,1147
2718,1148,2721,1169,2702,1172,2699,1151
2093,1182,2095,1182,2095,1193,2093,1193
2131,1179,2135,1179,2134,1196,2130,1196
2164,1181,2168,1181,2167,1198,2163,1198
2204,1183,2206,1183,2205,1200,2203,1200
2372,1182,2374,1182,2375,1193,2373,1193
2248,1186,2263,1187,2262,1204,2247,1203
2598,1189,2602,1189,2604,1205,2600,1206
2633,1193,2636,1193,2636,1208,2633,1208
2668,1193,2671,1193,2671,1208,2668,1208
2704,1193,2707,1193,2707,1208,2704,1208
2706,1185,2710,1185,2709,1203,2705,1203
2740,1187,2744,1187,2743,1205,2739,1205
2777,1188,2781,1188,2780,1206,2776,1206
2572,1234,2572,1242,2543,1241,2543,1233
2571,1267,2571,1275,2542,1274,2542,1266
2570,1303,2570,1311,2541,1310,2541,1302
2569,1339,2569,1347,2540,1346,2540,1338
1397,1352,1397,1299,1428,1299,1428,1352
4345,1304,4545,1304,4545,1344,4345,1344
4568,1304,4579,1304,4579,1344,4568,1344
4581,1304,4675,1304,4675,1344,4581,1344
2303,1399,2307,1399,2306,1416,2302,1416
2338,1401,2342,1401,2341,1418,2337,1418
2374,1402,2378,1402,2377,1419,2373,1419
2410,1404,2414,1404,2413,1421,2409,1421
2444,1405,2448,1405,2447,1422,2443,1422
2282,1451,2282,1457,2257,1457,2257,1451
2282,1487,2282,1493,2257,1493,2257,1487
1063,1496,1113,1496,1113,1531,1063,1531
1874,1494,1918,1494,1918,1528,1874,1528
2595,1496,2643,1496,2643,1530,2595,1530
2282,1523,2282,1529,2257,1529,2257,1523
2282,1557,2282,1563,2257,1563,2257,1557
858,1577,1047,1577,1047,1621,858,1621
1080,1577,1092,1577,1092,1621,1080,1621
1119,1577,1314,1577,1314,1621,1119,1621
2521,1557,2759,1565,2756,1634,2519,1626
2784,1566,2804,1567,2802,1636,2782,1635
2282,1594,2282,1600,2257,1600,2257,1594
1629,1648,1629,1602,1665,1602,1665,1648
1751,1599,1990,1599,1990,1645,1751,1645
2015,1599,2028,1599,2028,1645,2015,1645
2282,1630,2282,1636,2257,1636,2257,1630
2253,1700,2254,1692,2283,1695,2282,1703
2257,1665,2258,1657,2287,1660,2286,1668
2282,1700,2282,1706,2257,1706,2257,1700
2392,1697,2397,1697,2397,1718,2392,1718
2428,1697,2433,1697,2433,1718,2428,1718
2516,1755,2512,1750,2531,1735,2535,1740
2541,1786,2537,1781,2556,1766,2560,1771
2563,1813,2559,1808,2578,1793,2582,1798
2582,1856,2587,1854,2597,1874,2592,1877
2230,1891,2231,1883,2260,1886,2259,1894
2547,1872,2552,1870,2562,1890,2557,1893
2472,1906,2477,1904,2487,1924,2482,1927
2259,1934,2262,1939,2240,1950,2237,1945
2446,1935,2452,1935,2451,1960,2445,1960
2521,1937,2527,1937,2526,1962,2520,1962
2555,1938,2561,1938,2560,1963,2554,1963
2599,1938,2605,1938,2604,1963,2598,1963
2633,1939,2639,1939,2638,1964,2632,1964
2670,1940,2676,1940,2675,1965,2669,1965
2706,1941,2712,1941,2711,1966,2705,1966
2740,1941,2746,1941,2745,1966,2739,1966
2776,1942,2782,1942,2781,1967,2775,1967
2813,1943,2819,1943,2818,1968,2812,1968
2849,1944,2855,1944,2854,1969,2848,1969
2883,1944,2889,1944,2888,1969,2882,1969
2917,1945,2923,1945,2922,1970,2916,1970
3717,1547,3980,1547,3980,1632,3717,1632
4035,1547,4238,1547,4238,1632,4035,1632
4302,1547,4380,1547,4380,1632,4302,1632
4388,1547,4466,1547,4466,1632,4388,1632
4481,1547,4565,1547,4565,1632,4481,1632
4666,1547,4799,1547,4799,1632,4666,1632
3775,1668,3881,1668,3881,1742,3775,1742
3870,1668,3891,1668,3891,1742,3870,1742
3892,1668,3913,1668,3913,1742,3892,1742
4088,1664,4113,1664,4113,1750,4088,1750
4132,1664,4157,1664,4157,1750,4132,1750
4167,1664,4192,1664,4192,1750,4167,1750
4383,1667,4487,1667,4487,1748,4383,1748
4706,1667,4766,1667,4766,1748,4706,1748
4063,1793,4278,1793,4278,1867,4063,1867
4300,1793,4568,1793,4568,1867,4300,1867
3890,1890,4082,1887,4083,1946,3891,1949
4119,1887,4135,1887,4136,1945,4120,1945
4168,1886,4368,1883,4369,1941,4169,1944
4568,1890,4608,1890,4608,1944,4568,1944
4619,1890,4634,1890,4634,1944,4619,1944
4632,1890,4682,1890,4682,1944,4632,1944
4697,1890,4776,1890,4776,1944,4697,1944
3887,1969,4135,1969,4135,2015,3887,2015
4170,1969,4183,1969,4183,2015,4170,2015
4566,1967,4611,1967,4611,2015,4566,2015
4618,1967,4631,1967,4631,2015,4618,2015
4633,1967,4685,1967,4685,2015,4633,2015
4696,1967,4775,1967,4775,2015,4696,2015
3887,2041,4142,2041,4142,2087,3887,2087
4165,2041,4178,2041,4178,2087,4165,2087
4566,2039,4608,2039,4608,2085,4566,2085
4616,2039,4629,2039,4629,2085,4616,2085
4629,2039,4688,2039,4688,2085,4629,2085
4700,2039,4776,2039,4776,2085,4700,2085
3889,2111,3990,2111,3990,2159,3889,2159
4016,2111,4068,2111,4068,2159,4016,2159
4084,2111,4212,2111,4212,2159,4084,2159
4563,2111,4576,2111,4576,2157,4563,2157
4591,2111,4604,2111,4604,2157,4591,2157
4606,2111,4649,2111,4649,2157,4606,2157
4670,2111,4746,2111,4746,2157,4670,2157
3887,2182,4191,2182,4191,2240,3887,2240
4568,2178,4583,2178,4583,2232,4568,2232
4590,2178,4605,2178,4605,2232,4590,2232
4608,2178,4658,2178,4658,2232,4608,2232
4668,2178,4747,2178,4747,2232,4668,2232
3877,2257,3966,2257,3966,2301,3877,2301
4569,2255,4582,2255,4582,2303,4569,2303
4589,2255,4602,2255,4602,2303,4589,2303
4604,2255,4657,2255,4657,2303,4604,2303
4666,2255,4745,2255,4745,2303,4666,2303
4555,2326,4610,2326,4610,2376,4555,2376
4617,2326,4631,2326,4631,2376,4617,2376
4633,2326,4680,2326,4680,2376,4633,2376
4698,2326,4772,2326,4772,2376,4698,2376
2276,1967,2279,1972,2257,1983,2254,1978
819,1979,855,1979,855,2006,819,2006
849,1999,853,1999,853,2016,849,2016
1981,1984,2024,1981,2026,2004,1983,2007
874,2000,878,2000,878,2017,874,2017
898,2000,902,2000,902,2017,898,2017
921,2000,925,2000,925,2017,921,2017
944,2001,948,2001,948,2018,944,2018
968,2001,972,2001,972,2018,968,2018
1016,2002,1020,2002,1020,2019,1016,2019
1040,2002,1044,2002,1044,2019,1040,2019
1063,2003,1067,2003,1067,2020,1063,2020
1082,2003,1086,2003,1086,2020,1082,2020
1087,2001,1091,2001,1091,2018,1087,2018
1109,2001,1113,2001,1113,2018,1109,2018
1134,2001,1138,2001,1138,2018,1134,2018
1158,2001,1162,2001,1162,2018,1158,2018
1172,2001,1176,2001,1176,2018,1172,2018
1204,2001,1208,2001,1208,2018,1204,2018
1228,2001,1232,2001,1232,2018,1228,2018
1251,2001,1255,2001,1255,2018,1251,2018
1275,2001,1279,2001,1279,2018,1275,2018
1300,2001,1304,2001,1304,2018,1300,2018
1323,2001,1327,2001,1327,2018,1323,2018
1347,2001,1351,2001,1351,2018,1347,2018
2582,1984,2620,1981,2622,2017,2584,2020
2041,2006,2043,2006,2043,2016,2041,2016
2063,2006,2065,2006,2065,2016,2063,2016
2086,2006,2088,2006,2088,2016,2086,2016
2111,2006,2113,2006,2113,2016,2111,2016
2292,2001,2295,2006,2273,2017,2270,2012
2063,2018,2096,2023,2090,2054,2058,2049
2493,2008,2554,2008,2554,2051,2493,2051
2579,2008,2591,2008,2591,2051,2579,2051
615,2143,707,2143,707,2175,615,2175
598,2348,598,2349,591,2349,591,2348
613,2415,613,2352,644,2352,644,2415
613,2344,613,2336,644,2336,644,2344
613,2333,613,2285,644,2285,644,2333
1289,2329,1541,2329,1541,2372,1289,2372
598,2366,598,2367,591,2367,591,2366
1630,2393,1630,2348,1662,2348,1662,2393
598,2404,598,2405,591,2405,591,2404
598,2442,598,2443,591,2443,591,2442
3719,2482,3806,2482,3806,2516,3719,2516
3823,2482,3832,2482,3832,2516,3823,2516
3840,2482,3878,2482,3878,2516,3840,2516
3892,2482,3994,2482,3994,2516,3892,2516
4013,2482,4061,2482,4061,2516,4013,2516
4072,2482,4198,2482,4198,2516,4072,2516
4211,2482,4260,2482,4260,2516,4211,2516
4269,2482,4369,2482,4369,2516,4269,2516
4384,2482,4455,2482,4455,2516,4384,2516
4464,2482,4528,2482,4528,2516,4464,2516
4544,2482,4597,2482,4597,2516,4544,2516
4608,2482,4707,2482,4707,2516,4608,2516
4716,2482,4870,2482,4870,2516,4716,2516
3894,2567,4156,2567,4156,2613,3894,2613
4570,2544,4617,2544,4617,2630,4570,2630
4624,2544,4704,2544,4704,2630,4624,2630
3901,2746,4060,2750,4059,2782,3900,2778
3766,2818,3806,2818,3806,2854,3766,2854
3767,2854,3827,2855,3827,2891,3767,2890
3767,2894,3831,2895,3831,2929,3767,2928
3767,2937,3803,2935,3804,2960,3768,2962
3769,2973,3803,2973,3803,3004,3769,3004
3885,2818,3895,2818,3895,2854,3885,2854
3903,2818,3980,2818,3980,2854,3903,2854
3997,2818,4106,2818,4106,2854,3997,2854
3883,2855,3892,2855,3892,2890,3883,2890
3897,2855,4011,2856,4011,2892,3897,2891
4023,2856,4114,2857,4114,2893,4023,2892
4134,2857,4215,2858,4215,2894,4134,2893
3883,2895,3892,2895,3892,2929,3883,2929
3906,2895,4011,2896,4011,2931,3906,2930
4032,2896,4134,2897,4134,2932,4032,2931
4144,2897,4259,2898,4259,2932,4144,2931
3881,2938,3889,2938,3889,2969,3881,2969
3899,2938,3978,2938,3978,2969,3899,2969
3985,2938,4103,2938,4103,2969,3985,2969
3877,2972,3886,2972,3886,3006,3877,3006
3899,2972,4011,2972,4011,3006,3899,3006
4029,2972,4174,2972,4174,3006,4029,3006
3879,3010,3888,3010,3888,3045,3879,3045
3901,3010,4010,3010,4010,3045,3901,3045
4019,3010,4028,3010,4028,3045,4019,3045
4031,3010,4081,3010,4081,3045,4031,3045
4095,3010,4358,3010,4358,3045,4095,3045
3881,3050,3889,3050,3889,3081,3881,3081
3899,3050,3973,3051,3973,3083,3899,3082
3990,3052,4024,3052,4024,3083,3990,3083
4036,3052,4176,3054,4176,3086,4036,3084
3878,3088,3887,3088,3887,3122,3878,3122
3899,3088,3993,3088,3993,3122,3899,3122
4006,3088,4125,3088,4125,3122,4006,3122
3878,3128,3886,3128,3886,3160,3878,3160
3898,3128,3968,3128,3968,3160,3898,3160
3978,3128,3986,3128,3986,3160,3978,3160
3985,3128,4065,3128,4065,3160,3985,3160
3875,3164,3885,3164,3885,3200,3875,3200
3889,3164,3981,3164,3981,3200,3889,3200
3986,3164,3996,3164,3996,3200,3986,3200
3996,3164,4077,3164,4077,3200,3996,3200
3766,3014,3807,3011,3809,3042,3768,3045
2448,3058,2513,3058,2513,3093,2448,3093
2525,3058,2551,3058,2551,3093,2525,3093
2572,3057,2736,3056,2736,3092,2572,3093
2742,3057,2783,3057,2783,3092,2742,3092
2799,3056,3031,3055,3031,3091,2799,3092
3046,3055,3218,3054,3218,3090,3046,3091
3233,3055,3265,3055,3265,3090,3233,3090
3276,3055,3332,3055,3332,3090,3276,3090
3343,3055,3352,3055,3352,3090,3343,3090
3361,3055,3381,3055,3381,3090,3361,3090
3400,3054,3502,3054,3502,3089,3400,3089
3514,3054,3546,3054,3546,3089,3514,3089
2440,3096,2553,3096,2553,3128,2440,3128
2564,3096,2587,3096,2587,3128,2564,3128
2601,3096,2745,3096,2745,3128,2601,3128
2767,3096,2775,3096,2775,3128,2767,3128
2780,3096,2788,3096,2788,3128,2780,3128
2790,3096,2798,3096,2798,3128,2790,3128
2812,3096,2938,3096,2938,3128,2812,3128
2947,3096,2998,3096,2998,3128,2947,3128
3006,3096,3208,3096,3208,3128,3006,3128
3223,3096,3288,3096,3288,3128,3223,3128
3297,3096,3348,3096,3348,3128,3297,3128
3364,3096,3468,3096,3468,3128,3364,3128
3479,3096,3515,3096,3515,3128,3479,3128
2442,3134,2621,3134,2621,3166,2442,3166
2638,3134,2667,3134,2667,3166,2638,3166
2686,3134,2694,3134,2694,3166,2686,3166
2699,3134,2707,3134,2707,3166,2699,3166
2710,3134,2889,3134,2889,3166,2710,3166
2894,3134,2902,3134,2902,3166,2894,3166
2440,3174,2494,3174,2494,3205,2440,3205
2508,3174,2664,3174,2664,3205,2508,3205
2679,3174,2738,3174,2738,3205,2679,3205
2750,3174,2875,3174,2875,3205,2750,3205
2880,3174,2888,3174,2888,3205,2880,3205
2901,3174,3002,3174,3002,3205,2901,3205
3019,3174,3047,3174,3047,3205,3019,3205
3056,3174,3064,3174,3064,3205,3056,3205
3063,3174,3071,3174,3071,3205,3063,3205
3073,3174,3275,3174,3275,3205,3073,3205
3283,3174,3332,3174,3332,3205,3283,3205
3347,3174,3536,3174,3536,3205,3347,3205
2444,3210,2511,3210,2511,3242,2444,3242
2519,3210,2615,3210,2615,3242,2519,3242
2631,3210,2639,3210,2639,3242,2631,3242
2658,3210,2707,3210,2707,3242,2658,3242
2724,3210,2836,3210,2836,3242,2724,3242
2839,3210,2847,3210,2847,3242,2839,3242
2864,3210,2936,3210,2936,3242,2864,3242
2947,3210,3127,3210,3127,3242,2947,3242
3142,3210,3178,3210,3178,3242,3142,3242
3188,3210,3280,3210,3280,3242,3188,3242
3299,3210,3350,3210,3350,3242,3299,3242
3365,3210,3472,3210,3472,3242,3365,3242
3487,3210,3533,3210,3533,3242,3487,3242
3551,3210,3574,3210,3574,3242,3551,3242
2446,3250,2492,3250,2492,3285,2446,3285
2507,3249,2633,3248,2633,3284,2507,3285
2644,3248,2684,3248,2684,3284,2644,3284
2695,3248,2808,3247,2808,3283,2695,3284
2825,3247,2834,3247,2834,3282,2825,3282
2839,3247,2848,3247,2848,3282,2839,3282
2848,3247,3024,3246,3024,3282,2848,3283
3032,3246,3041,3246,3041,3281,3032,3281
3764,3046,3809,3046,3809,3086,3764,3086
3766,3084,3811,3084,3811,3124,3766,3124
3764,3122,3809,3122,3809,3162,3764,3162
3761,3164,3814,3164,3814,3200,3761,3200
4491,3158,4500,3158,4500,3193,4491,3193
4507,3157,4679,3155,4679,3191,4507,3193
4695,3155,4721,3155,4721,3191,4695,3191
4728,3155,4855,3154,4855,3190,4728,3191
4491,3226,4499,3226,4499,3258,4491,3258
4512,3226,4617,3226,4617,3258,4512,3258
4630,3226,4660,3226,4660,3258,4630,3258
4669,3226,4726,3226,4726,3258,4669,3258
4732,3226,4740,3226,4740,3258,4732,3258
4743,3226,4869,3226,4869,3258,4743,3258
4508,3258,4593,3258,4593,3292,4508,3292
4611,3258,4620,3258,4620,3292,4611,3292
4639,3258,4648,3258,4648,3292,4639,3292
4657,3258,4666,3258,4666,3292,4657,3292
4665,3258,4696,3258,4696,3292,4665,3292
4713,3258,4722,3258,4722,3292,4713,3292
3582,3373,3626,3373,3626,3407,3582,3407
3999,3363,4098,3366,4097,3408,3998,3405
4112,3367,4123,3367,4122,3408,4111,3408
4286,3363,4343,3363,4343,3407,4286,3407
4346,3363,4358,3363,4358,3407,4346,3407
4362,3363,4419,3363,4419,3407,4362,3407
4418,3363,4430,3363,4430,3407,4418,3407
4432,3363,4532,3363,4532,3407,4432,3407
