3801,177,4449,177,4449,324,3801,324
3803,314,4442,314,4442,453,3803,453
2846,562,2846,568,2823,568,2823,562
2166,544,2166,627,2145,627,2145,544
2659,607,2659,602,2680,602,2680,607
2233,541,2233,676,2211,676,2211,541
2586,595,2601,595,2601,648,2586,648
2801,602,2801,631,2769,631,2769,602
2186,595,2201,595,2201,648,2186,648
2218,595,2233,595,2233,648,2218,648
2287,595,2400,595,2400,648,2287,648
2277,661,2288,661,2288,700,2277,700
2313,661,2324,661,2324,700,2313,700
2349,661,2360,661,2360,700,2349,700
2385,661,2396,661,2396,700,2385,700
2421,661,2432,661,2432,700,2421,700
2457,661,2468,661,2468,700,2457,700
2493,661,2504,661,2504,700,2493,700
2529,661,2540,661,2540,700,2529,700
2659,640,2659,635,2680,635,2680,640
2845,636,2845,642,2822,642,2822,636
4060,592,4522,592,4522,727,4060,727
1964,678,1970,677,1972,700,1966,701
1993,675,1999,674,2001,697,1995,698
2029,672,2035,671,2037,694,2031,695
2068,669,2074,668,2076,691,2070,692
2843,703,2843,709,2820,709,2820,703
2843,742,2843,748,2820,748,2820,742
1273,751,1273,747,1289,747,1289,751
1273,785,1273,781,1289,781,1289,785
2842,778,2842,784,2819,784,2819,778
2843,778,2843,782,2826,782,2826,778
1969,785,1969,790,1950,790,1950,785
2731,791,2731,787,2748,787,2748,791
1220,796,1220,834,1190,834,1190,796
2844,813,2844,817,2827,817,2827,813
1969,819,1969,824,1950,824,1950,819
985,812,993,810,1000,838,993,840
1020,803,1028,801,1035,829,1028,831
1051,794,1059,792,1066,820,1059,822
2731,825,2731,821,2748,821,2748,825
4130,808,4214,808,4214,840,4130,840
4232,808,4273,808,4273,840,4232,840
4288,808,4472,808,4472,840,4288,840
1090,879,1087,833,1112,831,1115,877
2038,877,2038,828,2072,828,2072,877
2844,849,2844,853,2827,853,2827,849
1969,855,1969,860,1950,860,1950,855
2731,861,2731,857,2748,857,2748,861
1361,853,1369,853,1369,884,1361,884
1380,853,1388,853,1388,884,1380,884
1396,853,1404,853,1404,884,1396,884
1418,853,1426,853,1426,884,1418,884
1431,853,1439,853,1439,884,1431,884
2844,885,2844,889,2827,889,2827,885
1969,891,1969,896,1950,896,1950,891
2731,897,2731,893,2748,893,2748,897
2845,921,2845,925,2828,925,2828,921
850,896,945,896,945,955,850,955
970,896,1024,896,1024,955,970,955
1036,896,1156,896,1156,955,1036,955
2845,957,2845,961,2828,961,2828,957
2845,991,2845,995,2828,995,2828,991
987,992,1036,992,1036,1029,987,1029
1517,998,1571,998,1571,1029,1517,1029
2445,998,2496,998,2496,1030,2445,1030
1274,1042,1269,1048,1247,1029,1252,1023
2144,1026,2153,1026,2153,1061,2144,1061
2173,1026,2182,1026,2182,1061,2173,1061
2209,1026,2218,1026,2218,1061,2209,1061
2245,1026,2254,1026,2254,1061,2245,1061
2277,1026,2286,1026,2286,1061,2277,1061
2313,1026,2322,1026,2322,1061,2313,1061
2417,1042,2418,1042,2418,1050,2417,1050
2567,1040,2573,1040,2575,1062,2569,1063
2452,1042,2453,1042,2453,1050,2452,1050
2598,1037,2604,1037,2606,1059,2600,1060
2634,1034,2640,1034,2642,1056,2636,1057
2701,1029,2707,1029,2709,1051,2703,1052
2668,1032,2674,1032,2676,1054,2670,1055
2839,1054,2843,1054,2842,1071,2838,1071
2846,1063,2846,1067,2829,1067,2829,1063
2871,1056,2875,1056,2874,1073,2870,1073
4532,1040,4654,1040,4654,1074,4532,1074
3812,1040,4098,1040,4098,1080,3812,1080
2905,1058,2909,1058,2908,1075,2904,1075
934,1065,938,1069,922,1086,917,1082
2941,1060,2945,1060,2944,1077,2940,1077
2977,1063,2981,1063,2980,1080,2976,1080
1239,1082,1234,1088,1212,1069,1217,1063
1215,1109,1210,1115,1188,1096,1193,1090
960,1090,964,1094,948,1111,943,1107
1390,1066,1681,1066,1681,1124,1390,1124
985,1114,989,1118,973,1135,968,1131
2407,1086,2592,1086,2592,1144,2407,1144
2622,1086,2638,1086,2638,1144,2622,1144
2663,1086,2856,1086,2856,1144,2663,1144
3975,1118,4102,1118,4102,1181,3975,1181
1404,1152,1408,1152,1408,1170,1404,1170
1440,1152,1444,1152,1444,1170,1440,1170
1476,1153,1480,1153,1480,1171,1476,1171
1515,1153,1565,1153,1565,1172,1515,1172
1598,1154,1602,1154,1602,1172,1598,1172
1635,1153,1638,1153,1638,1167,1635,1167
1668,1153,1671,1153,1671,1167,1668,1167
1244,1223,1244,1227,1227,1227,1227,1223
1244,1259,1244,1263,1227,1263,1227,1259
3058,1316,3058,1265,3090,1265,3090,1316
1244,1293,1244,1297,1227,1297,1227,1293
1244,1329,1244,1333,1227,1333,1227,1329
1244,1365,1244,1369,1227,1369,1227,1365
1339,1378,1342,1378,1342,1393,1339,1393
1374,1378,1377,1378,1377,1393,1374,1393
1409,1378,1412,1378,1412,1393,1409,1393
1444,1378,1447,1378,1447,1393,1444,1393
1480,1378,1483,1378,1483,1393,1480,1393
1515,1378,1518,1378,1518,1393,1515,1393
1135,1408,1177,1405,1179,1434,1137,1437
1829,1402,1882,1402,1882,1439,1829,1439
2623,1402,2673,1402,2673,1437,2623,1437
1116,1531,1354,1531,1354,1575,1116,1575
1388,1531,1400,1531,1400,1575,1388,1575
1835,1516,2083,1516,2083,1583,1835,1583
2098,1516,2117,1516,2117,1583,2098,1583
1089,1622,1089,1567,1116,1567,1116,1622
3717,1547,3980,1547,3980,1632,3717,1632
4035,1547,4238,1547,4238,1632,4035,1632
4302,1547,4380,1547,4380,1632,4302,1632
4388,1547,4466,1547,4466,1632,4388,1632
4481,1547,4565,1547,4565,1632,4481,1632
3775,1668,3881,1668,3881,1742,3775,1742
3870,1668,3891,1668,3891,1742,3870,1742
3892,1668,3913,1668,3913,1742,3892,1742
4088,1667,4111,1667,4111,1747,4088,1747
4137,1667,4160,1667,4160,1747,4137,1747
4078,1667,4096,1667,4096,1747,4078,1747
4359,1667,4496,1667,4496,1747,4359,1747
4063,1795,4279,1795,4279,1872,4063,1872
4305,1795,4564,1795,4564,1872,4305,1872
4666,1547,4799,1547,4799,1632,4666,1632
4709,1667,4769,1667,4769,1747,4709,1747
1228,1715,1228,1711,1245,1712,1245,1716
1227,1753,1227,1749,1244,1750,1244,1754
1225,1787,1225,1783,1242,1784,1242,1788
1224,1823,1224,1819,1241,1820,1241,1824
1223,1859,1223,1855,1240,1856,1240,1860
1172,1876,1172,1872,1190,1873,1190,1877
903,1915,907,1915,907,1932,903,1932
938,1915,942,1915,942,1932,938,1932
974,1916,978,1916,978,1933,974,1933
1010,1916,1014,1916,1014,1933,1010,1933
1044,1916,1048,1916,1048,1933,1044,1933
1080,1916,1084,1916,1084,1933,1080,1933
1150,1917,1154,1917,1154,1934,1150,1934
1249,1967,1252,1967,1252,1981,1249,1981
1273,1968,1276,1968,1276,1982,1273,1982
1296,1968,1299,1968,1299,1982,1296,1982
1320,1969,1323,1969,1323,1983,1320,1983
1719,1951,1728,1950,1731,1985,1722,1986
1758,1947,1796,1943,1799,1978,1761,1982
2362,1972,2364,1972,2364,1984,2362,1984
2386,1972,2388,1972,2388,1984,2386,1984
2409,1972,2411,1972,2411,1984,2409,1984
2432,1972,2434,1972,2434,1984,2432,1984
2456,1972,2458,1972,2458,1984,2456,1984
2479,1972,2481,1972,2481,1981,2479,1981
2527,1966,2533,1966,2534,1989,2528,1989
2551,1965,2557,1965,2558,1988,2552,1988
2575,1964,2581,1964,2582,1987,2576,1987
2599,1964,2605,1964,2606,1987,2600,1987
2621,1963,2627,1963,2628,1986,2622,1986
2645,1962,2651,1962,2652,1985,2646,1985
2669,1962,2675,1962,2676,1985,2670,1985
2693,1961,2699,1961,2700,1984,2694,1984
2712,1961,2718,1961,2719,1984,2713,1984
2741,1960,2747,1960,2748,1983,2742,1983
2765,1959,2771,1959,2772,1982,2766,1982
2787,1959,2793,1959,2794,1982,2788,1982
2811,1958,2817,1958,2818,1981,2812,1981
2835,1957,2841,1957,2842,1980,2836,1980
2859,1957,2865,1957,2866,1980,2860,1980
1249,1982,1312,1982,1312,2013,1249,2013
1600,1986,1609,1986,1611,2019,1602,2019
1692,1982,1728,1980,1729,2013,1694,2015
2595,1990,2633,1993,2631,2016,2593,2013
3014,2113,3054,2113,3054,2149,3014,2149
3081,2113,3091,2113,3091,2149,3081,2149
3882,1914,4082,1914,4082,1962,3882,1962
4114,1914,4127,1914,4127,1962,4114,1962
4156,1914,4361,1914,4361,1962,4156,1962
3878,1983,4139,1983,4139,2033,3878,2033
4167,1983,4181,1983,4181,2033,4167,2033
3883,2057,4137,2057,4137,2105,3883,2105
4164,2057,4177,2057,4177,2105,4164,2105
3885,2129,3986,2129,3986,2177,3885,2177
4012,2129,4064,2129,4064,2177,4012,2177
4080,2129,4208,2129,4208,2177,4080,2177
3879,2203,4186,2203,4186,2251,3879,2251
3871,2266,3966,2266,3966,2324,3871,2324
4563,1913,4605,1913,4605,1969,4563,1969
4615,1913,4631,1913,4631,1969,4615,1969
4637,1913,4679,1913,4679,1969,4637,1969
4699,1913,4771,1913,4771,1969,4699,1969
4564,1983,4618,1983,4618,2031,4564,2031
4613,1983,4626,1983,4626,2031,4613,2031
4635,1983,4678,1983,4678,2031,4635,2031
4698,1983,4768,1983,4768,2031,4698,2031
4560,2055,4574,2055,4574,2105,4560,2105
4586,2055,4600,2055,4600,2105,4586,2105
4602,2055,4649,2055,4649,2105,4602,2105
4668,2055,4742,2055,4742,2105,4668,2105
4559,2129,4572,2129,4572,2176,4559,2176
4583,2129,4596,2129,4596,2176,4583,2176
4611,2129,4645,2129,4645,2176,4611,2176
4663,2129,4741,2129,4741,2176,4663,2176
4564,2199,4578,2199,4578,2250,4564,2250
4585,2199,4599,2199,4599,2250,4585,2250
4609,2199,4647,2199,4647,2250,4609,2250
4661,2199,4746,2199,4746,2250,4661,2250
4565,2271,4578,2271,4578,2317,4565,2317
4583,2271,4596,2271,4596,2317,4583,2317
4604,2271,4646,2271,4646,2317,4604,2317
4667,2271,4743,2271,4743,2317,4667,2317
4549,2342,4614,2342,4614,2393,4549,2393
4614,2342,4628,2342,4628,2393,4614,2393
4631,2342,4678,2342,4678,2393,4631,2393
4690,2342,4774,2342,4774,2393,4690,2393
2165,2266,2413,2266,2413,2316,2165,2316
2017,2359,2017,2315,2048,2315,2048,2359
3107,2285,3107,2350,3076,2350,3076,2285
3107,2356,3107,2364,3076,2364,3076,2356
3107,2363,3107,2412,3076,2412,3076,2363
3722,2482,3807,2482,3807,2518,3722,2518
3821,2482,3831,2482,3831,2518,3821,2518
3840,2482,3880,2482,3880,2518,3840,2518
3891,2482,3995,2482,3995,2518,3891,2518
4012,2482,4064,2482,4064,2518,4012,2518
4076,2482,4200,2482,4200,2518,4076,2518
4216,2482,4258,2482,4258,2518,4216,2518
4266,2482,4365,2482,4365,2518,4266,2518
4382,2482,4452,2482,4452,2518,4382,2518
4468,2482,4530,2482,4530,2518,4468,2518
4545,2482,4596,2482,4596,2518,4545,2518
4608,2482,4704,2482,4704,2518,4608,2518
4719,2482,4868,2482,4868,2518,4719,2518
2906,2517,2946,2514,2948,2546,2908,2549
3884,2534,4155,2534,4155,2596,3884,2596
4562,2538,4608,2538,4608,2601,4562,2601
4628,2538,4698,2538,4698,2601,4628,2601
3903,2746,4061,2750,4060,2782,3902,2778
3766,2818,3806,2818,3806,2854,3766,2854
3767,2854,3827,2855,3827,2891,3767,2890
3767,2894,3831,2895,3831,2929,3767,2928
3767,2937,3803,2935,3804,2960,3768,2962
3769,2973,3803,2973,3803,3004,3769,3004
3885,2818,3895,2818,3895,2854,3885,2854
3903,2818,3980,2818,3980,2854,3903,2854
3997,2818,4106,2818,4106,2854,3997,2854
3883,2855,3892,2855,3892,2890,3883,2890
3897,2855,4011,2856,4011,2892,3897,2891
4023,2856,4114,2857,4114,2893,4023,2892
4134,2857,4215,2858,4215,2894,4134,2893
3883,2895,3892,2895,3892,2929,3883,2929
3906,2895,4011,2896,4011,2931,3906,2930
4032,2896,4134,2897,4134,2932,4032,2931
4144,2897,4259,2898,4259,2932,4144,2931
3881,2938,3889,2938,3889,2969,3881,2969
3899,2938,3978,2938,3978,2969,3899,2969
3985,2938,4103,2938,4103,2969,3985,2969
3877,2972,3886,2972,3886,3006,3877,3006
3899,2972,4011,2972,4011,3006,3899,3006
4029,2972,4174,2972,4174,3006,4029,3006
3879,3010,3888,3010,3888,3045,3879,3045
3901,3010,4010,3010,4010,3045,3901,3045
4019,3010,4028,3010,4028,3045,4019,3045
4031,3010,4081,3010,4081,3045,4031,3045
4095,3010,4358,3010,4358,3045,4095,3045
3881,3050,3889,3050,3889,3081,3881,3081
3899,3050,3973,3051,3973,3083,3899,3082
3990,3052,4024,3052,4024,3083,3990,3083
4036,3052,4176,3054,4176,3086,4036,3084
3878,3088,3887,3088,3887,3122,3878,3122
3899,3088,3993,3088,3993,3122,3899,3122
4006,3088,4125,3088,4125,3122,4006,3122
3878,3128,3886,3128,3886,3160,3878,3160
3898,3128,3968,3128,3968,3160,3898,3160
3978,3128,3986,3128,3986,3160,3978,3160
3985,3128,4065,3128,4065,3160,3985,3160
3875,3164,3885,3164,3885,3200,3875,3200
3889,3164,3981,3164,3981,3200,3889,3200
3986,3164,3996,3164,3996,3200,3986,3200
3996,3164,4077,3164,4077,3200,3996,3200
3766,3014,3807,3011,3809,3042,3768,3045
2448,3058,2513,3058,2513,3093,2448,3093
2525,3058,2551,3058,2551,3093,2525,3093
2572,3057,2736,3056,2736,3092,2572,3093
2742,3057,2783,3057,2783,3092,2742,3092
2799,3056,3031,3055,3031,3091,2799,3092
3046,3055,3218,3054,3218,3090,3046,3091
3233,3055,3265,3055,3265,3090,3233,3090
3276,3055,3332,3055,3332,3090,3276,3090
3343,3055,3352,3055,3352,3090,3343,3090
3361,3055,3381,3055,3381,3090,3361,3090
3400,3054,3502,3054,3502,3089,3400,3089
3514,3054,3546,3054,3546,3089,3514,3089
2440,3096,2553,3096,2553,3128,2440,3128
2564,3096,2587,3096,2587,3128,2564,3128
2601,3096,2745,3096,2745,3128,2601,3128
2767,3096,2775,3096,2775,3128,2767,3128
2780,3096,2788,3096,2788,3128,2780,3128
2790,3096,2798,3096,2798,3128,2790,3128
2812,3096,2938,3096,2938,3128,2812,3128
2947,3096,2998,3096,2998,3128,2947,3128
3006,3096,3208,3096,3208,3128,3006,3128
3223,3096,3288,3096,3288,3128,3223,3128
3297,3096,3348,3096,3348,3128,3297,3128
3364,3096,3468,3096,3468,3128,3364,3128
3479,3096,3515,3096,3515,3128,3479,3128
2442,3134,2621,3134,2621,3166,2442,3166
2638,3134,2667,3134,2667,3166,2638,3166
2686,3134,2694,3134,2694,3166,2686,3166
2699,3134,2707,3134,2707,3166,2699,3166
2710,3134,2889,3134,2889,3166,2710,3166
2894,3134,2902,3134,2902,3166,2894,3166
2440,3174,2494,3174,2494,3205,2440,3205
2508,3174,2664,3174,2664,3205,2508,3205
2679,3174,2738,3174,2738,3205,2679,3205
2750,3174,2875,3174,2875,3205,2750,3205
2880,3174,2888,3174,2888,3205,2880,3205
2901,3174,3002,3174,3002,3205,2901,3205
3019,3174,3047,3174,3047,3205,3019,3205
3056,3174,3064,3174,3064,3205,3056,3205
3063,3174,3071,3174,3071,3205,3063,3205
3073,3174,3275,3174,3275,3205,3073,3205
3283,3174,3332,3174,3332,3205,3283,3205
3347,3174,3536,3174,3536,3205,3347,3205
2444,3210,2511,3210,2511,3242,2444,3242
2519,3210,2615,3210,2615,3242,2519,3242
2631,3210,2639,3210,2639,3242,2631,3242
2658,3210,2707,3210,2707,3242,2658,3242
2724,3210,2836,3210,2836,3242,2724,3242
2839,3210,2847,3210,2847,3242,2839,3242
2864,3210,2936,3210,2936,3242,2864,3242
2947,3210,3127,3210,3127,3242,2947,3242
3142,3210,3178,3210,3178,3242,3142,3242
3188,3210,3280,3210,3280,3242,3188,3242
3299,3210,3350,3210,3350,3242,3299,3242
3365,3210,3472,3210,3472,3242,3365,3242
3487,3210,3533,3210,3533,3242,3487,3242
3551,3210,3574,3210,3574,3242,3551,3242
2446,3250,2492,3250,2492,3285,2446,3285
2507,3249,2633,3248,2633,3284,2507,3285
2644,3248,2684,3248,2684,3284,2644,3284
2695,3248,2808,3247,2808,3283,2695,3284
2825,3247,2834,3247,2834,3282,2825,3282
2839,3247,2848,3247,2848,3282,2839,3282
2848,3247,3024,3246,3024,3282,2848,3283
3032,3246,3041,3246,3041,3281,3032,3281
3764,3046,3809,3046,3809,3086,3764,3086
3766,3084,3811,3084,3811,3124,3766,3124
3764,3122,3809,3122,3809,3162,3764,3162
3761,3164,3814,3164,3814,3200,3761,3200
4488,3158,4498,3158,4498,3196,4488,3196
4505,3157,4678,3155,4678,3194,4505,3196
4692,3155,4721,3155,4721,3194,4692,3194
4729,3155,4853,3154,4853,3193,4729,3194
4490,3224,4499,3224,4499,3258,4490,3258
4507,3224,4616,3224,4616,3258,4507,3258
4632,3224,4657,3224,4657,3258,4632,3258
4669,3224,4730,3224,4730,3258,4669,3258
4731,3224,4740,3224,4740,3258,4731,3258
4744,3224,4870,3224,4870,3258,4744,3258
4507,3258,4590,3258,4590,3293,4507,3293
4613,3258,4622,3258,4622,3293,4613,3293
4642,3258,4651,3258,4651,3293,4642,3293
4656,3258,4665,3258,4665,3293,4656,3293
4670,3258,4695,3258,4695,3293,4670,3293
4714,3258,4723,3258,4723,3293,4714,3293
3582,3373,3626,3373,3626,3407,3582,3407
3999,3363,4098,3366,4097,3408,3998,3405
4112,3367,4123,3367,4122,3408,4111,3408
4290,3363,4338,3363,4338,3407,4290,3407
4348,3363,4360,3363,4360,3407,4348,3407
4366,3363,4415,3363,4415,3407,4366,3407
4420,3363,4432,3363,4432,3407,4420,3407
4434,3363,4534,3363,4534,3407,4434,3407
