2717,165,3036,165,3036,239,2717,239
2717,233,3062,233,3062,302,2717,302
1623,331,1624,331,1624,339,1623,339
1639,331,1640,331,1640,339,1639,339
1656,332,1657,332,1657,340,1656,340
1674,332,1675,332,1675,340,1674,340
615,365,776,365,776,379,615,379
1029,383,1032,383,1032,397,1029,397
1045,384,1048,384,1048,398,1045,398
1062,384,1065,384,1065,398,1062,398
1080,384,1083,384,1083,398,1080,398
1096,384,1099,384,1099,398,1096,398
988,401,1118,401,1118,418,988,418
940,406,942,406,942,416,940,416
954,406,956,406,956,416,954,416
970,406,972,406,972,416,970,416
1045,426,1079,424,1080,441,1046,443
2807,389,3145,389,3145,485,2807,485
3170,389,3198,389,3198,485,3170,485
704,440,736,441,735,476,703,475
768,442,777,442,776,476,767,476
789,443,798,443,797,477,788,477
950,450,1027,450,1027,471,950,471
1032,450,1037,450,1037,471,1032,471
1054,450,1073,450,1073,471,1054,471
1087,450,1092,450,1092,471,1087,471
384,539,447,541,446,564,383,562
450,541,455,541,454,563,449,563
458,540,508,541,507,564,457,563
467,607,507,607,507,638,467,638
309,695,309,645,330,645,330,695
309,644,309,639,330,639,330,644
309,637,309,604,330,604,330,637
2738,671,2764,671,2764,678,2738,678
2794,667,2932,663,2933,687,2795,691
986,702,991,702,992,723,987,723
1014,701,1019,701,1020,722,1015,722
1045,700,1050,700,1051,721,1046,721
1074,699,1079,699,1080,720,1075,720
1078,902,1078,894,1109,894,1109,902
1078,886,1078,878,1109,878,1109,886
1078,875,1078,847,1109,847,1109,875
2144,873,2189,869,2190,886,2146,890
2206,866,2210,866,2212,883,2208,883
2235,863,2239,863,2241,880,2237,880
3065,861,3065,865,3048,864,3048,860
3065,875,3063,932,3045,931,3047,874
3209,960,3209,869,3226,869,3226,960
363,1060,363,999,384,999,384,1060
363,995,363,990,384,990,384,995
363,987,363,938,384,938,384,987
1225,1094,1225,1083,1265,1083,1265,1094
1225,1081,1225,1070,1265,1070,1265,1081
1225,1070,1225,1041,1265,1041,1265,1070
1616,1092,1616,1083,1651,1083,1651,1092
1616,1078,1616,1069,1651,1069,1651,1078
1616,1073,1616,1041,1651,1041,1651,1073
2387,1093,2387,1091,2397,1089,2398,1091
2385,1079,2385,1077,2395,1075,2396,1077
2383,1074,2377,1043,2389,1040,2395,1072
794,1117,881,1117,881,1159,794,1159
890,1117,901,1117,901,1159,890,1159
911,1117,1006,1117,1006,1159,911,1159
1324,1117,1449,1117,1449,1159,1324,1159
1465,1117,1476,1117,1476,1159,1465,1159
1716,1117,1841,1117,1841,1159,1716,1159
1857,1117,1868,1117,1868,1159,1857,1159
2183,1118,2301,1118,2301,1158,2183,1158
2320,1118,2331,1118,2331,1158,2320,1158
307,1303,307,1253,331,1253,331,1303
307,1251,307,1245,331,1245,331,1251
307,1244,307,1210,331,1210,331,1244
1998,1204,2008,1204,2008,1240,1998,1240
2021,1204,2031,1204,2031,1240,2021,1240
2050,1204,2060,1204,2060,1240,2050,1240
2083,1204,2093,1204,2093,1240,2083,1240
2113,1204,2123,1204,2123,1240,2113,1240
2146,1204,2156,1204,2156,1240,2146,1240
2176,1204,2186,1204,2186,1240,2176,1240
2209,1204,2219,1204,2219,1240,2209,1240
2239,1204,2249,1204,2249,1240,2239,1240
2269,1204,2279,1204,2279,1240,2269,1240
2298,1204,2308,1204,2308,1240,2298,1240
2151,1247,2157,1247,2157,1272,2151,1272
2182,1247,2188,1247,2188,1272,2182,1272
2195,1247,2201,1247,2201,1272,2195,1272
2209,1247,2232,1247,2232,1272,2209,1272
2911,1195,2958,1195,2958,1237,2911,1237
2969,1195,3008,1195,3008,1237,2969,1237
3020,1195,3068,1195,3068,1237,3020,1237
2957,1254,3007,1254,3007,1289,2957,1289
3139,1146,3193,1147,3192,1182,3138,1181
3212,1147,3243,1148,3242,1182,3211,1182
3252,1148,3376,1150,3375,1185,3251,1183
3221,1194,3294,1197,3292,1238,3219,1235
3242,1255,3275,1255,3275,1291,3242,1291
2661,1198,2777,1198,2777,1236,2661,1236
2693,1254,2702,1254,2702,1289,2693,1289
2718,1254,2727,1254,2727,1289,2718,1289
2736,1254,2745,1254,2745,1289,2736,1289
897,1248,902,1248,902,1270,897,1270
911,1248,916,1248,916,1270,911,1270
923,1248,942,1248,942,1270,923,1270
1269,1247,1277,1247,1278,1276,1270,1276
1374,1244,1382,1244,1383,1273,1375,1273
1386,1244,1394,1244,1395,1273,1387,1273
1396,1243,1423,1242,1424,1272,1397,1273
1749,1243,1758,1243,1758,1278,1749,1278
1764,1243,1773,1243,1773,1278,1764,1278
1773,1243,1799,1243,1799,1278,1773,1278
894,1340,895,1340,895,1348,894,1348
910,1340,911,1340,911,1348,910,1348
927,1340,928,1340,928,1348,927,1348
1301,1338,1307,1338,1306,1363,1300,1363
1317,1338,1323,1338,1322,1363,1316,1363
1335,1339,1341,1339,1340,1364,1334,1364
1351,1340,1357,1340,1356,1365,1350,1365
1389,1342,1407,1343,1405,1369,1388,1368
1747,1340,1755,1341,1753,1369,1745,1369
1807,1344,1828,1345,1826,1374,1805,1373
2152,1335,2208,1340,2205,1374,2149,1369
674,1345,679,1345,679,1366,674,1366
690,1345,714,1345,714,1366,690,1366
567,1365,673,1365,673,1381,567,1381
690,1394,716,1394,716,1411,690,1411
2300,1347,2434,1359,2431,1394,2297,1382
1385,1394,1410,1395,1409,1414,1384,1413
1800,1393,1837,1393,1837,1416,1800,1416
2154,1385,2193,1377,2201,1416,2162,1424
2208,1374,2219,1372,2227,1411,2216,1413
2223,1371,2234,1369,2242,1408,2231,1410
2235,1369,2246,1367,2254,1406,2243,1408
2248,1366,2259,1364,2267,1403,2256,1405
1477,1462,1477,1423,1519,1423,1519,1462
2646,1342,2740,1342,2740,1378,2646,1378
2746,1342,2756,1342,2756,1378,2746,1378
2767,1342,2867,1342,2867,1378,2767,1378
2646,1381,2835,1381,2835,1417,2646,1417
2842,1381,2852,1381,2852,1417,2842,1417
2852,1381,2879,1381,2879,1417,2852,1417
2893,1381,2994,1381,2994,1417,2893,1417
3009,1381,3048,1381,3048,1417,3009,1417
3053,1381,3063,1381,3063,1417,3053,1417
2646,1418,2775,1418,2775,1452,2646,1452
2793,1418,2802,1418,2802,1452,2793,1452
2646,1454,2775,1454,2775,1488,2646,1488
2791,1454,2800,1454,2800,1488,2791,1488
2644,1492,2773,1492,2773,1524,2644,1524
2790,1492,2798,1492,2798,1524,2790,1524
2644,1530,2709,1530,2709,1562,2644,1562
2728,1530,2758,1530,2758,1562,2728,1562
2767,1530,2825,1530,2825,1562,2767,1562
2641,1566,2818,1566,2818,1602,2641,1602
3192,1342,3218,1342,3218,1373,3192,1373
3225,1342,3233,1342,3233,1373,3225,1373
3239,1342,3267,1342,3267,1373,3239,1373
3277,1342,3322,1342,3322,1373,3277,1373
3209,1380,3217,1380,3217,1412,3209,1412
3226,1380,3234,1380,3234,1412,3226,1412
3238,1380,3261,1380,3261,1412,3238,1412
3276,1380,3322,1380,3322,1412,3276,1412
3194,1414,3219,1414,3219,1449,3194,1449
3223,1414,3232,1414,3232,1449,3223,1449
3236,1414,3262,1414,3262,1449,3236,1449
3275,1414,3321,1414,3321,1449,3275,1449
3209,1452,3218,1452,3218,1486,3209,1486
3223,1452,3232,1452,3232,1486,3223,1486
3236,1452,3261,1452,3261,1486,3236,1486
3273,1452,3323,1452,3323,1486,3273,1486
3209,1490,3217,1490,3217,1521,3209,1521
3225,1490,3233,1490,3233,1521,3225,1521
3236,1490,3264,1490,3264,1521,3236,1521
3272,1490,3323,1490,3323,1521,3272,1521
3209,1529,3217,1529,3217,1560,3209,1560
3225,1529,3233,1529,3233,1560,3225,1560
3231,1529,3265,1529,3265,1560,3231,1560
3272,1529,3323,1529,3323,1560,3272,1560
3210,1564,3219,1564,3219,1599,3210,1599
3224,1564,3233,1564,3233,1599,3224,1599
3237,1564,3263,1564,3263,1599,3237,1599
3276,1564,3321,1564,3321,1599,3276,1599
3210,1600,3220,1600,3220,1636,3210,1636
3225,1600,3235,1600,3235,1636,3225,1636
3240,1600,3260,1600,3260,1636,3240,1636
3275,1600,3322,1600,3322,1636,3275,1636
843,1514,954,1514,954,1550,843,1550
308,1623,308,1576,331,1576,331,1623
308,1571,308,1565,331,1565,331,1571
308,1564,308,1530,331,1530,331,1564
363,1639,363,1575,389,1575,389,1639
363,1573,363,1566,389,1566,389,1573
363,1565,363,1513,389,1513,389,1565
1079,1619,1079,1611,1111,1611,1111,1619
1079,1592,1079,1584,1111,1584,1111,1592
1079,1582,1079,1574,1111,1574,1111,1582
1079,1570,1079,1547,1111,1547,1111,1570
1477,1639,1477,1582,1519,1582,1519,1639
1477,1584,1477,1573,1519,1573,1519,1584
1477,1575,1477,1522,1519,1522,1519,1575
2643,1601,2695,1606,2692,1637,2640,1632
1131,1699,1139,1699,1139,1728,1131,1728
1146,1699,1210,1699,1210,1728,1146,1728
1209,1699,1217,1699,1217,1728,1209,1728
1217,1699,1268,1699,1268,1728,1217,1728
553,1756,602,1756,602,1781,553,1781
604,1756,610,1756,610,1781,604,1781
612,1756,644,1756,644,1781,612,1781
1223,1758,1270,1758,1270,1779,1223,1779
1274,1758,1279,1758,1279,1779,1274,1779
1281,1758,1315,1758,1315,1779,1281,1779
2614,1794,2755,1794,2755,1826,2614,1826
2767,1794,2931,1794,2931,1826,2767,1826
2948,1794,3057,1794,3057,1826,2948,1826
3072,1794,3080,1794,3080,1826,3072,1826
3192,1796,3227,1796,3227,1834,3192,1834
3230,1796,3240,1796,3240,1834,3230,1834
3240,1796,3269,1796,3269,1834,3240,1834
3279,1796,3327,1796,3327,1834,3279,1834
3196,1856,3224,1856,3224,1894,3196,1894
3228,1856,3238,1856,3238,1894,3228,1894
3242,1856,3271,1856,3271,1894,3242,1894
3281,1856,3329,1856,3329,1894,3281,1894
2614,1863,2729,1863,2729,1892,2614,1892
2739,1863,2747,1863,2747,1892,2739,1892
2747,2037,2811,2037,2811,2058,2747,2058
2678,2035,2684,2035,2684,2058,2678,2058
2657,2073,2695,2073,2695,2095,2657,2095
3053,2041,3152,2047,3148,2106,3049,2100
3176,2049,3251,2054,3247,2113,3172,2108
3261,2055,3295,2057,3291,2116,3257,2114
3294,2058,3310,2059,3306,2117,3290,2116
3311,2059,3327,2060,3323,2118,3307,2117
3320,2059,3336,2060,3332,2118,3316,2117
3332,2060,3374,2063,3370,2121,3328,2118
2751,2075,2810,2075,2810,2098,2751,2098
2819,2075,2867,2075,2867,2098,2819,2098
2874,2075,2917,2075,2917,2098,2874,2098
3178,2050,3219,2050,3219,2072,3178,2072
3222,2050,3227,2050,3227,2072,3222,2072
3225,2050,3283,2050,3283,2072,3225,2072
3177,2076,3248,2076,3248,2099,3177,2099
3253,2076,3283,2076,3283,2099,3253,2099
3297,2076,3303,2076,3303,2099,3297,2099
3313,2076,3319,2076,3319,2099,3313,2099
3323,2076,3329,2076,3329,2099,3323,2099
3333,2076,3345,2076,3345,2099,3333,2099
3357,2076,3363,2076,3363,2099,3357,2099
2749,2116,2788,2116,2788,2136,2749,2136
2799,2116,2859,2116,2859,2136,2799,2136
3180,2121,3255,2121,3255,2147,3180,2147
3265,2121,3302,2121,3302,2147,3265,2147
3308,2121,3377,2121,3377,2147,3308,2147
1679,2134,1694,2134,1694,2188,1679,2188
1823,2134,1853,2134,1853,2188,1823,2188
1979,2134,1999,2134,1999,2188,1979,2188
2133,2134,2153,2134,2153,2188,2133,2188
2287,2134,2307,2134,2307,2188,2287,2188
2669,2114,2698,2114,2698,2136,2669,2136
2676,2152,2695,2152,2695,2173,2676,2173
2441,2134,2461,2134,2461,2188,2441,2188
2751,2153,2790,2153,2790,2174,2751,2174
2796,2153,2853,2153,2853,2174,2796,2174
3084,2121,3117,2121,3117,2147,3084,2147
3074,2165,3082,2165,3082,2194,3074,2194
3182,2167,3233,2168,3233,2198,3182,2197
3240,2168,3307,2169,3306,2199,3240,2198
2751,2208,2797,2208,2797,2229,2751,2229
2808,2208,2813,2208,2813,2229,2808,2229
2817,2208,2822,2208,2822,2229,2817,2229
2823,2208,2846,2208,2846,2229,2823,2229
2859,2208,2916,2208,2916,2229,2859,2229
3181,2214,3242,2215,3242,2237,3181,2236
3253,2215,3328,2216,3328,2238,3253,2237
172,2288,217,2288,217,2313,172,2313
224,2288,242,2288,242,2313,224,2313
256,2288,381,2288,381,2313,256,2313
385,2288,414,2288,414,2313,385,2313
426,2288,596,2288,596,2313,426,2313
607,2288,734,2288,734,2313,607,2313
742,2288,765,2288,765,2313,742,2313
776,2288,820,2288,820,2313,776,2313
825,2288,831,2288,831,2313,825,2313
838,2288,852,2288,852,2313,838,2313
864,2288,941,2288,941,2313,864,2313
954,2288,972,2288,972,2313,954,2313
981,2288,1064,2288,1064,2313,981,2313
1071,2288,1089,2288,1089,2313,1071,2313
1101,2288,1206,2288,1206,2313,1101,2313
1220,2288,1226,2288,1226,2313,1220,2313
1230,2288,1236,2288,1236,2313,1230,2313
1236,2288,1242,2288,1242,2313,1236,2313
1254,2288,1347,2288,1347,2313,1254,2313
1356,2288,1392,2288,1392,2313,1356,2313
1397,2288,1546,2288,1546,2313,1397,2313
1553,2288,1602,2288,1602,2313,1553,2313
1610,2288,1649,2288,1649,2313,1610,2313
1659,2288,1736,2288,1736,2313,1659,2313
1746,2288,1769,2288,1769,2313,1746,2313
1781,2288,1909,2288,1909,2313,1781,2313
1924,2288,1942,2288,1942,2313,1924,2313
1958,2288,1964,2288,1964,2313,1958,2313
1969,2288,1975,2288,1975,2313,1969,2313
1975,2288,2104,2288,2104,2313,1975,2313
2112,2288,2118,2288,2118,2313,2112,2313
166,2317,208,2317,208,2346,166,2346
216,2317,329,2317,329,2346,216,2346
339,2317,383,2317,383,2346,339,2346
387,2317,395,2317,395,2346,387,2346
395,2317,485,2317,485,2346,395,2346
489,2317,497,2317,497,2346,489,2346
503,2317,578,2317,578,2346,503,2346
590,2317,611,2317,611,2346,590,2346
615,2317,623,2317,623,2346,615,2346
621,2317,629,2317,629,2346,621,2346
629,2317,776,2317,776,2346,629,2346
784,2317,821,2317,821,2346,784,2346
833,2317,970,2317,970,2346,833,2346
980,2317,1030,2317,1030,2346,980,2346
1037,2317,1106,2317,1106,2346,1037,2346
1119,2317,1127,2317,1127,2346,1119,2346
1139,2317,1175,2317,1175,2346,1139,2346
1187,2317,1269,2317,1269,2346,1187,2346
1269,2317,1277,2317,1277,2346,1269,2346
1287,2317,1339,2317,1339,2346,1287,2346
1344,2317,1478,2317,1478,2346,1344,2346
1488,2317,1520,2317,1520,2346,1488,2346
1526,2317,1595,2317,1595,2346,1526,2346
1608,2317,1646,2317,1646,2346,1608,2346
1655,2317,1730,2317,1730,2346,1655,2346
1742,2317,1780,2317,1780,2346,1742,2346
1791,2317,1807,2317,1807,2346,1791,2346
1818,2317,1849,2317,1849,2346,1818,2346
1859,2317,1951,2317,1951,2346,1859,2346
1962,2317,1991,2317,1991,2346,1962,2346
1999,2317,2081,2317,2081,2346,1999,2346
2094,2317,2102,2317,2102,2346,2094,2346
2103,2317,2111,2317,2111,2346,2103,2346
2111,2317,2243,2317,2243,2346,2111,2346
2244,2317,2252,2317,2252,2346,2244,2346
2614,2300,2676,2300,2676,2339,2614,2339
2690,2300,2701,2300,2701,2339,2690,2339
2733,2300,2762,2300,2762,2339,2733,2339
2774,2300,2884,2300,2884,2339,2774,2339
2901,2300,2966,2300,2966,2339,2901,2339
