3801,177,4449,177,4449,324,3801,324
3803,314,4442,314,4442,453,3803,453
4060,599,4514,599,4514,727,4060,727
1328,797,1583,797,1583,847,1328,847
4129,808,4214,808,4214,840,4129,840
4232,808,4273,808,4273,840,4232,840
4288,808,4472,808,4472,840,4288,840
1818,897,1818,849,1855,849,1855,897
2597,849,2597,911,2563,911,2563,849
2597,920,2597,929,2563,929,2563,920
2597,933,2597,981,2563,981,2563,933
3996,1045,4004,1045,4004,1076,3996,1076
4062,1045,4115,1045,4115,1076,4062,1076
1471,1197,1511,1193,1512,1207,1472,1211
1929,1225,1931,1225,1931,1236,1929,1236
1953,1225,1955,1225,1955,1236,1953,1236
2072,1227,2074,1227,2074,1236,2072,1236
2082,1227,2084,1227,2084,1236,2082,1236
2236,1227,2240,1226,2242,1243,2238,1244
2255,1224,2284,1220,2286,1238,2257,1242
2332,1224,2335,1224,2335,1239,2332,1239
2354,1224,2357,1224,2357,1239,2354,1239
2378,1224,2381,1224,2381,1239,2378,1239
1400,1224,1439,1218,1445,1259,1407,1265
1279,1284,1327,1275,1334,1313,1286,1322
1342,1273,1375,1267,1382,1304,1349,1310
2140,1271,2187,1271,2187,1325,2140,1325
1196,1481,1444,1481,1444,1555,1196,1555
1964,1490,2146,1490,2146,1552,1964,1552
2173,1490,2190,1490,2190,1552,2173,1552
2220,1490,2412,1490,2412,1552,2220,1552
956,1588,956,1541,993,1541,993,1588
3720,1547,3980,1547,3980,1632,3720,1632
4035,1547,4238,1547,4238,1632,4035,1632
4302,1547,4380,1547,4380,1632,4302,1632
4399,1547,4463,1547,4463,1632,4399,1632
4481,1547,4565,1547,4565,1632,4481,1632
3771,1676,3871,1676,3871,1732,3771,1732
3867,1676,3883,1676,3883,1732,3867,1732
3895,1676,3911,1676,3911,1732,3895,1732
4068,1664,4203,1664,4203,1743,4068,1743
4384,1664,4493,1662,4494,1739,4385,1741
4061,1795,4279,1795,4279,1876,4061,1876
4307,1795,4572,1795,4572,1876,4307,1876
4666,1547,4797,1547,4797,1632,4666,1632
4710,1659,4766,1658,4767,1734,4711,1735
1358,1728,1358,1732,1341,1732,1341,1728
1348,1717,1356,1717,1357,1746,1349,1746
1384,1716,1392,1716,1393,1745,1385,1745
1420,1715,1428,1715,1429,1744,1421,1744
1453,1715,1461,1715,1462,1744,1454,1744
1489,1714,1497,1714,1498,1743,1490,1743
1525,1713,1533,1713,1534,1742,1526,1742
1561,1713,1569,1713,1570,1742,1562,1742
1597,1712,1605,1712,1606,1741,1598,1741
1630,1711,1638,1711,1639,1740,1631,1740
1358,1762,1358,1766,1341,1766,1341,1762
1357,1798,1357,1802,1340,1802,1340,1798
1357,1832,1357,1836,1340,1836,1340,1832
1356,1868,1356,1872,1339,1872,1339,1868
1819,1931,1823,1874,1856,1876,1852,1933
1356,1904,1356,1908,1339,1908,1339,1904
1065,1929,1071,1929,1070,1952,1064,1952
1101,1930,1107,1930,1106,1953,1100,1953
1135,1930,1141,1930,1140,1953,1134,1953
1278,2014,1302,2008,1322,2093,1298,2099
1338,1999,1362,1993,1382,2078,1358,2084
1372,1991,1396,1985,1416,2070,1392,2076
3847,1975,4043,1975,4043,2021,3847,2021
4078,1975,4091,1975,4091,2021,4078,2021
4119,1975,4327,1975,4327,2021,4119,2021
3847,2047,4095,2047,4095,2093,3847,2093
3845,2119,3947,2119,3947,2165,3845,2165
3978,2119,4028,2119,4028,2165,3978,2165
4042,2119,4171,2119,4171,2165,4042,2165
4194,2119,4207,2119,4207,2165,4194,2165
4210,2119,4294,2119,4294,2165,4210,2165
1080,2088,1086,2088,1086,2111,1080,2111
1114,2087,1120,2087,1120,2110,1114,2110
1150,2087,1156,2087,1156,2110,1150,2110
1186,2086,1192,2086,1192,2109,1186,2109
1255,2085,1261,2085,1261,2108,1255,2108
2353,2089,2359,2089,2359,2112,2353,2112
2389,2089,2395,2089,2395,2112,2389,2112
2423,2088,2429,2088,2429,2111,2423,2111
2459,2088,2465,2088,2465,2111,2459,2111
2495,2087,2501,2087,2501,2110,2495,2110
4526,1977,4566,1977,4566,2021,4526,2021
4578,1977,4590,1977,4590,2021,4578,2021
4603,1977,4643,1977,4643,2021,4603,2021
4656,1977,4737,1977,4737,2021,4656,2021
4526,2046,4571,2046,4571,2094,4526,2094
4578,2046,4591,2046,4591,2094,4578,2094
4595,2046,4638,2046,4638,2094,4595,2094
4656,2046,4735,2046,4735,2094,4656,2094
4520,2119,4533,2119,4533,2167,4520,2167
4549,2119,4562,2119,4562,2167,4549,2167
4564,2119,4617,2119,4617,2167,4564,2167
4626,2119,4705,2119,4705,2167,4626,2167
4519,2191,4577,2191,4577,2237,4519,2237
4576,2191,4589,2191,4589,2237,4576,2237
4591,2191,4641,2191,4641,2237,4591,2237
4654,2191,4738,2191,4738,2237,4654,2237
1752,2125,1755,2125,1755,2140,1752,2140
1789,2119,1797,2119,1797,2148,1789,2148
1822,2119,1830,2119,1830,2148,1822,2148
1858,2120,1866,2120,1866,2149,1858,2149
1894,2120,1902,2120,1902,2149,1894,2149
1930,2121,1938,2121,1938,2150,1930,2150
1966,2121,1974,2121,1974,2150,1966,2150
2002,2121,2010,2121,2010,2150,2002,2150
2035,2122,2043,2122,2043,2151,2035,2151
2068,2122,2076,2122,2076,2151,2068,2151
2092,2123,2142,2124,2142,2153,2092,2152
2328,2139,2328,2143,2311,2143,2311,2139
2327,2172,2327,2176,2310,2176,2310,2172
1171,2118,1225,2118,1225,2160,1171,2160
1001,2194,1100,2192,1101,2258,1002,2260
1120,2192,1168,2191,1169,2256,1121,2257
1186,2191,1300,2189,1301,2255,1187,2257
1320,2189,1338,2189,1339,2254,1321,2254
1346,2188,1417,2187,1418,2253,1347,2254
1072,2172,1078,2172,1078,2195,1072,2195
1115,2173,1121,2173,1121,2196,1115,2196
1151,2173,1157,2173,1157,2196,1151,2196
1185,2174,1191,2174,1191,2197,1185,2197
1221,2174,1227,2174,1227,2197,1221,2197
1259,2175,1265,2175,1265,2198,1259,2198
1293,2175,1299,2175,1299,2198,1293,2198
2089,2179,2089,2187,2058,2187,2058,2179
2327,2208,2327,2212,2310,2212,2310,2208
2326,2245,2326,2249,2309,2249,2309,2245
1641,2270,1643,2270,1643,2280,1641,2280
2325,2280,2325,2284,2308,2284,2308,2280
902,2320,902,2262,936,2262,936,2320
942,2329,944,2317,986,2325,984,2337
945,2311,947,2299,989,2307,987,2319
949,2289,958,2240,1002,2248,992,2297
1222,2279,1227,2279,1227,2300,1222,2300
1292,2279,1297,2279,1297,2300,1292,2300
1324,2257,1329,2257,1334,2322,1329,2323
2325,2316,2325,2320,2308,2320,2308,2316
2089,2217,2089,2225,2058,2225,2058,2217
2089,2252,2089,2260,2058,2260,2058,2252
2089,2288,2089,2296,2058,2296,2058,2288
2089,2323,2089,2331,2058,2331,2058,2323
2089,2358,2089,2366,2058,2366,2058,2358
2089,2393,2089,2401,2058,2401,2058,2393
2089,2428,2089,2436,2058,2436,2058,2428
1220,2368,1224,2368,1224,2385,1220,2385
1256,2368,1260,2368,1260,2385,1256,2385
1290,2368,1294,2368,1294,2385,1290,2385
2324,2352,2324,2356,2307,2356,2307,2352
2323,2386,2323,2390,2306,2390,2306,2386
2323,2422,2323,2426,2306,2426,2306,2422
3515,2433,3529,2441,3498,2491,3485,2482
3564,2463,3578,2471,3547,2521,3534,2512
1680,2464,1689,2464,1689,2499,1680,2499
1716,2465,1725,2465,1725,2500,1716,2500
1752,2465,1761,2465,1761,2500,1752,2500
1788,2465,1797,2465,1797,2500,1788,2500
1824,2466,1833,2466,1833,2501,1824,2501
1860,2466,1869,2466,1869,2501,1860,2501
1896,2467,1905,2467,1905,2502,1896,2502
1929,2467,1938,2467,1938,2502,1929,2502
1965,2468,1974,2468,1974,2503,1965,2503
2001,2468,2010,2468,2010,2503,2001,2503
2089,2476,2089,2484,2058,2484,2058,2476
3719,2482,3807,2482,3807,2518,3719,2518
3823,2482,3833,2482,3833,2518,3823,2518
3839,2482,3878,2482,3878,2518,3839,2518
3893,2482,3999,2482,3999,2518,3893,2518
4009,2482,4060,2482,4060,2518,4009,2518
4073,2482,4199,2482,4199,2518,4073,2518
4214,2482,4260,2482,4260,2518,4214,2518
4265,2482,4367,2482,4367,2518,4265,2518
4384,2482,4455,2482,4455,2518,4384,2518
4465,2482,4529,2482,4529,2518,4465,2518
4547,2482,4598,2482,4598,2518,4547,2518
4610,2482,4706,2482,4706,2518,4610,2518
4718,2482,4871,2482,4871,2518,4718,2518
1692,2518,1726,2518,1726,2580,1692,2580
1797,2518,2036,2518,2036,2580,1797,2580
2277,2600,2277,2590,2315,2590,2315,2600
2277,2559,2277,2452,2315,2452,2315,2559
2089,2528,2089,2536,2058,2536,2058,2528
2089,2563,2089,2571,2058,2571,2058,2563
3852,2553,4120,2553,4120,2618,3852,2618
4528,2553,4564,2553,4564,2618,4528,2618
4583,2553,4666,2553,4666,2618,4583,2618
2089,2601,2089,2609,2058,2609,2058,2601
2403,2610,2409,2610,2410,2633,2404,2633
2437,2609,2443,2609,2444,2632,2438,2632
2473,2608,2479,2608,2480,2631,2474,2631
2509,2607,2515,2607,2516,2630,2510,2630
2543,2606,2549,2606,2550,2629,2544,2629
3903,2746,4061,2750,4060,2782,3902,2778
3766,2818,3806,2818,3806,2854,3766,2854
3766,2858,3829,2858,3829,2892,3766,2892
3767,2894,3831,2895,3831,2929,3767,2928
3768,2936,3802,2936,3802,2963,3768,2963
3769,2973,3803,2973,3803,3004,3769,3004
3885,2818,3895,2818,3895,2854,3885,2854
3903,2818,3980,2818,3980,2854,3903,2854
3997,2818,4106,2818,4106,2854,3997,2854
3882,2858,3891,2858,3891,2892,3882,2892
3899,2858,4011,2858,4011,2892,3899,2892
4026,2858,4113,2858,4113,2892,4026,2892
4131,2858,4211,2858,4211,2892,4131,2892
3883,2895,3892,2895,3892,2929,3883,2929
3906,2895,4012,2896,4012,2931,3906,2930
4032,2896,4134,2897,4134,2932,4032,2931
4144,2897,4259,2898,4259,2932,4144,2931
3881,2938,3889,2938,3889,2969,3881,2969
3899,2938,3978,2938,3978,2969,3899,2969
3985,2938,4103,2938,4103,2969,3985,2969
3875,2972,3884,2972,3884,3006,3875,3006
3897,2972,4014,2972,4014,3006,3897,3006
4026,2972,4175,2972,4175,3006,4026,3006
3879,3010,3888,3010,3888,3045,3879,3045
3901,3010,4010,3010,4010,3045,3901,3045
4019,3010,4028,3010,4028,3045,4019,3045
4031,3010,4081,3010,4081,3045,4031,3045
4095,3010,4358,3010,4358,3045,4095,3045
3881,3050,3889,3050,3889,3081,3881,3081
3899,3050,3973,3051,3973,3083,3899,3082
3990,3052,4024,3052,4024,3083,3990,3083
4036,3052,4176,3054,4176,3086,4036,3084
3878,3088,3887,3088,3887,3122,3878,3122
3899,3088,3993,3088,3993,3122,3899,3122
4006,3088,4125,3088,4125,3122,4006,3122
3878,3126,3887,3126,3887,3160,3878,3160
3900,3126,3969,3126,3969,3160,3900,3160
3976,3126,3985,3126,3985,3160,3976,3160
3989,3126,4065,3126,4065,3160,3989,3160
3875,3164,3885,3164,3885,3200,3875,3200
3889,3164,3981,3164,3981,3200,3889,3200
3986,3164,3996,3164,3996,3200,3986,3200
3996,3164,4077,3164,4077,3200,3996,3200
3766,3014,3807,3011,3809,3042,3768,3045
2448,3056,2516,3056,2516,3090,2448,3090
2522,3056,2553,3056,2553,3090,2522,3090
2567,3056,2735,3056,2735,3090,2567,3090
2740,3056,2784,3056,2784,3090,2740,3090
2800,3056,3029,3056,3029,3090,2800,3090
3043,3056,3218,3056,3218,3090,3043,3090
3232,3056,3263,3056,3263,3090,3232,3090
3279,3056,3332,3056,3332,3090,3279,3090
3343,3056,3352,3056,3352,3090,3343,3090
3361,3056,3380,3056,3380,3090,3361,3090
3397,3056,3500,3056,3500,3090,3397,3090
3517,3056,3542,3056,3542,3090,3517,3090
2443,3094,2553,3094,2553,3130,2443,3130
2567,3094,2587,3094,2587,3130,2567,3130
2601,3094,2746,3094,2746,3130,2601,3130
2766,3094,2776,3094,2776,3130,2766,3130
2781,3094,2791,3094,2791,3130,2781,3130
2792,3094,2802,3094,2802,3130,2792,3130
2817,3094,2940,3094,2940,3130,2817,3130
2949,3094,3000,3094,3000,3130,2949,3130
3007,3094,3208,3094,3208,3130,3007,3130
3223,3094,3289,3094,3289,3130,3223,3130
3294,3094,3346,3094,3346,3130,3294,3130
3362,3094,3471,3094,3471,3130,3362,3130
3481,3094,3515,3094,3515,3130,3481,3130
2442,3134,2621,3134,2621,3166,2442,3166
2638,3134,2667,3134,2667,3166,2638,3166
2686,3134,2694,3134,2694,3166,2686,3166
2699,3134,2707,3134,2707,3166,2699,3166
2710,3134,2889,3134,2889,3166,2710,3166
2894,3134,2902,3134,2902,3166,2894,3166
2440,3174,2494,3174,2494,3205,2440,3205
2508,3174,2664,3174,2664,3205,2508,3205
2679,3174,2738,3174,2738,3205,2679,3205
2750,3174,2875,3174,2875,3205,2750,3205
2880,3174,2888,3174,2888,3205,2880,3205
2901,3174,3002,3174,3002,3205,2901,3205
3019,3174,3047,3174,3047,3205,3019,3205
3056,3174,3064,3174,3064,3205,3056,3205
3063,3174,3071,3174,3071,3205,3063,3205
3073,3174,3275,3174,3275,3205,3073,3205
3283,3174,3332,3174,3332,3205,3283,3205
3352,3174,3536,3174,3536,3205,3352,3205
2444,3210,2511,3210,2511,3242,2444,3242
2519,3210,2615,3210,2615,3242,2519,3242
2631,3210,2639,3210,2639,3242,2631,3242
2658,3210,2707,3210,2707,3242,2658,3242
2726,3210,2836,3210,2836,3242,2726,3242
2839,3210,2847,3210,2847,3242,2839,3242
2864,3210,2936,3210,2936,3242,2864,3242
2947,3210,3127,3210,3127,3242,2947,3242
3142,3210,3178,3210,3178,3242,3142,3242
3188,3210,3280,3210,3280,3242,3188,3242
3299,3210,3350,3210,3350,3242,3299,3242
3365,3210,3467,3210,3467,3242,3365,3242
3488,3210,3534,3210,3534,3242,3488,3242
3551,3210,3574,3210,3574,3242,3551,3242
2446,3250,2492,3250,2492,3285,2446,3285
2507,3249,2633,3248,2633,3284,2507,3285
2644,3248,2684,3248,2684,3284,2644,3284
2695,3248,2808,3247,2808,3283,2695,3284
2825,3247,2834,3247,2834,3282,2825,3282
2839,3247,2848,3247,2848,3282,2839,3282
2848,3247,3024,3246,3024,3282,2848,3283
3034,3246,3043,3246,3043,3281,3034,3281
3764,3046,3809,3046,3809,3086,3764,3086
3766,3084,3811,3084,3811,3124,3766,3124
3764,3122,3809,3122,3809,3162,3764,3162
3761,3164,3814,3164,3814,3200,3761,3200
4490,3156,4500,3156,4500,3192,4490,3192
4502,3156,4680,3156,4680,3192,4502,3192
4696,3156,4723,3156,4723,3192,4696,3192
4732,3156,4852,3156,4852,3192,4732,3192
4490,3224,4499,3224,4499,3258,4490,3258
4512,3224,4617,3224,4617,3258,4512,3258
4631,3224,4662,3224,4662,3258,4631,3258
4668,3224,4729,3224,4729,3258,4668,3258
4735,3224,4744,3224,4744,3258,4735,3258
4743,3224,4871,3224,4871,3258,4743,3258
4505,3257,4594,3257,4594,3295,4505,3295
4611,3257,4621,3257,4621,3295,4611,3295
4642,3257,4652,3257,4652,3295,4642,3295
4654,3257,4664,3257,4664,3295,4654,3295
4669,3257,4696,3257,4696,3295,4669,3295
4713,3257,4723,3257,4723,3295,4713,3295
3582,3373,3626,3373,3626,3407,3582,3407
3999,3363,4100,3366,4099,3408,3998,3405
4112,3367,4123,3367,4122,3408,4111,3408
4286,3363,4343,3363,4343,3407,4286,3407
4346,3363,4358,3363,4358,3407,4346,3407
4362,3363,4419,3363,4419,3407,4362,3407
4418,3363,4430,3363,4430,3407,4418,3407
4432,3363,4532,3363,4532,3407,4432,3407
