2717,165,3036,165,3036,239,2717,239
2710,236,3062,236,3062,308,2710,308
1018,248,1019,273,1003,274,1002,249
1085,280,1110,278,1111,295,1086,297
1087,283,1148,282,1148,302,1087,303
1156,282,1161,282,1161,301,1156,301
1175,282,1192,282,1192,301,1175,301
839,298,886,295,887,312,840,316
956,290,991,287,992,304,957,307
2812,381,3154,381,3154,490,2812,490
1911,482,1911,441,1928,441,1928,482
1138,500,1141,500,1141,514,1138,514
1536,485,1591,490,1587,533,1532,529
3138,560,3161,567,3157,579,3134,571
711,624,711,629,689,630,689,625
712,641,712,646,690,647,690,642
712,648,713,680,691,681,690,649
1922,653,1957,651,1958,670,1923,672
1973,650,1978,650,1979,669,1974,669
1999,648,2004,648,2005,667,2000,667
2925,678,2928,678,2928,692,2925,692
3001,672,3071,669,3071,680,3002,683
3047,678,3050,678,3050,692,3047,692
2943,701,3071,701,3071,712,2943,712
3062,701,3064,701,3064,712,3062,712
2703,614,2703,834,2688,834,2688,614
2983,718,3017,713,3018,723,2984,728
3031,730,3038,729,3040,740,3033,741
2801,758,2963,754,2963,766,2801,770
1816,769,1818,769,1818,781,1816,781
789,806,873,806,873,850,789,850
880,806,892,806,892,850,880,850
901,806,996,806,996,850,901,850
1149,808,1160,808,1160,848,1149,848
1222,808,1336,808,1336,848,1222,848
1355,808,1366,808,1366,848,1355,848
1426,800,1521,800,1521,847,1426,847
1559,800,1677,800,1677,847,1559,847
1690,800,1703,800,1703,847,1690,847
1516,804,1516,809,1494,809,1494,804
1516,816,1516,821,1494,821,1494,816
1516,826,1516,846,1494,846,1494,826
1944,810,2061,810,2061,844,1944,844
2079,810,2088,810,2088,844,2079,844
2113,810,2137,810,2137,844,2113,844
2956,838,2956,892,2945,892,2945,838
3032,798,3032,915,3009,915,3009,798
3146,848,3142,801,3165,799,3169,846
3117,953,3106,783,3125,782,3136,952
3142,997,3140,842,3157,842,3159,997
3245,906,3245,908,3237,908,3237,906
838,908,846,908,846,940,838,940
851,908,859,908,859,940,851,940
860,908,883,908,883,940,860,940
1251,913,1256,913,1256,934,1251,934
1263,913,1268,913,1268,934,1263,934
1272,913,1296,913,1296,934,1272,934
1585,912,1591,912,1591,935,1585,935
1597,912,1603,912,1603,935,1597,935
1606,912,1636,912,1636,935,1606,935
1923,909,1931,909,1931,938,1923,938
1950,909,1958,909,1958,938,1950,938
1962,909,1970,909,1970,938,1962,938
1973,909,1994,909,1994,938,1973,938
1925,949,1929,949,1929,966,1925,966
1948,948,1952,948,1952,965,1948,965
1973,947,1977,947,1977,964,1973,964
1998,947,2002,947,2002,964,1998,964
1818,946,1822,946,1822,963,1818,963
1843,947,1847,947,1847,964,1843,964
1868,947,1872,947,1872,964,1868,964
1893,948,1897,948,1897,965,1893,965
2024,946,2028,946,2028,963,2024,963
2049,946,2053,946,2053,963,2049,963
2074,945,2078,945,2078,962,2074,962
3246,943,3246,974,3238,974,3238,943
3143,1032,3148,987,3160,988,3155,1033
675,1051,893,1055,892,1085,674,1081
1049,1058,1062,1058,1061,1087,1048,1087
1216,1060,1254,1061,1253,1091,1215,1090
1475,1046,1743,1066,1741,1096,1473,1076
1386,1063,1551,1066,1550,1096,1385,1093
1549,1081,1557,1081,1557,1112,1549,1112
1562,1081,1570,1081,1570,1112,1562,1112
1575,1081,1583,1081,1583,1112,1575,1112
754,1095,775,1093,777,1110,756,1112
1617,1081,1648,1081,1648,1112,1617,1112
1939,1092,1991,1083,1997,1112,1944,1122
1992,1083,2000,1082,2005,1110,1997,1112
2007,1081,2015,1080,2020,1108,2012,1110
2018,1078,2026,1077,2031,1105,2023,1107
1408,1121,1438,1119,1439,1137,1409,1139
837,1209,946,1209,946,1236,837,1236
598,1289,598,1207,621,1207,621,1289
1482,1176,1482,1220,1461,1220,1461,1176
1482,1220,1482,1225,1461,1225,1461,1220
1482,1228,1482,1255,1461,1255,1461,1228
2206,1283,2204,1175,2213,1175,2215,1283
2666,1196,2780,1196,2780,1239,2666,1239
2688,1252,2751,1252,2751,1289,2688,1289
713,1239,713,1247,682,1247,682,1239
713,1252,713,1260,682,1260,682,1252
713,1259,713,1288,682,1288,682,1259
3141,1148,3196,1148,3196,1185,3141,1185
3208,1148,3242,1148,3242,1185,3208,1185
3253,1148,3375,1148,3375,1185,3253,1185
3218,1196,3295,1196,3295,1239,3218,1239
3246,1254,3273,1254,3273,1291,3246,1291
2911,1196,2958,1196,2958,1239,2911,1239
2970,1196,3009,1196,3009,1239,2970,1239
3022,1196,3064,1196,3064,1239,3022,1239
2964,1253,3004,1253,3004,1293,2964,1293
793,1384,798,1384,799,1431,794,1431
930,1381,978,1380,979,1427,931,1428
976,1379,1025,1378,1026,1426,977,1427
662,1408,688,1408,688,1428,662,1428
694,1408,699,1408,699,1428,694,1428
699,1408,728,1408,728,1428,699,1428
949,1409,987,1409,987,1430,949,1430
990,1409,995,1409,995,1430,990,1430
995,1409,1025,1409,1025,1430,995,1430
2649,1341,2742,1341,2742,1377,2649,1377
2747,1341,2757,1341,2757,1377,2747,1377
2766,1341,2870,1341,2870,1377,2766,1377
2642,1386,2835,1386,2835,1424,2642,1424
2842,1386,2852,1386,2852,1424,2842,1424
2852,1386,2881,1386,2881,1424,2852,1424
2891,1386,2994,1386,2994,1424,2891,1424
3005,1386,3048,1386,3048,1424,3005,1424
3052,1386,3062,1386,3062,1424,3052,1424
2646,1436,2793,1436,2793,1470,2646,1470
2643,1486,2776,1486,2776,1524,2643,1524
2791,1486,2801,1486,2801,1524,2791,1524
2649,1533,2777,1533,2777,1573,2649,1573
2794,1533,2805,1533,2805,1573,2794,1573
2648,1586,2708,1586,2708,1621,2648,1621
2727,1586,2759,1586,2759,1621,2727,1621
2770,1586,2825,1586,2825,1621,2770,1621
2641,1634,2817,1638,2816,1674,2640,1670
2637,1688,2697,1688,2697,1720,2637,1720
3192,1339,3225,1339,3225,1375,3192,1375
3227,1339,3237,1339,3237,1375,3227,1375
3236,1339,3268,1339,3268,1375,3236,1375
3277,1339,3324,1339,3324,1375,3277,1375
3210,1385,3220,1385,3221,1423,3211,1423
3226,1385,3236,1385,3237,1423,3227,1423
3240,1384,3268,1383,3269,1421,3241,1422
3278,1383,3328,1381,3329,1419,3279,1421
3197,1434,3223,1434,3223,1469,3197,1469
3223,1434,3232,1434,3232,1469,3223,1469
3236,1434,3262,1434,3262,1469,3236,1469
3275,1434,3321,1434,3321,1469,3275,1469
3211,1480,3223,1480,3223,1523,3211,1523
3225,1480,3237,1480,3237,1523,3225,1523
3237,1480,3268,1480,3268,1523,3237,1523
3277,1480,3325,1480,3325,1523,3277,1523
3213,1532,3224,1532,3224,1572,3213,1572
3226,1532,3237,1532,3237,1572,3226,1572
3237,1532,3267,1532,3267,1572,3237,1572
3278,1532,3323,1532,3323,1572,3278,1572
3211,1586,3220,1586,3220,1621,3211,1621
3225,1586,3234,1586,3234,1621,3225,1621
3243,1586,3263,1586,3263,1621,3243,1621
3277,1586,3322,1586,3322,1621,3277,1621
3211,1632,3222,1632,3222,1672,3211,1672
3228,1632,3239,1632,3239,1672,3228,1672
3239,1632,3269,1632,3269,1672,3239,1672
3275,1632,3327,1632,3327,1672,3275,1672
3213,1686,3222,1686,3222,1720,3213,1720
3227,1686,3236,1686,3236,1720,3227,1720
3240,1686,3265,1686,3265,1720,3240,1720
3276,1686,3326,1686,3326,1720,3276,1720
854,1618,925,1618,925,1652,854,1652
1980,1649,2026,1613,2037,1628,1992,1664
542,1808,542,1746,564,1746,564,1808
1711,1766,1811,1754,1812,1764,1712,1776
2616,1792,2753,1792,2753,1826,2616,1826
2768,1792,2929,1792,2929,1826,2768,1826
2947,1792,3061,1792,3061,1826,2947,1826
3072,1792,3081,1792,3081,1826,3072,1826
3195,1798,3223,1798,3223,1829,3195,1829
3229,1798,3237,1798,3237,1829,3229,1829
3240,1798,3268,1798,3268,1829,3240,1829
3281,1798,3326,1798,3326,1829,3281,1829
2615,1861,2726,1861,2726,1892,2615,1892
2739,1861,2747,1861,2747,1892,2739,1892
3201,1858,3224,1858,3224,1889,3201,1889
3231,1858,3239,1858,3239,1889,3231,1889
3241,1858,3270,1858,3270,1889,3241,1889
3277,1858,3329,1858,3329,1889,3277,1889
1056,1912,1111,1892,1118,1913,1063,1933
1105,1931,1120,1922,1125,1932,1111,1940
2616,1917,2681,1917,2681,1948,2616,1948
2697,1917,2705,1917,2705,1948,2697,1948
3193,1916,3223,1915,3224,1955,3194,1956
3231,1914,3242,1914,3243,1954,3232,1954
3238,1914,3268,1913,3269,1954,3239,1955
3280,1913,3330,1912,3331,1951,3281,1953
986,1970,1159,1894,1163,1903,990,1979
629,2096,631,2054,649,2055,647,2097
631,2042,631,2038,648,2039,648,2043
632,2029,632,2021,649,2022,649,2030
2678,2036,2683,2036,2683,2058,2678,2058
2658,2073,2701,2073,2701,2096,2658,2096
2749,2036,2809,2036,2809,2059,2749,2059
2752,2074,2810,2074,2810,2099,2752,2099
2820,2074,2866,2074,2866,2099,2820,2099
2876,2074,2915,2074,2915,2099,2876,2099
3179,2050,3219,2050,3219,2073,3179,2073
3219,2050,3225,2050,3225,2073,3219,2073
3226,2050,3284,2050,3284,2073,3226,2073
3179,2077,3247,2077,3247,2100,3179,2100
3251,2077,3281,2077,3281,2100,3251,2100
3296,2077,3302,2077,3302,2100,3296,2100
3312,2077,3318,2077,3318,2100,3312,2100
3322,2077,3328,2077,3328,2100,3322,2100
3332,2077,3344,2077,3344,2100,3332,2100
3356,2077,3362,2077,3362,2100,3356,2100
2671,2113,2699,2116,2697,2136,2669,2133
2749,2116,2788,2116,2788,2137,2749,2137
2798,2116,2857,2116,2857,2137,2798,2137
2749,2153,2792,2153,2792,2174,2749,2174
2797,2153,2854,2153,2854,2174,2797,2174
3081,2122,3118,2122,3118,2145,3081,2145
3178,2123,3254,2123,3254,2144,3178,2144
3264,2123,3300,2123,3300,2144,3264,2144
3305,2123,3376,2123,3376,2144,3305,2144
2676,2151,2697,2154,2695,2172,2674,2170
1835,2148,1849,2148,1849,2199,1835,2199
1946,2148,1965,2148,1965,2199,1946,2199
2065,2148,2071,2148,2071,2199,2065,2199
2097,2148,2106,2148,2106,2199,2097,2199
2216,2148,2236,2148,2236,2199,2216,2199
2346,2148,2366,2148,2366,2199,2346,2199
2476,2148,2496,2148,2496,2199,2476,2199
3074,2165,3082,2165,3082,2194,3074,2194
3182,2167,3233,2168,3233,2198,3182,2197
3240,2168,3307,2169,3306,2199,3240,2198
3181,2213,3242,2214,3242,2237,3181,2236
3254,2214,3327,2215,3327,2238,3254,2237
2751,2208,2797,2208,2797,2229,2751,2229
2808,2208,2813,2208,2813,2229,2808,2229
2817,2208,2822,2208,2822,2229,2817,2229
2820,2208,2846,2208,2846,2229,2820,2229
2856,2208,2913,2208,2913,2229,2856,2229
170,2289,218,2289,218,2312,170,2312
223,2289,244,2289,244,2312,223,2312
257,2289,380,2289,380,2312,257,2312
386,2289,416,2289,416,2312,386,2312
425,2289,596,2289,596,2312,425,2312
607,2289,733,2289,733,2312,607,2312
741,2289,766,2289,766,2312,741,2312
775,2289,819,2289,819,2312,775,2312
822,2289,828,2289,828,2312,822,2312
837,2289,849,2289,849,2312,837,2312
864,2289,937,2289,937,2312,864,2312
950,2289,971,2289,971,2312,950,2312
982,2289,1060,2289,1060,2312,982,2312
1072,2289,1085,2289,1085,2312,1072,2312
1099,2289,1204,2289,1204,2312,1099,2312
1218,2289,1224,2289,1224,2312,1218,2312
1228,2289,1234,2289,1234,2312,1228,2312
1235,2289,1241,2289,1241,2312,1235,2312
1253,2289,1343,2289,1343,2312,1253,2312
1353,2289,1389,2289,1389,2312,1353,2312
1395,2289,1542,2289,1542,2312,1395,2312
1549,2289,1600,2289,1600,2312,1549,2312
1607,2289,1647,2289,1647,2312,1607,2312
1655,2289,1734,2289,1734,2312,1655,2312
1741,2289,1767,2289,1767,2312,1741,2312
1779,2289,1906,2289,1906,2312,1779,2312
1918,2289,1939,2289,1939,2312,1918,2312
1955,2289,1961,2289,1961,2312,1955,2312
1965,2289,1971,2289,1971,2312,1965,2312
1969,2289,2099,2289,2099,2312,1969,2312
2106,2289,2112,2289,2112,2312,2106,2312
166,2317,208,2317,208,2346,166,2346
216,2317,329,2317,329,2346,216,2346
339,2317,385,2317,385,2346,339,2346
387,2317,395,2317,395,2346,387,2346
395,2317,487,2317,487,2346,395,2346
489,2317,497,2317,497,2346,489,2346
503,2317,578,2317,578,2346,503,2346
591,2317,607,2317,607,2346,591,2346
615,2317,623,2317,623,2346,615,2346
621,2317,629,2317,629,2346,621,2346
626,2317,778,2317,778,2346,626,2346
781,2317,818,2317,818,2346,781,2346
829,2317,967,2317,967,2346,829,2346
981,2317,1025,2317,1025,2346,981,2346
1034,2317,1103,2317,1103,2346,1034,2346
1116,2317,1124,2317,1124,2346,1116,2346
1136,2317,1171,2317,1171,2346,1136,2346
1182,2317,1266,2317,1266,2346,1182,2346
1266,2317,1274,2317,1274,2346,1266,2346
1286,2317,1339,2317,1339,2346,1286,2346
1346,2317,1475,2317,1475,2346,1346,2346
1489,2317,1516,2317,1516,2346,1489,2346
1522,2317,1591,2317,1591,2346,1522,2346
1604,2317,1643,2317,1643,2346,1604,2346
1652,2317,1727,2317,1727,2346,1652,2346
1739,2317,1777,2317,1777,2346,1739,2346
1788,2317,1804,2317,1804,2346,1788,2346
1815,2317,1846,2317,1846,2346,1815,2346
1857,2317,1948,2317,1948,2346,1857,2346
1959,2317,1988,2317,1988,2346,1959,2346
1996,2317,2078,2317,2078,2346,1996,2346
2091,2317,2099,2317,2099,2346,2091,2346
2100,2317,2108,2317,2108,2346,2100,2346
2108,2317,2236,2317,2236,2346,2108,2346
2241,2317,2249,2317,2249,2346,2241,2346
2614,2300,2676,2300,2676,2339,2614,2339
2690,2300,2701,2300,2701,2339,2690,2339
2733,2300,2762,2300,2762,2339,2733,2339
2774,2300,2886,2300,2886,2339,2774,2339
2901,2300,2966,2300,2966,2339,2901,2339
