833,216,888,216,888,237,833,237
727,246,727,242,745,242,745,246
1196,215,1251,215,1251,242,1196,242
1233,239,1243,239,1242,277,1232,277
1256,239,1266,239,1265,277,1255,277
1288,241,1324,242,1323,280,1287,279
1801,216,1857,216,1857,240,1801,240
1812,242,1822,242,1822,278,1812,278
1834,242,1844,242,1844,278,1834,278
1858,242,1868,242,1868,278,1858,278
1891,242,1924,242,1924,278,1891,278
731,258,739,257,744,285,736,287
762,252,798,246,803,274,767,281
727,316,727,312,745,312,745,316
1941,295,1990,298,1987,336,1938,333
3801,177,4449,177,4449,324,3801,324
3803,314,4442,314,4442,453,3803,453
727,352,727,348,745,348,745,352
649,343,690,335,698,376,657,384
1337,340,1385,340,1385,377,1337,377
727,386,727,382,745,382,745,386
876,411,880,411,880,428,876,428
911,411,915,411,915,428,911,428
1029,496,1029,500,1012,500,1012,496
1028,530,1028,534,1011,534,1011,530
1027,566,1027,570,1010,570,1010,566
527,561,772,561,772,605,527,605
801,561,813,561,813,605,801,605
1225,556,1465,556,1465,607,1225,607
1491,556,1505,556,1505,607,1491,607
1824,557,2068,557,2068,605,1824,605
2090,557,2103,557,2103,605,2090,605
1027,601,1027,605,1010,605,1010,601
330,630,330,584,366,584,366,630
2142,651,2142,609,2179,609,2179,651
1026,637,1026,641,1009,641,1009,637
4060,594,4517,594,4517,723,4060,723
1025,673,1025,677,1008,677,1008,673
1024,707,1024,711,1007,711,1007,707
1024,746,1024,750,1007,750,1007,746
1015,786,1013,780,1035,774,1037,780
723,789,723,784,743,783,743,788
725,823,725,818,745,817,745,822
1025,821,1023,815,1045,809,1047,815
4129,808,4214,808,4214,840,4129,840
4232,808,4273,808,4273,840,4232,840
4288,808,4472,808,4472,840,4288,840
367,947,375,947,375,978,367,978
403,947,411,947,411,978,403,978
441,947,449,947,449,978,441,978
476,947,484,947,484,978,476,978
511,947,519,947,519,978,511,978
547,947,555,947,555,978,547,978
582,947,590,947,590,978,582,978
617,947,625,947,625,978,617,978
652,947,660,947,660,978,652,978
687,947,695,947,695,978,687,978
476,1014,484,1014,483,1044,475,1044
974,997,980,995,987,1018,982,1020
600,1018,608,1018,607,1048,599,1048
634,1019,642,1019,641,1049,633,1049
941,1009,947,1007,954,1030,949,1032
875,1032,881,1030,888,1053,883,1055
908,1020,914,1018,921,1041,916,1043
506,1055,539,1051,543,1087,510,1091
4532,1040,4654,1040,4654,1074,4532,1074
478,1097,487,1097,487,1131,478,1131
525,1097,573,1097,573,1131,525,1131
2008,1170,2092,1166,2094,1201,2010,1205
448,1192,452,1192,452,1210,448,1210
482,1192,486,1192,486,1210,482,1210
516,1193,520,1193,520,1211,516,1211
552,1193,556,1193,556,1211,552,1211
588,1193,592,1193,592,1211,588,1211
624,1193,628,1193,628,1211,624,1211
659,1194,663,1194,663,1212,659,1212
693,1194,697,1194,697,1212,693,1212
436,1225,532,1225,532,1273,436,1273
560,1225,605,1225,605,1273,560,1273
622,1225,707,1225,707,1273,622,1273
1222,1193,1508,1193,1508,1263,1222,1263
690,1393,691,1385,720,1389,719,1397
696,1352,697,1344,726,1348,725,1356
698,1333,705,1288,735,1292,728,1338
3791,1306,3801,1306,3801,1342,3791,1342
3915,1306,4000,1306,4000,1342,3915,1342
4009,1306,4019,1306,4019,1342,4009,1342
4055,1306,4121,1306,4121,1342,4055,1342
4336,1306,4677,1306,4677,1344,4336,1344
4682,1306,4692,1306,4692,1344,4682,1344
551,1371,557,1371,556,1394,550,1394
584,1373,590,1373,589,1396,583,1396
623,1375,629,1375,628,1398,622,1398
654,1377,660,1377,659,1400,653,1400
1966,1460,1966,1471,1924,1471,1924,1460
1966,1495,1966,1506,1924,1506,1924,1495
1966,1529,1966,1540,1924,1540,1924,1529
1966,1563,1966,1574,1924,1574,1924,1563
2001,1478,2001,1484,1978,1484,1978,1478
2001,1500,2001,1506,1978,1506,1978,1500
2001,1524,2001,1530,1978,1530,1978,1524
2001,1548,2001,1554,1978,1554,1978,1548
2035,1418,2035,1584,2014,1584,2014,1418
2068,1445,2068,1577,2047,1577,2047,1445
1899,1521,1897,1529,1866,1521,1868,1513
1723,1569,1729,1569,1731,1592,1725,1593
1758,1566,1764,1566,1766,1589,1760,1590
1798,1563,1804,1563,1806,1586,1800,1587
1818,1561,1824,1561,1826,1584,1820,1585
1900,1554,1906,1554,1908,1577,1902,1578
1886,1576,1881,1597,1850,1590,1855,1568
815,1651,815,1655,797,1655,797,1651
293,1658,293,1662,276,1662,276,1658
2159,1643,2195,1648,2190,1681,2154,1676
1286,1686,1286,1680,1309,1680,1309,1686
814,1687,814,1691,796,1691,796,1687
293,1694,293,1698,276,1698,276,1694
4091,1665,4113,1666,4108,1742,4086,1741
4137,1668,4159,1669,4154,1745,4132,1744
4168,1670,4190,1671,4185,1747,4163,1746
1286,1720,1286,1714,1309,1714,1309,1720
814,1723,814,1727,796,1727,796,1723
294,1730,294,1734,277,1734,277,1730
1286,1753,1286,1747,1309,1747,1309,1753
591,1779,591,1735,626,1735,626,1779
813,1757,813,1761,795,1761,795,1757
294,1766,294,1770,277,1770,277,1766
1286,1789,1286,1783,1309,1783,1309,1789
813,1793,813,1797,795,1797,795,1793
294,1800,294,1804,277,1804,277,1800
2061,1902,2061,1896,2084,1897,2084,1903
2063,1871,2063,1865,2086,1866,2086,1872
2066,1835,2066,1829,2089,1830,2089,1836
2068,1799,2068,1793,2091,1794,2091,1800
2070,1768,2072,1733,2095,1735,2093,1769
1286,1825,1286,1819,1309,1819,1309,1825
812,1827,812,1831,794,1831,794,1827
295,1836,295,1840,278,1840,278,1836
1286,1861,1286,1855,1309,1855,1309,1861
812,1863,812,1867,794,1867,794,1863
1286,1895,1286,1889,1309,1889,1309,1895
630,1892,634,1892,635,1909,631,1909
657,1891,661,1891,662,1908,658,1908
693,1889,697,1889,698,1906,694,1906
728,1891,732,1891,732,1908,728,1908
764,1891,768,1891,768,1908,764,1908
811,1898,811,1902,793,1902,793,1898
1602,1920,1608,1920,1608,1943,1602,1943
1636,1921,1642,1921,1642,1944,1636,1944
1672,1921,1678,1921,1678,1944,1672,1944
1708,1922,1714,1922,1714,1945,1708,1945
1742,1922,1748,1922,1748,1945,1742,1945
1777,1923,1783,1923,1783,1946,1777,1946
1811,1924,1817,1924,1817,1947,1811,1947
1849,1924,1855,1924,1855,1947,1849,1947
1883,1925,1889,1925,1889,1948,1883,1948
1919,1925,1925,1925,1925,1948,1919,1948
1955,1926,1961,1926,1961,1949,1955,1949
1991,1927,1997,1927,1997,1950,1991,1950
2025,1927,2031,1927,2031,1950,2025,1950
2063,1928,2069,1928,2069,1951,2063,1951
3720,1547,3980,1547,3980,1632,3720,1632
4035,1547,4238,1547,4238,1632,4035,1632
4302,1547,4380,1547,4380,1632,4302,1632
4399,1547,4463,1547,4463,1632,4399,1632
4481,1547,4565,1547,4565,1632,4481,1632
4666,1547,4797,1547,4797,1632,4666,1632
3771,1676,3871,1676,3871,1732,3771,1732
3867,1676,3883,1676,3883,1732,3867,1732
3895,1676,3911,1676,3911,1732,3895,1732
4390,1666,4490,1666,4490,1744,4390,1744
4706,1666,4764,1666,4764,1744,4706,1744
4063,1795,4279,1795,4279,1872,4063,1872
4305,1795,4564,1795,4564,1872,4305,1872
3881,1898,4074,1898,4074,1956,3881,1956
4110,1898,4126,1898,4126,1956,4110,1956
4151,1898,4359,1898,4359,1956,4151,1956
4552,1898,4605,1898,4605,1956,4552,1956
4609,1898,4625,1898,4625,1956,4609,1956
4622,1898,4676,1898,4676,1956,4622,1956
4689,1898,4763,1898,4763,1956,4689,1956
3874,1979,4127,1979,4127,2025,3874,2025
4162,1979,4175,1979,4175,2025,4162,2025
4558,1978,4608,1978,4608,2032,4558,2032
4611,1978,4626,1978,4626,2032,4611,2032
4631,1978,4671,1978,4671,2032,4631,2032
4689,1978,4768,1978,4768,2032,4689,2032
3875,2050,4130,2050,4130,2097,3875,2097
4161,2050,4174,2050,4174,2097,4161,2097
4556,2051,4569,2051,4569,2098,4556,2098
4580,2051,4593,2051,4593,2098,4580,2098
4592,2051,4653,2051,4653,2098,4592,2098
4661,2051,4738,2051,4738,2098,4661,2098
3875,2123,4129,2123,4129,2169,3875,2169
4159,2123,4172,2123,4172,2169,4159,2169
4557,2120,4571,2120,4571,2169,4557,2169
4582,2120,4596,2120,4596,2169,4582,2169
4597,2120,4651,2120,4651,2169,4597,2169
4663,2120,4735,2120,4735,2169,4663,2169
3873,2198,4180,2198,4180,2246,3873,2246
4552,2191,4566,2191,4566,2241,4552,2241
4583,2191,4597,2191,4597,2241,4583,2241
4592,2191,4648,2191,4648,2241,4592,2241
4660,2191,4734,2191,4734,2241,4660,2241
3878,2266,3981,2266,3981,2315,3878,2315
4008,2266,4062,2266,4062,2315,4008,2315
4071,2266,4202,2266,4202,2315,4071,2315
4554,2266,4569,2266,4569,2320,4554,2320
4582,2266,4597,2266,4597,2320,4582,2320
4600,2266,4650,2266,4650,2320,4600,2320
4660,2266,4739,2266,4739,2320,4660,2320
3869,2326,3962,2326,3962,2389,3869,2389
4560,2339,4572,2339,4572,2383,4560,2383
4583,2339,4595,2339,4595,2383,4583,2383
4596,2339,4645,2339,4645,2383,4596,2383
4656,2339,4737,2339,4737,2383,4656,2383
4550,2409,4600,2409,4600,2455,4550,2455
4611,2409,4624,2409,4624,2455,4611,2455
4619,2409,4678,2409,4678,2455,4619,2455
4690,2409,4766,2409,4766,2455,4690,2455
1756,2093,1756,2042,1795,2042,1795,2093
1410,2122,1463,2122,1463,2159,1410,2159
1227,2181,1415,2181,1415,2229,1227,2229
1442,2181,1455,2181,1455,2229,1442,2229
1486,2181,1680,2181,1680,2229,1486,2229
3521,2433,3533,2443,3495,2487,3483,2477
3565,2472,3577,2482,3539,2526,3527,2516
3719,2482,3807,2482,3807,2518,3719,2518
3823,2482,3833,2482,3833,2518,3823,2518
3839,2482,3878,2482,3878,2518,3839,2518
3893,2482,3999,2482,3999,2518,3893,2518
4009,2482,4060,2482,4060,2518,4009,2518
4073,2482,4199,2482,4199,2518,4073,2518
4214,2482,4260,2482,4260,2518,4214,2518
4265,2482,4367,2482,4367,2518,4265,2518
4384,2482,4455,2482,4455,2518,4384,2518
4465,2482,4529,2482,4529,2518,4465,2518
4547,2482,4598,2482,4598,2518,4547,2518
4610,2482,4706,2482,4706,2518,4610,2518
4718,2482,4871,2482,4871,2518,4718,2518
3882,2551,4150,2551,4150,2595,3882,2595
4558,2551,4598,2551,4598,2595,4558,2595
4617,2551,4690,2551,4690,2595,4617,2595
1225,2615,1235,2613,1242,2650,1232,2652
1242,2610,1302,2599,1309,2637,1249,2648
1369,2636,1370,2636,1370,2644,1369,2644
1392,2636,1393,2636,1393,2644,1392,2644
1416,2636,1417,2636,1417,2644,1416,2644
1463,2636,1464,2636,1464,2644,1463,2644
1630,2637,1633,2637,1633,2652,1630,2652
1655,2634,1657,2634,1657,2645,1655,2645
1677,2634,1679,2634,1679,2645,1677,2645
1701,2635,1703,2635,1703,2646,1701,2646
1725,2635,1727,2635,1727,2646,1725,2646
1748,2635,1750,2635,1750,2646,1748,2646
1772,2635,1774,2635,1774,2646,1772,2646
1820,2636,1822,2636,1822,2647,1820,2647
3903,2746,4061,2750,4060,2782,3902,2778
2150,2776,2188,2771,2192,2805,2155,2810
2245,2868,2245,2931,2213,2931,2213,2868
2245,2938,2245,2946,2213,2946,2213,2938
2245,2949,2245,2994,2213,2994,2213,2949
3766,2818,3806,2818,3806,2854,3766,2854
3766,2858,3829,2858,3829,2892,3766,2892
3767,2894,3831,2895,3831,2929,3767,2928
3768,2936,3802,2936,3802,2963,3768,2963
3769,2973,3803,2973,3803,3004,3769,3004
1362,2934,1614,2934,1614,2985,1362,2985
3885,2818,3895,2818,3895,2854,3885,2854
3903,2818,3980,2818,3980,2854,3903,2854
3997,2818,4106,2818,4106,2854,3997,2854
3882,2858,3891,2858,3891,2892,3882,2892
3899,2858,4011,2858,4011,2892,3899,2892
4026,2858,4113,2858,4113,2892,4026,2892
4131,2858,4211,2858,4211,2892,4131,2892
3883,2895,3892,2895,3892,2929,3883,2929
3906,2895,4012,2896,4012,2931,3906,2930
4032,2896,4134,2897,4134,2932,4032,2931
4144,2897,4259,2898,4259,2932,4144,2931
3881,2938,3889,2938,3889,2969,3881,2969
3899,2938,3978,2938,3978,2969,3899,2969
3985,2938,4103,2938,4103,2969,3985,2969
3877,2972,3886,2972,3886,3006,3877,3006
3899,2972,4011,2972,4011,3006,3899,3006
4029,2972,4174,2972,4174,3006,4029,3006
3879,3010,3888,3010,3888,3045,3879,3045
3901,3010,4010,3010,4010,3045,3901,3045
4019,3010,4028,3010,4028,3045,4019,3045
4031,3010,4081,3010,4081,3045,4031,3045
4095,3010,4358,3010,4358,3045,4095,3045
3881,3050,3889,3050,3889,3081,3881,3081
3899,3050,3973,3051,3973,3083,3899,3082
3990,3052,4024,3052,4024,3083,3990,3083
4036,3052,4176,3054,4176,3086,4036,3084
3878,3088,3887,3088,3887,3122,3878,3122
3899,3088,3993,3088,3993,3122,3899,3122
4006,3088,4125,3088,4125,3122,4006,3122
3878,3126,3887,3126,3887,3160,3878,3160
3900,3126,3969,3126,3969,3160,3900,3160
3976,3126,3985,3126,3985,3160,3976,3160
3989,3126,4065,3126,4065,3160,3989,3160
3875,3164,3885,3164,3885,3200,3875,3200
3889,3164,3981,3164,3981,3200,3889,3200
3986,3164,3996,3164,3996,3200,3986,3200
3996,3164,4077,3164,4077,3200,3996,3200
3766,3014,3807,3011,3809,3042,3768,3045
1767,3073,1769,3023,1792,3024,1790,3074
2448,3056,2516,3056,2516,3090,2448,3090
2522,3056,2553,3056,2553,3090,2522,3090
2567,3056,2735,3056,2735,3090,2567,3090
2740,3056,2784,3056,2784,3090,2740,3090
2800,3056,3029,3056,3029,3090,2800,3090
3043,3056,3218,3056,3218,3090,3043,3090
3232,3056,3263,3056,3263,3090,3232,3090
3279,3056,3332,3056,3332,3090,3279,3090
3343,3056,3352,3056,3352,3090,3343,3090
3361,3056,3380,3056,3380,3090,3361,3090
3397,3056,3500,3056,3500,3090,3397,3090
3517,3056,3542,3056,3542,3090,3517,3090
2443,3094,2553,3094,2553,3130,2443,3130
2567,3094,2587,3094,2587,3130,2567,3130
2601,3094,2746,3094,2746,3130,2601,3130
2766,3094,2776,3094,2776,3130,2766,3130
2781,3094,2791,3094,2791,3130,2781,3130
2792,3094,2802,3094,2802,3130,2792,3130
2817,3094,2940,3094,2940,3130,2817,3130
2949,3094,3000,3094,3000,3130,2949,3130
3007,3094,3208,3094,3208,3130,3007,3130
3223,3094,3289,3094,3289,3130,3223,3130
3294,3094,3346,3094,3346,3130,3294,3130
3362,3094,3471,3094,3471,3130,3362,3130
3481,3094,3515,3094,3515,3130,3481,3130
2442,3134,2621,3134,2621,3166,2442,3166
2638,3134,2667,3134,2667,3166,2638,3166
2686,3134,2694,3134,2694,3166,2686,3166
2699,3134,2707,3134,2707,3166,2699,3166
2710,3134,2889,3134,2889,3166,2710,3166
2894,3134,2902,3134,2902,3166,2894,3166
2439,3174,2493,3174,2493,3205,2439,3205
2507,3174,2662,3174,2662,3205,2507,3205
2678,3174,2737,3174,2737,3205,2678,3205
2749,3174,2874,3174,2874,3205,2749,3205
2879,3174,2887,3174,2887,3205,2879,3205
2900,3174,3002,3174,3002,3205,2900,3205
3018,3174,3046,3174,3046,3205,3018,3205
3055,3174,3063,3174,3063,3205,3055,3205
3062,3174,3070,3174,3070,3205,3062,3205
3073,3174,3274,3174,3274,3205,3073,3205
3282,3174,3335,3174,3335,3205,3282,3205
3351,3174,3534,3174,3534,3205,3351,3205
2444,3210,2511,3210,2511,3242,2444,3242
2519,3210,2615,3210,2615,3242,2519,3242
2631,3210,2639,3210,2639,3242,2631,3242
2658,3210,2707,3210,2707,3242,2658,3242
2726,3210,2836,3210,2836,3242,2726,3242
2839,3210,2847,3210,2847,3242,2839,3242
2864,3210,2936,3210,2936,3242,2864,3242
2947,3210,3127,3210,3127,3242,2947,3242
3142,3210,3178,3210,3178,3242,3142,3242
3188,3210,3280,3210,3280,3242,3188,3242
3299,3210,3350,3210,3350,3242,3299,3242
3365,3210,3467,3210,3467,3242,3365,3242
3488,3210,3534,3210,3534,3242,3488,3242
3551,3210,3574,3210,3574,3242,3551,3242
2446,3250,2492,3250,2492,3285,2446,3285
2507,3249,2633,3248,2633,3284,2507,3285
2644,3248,2684,3248,2684,3284,2644,3284
2695,3248,2808,3247,2808,3283,2695,3284
2825,3247,2834,3247,2834,3282,2825,3282
2839,3247,2848,3247,2848,3282,2839,3282
2848,3247,3024,3246,3024,3282,2848,3283
3034,3246,3043,3246,3043,3281,3034,3281
3764,3046,3809,3046,3809,3086,3764,3086
3766,3084,3811,3084,3811,3124,3766,3124
3764,3122,3809,3122,3809,3162,3764,3162
3761,3164,3814,3164,3814,3200,3761,3200
4484,3156,4494,3156,4494,3192,4484,3192
4501,3156,4672,3156,4672,3192,4501,3192
4690,3156,4717,3156,4717,3192,4690,3192
4725,3156,4852,3156,4852,3192,4725,3192
4484,3224,4493,3224,4493,3258,4484,3258
4506,3224,4614,3224,4614,3258,4506,3258
4630,3224,4655,3224,4655,3258,4630,3258
4666,3224,4722,3224,4722,3258,4666,3258
4729,3224,4738,3224,4738,3258,4729,3258
4737,3224,4862,3224,4862,3258,4737,3258
4501,3258,4586,3258,4586,3292,4501,3292
4608,3258,4617,3258,4617,3292,4608,3292
4636,3258,4645,3258,4645,3292,4636,3292
4650,3258,4659,3258,4659,3292,4650,3292
4661,3258,4692,3258,4692,3292,4661,3292
4709,3258,4718,3258,4718,3292,4709,3292
1367,3278,1416,3294,1401,3339,1352,3323
3582,3373,3626,3373,3626,3407,3582,3407
4001,3364,4097,3364,4097,3408,4001,3408
4111,3364,4123,3364,4123,3408,4111,3408
4286,3363,4343,3363,4343,3407,4286,3407
4346,3363,4358,3363,4358,3407,4346,3407
4362,3363,4419,3363,4419,3407,4362,3407
4418,3363,4430,3363,4430,3407,4418,3407
4432,3363,4532,3363,4532,3407,4432,3407
