3801,177,4449,177,4449,324,3801,324
3803,314,4442,314,4442,453,3803,453
2837,622,2840,622,2840,636,2837,636
2872,624,2874,624,2875,635,2873,635
2148,685,2148,680,2168,680,2168,685
4060,592,4522,592,4522,727,4060,727
2310,680,2310,685,2289,685,2289,680
2590,679,2590,684,2571,684,2571,679
2003,795,1997,629,2038,628,2044,793
1888,666,1904,666,1903,724,1887,724
1917,666,1950,666,1949,725,1916,725
1964,667,1980,667,1979,725,1963,725
2010,667,2052,667,2051,726,2009,726
2112,637,2112,643,2089,643,2089,637
2112,663,2112,669,2089,669,2089,663
2112,687,2112,693,2089,693,2089,687
2112,709,2112,715,2089,715,2089,709
2112,733,2112,739,2089,739,2089,733
2112,757,2112,763,2089,763,2089,757
2112,766,2112,772,2089,772,2089,766
2607,674,2629,674,2628,732,2606,732
2148,720,2148,715,2168,715,2168,720
2310,716,2310,721,2289,721,2289,716
2201,670,2233,670,2232,728,2200,728
2340,671,2383,671,2382,729,2339,729
2495,673,2511,673,2510,731,2494,731
2192,742,2203,742,2203,784,2192,784
2226,742,2237,742,2237,784,2226,784
2261,742,2272,742,2272,784,2261,784
2299,742,2310,742,2310,784,2299,784
2334,742,2345,742,2345,784,2334,784
2368,742,2379,742,2379,784,2368,784
2403,742,2414,742,2414,784,2403,784
2441,742,2452,742,2452,784,2441,784
2476,742,2487,742,2487,784,2476,784
2510,742,2521,742,2521,784,2510,784
2544,742,2555,742,2555,784,2544,784
2591,715,2591,720,2572,720,2572,715
1956,757,1956,748,1991,749,1991,758
2592,751,2592,756,2573,756,2573,751
2403,761,2407,761,2408,777,2404,777
2441,759,2445,759,2446,775,2442,775
4130,808,4214,808,4214,840,4130,840
4232,808,4273,808,4273,840,4232,840
4288,808,4472,808,4472,840,4288,840
2713,679,2713,711,2678,711,2678,679
2759,680,2759,688,2728,688,2728,680
2759,715,2759,723,2728,723,2728,715
2759,755,2759,795,2728,795,2728,755
2759,824,2759,832,2728,832,2728,824
2759,859,2759,867,2728,867,2728,859
2759,894,2759,902,2728,902,2728,894
2759,929,2759,937,2728,937,2728,929
2759,964,2759,972,2728,972,2728,964
2759,1000,2759,1008,2728,1008,2728,1000
932,879,938,878,941,901,935,902
901,884,907,883,910,906,904,907
965,874,971,873,974,896,968,897
1001,869,1007,868,1010,891,1004,892
1036,873,1041,873,1041,894,1036,894
1134,875,1134,916,1097,916,1097,875
1949,953,1951,908,1987,909,1985,954
2658,970,2658,972,2647,972,2647,970
1691,993,1691,990,1705,990,1705,993
761,969,865,969,865,1038,761,1038
880,969,931,969,931,1038,880,1038
941,969,1064,969,1064,1038,941,1038
2660,1005,2660,1008,2645,1008,2645,1005
1690,1029,1690,1026,1704,1026,1704,1029
2660,1040,2660,1043,2645,1043,2645,1040
3812,1040,4098,1040,4098,1080,3812,1080
4532,1040,4654,1040,4654,1074,4532,1074
1689,1065,1689,1062,1703,1062,1703,1065
2660,1076,2660,1079,2645,1079,2645,1076
898,1071,953,1074,950,1117,895,1114
1425,1089,1478,1083,1480,1101,1427,1107
2357,1077,2408,1077,2408,1109,2357,1109
2369,1117,2375,1117,2376,1140,2370,1140
2405,1115,2411,1115,2412,1138,2406,1138
2337,1118,2343,1118,2344,1141,2338,1141
2660,1116,2660,1119,2645,1119,2645,1116
2438,1113,2444,1113,2445,1136,2439,1136
2474,1112,2480,1112,2481,1135,2475,1135
2508,1110,2514,1110,2515,1133,2509,1133
2544,1109,2550,1109,2551,1132,2545,1132
2578,1107,2584,1107,2585,1130,2579,1130
2609,1106,2615,1106,2616,1129,2610,1129
2750,1133,2754,1133,2753,1151,2749,1151
2782,1134,2786,1134,2785,1152,2781,1152
2818,1135,2822,1135,2821,1153,2817,1153
2852,1136,2856,1136,2855,1154,2851,1154
2888,1137,2892,1137,2891,1155,2887,1155
2923,1138,2927,1138,2926,1156,2922,1156
852,1144,856,1151,832,1166,827,1159
871,1175,875,1182,851,1197,846,1190
1303,1144,1591,1144,1591,1207,1303,1207
3975,1118,4102,1118,4102,1181,3975,1181
2326,1164,2508,1164,2508,1228,2326,1228
2535,1164,2553,1164,2553,1228,2535,1228
2586,1164,2775,1164,2775,1228,2586,1228
2968,1396,2968,1341,3000,1341,3000,1396
1214,1457,1216,1457,1216,1468,1214,1468
1249,1457,1251,1457,1251,1468,1249,1468
1355,1459,1357,1459,1357,1470,1355,1470
1046,1480,1094,1480,1094,1523,1046,1523
1740,1484,1791,1484,1791,1516,1740,1516
2535,1480,2584,1480,2584,1523,2535,1523
1029,1602,1272,1602,1272,1656,1029,1656
1299,1602,1314,1602,1314,1656,1299,1656
1748,1593,1996,1593,1996,1662,1748,1662
2011,1593,2031,1593,2031,1662,2011,1662
1000,1696,1006,1646,1036,1650,1030,1699
3717,1547,3980,1547,3980,1632,3717,1632
4035,1547,4238,1547,4238,1632,4035,1632
4302,1547,4380,1547,4380,1632,4302,1632
4388,1547,4466,1547,4466,1632,4388,1632
4481,1547,4565,1547,4565,1632,4481,1632
3775,1668,3881,1668,3881,1742,3775,1742
3870,1668,3891,1668,3891,1742,3870,1742
3892,1668,3913,1668,3913,1742,3892,1742
4088,1667,4111,1667,4111,1747,4088,1747
4137,1667,4160,1667,4160,1747,4137,1747
4170,1667,4193,1667,4193,1747,4170,1747
4389,1667,4493,1667,4493,1747,4389,1747
4063,1795,4279,1795,4279,1872,4063,1872
4305,1795,4564,1795,4564,1872,4305,1872
4666,1547,4799,1547,4799,1632,4666,1632
4709,1667,4769,1667,4769,1747,4709,1747
1992,1661,1982,1704,1948,1696,1958,1653
1421,1723,1421,1720,1435,1720,1435,1723
1421,1756,1421,1753,1435,1753,1435,1756
1140,1795,1141,1790,1160,1792,1160,1797
1421,1793,1421,1790,1435,1790,1435,1793
1136,1830,1137,1825,1156,1827,1156,1832
1139,1940,1139,1938,1151,1938,1151,1940
813,1999,816,1999,816,2014,813,2014
849,1999,852,1999,852,2014,849,2014
885,1999,888,1999,888,2014,885,2014
920,1999,923,1999,923,2014,920,2014
955,1999,958,1999,958,2014,955,2014
2764,2027,2798,2023,2800,2046,2766,2050
1161,2049,1162,2049,1162,2057,1161,2057
1181,2049,1182,2049,1182,2057,1181,2057
1206,2049,1207,2049,1207,2057,1206,2057
1229,2049,1230,2049,1230,2057,1229,2057
1385,2041,1388,2039,1398,2052,1394,2054
1585,2050,1587,2050,1587,2060,1585,2060
1608,2051,1610,2051,1610,2061,1608,2061
1632,2052,1634,2052,1634,2062,1632,2062
2274,2050,2276,2050,2276,2061,2274,2061
2297,2050,2299,2050,2299,2061,2297,2061
2321,2050,2323,2050,2323,2061,2321,2061
2344,2050,2346,2050,2346,2061,2344,2061
2368,2050,2370,2050,2370,2061,2368,2061
2392,2050,2394,2050,2394,2061,2392,2061
2416,2050,2418,2050,2418,2061,2416,2061
2463,2050,2465,2050,2465,2061,2463,2061
2487,2050,2489,2050,2489,2061,2487,2061
2510,2050,2512,2050,2512,2061,2510,2061
2534,2050,2536,2050,2536,2061,2534,2061
2558,2050,2560,2050,2560,2061,2558,2061
2580,2050,2582,2050,2582,2061,2580,2061
1161,2053,1221,2053,1221,2091,1161,2091
1483,2049,1639,2053,1638,2089,1482,2085
2537,2050,2543,2049,2545,2072,2539,2073
2558,2048,2564,2047,2566,2070,2560,2071
2580,2046,2586,2045,2588,2068,2582,2069
2604,2043,2610,2042,2612,2065,2606,2066
2622,2041,2628,2040,2630,2063,2624,2064
2649,2039,2655,2038,2657,2061,2651,2062
2673,2036,2679,2035,2681,2058,2675,2059
2510,2071,2543,2083,2537,2101,2504,2089
3882,1914,4082,1914,4082,1962,3882,1962
4114,1914,4127,1914,4127,1962,4114,1962
4156,1914,4361,1914,4361,1962,4156,1962
3878,1983,4139,1983,4139,2033,3878,2033
4167,1983,4181,1983,4181,2033,4167,2033
3883,2057,4137,2057,4137,2105,3883,2105
4164,2057,4177,2057,4177,2105,4164,2105
3885,2129,3986,2129,3986,2177,3885,2177
4012,2129,4064,2129,4064,2177,4012,2177
4080,2129,4208,2129,4208,2177,4080,2177
3879,2203,4186,2203,4186,2251,3879,2251
3871,2266,3966,2266,3966,2324,3871,2324
4560,1914,4610,1914,4610,1968,4560,1968
4613,1914,4628,1914,4628,1968,4613,1968
4639,1914,4679,1914,4679,1968,4639,1968
4699,1914,4768,1914,4768,1968,4699,1968
4564,1983,4618,1983,4618,2031,4564,2031
4613,1983,4626,1983,4626,2031,4613,2031
4635,1983,4678,1983,4678,2031,4635,2031
4698,1983,4768,1983,4768,2031,4698,2031
4560,2055,4574,2055,4574,2105,4560,2105
4586,2055,4600,2055,4600,2105,4586,2105
4602,2055,4649,2055,4649,2105,4602,2105
4668,2055,4742,2055,4742,2105,4668,2105
4559,2129,4572,2129,4572,2176,4559,2176
4583,2129,4596,2129,4596,2176,4583,2176
4611,2129,4645,2129,4645,2176,4611,2176
4663,2129,4741,2129,4741,2176,4663,2176
4564,2199,4578,2199,4578,2250,4564,2250
4585,2199,4599,2199,4599,2250,4585,2250
4609,2199,4647,2199,4647,2250,4609,2250
4661,2199,4746,2199,4746,2250,4661,2250
4565,2271,4578,2271,4578,2317,4565,2317
4583,2271,4596,2271,4596,2317,4583,2317
4604,2271,4646,2271,4646,2317,4604,2317
4667,2271,4743,2271,4743,2317,4667,2317
4549,2342,4614,2342,4614,2393,4549,2393
4614,2342,4628,2342,4628,2393,4614,2393
4631,2342,4678,2342,4678,2393,4631,2393
4690,2342,4774,2342,4774,2393,4690,2393
2923,2197,2960,2197,2960,2222,2923,2222
2074,2342,2327,2342,2327,2400,2074,2400
1957,2440,1953,2394,1978,2392,1983,2438
3021,2359,3021,2427,2989,2427,2989,2359
3021,2434,3021,2442,2989,2442,2989,2434
3021,2442,3021,2492,2989,2492,2989,2442
3722,2482,3807,2482,3807,2518,3722,2518
3821,2482,3831,2482,3831,2518,3821,2518
3840,2482,3880,2482,3880,2518,3840,2518
3891,2482,3995,2482,3995,2518,3891,2518
4012,2482,4064,2482,4064,2518,4012,2518
4076,2482,4200,2482,4200,2518,4076,2518
4216,2482,4258,2482,4258,2518,4216,2518
4266,2482,4365,2482,4365,2518,4266,2518
4382,2482,4452,2482,4452,2518,4382,2518
4468,2482,4530,2482,4530,2518,4468,2518
4545,2482,4596,2482,4596,2518,4545,2518
4608,2482,4704,2482,4704,2518,4608,2518
4719,2482,4868,2482,4868,2518,4719,2518
3884,2534,4155,2534,4155,2596,3884,2596
4562,2538,4608,2538,4608,2601,4562,2601
4628,2538,4698,2538,4698,2601,4628,2601
1669,2633,1669,2599,1700,2599,1700,2633
3903,2746,4061,2750,4060,2782,3902,2778
3766,2818,3806,2818,3806,2854,3766,2854
3767,2854,3827,2855,3827,2891,3767,2890
3767,2894,3831,2895,3831,2929,3767,2928
3767,2937,3803,2935,3804,2960,3768,2962
3769,2973,3803,2973,3803,3004,3769,3004
3885,2818,3895,2818,3895,2854,3885,2854
3903,2818,3980,2818,3980,2854,3903,2854
3997,2818,4106,2818,4106,2854,3997,2854
3883,2855,3892,2855,3892,2890,3883,2890
3897,2855,4011,2856,4011,2892,3897,2891
4023,2856,4114,2857,4114,2893,4023,2892
4134,2857,4215,2858,4215,2894,4134,2893
3883,2895,3892,2895,3892,2929,3883,2929
3906,2895,4011,2896,4011,2931,3906,2930
4032,2896,4134,2897,4134,2932,4032,2931
4144,2897,4259,2898,4259,2932,4144,2931
3881,2938,3889,2938,3889,2969,3881,2969
3899,2938,3978,2938,3978,2969,3899,2969
3985,2938,4103,2938,4103,2969,3985,2969
3877,2972,3886,2972,3886,3006,3877,3006
3899,2972,4011,2972,4011,3006,3899,3006
4029,2972,4174,2972,4174,3006,4029,3006
3879,3010,3888,3010,3888,3045,3879,3045
3901,3010,4010,3010,4010,3045,3901,3045
4019,3010,4028,3010,4028,3045,4019,3045
4031,3010,4081,3010,4081,3045,4031,3045
4095,3010,4358,3010,4358,3045,4095,3045
3881,3050,3889,3050,3889,3081,3881,3081
3899,3050,3973,3051,3973,3083,3899,3082
3990,3052,4024,3052,4024,3083,3990,3083
4036,3052,4176,3054,4176,3086,4036,3084
3878,3088,3887,3088,3887,3122,3878,3122
3899,3088,3993,3088,3993,3122,3899,3122
4006,3088,4125,3088,4125,3122,4006,3122
3878,3128,3886,3128,3886,3160,3878,3160
3898,3128,3968,3128,3968,3160,3898,3160
3978,3128,3986,3128,3986,3160,3978,3160
3985,3128,4065,3128,4065,3160,3985,3160
3875,3164,3885,3164,3885,3200,3875,3200
3889,3164,3981,3164,3981,3200,3889,3200
3986,3164,3996,3164,3996,3200,3986,3200
3996,3164,4077,3164,4077,3200,3996,3200
3766,3014,3807,3011,3809,3042,3768,3045
2448,3058,2513,3058,2513,3093,2448,3093
2525,3058,2551,3058,2551,3093,2525,3093
2572,3057,2736,3056,2736,3092,2572,3093
2742,3057,2783,3057,2783,3092,2742,3092
2799,3056,3031,3055,3031,3091,2799,3092
3046,3055,3218,3054,3218,3090,3046,3091
3233,3055,3265,3055,3265,3090,3233,3090
3276,3055,3332,3055,3332,3090,3276,3090
3343,3055,3352,3055,3352,3090,3343,3090
3361,3055,3381,3055,3381,3090,3361,3090
3400,3054,3502,3054,3502,3089,3400,3089
3514,3054,3546,3054,3546,3089,3514,3089
2440,3096,2553,3096,2553,3128,2440,3128
2564,3096,2587,3096,2587,3128,2564,3128
2601,3096,2745,3096,2745,3128,2601,3128
2767,3096,2775,3096,2775,3128,2767,3128
2780,3096,2788,3096,2788,3128,2780,3128
2790,3096,2798,3096,2798,3128,2790,3128
2812,3096,2938,3096,2938,3128,2812,3128
2947,3096,2998,3096,2998,3128,2947,3128
3006,3096,3208,3096,3208,3128,3006,3128
3223,3096,3288,3096,3288,3128,3223,3128
3297,3096,3348,3096,3348,3128,3297,3128
3364,3096,3468,3096,3468,3128,3364,3128
3479,3096,3515,3096,3515,3128,3479,3128
2442,3134,2621,3134,2621,3166,2442,3166
2638,3134,2667,3134,2667,3166,2638,3166
2686,3134,2694,3134,2694,3166,2686,3166
2699,3134,2707,3134,2707,3166,2699,3166
2710,3134,2889,3134,2889,3166,2710,3166
2894,3134,2902,3134,2902,3166,2894,3166
2440,3174,2494,3174,2494,3205,2440,3205
2508,3174,2664,3174,2664,3205,2508,3205
2679,3174,2738,3174,2738,3205,2679,3205
2750,3174,2875,3174,2875,3205,2750,3205
2880,3174,2888,3174,2888,3205,2880,3205
2901,3174,3002,3174,3002,3205,2901,3205
3019,3174,3047,3174,3047,3205,3019,3205
3056,3174,3064,3174,3064,3205,3056,3205
3063,3174,3071,3174,3071,3205,3063,3205
3073,3174,3275,3174,3275,3205,3073,3205
3283,3174,3332,3174,3332,3205,3283,3205
3347,3174,3536,3174,3536,3205,3347,3205
2444,3210,2511,3210,2511,3242,2444,3242
2519,3210,2615,3210,2615,3242,2519,3242
2631,3210,2639,3210,2639,3242,2631,3242
2658,3210,2707,3210,2707,3242,2658,3242
2724,3210,2836,3210,2836,3242,2724,3242
2839,3210,2847,3210,2847,3242,2839,3242
2864,3210,2936,3210,2936,3242,2864,3242
2947,3210,3127,3210,3127,3242,2947,3242
3142,3210,3178,3210,3178,3242,3142,3242
3188,3210,3280,3210,3280,3242,3188,3242
3299,3210,3350,3210,3350,3242,3299,3242
3365,3210,3472,3210,3472,3242,3365,3242
3487,3210,3533,3210,3533,3242,3487,3242
3551,3210,3574,3210,3574,3242,3551,3242
2446,3250,2492,3250,2492,3285,2446,3285
2507,3249,2633,3248,2633,3284,2507,3285
2644,3248,2684,3248,2684,3284,2644,3284
2695,3248,2808,3247,2808,3283,2695,3284
2825,3247,2834,3247,2834,3282,2825,3282
2839,3247,2848,3247,2848,3282,2839,3282
2848,3247,3024,3246,3024,3282,2848,3283
3032,3246,3041,3246,3041,3281,3032,3281
3764,3046,3809,3046,3809,3086,3764,3086
3766,3084,3811,3084,3811,3124,3766,3124
3764,3122,3809,3122,3809,3162,3764,3162
3761,3164,3814,3164,3814,3200,3761,3200
4486,3148,4497,3148,4497,3188,4486,3188
4501,3148,4675,3148,4675,3188,4501,3188
4690,3148,4720,3148,4720,3188,4690,3188
4723,3148,4851,3148,4851,3188,4723,3188
4486,3216,4495,3216,4495,3250,4486,3250
4508,3216,4612,3216,4612,3250,4508,3250
4627,3216,4658,3216,4658,3250,4627,3250
4665,3216,4724,3216,4724,3250,4665,3250
4731,3216,4740,3216,4740,3250,4731,3250
4739,3216,4866,3216,4866,3250,4739,3250
4500,3248,4589,3250,4588,3284,4499,3282
4608,3250,4617,3250,4616,3284,4607,3284
4636,3250,4645,3250,4644,3284,4635,3284
4654,3251,4663,3251,4662,3285,4653,3285
4662,3251,4693,3252,4692,3286,4661,3285
4710,3252,4719,3252,4718,3286,4709,3286
3582,3373,3626,3373,3626,3407,3582,3407
3999,3363,4098,3366,4097,3408,3998,3405
4112,3367,4123,3367,4122,3408,4111,3408
4290,3363,4338,3363,4338,3407,4290,3407
4348,3363,4360,3363,4360,3407,4348,3407
4366,3363,4415,3363,4415,3407,4366,3407
4420,3363,4432,3363,4432,3407,4420,3407
4434,3363,4534,3363,4534,3407,4434,3407
