946,221,949,221,949,235,946,235
966,221,969,221,969,235,966,235
985,221,988,221,988,235,985,235
1005,221,1008,221,1008,235,1005,235
1024,221,1027,221,1027,235,1024,235
1044,221,1047,221,1047,235,1044,235
2717,165,3036,165,3036,239,2717,239
2717,233,3062,233,3062,302,2717,302
1082,385,1086,385,1086,402,1082,402
1145,385,1149,385,1149,402,1145,402
1179,385,1183,385,1183,402,1179,402
1214,385,1218,385,1218,402,1214,402
1720,400,1726,399,1729,423,1723,424
2807,389,3145,389,3145,485,2807,485
3170,389,3198,389,3198,485,3170,485
1595,498,1603,498,1602,529,1594,529
1630,499,1638,499,1637,530,1629,530
1643,499,1651,499,1650,530,1642,530
1668,499,1732,500,1731,532,1667,531
1739,501,1747,501,1746,532,1738,532
1755,501,1801,502,1800,534,1754,533
1344,635,1350,635,1351,658,1345,658
1356,635,1377,634,1378,657,1357,658
1384,633,1390,633,1391,656,1385,656
1396,632,1402,632,1403,655,1397,655
1369,643,1377,643,1377,672,1369,672
1387,644,1395,644,1395,673,1387,673
1408,644,1416,644,1416,673,1408,673
1429,644,1437,644,1437,673,1429,673
1469,644,1496,644,1496,674,1469,674
1507,645,1549,645,1549,674,1507,674
1562,645,1657,646,1657,676,1562,675
1699,647,1707,647,1707,676,1699,676
2798,668,2828,667,2828,685,2798,686
2820,668,2953,665,2953,683,2820,686
2795,697,2840,697,2840,707,2795,707
1351,705,1361,709,1348,746,1337,743
1366,709,1404,723,1389,761,1352,747
2784,727,2893,727,2893,746,2784,746
2887,745,3012,743,3012,761,2887,763
953,869,953,858,995,858,995,869
953,852,953,841,995,841,995,852
953,842,953,803,995,803,995,842
3061,818,3061,837,3044,837,3044,818
3061,838,3061,842,3044,842,3044,838
3061,841,3061,946,3044,946,3044,841
1085,1015,1189,1015,1189,1068,1085,1068
1194,1015,1209,1015,1209,1068,1194,1068
1213,1015,1329,1015,1329,1068,1213,1068
1643,1023,1788,1023,1788,1065,1643,1065
2910,1196,2960,1196,2960,1236,2910,1236
2964,1196,3009,1196,3009,1236,2964,1236
3024,1196,3064,1196,3064,1236,3024,1236
2659,1198,2781,1198,2781,1236,2659,1236
2692,1252,2702,1252,2702,1289,2692,1289
2718,1252,2728,1252,2728,1289,2718,1289
2737,1252,2747,1252,2747,1289,2737,1289
3139,1146,3193,1147,3192,1182,3138,1181
3207,1147,3244,1148,3243,1183,3206,1182
3252,1148,3371,1150,3370,1185,3251,1183
3216,1196,3296,1196,3296,1236,3216,1236
3244,1258,3272,1258,3272,1289,3244,1289
2959,1256,3011,1253,3013,1286,2961,1289
929,1268,943,1268,942,1317,928,1317
1054,1270,1068,1270,1067,1319,1053,1319
1069,1270,1083,1270,1082,1319,1068,1319
1078,1270,1114,1271,1113,1321,1077,1320
1124,1271,1138,1271,1137,1320,1123,1320
1448,1289,1482,1287,1485,1333,1451,1336
1588,1279,1601,1278,1604,1325,1591,1326
1688,1272,1701,1271,1704,1318,1691,1319
1702,1271,1715,1270,1718,1317,1705,1318
1715,1270,1750,1268,1753,1314,1718,1317
1606,1334,1738,1341,1736,1377,1604,1370
1195,1388,1197,1388,1197,1397,1195,1397
1212,1388,1214,1388,1214,1397,1212,1397
1233,1388,1235,1388,1235,1397,1233,1397
1664,1386,1683,1386,1684,1419,1665,1420
1703,1385,1712,1385,1713,1419,1704,1419
1651,1422,1699,1422,1699,1464,1651,1464
1708,1422,1719,1422,1719,1464,1708,1464
1730,1422,1741,1422,1741,1464,1730,1464
1747,1422,1758,1422,1758,1464,1747,1464
2648,1356,2741,1356,2741,1398,2648,1398
2746,1356,2757,1356,2757,1398,2746,1398
2767,1356,2862,1356,2862,1398,2767,1398
2875,1356,2886,1356,2886,1398,2875,1398
2887,1356,2918,1356,2918,1398,2887,1398
2926,1356,3027,1356,3027,1398,2926,1398
3044,1356,3083,1356,3083,1398,3044,1398
3090,1356,3101,1356,3101,1398,3090,1398
2649,1405,2777,1409,2776,1446,2648,1442
2648,1456,2711,1456,2711,1492,2648,1492
2725,1456,2758,1456,2758,1492,2725,1492
2770,1456,2826,1456,2826,1492,2770,1492
2842,1456,2852,1456,2852,1492,2842,1492
2856,1456,2896,1456,2896,1492,2856,1492
3193,1352,3225,1352,3225,1396,3193,1396
3225,1352,3237,1352,3237,1396,3225,1396
3238,1352,3270,1352,3270,1396,3238,1396
3279,1352,3328,1352,3328,1396,3279,1396
3195,1404,3229,1404,3229,1442,3195,1442
3224,1404,3234,1404,3234,1442,3224,1442
3234,1404,3268,1404,3268,1442,3234,1442
3276,1404,3326,1404,3326,1442,3276,1442
3211,1453,3222,1453,3222,1492,3211,1492
3227,1453,3238,1453,3238,1492,3227,1492
3238,1453,3267,1453,3267,1492,3238,1492
3279,1453,3322,1453,3322,1492,3279,1492
1070,1589,1206,1589,1206,1631,1070,1631
793,1704,793,1595,835,1595,835,1704
960,1677,960,1669,992,1669,992,1677
960,1664,960,1656,992,1656,992,1664
960,1654,960,1624,992,1624,992,1654
1405,1718,1405,1646,1436,1646,1436,1718
1405,1643,1405,1635,1436,1635,1436,1643
1405,1634,1405,1578,1436,1578,1436,1634
1060,1798,1132,1798,1132,1829,1060,1829
1131,1798,1139,1798,1139,1829,1131,1829
1144,1798,1200,1798,1200,1829,1144,1829
2613,1793,2754,1794,2754,1829,2613,1828
2769,1793,2931,1794,2931,1829,2769,1828
2949,1795,3062,1796,3062,1830,2949,1829
3074,1796,3083,1796,3083,1830,3074,1830
3191,1796,3222,1796,3222,1830,3191,1830
3224,1797,3233,1797,3233,1831,3224,1831
3236,1797,3267,1797,3267,1831,3236,1831
3272,1797,3328,1797,3328,1831,3272,1831
3211,1856,3221,1856,3221,1892,3211,1892
3225,1856,3235,1856,3235,1892,3225,1892
3234,1856,3268,1856,3268,1892,3234,1892
3276,1856,3323,1856,3323,1892,3276,1892
1333,1867,1389,1867,1389,1891,1333,1891
1393,1867,1399,1867,1399,1891,1393,1891
1402,1867,1440,1867,1440,1891,1402,1891
2613,1863,2725,1863,2725,1892,2613,1892
2739,1863,2747,1863,2747,1892,2739,1892
2680,2036,2685,2036,2685,2057,2680,2057
2686,2036,2691,2036,2691,2057,2686,2057
2658,2073,2701,2073,2701,2096,2658,2096
2749,2036,2809,2036,2809,2059,2749,2059
2751,2074,2810,2074,2810,2099,2751,2099
2820,2074,2865,2074,2865,2099,2820,2099
2875,2074,2915,2074,2915,2099,2875,2099
3180,2050,3219,2050,3219,2073,3180,2073
3219,2050,3225,2050,3225,2073,3219,2073
3226,2050,3284,2050,3284,2073,3226,2073
3179,2077,3247,2077,3247,2100,3179,2100
3251,2077,3281,2077,3281,2100,3251,2100
3296,2077,3302,2077,3302,2100,3296,2100
3312,2077,3318,2077,3318,2100,3312,2100
3322,2077,3328,2077,3328,2100,3322,2100
3332,2077,3344,2077,3344,2100,3332,2100
3356,2077,3362,2077,3362,2100,3356,2100
2671,2113,2699,2116,2697,2136,2669,2133
3081,2122,3118,2122,3118,2145,3081,2145
3178,2123,3254,2123,3254,2144,3178,2144
3264,2123,3300,2123,3300,2144,3264,2144
3305,2123,3376,2123,3376,2144,3305,2144
1604,2140,1618,2140,1618,2191,1604,2191
1772,2140,1799,2140,1799,2191,1772,2191
1948,2140,1976,2140,1976,2191,1948,2191
2124,2140,2153,2140,2153,2191,2124,2191
2301,2140,2330,2140,2330,2191,2301,2191
2479,2140,2507,2140,2507,2191,2479,2191
2749,2116,2788,2116,2788,2137,2749,2137
2798,2116,2857,2116,2857,2137,2798,2137
2749,2153,2792,2153,2792,2174,2749,2174
2797,2153,2854,2153,2854,2174,2797,2174
2676,2151,2697,2154,2695,2172,2674,2170
2678,2140,2697,2140,2697,2191,2678,2191
2750,2140,2796,2140,2796,2191,2750,2191
2800,2140,2858,2140,2858,2191,2800,2191
3074,2165,3082,2165,3082,2194,3074,2194
3182,2167,3233,2168,3233,2198,3182,2197
3240,2168,3307,2169,3306,2199,3240,2198
3181,2213,3242,2214,3242,2237,3181,2236
3254,2214,3327,2215,3327,2238,3254,2237
2751,2208,2797,2208,2797,2229,2751,2229
2808,2208,2813,2208,2813,2229,2808,2229
2817,2208,2822,2208,2822,2229,2817,2229
2820,2208,2846,2208,2846,2229,2820,2229
2856,2208,2913,2208,2913,2229,2856,2229
170,2289,218,2289,218,2312,170,2312
223,2289,244,2289,244,2312,223,2312
257,2289,380,2289,380,2312,257,2312
386,2289,416,2289,416,2312,386,2312
425,2289,596,2289,596,2312,425,2312
607,2289,733,2289,733,2312,607,2312
741,2289,766,2289,766,2312,741,2312
775,2289,819,2289,819,2312,775,2312
822,2289,828,2289,828,2312,822,2312
837,2289,849,2289,849,2312,837,2312
864,2289,937,2289,937,2312,864,2312
950,2289,971,2289,971,2312,950,2312
982,2289,1060,2289,1060,2312,982,2312
1072,2289,1085,2289,1085,2312,1072,2312
1099,2289,1204,2289,1204,2312,1099,2312
1218,2289,1224,2289,1224,2312,1218,2312
1228,2289,1234,2289,1234,2312,1228,2312
1235,2289,1241,2289,1241,2312,1235,2312
1253,2289,1343,2289,1343,2312,1253,2312
1353,2289,1389,2289,1389,2312,1353,2312
1395,2289,1542,2289,1542,2312,1395,2312
1549,2289,1600,2289,1600,2312,1549,2312
1607,2289,1647,2289,1647,2312,1607,2312
1655,2289,1734,2289,1734,2312,1655,2312
1741,2289,1767,2289,1767,2312,1741,2312
1779,2289,1906,2289,1906,2312,1779,2312
1918,2289,1939,2289,1939,2312,1918,2312
1955,2289,1961,2289,1961,2312,1955,2312
1965,2289,1971,2289,1971,2312,1965,2312
1969,2289,2099,2289,2099,2312,1969,2312
2106,2289,2112,2289,2112,2312,2106,2312
166,2317,208,2317,208,2346,166,2346
216,2317,329,2317,329,2346,216,2346
339,2317,385,2317,385,2346,339,2346
387,2317,395,2317,395,2346,387,2346
395,2317,487,2317,487,2346,395,2346
489,2317,497,2317,497,2346,489,2346
503,2317,578,2317,578,2346,503,2346
591,2317,607,2317,607,2346,591,2346
615,2317,623,2317,623,2346,615,2346
621,2317,629,2317,629,2346,621,2346
626,2317,778,2317,778,2346,626,2346
781,2317,818,2317,818,2346,781,2346
829,2317,967,2317,967,2346,829,2346
981,2317,1025,2317,1025,2346,981,2346
1034,2317,1103,2317,1103,2346,1034,2346
1116,2317,1124,2317,1124,2346,1116,2346
1136,2317,1171,2317,1171,2346,1136,2346
1182,2317,1266,2317,1266,2346,1182,2346
1266,2317,1274,2317,1274,2346,1266,2346
1286,2317,1339,2317,1339,2346,1286,2346
1346,2317,1475,2317,1475,2346,1346,2346
1489,2317,1516,2317,1516,2346,1489,2346
1522,2317,1591,2317,1591,2346,1522,2346
1604,2317,1643,2317,1643,2346,1604,2346
1652,2317,1727,2317,1727,2346,1652,2346
1739,2317,1777,2317,1777,2346,1739,2346
1788,2317,1804,2317,1804,2346,1788,2346
1815,2317,1846,2317,1846,2346,1815,2346
1857,2317,1948,2317,1948,2346,1857,2346
1959,2317,1988,2317,1988,2346,1959,2346
1996,2317,2078,2317,2078,2346,1996,2346
2091,2317,2099,2317,2099,2346,2091,2346
2100,2317,2108,2317,2108,2346,2100,2346
2108,2317,2236,2317,2236,2346,2108,2346
2241,2317,2249,2317,2249,2346,2241,2346
2614,2300,2676,2300,2676,2339,2614,2339
2690,2300,2701,2300,2701,2339,2690,2339
2733,2300,2762,2300,2762,2339,2733,2339
2774,2300,2886,2300,2886,2339,2774,2339
2901,2300,2966,2300,2966,2339,2901,2339
