3801,177,4449,177,4449,324,3801,324
3803,314,4442,314,4442,453,3803,453
1617,596,1617,600,1599,600,1599,596
813,629,813,597,843,597,843,629
1617,632,1617,636,1599,636,1599,632
1157,627,1157,635,1126,635,1126,627
1157,662,1157,670,1126,670,1126,662
1624,727,1622,580,1639,580,1641,727
1677,573,1677,595,1653,595,1653,573
1677,612,1677,618,1653,618,1653,612
1677,636,1677,642,1653,642,1653,636
1677,660,1677,666,1653,666,1653,660
1677,682,1677,688,1653,688,1653,682
1677,707,1677,713,1653,713,1653,707
1677,712,1677,718,1653,718,1653,712
1827,637,1859,633,1864,671,1832,676
1875,630,1895,627,1900,665,1880,668
1617,667,1617,671,1599,671,1599,667
860,613,869,730,834,732,825,616
870,742,871,751,836,754,835,745
873,778,874,787,839,790,838,781
1688,655,1755,646,1761,685,1693,694
4060,594,4517,594,4517,723,4060,723
1262,669,1262,673,1244,674,1244,670
1476,672,1476,677,1457,676,1457,671
1465,690,1476,690,1477,732,1466,732
1499,689,1510,689,1511,731,1500,731
1534,688,1545,688,1546,730,1535,730
1607,686,1618,686,1619,728,1608,728
1628,686,1639,686,1640,728,1629,728
1663,685,1674,685,1675,727,1664,727
1697,684,1708,684,1709,726,1698,726
1736,683,1747,683,1748,725,1737,725
1783,682,1794,682,1795,724,1784,724
1817,681,1828,681,1829,723,1818,723
1860,680,1871,680,1872,722,1861,722
2393,672,2479,676,2477,723,2391,719
1264,722,1264,726,1246,727,1246,723
1157,700,1157,708,1126,708,1126,700
1157,736,1157,744,1126,744,1126,736
1157,771,1157,779,1126,779,1126,771
1877,759,1876,751,1908,748,1909,756
1874,726,1870,689,1902,686,1906,723
2488,754,2483,711,2522,707,2527,750
867,745,867,749,850,749,850,745
1298,758,1347,758,1347,789,1298,789
867,776,867,780,850,780,850,776
2383,778,2430,788,2420,836,2373,826
2465,795,2568,817,2558,865,2455,844
1885,832,1884,824,1916,821,1917,829
1881,799,1880,791,1912,788,1913,796
867,811,867,815,850,815,850,811
2738,802,2747,802,2747,837,2738,837
2774,802,2783,802,2783,837,2774,837
2820,802,2864,802,2864,837,2820,837
4130,808,4214,808,4214,840,4130,840
4232,808,4273,808,4273,840,4232,840
4288,808,4472,808,4472,840,4288,840
3004,836,3004,840,2986,841,2986,837
867,848,867,852,850,852,850,848
2640,831,2654,834,2644,882,2630,879
2652,834,2666,837,2656,885,2642,882
2691,843,2705,846,2695,894,2681,891
1260,864,1260,867,1246,867,1246,864
867,882,867,886,850,886,850,882
1894,921,1889,876,1922,873,1927,918
3025,935,3025,821,3058,821,3058,935
1260,897,1260,900,1246,900,1246,897
2457,881,2599,881,2599,914,2457,914
3009,902,3009,906,2991,907,2991,903
1157,841,1157,849,1126,849,1126,841
1157,876,1157,884,1126,884,1126,876
1157,912,1157,920,1126,920,1126,912
1157,947,1157,955,1126,955,1126,947
1157,982,1157,990,1126,990,1126,982
1157,1017,1157,1025,1126,1025,1126,1017
867,918,867,922,850,922,850,918
1260,933,1260,936,1246,936,1246,933
867,952,867,956,850,956,850,952
2559,922,2576,922,2576,984,2559,984
2633,922,2723,922,2723,984,2633,984
2752,922,2797,922,2797,984,2752,984
2813,922,2930,922,2930,984,2813,984
1260,969,1260,972,1246,972,1246,969
2049,970,2058,1041,2041,1044,2032,972
867,988,867,992,850,992,850,988
867,1024,867,1028,850,1028,850,1024
861,1052,867,1052,867,1075,861,1075
892,1051,898,1051,898,1074,892,1074
928,1051,934,1051,934,1074,928,1074
964,1050,970,1050,970,1073,964,1073
1000,1050,1006,1050,1006,1073,1000,1073
1033,1049,1039,1049,1039,1072,1033,1072
1069,1049,1075,1049,1075,1072,1069,1072
1105,1049,1111,1049,1111,1072,1105,1072
3812,1040,4098,1040,4098,1080,3812,1080
4532,1040,4654,1040,4654,1074,4532,1074
1255,1065,1259,1065,1259,1082,1255,1082
1288,1065,1292,1065,1292,1082,1288,1082
1322,1065,1326,1065,1326,1082,1322,1082
1358,1065,1362,1065,1362,1082,1358,1082
1394,1065,1398,1065,1398,1082,1394,1082
1430,1066,1434,1066,1434,1083,1430,1083
1464,1066,1468,1066,1468,1083,1464,1083
1500,1066,1504,1066,1504,1083,1500,1083
1534,1066,1538,1066,1538,1083,1534,1083
1570,1066,1574,1066,1574,1083,1570,1083
1606,1066,1610,1066,1610,1083,1606,1083
1642,1066,1646,1066,1646,1083,1642,1083
1676,1066,1680,1066,1680,1083,1676,1083
1712,1067,1716,1067,1716,1084,1712,1084
1748,1067,1752,1067,1752,1084,1748,1084
1783,1067,1787,1067,1787,1084,1783,1084
1819,1067,1823,1067,1823,1084,1819,1084
1858,1067,1862,1067,1862,1084,1858,1084
2637,1072,2637,1081,2614,1080,2614,1071
915,1081,1110,1081,1110,1146,915,1146
1138,1081,1156,1081,1156,1146,1138,1146
1179,1081,1374,1081,1374,1146,1179,1146
2180,1069,2469,1069,2469,1117,2180,1117
2634,1163,2634,1172,2611,1171,2611,1162
1938,1159,1938,1196,1929,1196,1929,1159
2632,1230,2632,1236,2609,1235,2609,1229
4209,1241,4246,1241,4246,1270,4209,1270
4286,1241,4378,1241,4378,1270,4286,1270
2630,1264,2630,1270,2607,1269,2607,1263
1367,1334,1367,1279,1394,1279,1394,1334
2629,1302,2629,1308,2606,1307,2606,1301
2628,1336,2628,1342,2605,1341,2605,1335
2368,1395,2374,1395,2373,1418,2367,1418
1951,1401,2000,1401,2000,1435,1951,1435
1113,1405,1167,1405,1167,1434,1113,1434
2404,1396,2410,1396,2409,1419,2403,1419
2438,1398,2444,1398,2443,1421,2437,1421
2474,1399,2480,1399,2479,1422,2473,1422
2507,1400,2513,1400,2512,1423,2506,1423
2543,1401,2549,1401,2548,1424,2542,1424
2579,1402,2585,1402,2584,1425,2578,1425
2618,1403,2624,1403,2623,1426,2617,1426
2660,1405,2704,1406,2703,1429,2659,1428
2340,1482,2340,1485,2326,1485,2326,1482
1876,1487,2113,1487,2113,1535,1876,1535
2142,1487,2155,1487,2155,1535,2142,1535
2514,1482,2755,1482,2755,1540,2514,1540
2779,1482,2795,1482,2795,1540,2779,1540
1890,1631,1890,1583,1927,1583,1927,1631
2766,1635,2766,1583,2798,1583,2798,1635
2329,1682,2337,1681,2341,1709,2334,1711
2382,1674,2390,1673,2394,1701,2387,1703
2418,1668,2426,1667,2430,1695,2423,1697
2450,1663,2458,1662,2462,1690,2455,1692
2569,1676,2573,1680,2557,1698,2553,1694
2595,1700,2599,1704,2583,1722,2579,1718
2403,1727,2407,1727,2407,1744,2403,1744
2439,1727,2443,1727,2443,1744,2439,1744
2473,1728,2477,1728,2477,1745,2473,1745
2509,1728,2513,1728,2513,1745,2509,1745
2545,1729,2549,1729,2549,1746,2545,1746
2579,1729,2583,1729,2583,1746,2579,1746
2614,1871,2619,1869,2627,1889,2622,1891
2078,1937,2111,1954,2095,1985,2062,1968
2122,1959,2130,1963,2114,1994,2106,1990
2159,1977,2174,1985,2159,2016,2143,2008
2485,1941,2549,1960,2543,1983,2478,1964
3015,1946,3017,1946,3017,1957,3015,1957
3717,1547,3980,1547,3980,1632,3717,1632
4035,1547,4238,1547,4238,1632,4035,1632
4302,1547,4380,1547,4380,1632,4302,1632
4388,1547,4466,1547,4466,1632,4388,1632
4481,1547,4565,1547,4565,1632,4481,1632
4666,1547,4799,1547,4799,1632,4666,1632
3769,1669,3874,1669,3874,1743,3769,1743
3866,1669,3887,1669,3887,1743,3866,1743
3896,1669,3917,1669,3917,1743,3896,1743
4085,1663,4109,1663,4109,1748,4085,1748
4137,1663,4161,1663,4161,1748,4137,1748
4171,1663,4195,1663,4195,1748,4171,1748
4393,1663,4491,1663,4491,1748,4393,1748
4702,1663,4766,1663,4766,1748,4702,1748
4063,1793,4278,1793,4278,1867,4063,1867
4300,1793,4568,1793,4568,1867,4300,1867
3894,1886,4084,1886,4084,1948,3894,1948
4116,1886,4133,1886,4133,1948,4116,1948
4160,1886,4366,1886,4366,1948,4160,1948
4564,1896,4618,1896,4618,1944,4564,1944
4618,1896,4631,1896,4631,1944,4618,1944
4633,1896,4685,1896,4685,1944,4633,1944
4696,1896,4775,1896,4775,1944,4696,1944
3884,1969,4138,1969,4138,2017,3884,2017
4170,1969,4183,1969,4183,2017,4170,2017
4564,1968,4618,1968,4618,2016,4564,2016
4618,1968,4631,1968,4631,2016,4618,2016
4631,1968,4692,1968,4692,2016,4631,2016
4696,1968,4775,1968,4775,2016,4696,2016
3880,2041,4136,2041,4136,2089,3880,2089
4163,2041,4176,2041,4176,2089,4163,2089
4564,2041,4576,2041,4576,2085,4564,2085
4591,2041,4603,2041,4603,2085,4591,2085
4605,2041,4653,2041,4653,2085,4605,2085
4671,2041,4744,2041,4744,2085,4671,2085
3892,2110,3992,2110,3992,2164,3892,2164
4019,2110,4069,2110,4069,2164,4019,2164
4083,2110,4214,2110,4214,2164,4083,2164
4563,2111,4576,2111,4576,2159,4563,2159
4587,2111,4600,2111,4600,2159,4587,2159
4610,2111,4646,2111,4646,2159,4610,2159
4671,2111,4741,2111,4741,2159,4671,2159
3886,2186,4186,2186,4186,2236,3886,2236
4566,2182,4580,2182,4580,2234,4566,2234
4588,2182,4602,2182,4602,2234,4588,2234
4600,2182,4647,2182,4647,2234,4600,2234
4668,2182,4745,2182,4745,2234,4668,2234
3880,2257,3961,2257,3961,2301,3880,2301
4569,2257,4581,2257,4581,2301,4569,2301
4587,2257,4599,2257,4599,2301,4587,2301
4605,2257,4653,2257,4653,2301,4605,2301
4665,2257,4746,2257,4746,2301,4665,2301
4553,2326,4617,2326,4617,2376,4553,2376
4617,2326,4631,2326,4631,2376,4617,2376
4638,2326,4685,2326,4685,2376,4638,2376
4698,2326,4772,2326,4772,2376,4698,2376
946,1965,950,1965,950,1982,946,1982
969,1965,973,1965,973,1982,969,1982
993,1965,997,1965,997,1982,993,1982
1013,1965,1017,1965,1017,1982,1013,1982
1040,1965,1044,1965,1044,1982,1040,1982
1063,1966,1067,1966,1067,1983,1063,1983
1086,1966,1090,1966,1090,1983,1086,1983
1112,1966,1116,1966,1116,1983,1112,1983
1135,1966,1139,1966,1139,1983,1135,1983
1158,1966,1162,1966,1162,1983,1158,1983
1182,1966,1186,1966,1186,1983,1182,1983
1205,1966,1209,1966,1209,1983,1205,1983
1229,1966,1233,1966,1233,1983,1229,1983
1252,1966,1256,1966,1256,1983,1252,1983
1277,1967,1281,1967,1281,1984,1277,1984
1301,1967,1305,1967,1305,1984,1301,1984
1324,1967,1328,1967,1328,1984,1324,1984
1347,1967,1351,1967,1351,1984,1347,1984
1371,1967,1375,1967,1375,1984,1371,1984
2630,1948,2638,1948,2639,1977,2631,1977
2696,1945,2704,1945,2705,1974,2697,1974
2732,1943,2740,1943,2741,1972,2733,1972
2768,1941,2776,1941,2777,1970,2769,1970
2804,1939,2812,1939,2813,1968,2805,1968
2840,1938,2848,1938,2849,1967,2841,1967
2873,1936,2881,1936,2882,1965,2874,1965
2909,1934,2917,1934,2918,1963,2910,1963
2945,1933,2953,1933,2954,1962,2946,1962
2671,1970,2680,1969,2683,2004,2674,2005
973,1967,982,1968,978,2003,969,2002
1016,1972,1025,1973,1021,2008,1012,2007
1398,1995,1398,1996,1391,1997,1391,1996
1104,1981,1143,1985,1139,2021,1100,2017
2542,1983,2602,1977,2605,2012,2545,2018
1404,2026,1404,2027,1396,2027,1396,2026
1709,2037,1820,2037,1820,2045,1709,2045
626,2395,626,2328,658,2328,658,2395
626,2320,626,2312,658,2312,658,2320
626,2308,626,2262,658,2262,658,2308
1164,2282,1414,2282,1414,2344,1164,2344
1892,2357,1892,2312,1924,2312,1924,2357
3719,2482,3806,2482,3806,2516,3719,2516
3823,2482,3832,2482,3832,2516,3823,2516
3840,2482,3878,2482,3878,2516,3840,2516
3892,2482,3994,2482,3994,2516,3892,2516
4013,2482,4061,2482,4061,2516,4013,2516
4072,2482,4198,2482,4198,2516,4072,2516
4211,2482,4260,2482,4260,2516,4211,2516
4269,2482,4369,2482,4369,2516,4269,2516
4384,2482,4455,2482,4455,2516,4384,2516
4464,2482,4528,2482,4528,2516,4464,2516
4544,2482,4597,2482,4597,2516,4544,2516
4608,2482,4707,2482,4707,2516,4608,2516
4716,2482,4870,2482,4870,2516,4716,2516
3894,2561,4157,2561,4157,2607,3894,2607
4571,2554,4605,2554,4605,2617,4571,2617
4633,2554,4651,2554,4651,2617,4633,2617
4678,2554,4696,2554,4696,2617,4678,2617
3903,2746,4061,2750,4060,2782,3902,2778
3766,2818,3806,2818,3806,2854,3766,2854
3767,2854,3827,2855,3827,2891,3767,2890
3767,2894,3831,2895,3831,2929,3767,2928
3767,2937,3803,2935,3804,2960,3768,2962
3769,2973,3803,2973,3803,3004,3769,3004
3885,2818,3895,2818,3895,2854,3885,2854
3903,2818,3980,2818,3980,2854,3903,2854
3997,2818,4106,2818,4106,2854,3997,2854
3883,2855,3892,2855,3892,2890,3883,2890
3897,2855,4011,2856,4011,2892,3897,2891
4023,2856,4114,2857,4114,2893,4023,2892
4134,2857,4215,2858,4215,2894,4134,2893
3883,2895,3892,2895,3892,2929,3883,2929
3906,2895,4011,2896,4011,2931,3906,2930
4032,2896,4134,2897,4134,2932,4032,2931
4144,2897,4259,2898,4259,2932,4144,2931
3881,2938,3889,2938,3889,2969,3881,2969
3899,2938,3978,2938,3978,2969,3899,2969
3985,2938,4103,2938,4103,2969,3985,2969
3877,2972,3886,2972,3886,3006,3877,3006
3899,2972,4011,2972,4011,3006,3899,3006
4029,2972,4174,2972,4174,3006,4029,3006
3879,3010,3888,3010,3888,3045,3879,3045
3901,3010,4010,3010,4010,3045,3901,3045
4019,3010,4028,3010,4028,3045,4019,3045
4031,3010,4081,3010,4081,3045,4031,3045
4095,3010,4358,3010,4358,3045,4095,3045
3881,3050,3889,3050,3889,3081,3881,3081
3899,3050,3973,3051,3973,3083,3899,3082
3990,3052,4024,3052,4024,3083,3990,3083
4036,3052,4176,3054,4176,3086,4036,3084
3878,3088,3887,3088,3887,3122,3878,3122
3899,3088,3993,3088,3993,3122,3899,3122
4006,3088,4125,3088,4125,3122,4006,3122
3878,3128,3886,3128,3886,3160,3878,3160
3898,3128,3968,3128,3968,3160,3898,3160
3978,3128,3986,3128,3986,3160,3978,3160
3985,3128,4065,3128,4065,3160,3985,3160
3875,3164,3885,3164,3885,3200,3875,3200
3889,3164,3981,3164,3981,3200,3889,3200
3986,3164,3996,3164,3996,3200,3986,3200
3996,3164,4077,3164,4077,3200,3996,3200
3766,3014,3807,3011,3809,3042,3768,3045
3764,3046,3809,3046,3809,3086,3764,3086
3763,3090,3807,3081,3815,3120,3771,3129
2448,3058,2513,3058,2513,3093,2448,3093
2525,3058,2551,3058,2551,3093,2525,3093
2572,3057,2736,3056,2736,3092,2572,3093
2742,3057,2783,3057,2783,3092,2742,3092
2799,3056,3031,3055,3031,3091,2799,3092
3046,3055,3218,3054,3218,3090,3046,3091
3233,3055,3265,3055,3265,3090,3233,3090
3276,3055,3332,3055,3332,3090,3276,3090
3343,3055,3352,3055,3352,3090,3343,3090
3361,3055,3381,3055,3381,3090,3361,3090
3400,3054,3502,3054,3502,3089,3400,3089
3514,3054,3546,3054,3546,3089,3514,3089
2440,3096,2553,3096,2553,3128,2440,3128
2564,3096,2587,3096,2587,3128,2564,3128
2601,3096,2745,3096,2745,3128,2601,3128
2767,3096,2775,3096,2775,3128,2767,3128
2780,3096,2788,3096,2788,3128,2780,3128
2790,3096,2798,3096,2798,3128,2790,3128
2812,3096,2938,3096,2938,3128,2812,3128
2947,3096,2998,3096,2998,3128,2947,3128
3006,3096,3208,3096,3208,3128,3006,3128
3223,3096,3288,3096,3288,3128,3223,3128
3297,3096,3348,3096,3348,3128,3297,3128
3364,3096,3468,3096,3468,3128,3364,3128
3479,3096,3515,3096,3515,3128,3479,3128
2442,3134,2621,3134,2621,3166,2442,3166
2638,3134,2667,3134,2667,3166,2638,3166
2686,3134,2694,3134,2694,3166,2686,3166
2699,3134,2707,3134,2707,3166,2699,3166
2710,3134,2889,3134,2889,3166,2710,3166
2894,3134,2902,3134,2902,3166,2894,3166
2440,3174,2494,3174,2494,3205,2440,3205
2508,3174,2664,3174,2664,3205,2508,3205
2679,3174,2738,3174,2738,3205,2679,3205
2750,3174,2875,3174,2875,3205,2750,3205
2880,3174,2888,3174,2888,3205,2880,3205
2901,3174,3002,3174,3002,3205,2901,3205
3019,3174,3047,3174,3047,3205,3019,3205
3056,3174,3064,3174,3064,3205,3056,3205
3063,3174,3071,3174,3071,3205,3063,3205
3073,3174,3275,3174,3275,3205,3073,3205
3283,3174,3332,3174,3332,3205,3283,3205
3347,3174,3536,3174,3536,3205,3347,3205
2444,3210,2511,3210,2511,3242,2444,3242
2519,3210,2615,3210,2615,3242,2519,3242
2631,3210,2639,3210,2639,3242,2631,3242
2658,3210,2707,3210,2707,3242,2658,3242
2724,3210,2836,3210,2836,3242,2724,3242
2839,3210,2847,3210,2847,3242,2839,3242
2864,3210,2936,3210,2936,3242,2864,3242
2947,3210,3127,3210,3127,3242,2947,3242
3142,3210,3178,3210,3178,3242,3142,3242
3188,3210,3280,3210,3280,3242,3188,3242
3299,3210,3350,3210,3350,3242,3299,3242
3365,3210,3472,3210,3472,3242,3365,3242
3487,3210,3533,3210,3533,3242,3487,3242
3551,3210,3574,3210,3574,3242,3551,3242
2446,3250,2492,3250,2492,3285,2446,3285
2507,3249,2633,3248,2633,3284,2507,3285
2644,3248,2684,3248,2684,3284,2644,3284
2695,3248,2808,3247,2808,3283,2695,3284
2825,3247,2834,3247,2834,3282,2825,3282
2839,3247,2848,3247,2848,3282,2839,3282
2848,3247,3024,3246,3024,3282,2848,3283
3032,3246,3041,3246,3041,3281,3032,3281
3764,3122,3809,3122,3809,3162,3764,3162
3761,3164,3814,3164,3814,3200,3761,3200
4490,3154,4500,3154,4500,3190,4490,3190
4505,3154,4683,3154,4683,3190,4505,3190
4696,3154,4723,3154,4723,3190,4696,3190
4732,3154,4857,3154,4857,3190,4732,3190
4490,3222,4499,3222,4499,3256,4490,3256
4511,3222,4620,3222,4620,3256,4511,3256
4636,3222,4661,3222,4661,3256,4636,3256
4673,3222,4729,3222,4729,3256,4673,3256
4735,3222,4744,3222,4744,3256,4735,3256
4743,3222,4869,3222,4869,3256,4743,3256
4507,3256,4592,3256,4592,3290,4507,3290
4614,3256,4623,3256,4623,3290,4614,3290
4642,3256,4651,3256,4651,3290,4642,3290
4659,3256,4668,3256,4668,3290,4659,3290
4667,3256,4698,3256,4698,3290,4667,3290
4715,3256,4724,3256,4724,3290,4715,3290
3582,3373,3626,3373,3626,3407,3582,3407
3997,3362,4097,3362,4097,3408,3997,3408
4107,3362,4120,3362,4120,3408,4107,3408
4290,3363,4338,3363,4338,3407,4290,3407
4348,3363,4360,3363,4360,3407,4348,3407
4366,3363,4415,3363,4415,3407,4366,3407
4420,3363,4432,3363,4432,3407,4420,3407
4434,3363,4534,3363,4534,3407,4434,3407
