946,221,949,221,949,235,946,235
966,221,969,221,969,235,966,235
985,221,988,221,988,235,985,235
1005,221,1008,221,1008,235,1005,235
1024,221,1027,221,1027,235,1024,235
1044,221,1047,221,1047,235,1044,235
2717,165,3036,165,3036,239,2717,239
2717,233,3062,233,3062,302,2717,302
1082,385,1086,385,1086,402,1082,402
1145,385,1149,385,1149,402,1145,402
1179,385,1183,385,1183,402,1179,402
1214,385,1218,385,1218,402,1214,402
1710,404,1714,404,1712,420,1708,420
1735,407,1739,407,1737,423,1733,423
1773,411,1777,411,1775,427,1771,427
1804,414,1808,414,1806,430,1802,430
2807,389,3145,389,3145,485,2807,485
3170,389,3198,389,3198,485,3170,485
1630,497,1639,497,1638,531,1629,531
1644,497,1653,497,1652,531,1643,531
1668,497,1733,498,1732,533,1667,532
1738,499,1747,499,1746,533,1737,533
1758,499,1802,500,1801,534,1757,533
1538,646,1549,646,1549,668,1538,668
1563,646,1658,646,1658,668,1563,668
2798,668,2828,667,2828,685,2798,686
2820,668,2953,665,2953,683,2820,686
2795,697,2840,697,2840,707,2795,707
2784,727,2893,727,2893,746,2784,746
2887,745,3012,743,3012,761,2887,763
953,869,953,858,995,858,995,869
953,852,953,841,995,841,995,852
953,842,953,803,995,803,995,842
3061,818,3061,837,3044,837,3044,818
3061,838,3061,842,3044,842,3044,838
3061,841,3061,946,3044,946,3044,841
1085,1015,1189,1015,1189,1068,1085,1068
1194,1015,1209,1015,1209,1068,1194,1068
1213,1015,1329,1015,1329,1068,1213,1068
1643,1023,1788,1023,1788,1065,1643,1065
2661,1198,2777,1198,2777,1236,2661,1236
2694,1256,2702,1256,2702,1288,2694,1288
2718,1256,2726,1256,2726,1288,2718,1288
2737,1256,2745,1256,2745,1288,2737,1288
2910,1196,2960,1196,2960,1236,2910,1236
2964,1196,3009,1196,3009,1236,2964,1236
3024,1196,3064,1196,3064,1236,3024,1236
2959,1254,3011,1254,3011,1291,2959,1291
3139,1146,3193,1147,3192,1182,3138,1181
3207,1147,3244,1148,3243,1183,3206,1182
3252,1148,3371,1150,3370,1185,3251,1183
3216,1196,3296,1196,3296,1236,3216,1236
3245,1258,3273,1258,3273,1289,3245,1289
1055,1277,1064,1277,1064,1310,1055,1310
1069,1277,1078,1277,1078,1310,1069,1310
1081,1277,1111,1277,1111,1310,1081,1310
1220,1268,1233,1269,1228,1316,1215,1315
1448,1294,1478,1292,1481,1334,1452,1337
1689,1275,1700,1274,1703,1316,1692,1317
1702,1274,1713,1273,1716,1315,1705,1316
1713,1273,1744,1270,1747,1312,1716,1315
1645,1288,1664,1372,1629,1380,1610,1296
1633,1337,1644,1337,1644,1376,1633,1376
1673,1337,1748,1337,1748,1376,1673,1376
1645,1385,1653,1385,1653,1416,1645,1416
1659,1385,1727,1385,1727,1416,1659,1416
2648,1356,2741,1356,2741,1398,2648,1398
2746,1356,2757,1356,2757,1398,2746,1398
2767,1356,2862,1356,2862,1398,2767,1398
2875,1356,2886,1356,2886,1398,2875,1398
2887,1356,2918,1356,2918,1398,2887,1398
2926,1356,3027,1356,3027,1398,2926,1398
3044,1356,3083,1356,3083,1398,3044,1398
3090,1356,3101,1356,3101,1398,3090,1398
2649,1405,2771,1405,2771,1445,2649,1445
2648,1456,2711,1456,2711,1492,2648,1492
2725,1456,2758,1456,2758,1492,2725,1492
2770,1456,2826,1456,2826,1492,2770,1492
2842,1456,2852,1456,2852,1492,2842,1492
2856,1456,2896,1456,2896,1492,2856,1492
3193,1352,3225,1352,3225,1396,3193,1396
3225,1352,3237,1352,3237,1396,3225,1396
3238,1352,3270,1352,3270,1396,3238,1396
3279,1352,3328,1352,3328,1396,3279,1396
3195,1404,3229,1404,3229,1442,3195,1442
3224,1404,3234,1404,3234,1442,3224,1442
3234,1404,3268,1404,3268,1442,3234,1442
3276,1404,3326,1404,3326,1442,3276,1442
3211,1453,3222,1453,3222,1492,3211,1492
3227,1453,3238,1453,3238,1492,3227,1492
3238,1453,3267,1453,3267,1492,3238,1492
3279,1453,3322,1453,3322,1492,3279,1492
1652,1448,1695,1448,1695,1468,1652,1468
1098,1572,1176,1569,1177,1591,1099,1594
1585,1576,1591,1576,1591,1601,1585,1601
1606,1576,1612,1576,1612,1601,1606,1601
1640,1576,1646,1576,1646,1601,1640,1601
1682,1576,1759,1576,1759,1601,1682,1601
1780,1576,1786,1576,1786,1601,1780,1601
1814,1576,1820,1576,1820,1601,1814,1601
801,1704,801,1597,841,1597,841,1704
955,1677,955,1667,993,1668,993,1678
955,1665,955,1655,993,1656,993,1666
956,1650,957,1623,995,1624,994,1651
1402,1742,1402,1732,1438,1732,1438,1742
1402,1714,1402,1646,1438,1646,1438,1714
1402,1646,1402,1636,1438,1636,1438,1646
1402,1634,1402,1575,1438,1575,1438,1634
1072,1665,1210,1665,1210,1707,1072,1707
1047,1801,1055,1801,1055,1833,1047,1833
1059,1801,1129,1801,1129,1833,1059,1833
1133,1801,1141,1801,1141,1833,1133,1833
1142,1801,1201,1801,1201,1833,1142,1833
2613,1793,2754,1794,2754,1829,2613,1828
2769,1793,2931,1794,2931,1829,2769,1828
2949,1795,3062,1796,3062,1830,2949,1829
3074,1796,3083,1796,3083,1830,3074,1830
3191,1796,3222,1796,3222,1830,3191,1830
3224,1797,3233,1797,3233,1831,3224,1831
3236,1797,3267,1797,3267,1831,3236,1831
3272,1797,3328,1797,3328,1831,3272,1831
3211,1856,3221,1856,3221,1892,3211,1892
3225,1856,3235,1856,3235,1892,3225,1892
3234,1856,3268,1856,3268,1892,3234,1892
3276,1856,3323,1856,3323,1892,3276,1892
2613,1863,2725,1863,2725,1892,2613,1892
2739,1863,2747,1863,2747,1892,2739,1892
2680,2036,2685,2036,2685,2057,2680,2057
2686,2036,2691,2036,2691,2057,2686,2057
2658,2073,2701,2073,2701,2096,2658,2096
2749,2036,2809,2036,2809,2059,2749,2059
2751,2074,2810,2074,2810,2099,2751,2099
2820,2074,2865,2074,2865,2099,2820,2099
2875,2074,2915,2074,2915,2099,2875,2099
3180,2050,3219,2050,3219,2073,3180,2073
3219,2050,3225,2050,3225,2073,3219,2073
3226,2050,3284,2050,3284,2073,3226,2073
3179,2077,3247,2077,3247,2100,3179,2100
3251,2077,3281,2077,3281,2100,3251,2100
3296,2077,3302,2077,3302,2100,3296,2100
3312,2077,3318,2077,3318,2100,3312,2100
3322,2077,3328,2077,3328,2100,3322,2100
3332,2077,3344,2077,3344,2100,3332,2100
3356,2077,3362,2077,3362,2100,3356,2100
2671,2113,2699,2116,2697,2136,2669,2133
1604,2140,1618,2140,1618,2191,1604,2191
1772,2140,1799,2140,1799,2191,1772,2191
1948,2140,1976,2140,1976,2191,1948,2191
2124,2140,2153,2140,2153,2191,2124,2191
2301,2140,2330,2140,2330,2191,2301,2191
2479,2140,2507,2140,2507,2191,2479,2191
2749,2116,2788,2116,2788,2137,2749,2137
2798,2116,2857,2116,2857,2137,2798,2137
2749,2153,2792,2153,2792,2174,2749,2174
2797,2153,2854,2153,2854,2174,2797,2174
2676,2151,2697,2154,2695,2172,2674,2170
2678,2140,2697,2140,2697,2191,2678,2191
2750,2140,2796,2140,2796,2191,2750,2191
2800,2140,2858,2140,2858,2191,2800,2191
3085,2119,3119,2119,3119,2150,3085,2150
3074,2165,3082,2165,3082,2194,3074,2194
3182,2119,3258,2119,3258,2150,3182,2150
3263,2119,3304,2119,3304,2150,3263,2150
3307,2119,3379,2119,3379,2150,3307,2150
3182,2167,3233,2168,3233,2198,3182,2197
3240,2168,3307,2169,3306,2199,3240,2198
3181,2213,3242,2214,3242,2237,3181,2236
3254,2214,3327,2215,3327,2238,3254,2237
2751,2208,2797,2208,2797,2229,2751,2229
2808,2208,2813,2208,2813,2229,2808,2229
2817,2208,2822,2208,2822,2229,2817,2229
2820,2208,2846,2208,2846,2229,2820,2229
2856,2208,2913,2208,2913,2229,2856,2229
170,2289,218,2289,218,2312,170,2312
223,2289,244,2289,244,2312,223,2312
257,2289,380,2289,380,2312,257,2312
386,2289,416,2289,416,2312,386,2312
425,2289,596,2289,596,2312,425,2312
607,2289,733,2289,733,2312,607,2312
741,2289,766,2289,766,2312,741,2312
775,2289,819,2289,819,2312,775,2312
822,2289,828,2289,828,2312,822,2312
837,2289,849,2289,849,2312,837,2312
864,2289,937,2289,937,2312,864,2312
950,2289,971,2289,971,2312,950,2312
982,2289,1060,2289,1060,2312,982,2312
1072,2289,1085,2289,1085,2312,1072,2312
1099,2289,1204,2289,1204,2312,1099,2312
1218,2289,1224,2289,1224,2312,1218,2312
1228,2289,1234,2289,1234,2312,1228,2312
1235,2289,1241,2289,1241,2312,1235,2312
1253,2289,1343,2289,1343,2312,1253,2312
1353,2289,1389,2289,1389,2312,1353,2312
1395,2289,1542,2289,1542,2312,1395,2312
1549,2289,1600,2289,1600,2312,1549,2312
1607,2289,1647,2289,1647,2312,1607,2312
1655,2289,1734,2289,1734,2312,1655,2312
1741,2289,1767,2289,1767,2312,1741,2312
1779,2289,1906,2289,1906,2312,1779,2312
1918,2289,1939,2289,1939,2312,1918,2312
1955,2289,1961,2289,1961,2312,1955,2312
1965,2289,1971,2289,1971,2312,1965,2312
1969,2289,2099,2289,2099,2312,1969,2312
2106,2289,2112,2289,2112,2312,2106,2312
166,2317,208,2317,208,2346,166,2346
216,2317,329,2317,329,2346,216,2346
339,2317,385,2317,385,2346,339,2346
387,2317,395,2317,395,2346,387,2346
395,2317,487,2317,487,2346,395,2346
489,2317,497,2317,497,2346,489,2346
503,2317,578,2317,578,2346,503,2346
591,2317,607,2317,607,2346,591,2346
615,2317,623,2317,623,2346,615,2346
621,2317,629,2317,629,2346,621,2346
626,2317,778,2317,778,2346,626,2346
781,2317,818,2317,818,2346,781,2346
829,2317,967,2317,967,2346,829,2346
981,2317,1025,2317,1025,2346,981,2346
1034,2317,1103,2317,1103,2346,1034,2346
1116,2317,1124,2317,1124,2346,1116,2346
1136,2317,1171,2317,1171,2346,1136,2346
1182,2317,1266,2317,1266,2346,1182,2346
1266,2317,1274,2317,1274,2346,1266,2346
1286,2317,1339,2317,1339,2346,1286,2346
1346,2317,1475,2317,1475,2346,1346,2346
1489,2317,1516,2317,1516,2346,1489,2346
1522,2317,1591,2317,1591,2346,1522,2346
1604,2317,1643,2317,1643,2346,1604,2346
1652,2317,1727,2317,1727,2346,1652,2346
1739,2317,1777,2317,1777,2346,1739,2346
1788,2317,1804,2317,1804,2346,1788,2346
1815,2317,1846,2317,1846,2346,1815,2346
1857,2317,1948,2317,1948,2346,1857,2346
1959,2317,1988,2317,1988,2346,1959,2346
1996,2317,2078,2317,2078,2346,1996,2346
2091,2317,2099,2317,2099,2346,2091,2346
2100,2317,2108,2317,2108,2346,2100,2346
2108,2317,2236,2317,2236,2346,2108,2346
2241,2317,2249,2317,2249,2346,2241,2346
2614,2300,2676,2300,2676,2339,2614,2339
2690,2300,2701,2300,2701,2339,2690,2339
2733,2300,2762,2300,2762,2339,2733,2339
2774,2300,2886,2300,2886,2339,2774,2339
2901,2300,2966,2300,2966,2339,2901,2339
