3801,177,4449,177,4449,324,3801,324
3803,314,4442,314,4442,453,3803,453
4060,594,4517,594,4517,723,4060,723
2202,721,2451,721,2451,765,2202,765
3006,826,3006,781,3041,781,3041,826
4130,808,4214,808,4214,840,4130,840
4232,808,4273,808,4273,840,4232,840
4288,808,4472,808,4472,840,4288,840
3112,994,3122,994,3120,1032,3110,1032
3156,996,3192,997,3190,1035,3154,1034
3812,1040,4098,1040,4098,1080,3812,1080
1258,1121,1316,1121,1316,1150,1258,1150
1361,1121,1369,1121,1369,1150,1361,1150
1717,1117,1741,1128,1725,1163,1701,1151
1747,1131,1756,1135,1740,1170,1731,1165
1785,1149,1822,1166,1806,1201,1769,1183
840,1137,844,1137,844,1154,840,1154
876,1137,880,1137,880,1154,876,1154
912,1137,916,1137,916,1154,912,1154
948,1137,952,1137,952,1154,948,1154
984,1137,988,1137,988,1154,984,1154
1018,1137,1022,1137,1022,1154,1018,1154
1054,1137,1058,1137,1058,1154,1054,1154
1090,1137,1094,1137,1094,1154,1090,1154
2857,1116,2893,1116,2893,1141,2857,1141
2866,1153,2870,1153,2871,1170,2867,1170
2890,1153,2894,1153,2895,1170,2891,1170
1470,1157,1466,1152,1486,1137,1490,1142
1355,1150,1394,1156,1388,1192,1349,1186
1616,1152,1621,1152,1620,1173,1615,1173
1638,1153,1643,1153,1642,1174,1637,1174
1660,1154,1665,1154,1664,1175,1659,1175
1684,1156,1689,1156,1688,1177,1683,1177
1708,1157,1713,1157,1712,1178,1707,1178
1730,1158,1735,1158,1734,1179,1729,1179
2418,1151,2422,1151,2421,1168,2417,1168
2441,1152,2445,1152,2444,1169,2440,1169
2464,1153,2468,1153,2467,1170,2463,1170
2490,1155,2494,1155,2493,1172,2489,1172
2513,1156,2517,1156,2516,1173,2512,1173
2536,1157,2540,1157,2539,1174,2535,1174
1768,1161,1807,1163,1806,1184,1767,1182
2560,1159,2564,1159,2563,1176,2559,1176
2570,1162,2572,1162,2573,1179,2571,1179
2609,1161,2611,1161,2612,1178,2610,1178
2652,1160,2656,1160,2657,1177,2653,1177
2677,1159,2681,1159,2682,1176,2678,1176
2701,1158,2705,1158,2706,1175,2702,1175
2724,1158,2728,1158,2729,1175,2725,1175
2747,1157,2751,1157,2752,1174,2748,1174
2767,1156,2771,1156,2772,1173,2768,1173
2794,1156,2798,1156,2799,1173,2795,1173
2913,1152,2917,1152,2918,1169,2914,1169
2938,1151,2942,1151,2943,1168,2939,1168
2819,1155,2823,1155,2824,1172,2820,1172
2843,1154,2847,1154,2848,1171,2844,1171
1491,1184,1487,1179,1507,1164,1511,1169
1513,1213,1509,1208,1529,1193,1533,1198
1220,1218,1220,1223,1199,1222,1199,1217
1535,1242,1531,1237,1551,1222,1555,1227
1219,1251,1219,1256,1198,1255,1198,1250
4209,1241,4246,1241,4246,1270,4209,1270
4286,1241,4378,1241,4378,1270,4286,1270
1482,1366,1482,1362,1500,1362,1500,1366
1349,1354,1357,1353,1360,1382,1352,1383
1385,1350,1393,1349,1396,1378,1388,1379
1417,1347,1425,1346,1428,1375,1420,1376
1482,1404,1482,1400,1500,1400,1500,1404
1356,1458,1362,1457,1366,1480,1360,1481
1388,1453,1394,1452,1398,1475,1392,1476
1424,1447,1430,1446,1434,1469,1428,1470
1482,1475,1482,1471,1500,1471,1500,1475
1744,1469,1988,1469,1988,1517,1744,1517
2010,1469,2023,1469,2023,1517,2010,1517
1482,1511,1482,1507,1500,1507,1500,1511
1040,1458,1274,1458,1274,1520,1040,1520
1303,1458,1320,1458,1320,1520,1303,1520
1133,1546,1177,1546,1177,1584,1133,1584
2451,1456,2644,1456,2644,1523,2451,1523
2666,1456,2685,1456,2685,1523,2666,1523
2709,1456,2909,1456,2909,1523,2709,1523
785,1549,783,1503,823,1501,825,1547
2138,1533,2138,1486,2161,1486,2161,1533
1482,1539,1482,1535,1500,1535,1500,1539
1860,1547,1908,1547,1908,1581,1860,1581
2649,1546,2698,1546,2698,1584,2649,1584
1484,1653,1484,1650,1498,1650,1498,1653
1280,1680,1286,1680,1287,1703,1281,1703
1314,1679,1320,1679,1321,1702,1315,1702
1484,1690,1484,1687,1498,1687,1498,1690
1350,1678,1356,1678,1357,1701,1351,1701
1386,1677,1392,1677,1393,1700,1387,1700
1419,1676,1425,1676,1426,1699,1420,1699
1455,1675,1461,1675,1462,1698,1456,1698
1217,1760,1217,1764,1200,1763,1200,1759
1215,1794,1215,1798,1198,1797,1198,1793
3004,1841,3004,1788,3041,1788,3041,1841
1213,1830,1213,1834,1196,1833,1196,1829
1831,1851,1831,1812,1884,1812,1884,1851
1185,1902,1185,1893,1218,1894,1218,1903
1187,1868,1187,1859,1220,1860,1220,1869
915,1892,919,1892,917,1908,913,1908
949,1889,955,1889,954,1912,948,1912
984,1890,990,1890,989,1913,983,1913
1020,1892,1026,1892,1025,1915,1019,1915
1054,1893,1060,1893,1059,1916,1053,1916
1090,1891,1094,1891,1094,1907,1090,1907
1124,1891,1128,1891,1128,1908,1124,1908
1160,1891,1164,1891,1164,1908,1160,1908
1346,1895,1354,1895,1354,1924,1346,1924
1379,1895,1387,1895,1387,1924,1379,1924
1415,1895,1423,1895,1423,1924,1415,1924
1451,1895,1459,1895,1459,1924,1451,1924
1484,1895,1492,1895,1492,1924,1484,1924
1518,1895,1522,1895,1522,1924,1518,1924
1563,1895,1567,1895,1567,1924,1563,1924
1628,1895,1636,1895,1636,1924,1628,1924
1661,1895,1669,1895,1669,1924,1661,1924
1697,1895,1705,1895,1705,1924,1697,1924
1733,1895,1741,1895,1741,1924,1733,1924
1787,1895,1795,1895,1795,1924,1787,1924
3717,1547,3980,1547,3980,1632,3717,1632
4035,1547,4238,1547,4238,1632,4035,1632
4302,1547,4380,1547,4380,1632,4302,1632
4399,1547,4463,1547,4463,1632,4399,1632
4481,1547,4565,1547,4565,1632,4481,1632
4666,1547,4797,1547,4797,1632,4666,1632
3768,1676,3871,1676,3871,1732,3768,1732
3867,1676,3883,1676,3883,1732,3867,1732
3895,1676,3911,1676,3911,1732,3895,1732
4088,1667,4111,1667,4111,1747,4088,1747
4137,1667,4160,1667,4160,1747,4137,1747
4170,1667,4193,1667,4193,1747,4170,1747
4386,1667,4490,1667,4490,1747,4386,1747
4709,1667,4769,1667,4769,1747,4709,1747
4067,1795,4286,1795,4286,1872,4067,1872
4308,1795,4568,1795,4568,1872,4308,1872
3847,1913,4043,1913,4043,1961,3847,1961
4077,1913,4090,1913,4090,1961,4077,1961
4119,1913,4324,1913,4324,1961,4119,1961
4524,1906,4569,1906,4569,1968,4524,1968
4576,1906,4593,1906,4593,1968,4576,1968
4593,1906,4638,1906,4638,1968,4593,1968
4655,1906,4735,1906,4735,1968,4655,1968
3840,1985,4095,1985,4095,2031,3840,2031
4130,1985,4143,1985,4143,2031,4130,2031
4530,1978,4575,1978,4575,2040,4530,2040
4576,1978,4593,1978,4593,2040,4576,2040
4593,1978,4638,1978,4638,2040,4593,2040
4655,1978,4735,1978,4735,2040,4655,2040
3842,2057,4096,2057,4096,2105,3842,2105
4123,2057,4136,2057,4136,2105,4123,2105
4522,2054,4537,2054,4537,2108,4522,2108
4550,2054,4565,2054,4565,2108,4550,2108
4572,2054,4602,2054,4602,2108,4572,2108
4628,2054,4707,2054,4707,2108,4628,2108
3847,2127,4050,2127,4050,2175,3847,2175
4522,2126,4537,2126,4537,2180,4522,2180
4550,2126,4565,2126,4565,2180,4550,2180
4563,2126,4613,2126,4613,2180,4563,2180
4628,2126,4707,2126,4707,2180,4628,2180
3842,2199,3952,2199,3952,2247,3842,2247
3976,2199,4028,2199,4028,2247,3976,2247
4044,2199,4172,2199,4172,2247,4044,2247
4522,2198,4537,2198,4537,2252,4522,2252
4550,2198,4565,2198,4565,2252,4550,2252
4565,2198,4605,2198,4605,2252,4565,2252
4628,2198,4707,2198,4707,2252,4628,2252
4529,2271,4542,2271,4542,2319,4529,2319
4549,2271,4562,2271,4562,2319,4549,2319
4568,2271,4603,2271,4603,2319,4568,2319
4626,2271,4705,2271,4705,2319,4626,2319
4517,2342,4567,2342,4567,2396,4517,2396
4576,2342,4591,2342,4591,2396,4576,2396
4592,2342,4652,2342,4652,2396,4592,2396
4662,2342,4731,2342,4731,2396,4662,2396
979,2005,1025,2002,1027,2037,981,2040
1132,1994,1167,1994,1167,2025,1132,2025
1765,2092,1765,2084,1794,2084,1794,2092
1765,2059,1765,2051,1794,2051,1794,2059
1765,2023,1765,2015,1794,2015,1794,2023
1765,1987,1765,1979,1794,1979,1794,1987
1765,1951,1765,1943,1794,1943,1794,1951
2195,2011,2199,2011,2199,2028,2195,2028
2231,2011,2235,2011,2235,2028,2231,2028
2265,2011,2269,2011,2269,2028,2265,2028
2301,2011,2305,2011,2305,2028,2301,2028
2337,2011,2341,2011,2341,2028,2337,2028
2371,2011,2375,2011,2375,2028,2371,2028
2407,2011,2411,2011,2411,2028,2407,2028
2443,2011,2447,2011,2447,2028,2443,2028
2477,2011,2481,2011,2481,2028,2477,2028
2513,2011,2517,2011,2517,2028,2513,2028
2549,2011,2553,2011,2553,2028,2549,2028
2584,2011,2588,2011,2588,2028,2584,2028
2620,2011,2624,2011,2624,2028,2620,2028
2656,2011,2660,2011,2660,2028,2656,2028
2690,2011,2694,2011,2694,2028,2690,2028
2726,2011,2730,2011,2730,2028,2726,2028
2762,2011,2766,2011,2766,2028,2762,2028
2798,2011,2802,2011,2802,2028,2798,2028
2832,2011,2836,2011,2836,2028,2832,2028
2868,2011,2872,2011,2872,2028,2868,2028
2904,2011,2908,2011,2908,2028,2904,2028
2938,2011,2942,2011,2942,2028,2938,2028
2974,2011,2978,2011,2978,2028,2974,2028
3010,2011,3014,2011,3014,2028,3010,2028
3044,2011,3048,2011,3048,2028,3044,2028
2172,2022,2172,2026,2154,2026,2154,2022
1352,2032,1352,2036,1334,2035,1334,2031
1373,2021,1380,2021,1380,2048,1373,2048
1409,2021,1416,2021,1416,2048,1409,2048
1446,2021,1453,2021,1453,2048,1446,2048
1479,2021,1486,2021,1486,2048,1479,2048
1516,2021,1523,2021,1523,2048,1516,2048
1549,2021,1556,2021,1556,2048,1549,2048
1586,2021,1593,2021,1593,2048,1586,2048
1831,2076,1831,2030,1884,2030,1884,2076
2171,2055,2171,2059,2153,2059,2153,2055
1350,2070,1350,2074,1332,2073,1332,2069
2170,2091,2170,2095,2152,2095,2152,2091
1391,2074,1583,2074,1583,2132,1391,2132
903,2094,1005,2094,1005,2156,903,2156
1023,2094,1080,2094,1080,2156,1023,2156
1086,2094,1212,2094,1212,2156,1086,2156
1348,2106,1348,2110,1330,2109,1330,2105
2169,2125,2169,2129,2151,2129,2151,2125
3059,2199,3062,2123,3086,2124,3083,2200
3063,2093,3063,2087,3087,2088,3087,2094
3064,2058,3064,2052,3088,2053,3088,2059
1347,2136,1347,2140,1329,2139,1329,2135
3086,2246,3082,2188,3114,2186,3118,2244
920,2227,924,2232,906,2247,902,2243
1139,2240,1148,2241,1145,2276,1136,2275
1176,2242,1216,2245,1213,2281,1173,2278
821,2262,821,2257,842,2256,842,2261
2085,2203,2088,2304,2045,2305,2042,2204
943,2253,947,2258,929,2273,925,2269
1831,2365,1831,2311,1884,2311,1884,2365
1831,2259,1831,2181,1884,2181,1884,2259
1339,2257,1349,2258,1346,2293,1336,2292
1383,2261,1392,2262,1389,2297,1380,2296
1422,2264,1467,2268,1464,2303,1419,2299
1477,2269,1486,2270,1483,2305,1474,2304
2622,2261,2670,2261,2670,2295,2622,2295
824,2300,824,2295,845,2294,845,2299
965,2280,969,2285,951,2300,947,2296
3830,2278,3923,2270,3927,2317,3834,2325
2338,2362,2344,2362,2344,2387,2338,2387
2373,2362,2379,2362,2379,2387,2373,2387
2408,2362,2414,2362,2414,2387,2408,2387
2478,2362,2484,2362,2484,2387,2478,2387
2515,2362,2521,2362,2521,2387,2515,2387
2551,2362,2557,2362,2557,2387,2551,2387
2585,2362,2591,2362,2591,2387,2585,2387
2621,2362,2627,2362,2627,2387,2621,2387
2655,2362,2661,2362,2661,2387,2655,2387
2692,2362,2698,2362,2698,2387,2692,2387
2728,2362,2734,2362,2734,2387,2728,2387
2762,2362,2768,2362,2768,2387,2762,2387
2798,2362,2804,2362,2804,2387,2798,2387
2835,2362,2841,2362,2841,2387,2835,2387
2905,2362,2911,2362,2911,2387,2905,2387
2883,2375,2883,2380,2863,2379,2863,2374
2941,2362,2947,2362,2947,2387,2941,2387
2975,2362,2981,2362,2981,2387,2975,2387
2457,2376,2457,2381,2436,2381,2436,2376
3011,2362,3017,2362,3017,2387,3011,2387
2598,2376,2598,2382,2575,2382,2575,2376
3091,2375,3091,2380,3070,2380,3070,2375
1677,2362,1773,2362,1773,2420,1677,2420
2457,2409,2457,2414,2436,2414,2436,2409
2598,2410,2598,2416,2575,2416,2575,2410
2880,2409,2880,2414,2860,2413,2860,2408
3091,2408,3091,2413,3070,2413,3070,2408
2400,2388,2400,2394,2376,2394,2376,2388
2365,2388,2365,2394,2342,2394,2342,2388
2365,2436,2365,2442,2342,2442,2342,2436
2365,2460,2365,2466,2342,2466,2342,2460
2365,2484,2365,2490,2342,2490,2342,2484
2400,2438,2400,2444,2376,2444,2376,2438
2400,2460,2400,2466,2376,2466,2376,2460
2400,2483,2400,2489,2376,2489,2376,2483
2350,2423,2360,2423,2360,2459,2350,2459
2387,2423,2397,2423,2397,2459,2387,2459
2420,2423,2430,2423,2430,2459,2420,2459
2442,2423,2452,2423,2452,2459,2442,2459
2488,2423,2522,2423,2522,2459,2488,2459
2572,2435,2647,2433,2647,2449,2572,2451
2587,2423,2597,2423,2597,2459,2587,2459
2629,2423,2662,2423,2662,2459,2629,2459
2727,2423,2737,2423,2737,2459,2727,2459
2768,2423,2808,2423,2808,2459,2768,2459
2927,2423,2937,2423,2937,2459,2927,2459
3091,2440,3091,2445,3070,2445,3070,2440
2878,2445,2878,2450,2858,2449,2858,2444
2457,2480,2457,2485,2436,2485,2436,2480
3719,2482,3806,2482,3806,2516,3719,2516
3823,2482,3832,2482,3832,2516,3823,2516
3840,2482,3878,2482,3878,2516,3840,2516
3892,2482,3994,2482,3994,2516,3892,2516
4013,2482,4061,2482,4061,2516,4013,2516
4072,2482,4198,2482,4198,2516,4072,2516
4211,2482,4260,2482,4260,2516,4211,2516
4269,2482,4369,2482,4369,2516,4269,2516
4384,2482,4455,2482,4455,2516,4384,2516
4464,2482,4528,2482,4528,2516,4464,2516
4544,2482,4597,2482,4597,2516,4544,2516
4608,2482,4707,2482,4707,2516,4608,2516
4716,2482,4870,2482,4870,2516,4716,2516
3846,2569,4114,2569,4114,2613,3846,2613
4528,2561,4576,2561,4576,2626,4528,2626
4589,2561,4660,2561,4660,2626,4589,2626
3903,2746,4061,2750,4060,2782,3902,2778
3766,2818,3806,2818,3806,2854,3766,2854
3767,2854,3827,2855,3827,2891,3767,2890
3767,2894,3831,2895,3831,2929,3767,2928
3767,2937,3803,2935,3804,2960,3768,2962
3769,2973,3803,2973,3803,3004,3769,3004
3885,2818,3895,2818,3895,2854,3885,2854
3903,2818,3980,2818,3980,2854,3903,2854
3997,2818,4106,2818,4106,2854,3997,2854
3883,2855,3892,2855,3892,2890,3883,2890
3897,2855,4011,2856,4011,2892,3897,2891
4023,2856,4114,2857,4114,2893,4023,2892
4134,2857,4215,2858,4215,2894,4134,2893
3883,2895,3892,2895,3892,2929,3883,2929
3906,2895,4011,2896,4011,2931,3906,2930
4032,2896,4134,2897,4134,2932,4032,2931
4144,2897,4259,2898,4259,2932,4144,2931
3881,2938,3889,2938,3889,2969,3881,2969
3899,2938,3978,2938,3978,2969,3899,2969
3985,2938,4103,2938,4103,2969,3985,2969
3877,2972,3886,2972,3886,3006,3877,3006
3899,2972,4011,2972,4011,3006,3899,3006
4029,2972,4174,2972,4174,3006,4029,3006
3879,3010,3888,3010,3888,3045,3879,3045
3901,3010,4015,3010,4015,3045,3901,3045
4019,3010,4028,3010,4028,3045,4019,3045
4031,3010,4081,3010,4081,3045,4031,3045
4095,3010,4364,3010,4364,3045,4095,3045
3881,3050,3889,3050,3889,3081,3881,3081
3899,3050,3973,3051,3973,3083,3899,3082
3990,3052,4024,3052,4024,3083,3990,3083
4036,3052,4176,3054,4176,3086,4036,3084
3878,3088,3887,3088,3887,3122,3878,3122
3899,3088,3993,3088,3993,3122,3899,3122
4006,3088,4125,3088,4125,3122,4006,3122
3878,3128,3886,3128,3886,3160,3878,3160
3898,3128,3968,3128,3968,3160,3898,3160
3978,3128,3986,3128,3986,3160,3978,3160
3985,3128,4065,3128,4065,3160,3985,3160
3875,3164,3885,3164,3885,3200,3875,3200
3889,3164,3981,3164,3981,3200,3889,3200
3986,3164,3996,3164,3996,3200,3986,3200
3996,3164,4077,3164,4077,3200,3996,3200
3766,3014,3807,3011,3809,3042,3768,3045
3764,3046,3809,3046,3809,3086,3764,3086
3763,3090,3807,3081,3815,3120,3771,3129
2448,3058,2513,3058,2513,3093,2448,3093
2525,3058,2551,3058,2551,3093,2525,3093
2572,3057,2736,3056,2736,3092,2572,3093
2742,3057,2783,3057,2783,3092,2742,3092
2799,3056,3031,3055,3031,3091,2799,3092
3046,3055,3218,3054,3218,3090,3046,3091
3233,3055,3265,3055,3265,3090,3233,3090
3276,3055,3332,3055,3332,3090,3276,3090
3343,3055,3352,3055,3352,3090,3343,3090
3361,3055,3381,3055,3381,3090,3361,3090
3400,3054,3502,3054,3502,3089,3400,3089
3514,3054,3546,3054,3546,3089,3514,3089
2440,3096,2553,3096,2553,3128,2440,3128
2564,3096,2587,3096,2587,3128,2564,3128
2601,3096,2745,3096,2745,3128,2601,3128
2767,3096,2775,3096,2775,3128,2767,3128
2780,3096,2788,3096,2788,3128,2780,3128
2790,3096,2798,3096,2798,3128,2790,3128
2812,3096,2938,3096,2938,3128,2812,3128
2947,3096,2998,3096,2998,3128,2947,3128
3006,3096,3208,3096,3208,3128,3006,3128
3223,3096,3288,3096,3288,3128,3223,3128
3297,3096,3348,3096,3348,3128,3297,3128
3364,3096,3468,3096,3468,3128,3364,3128
3479,3096,3515,3096,3515,3128,3479,3128
2442,3134,2621,3134,2621,3166,2442,3166
2638,3134,2667,3134,2667,3166,2638,3166
2686,3134,2694,3134,2694,3166,2686,3166
2699,3134,2707,3134,2707,3166,2699,3166
2710,3134,2889,3134,2889,3166,2710,3166
2894,3134,2902,3134,2902,3166,2894,3166
2440,3174,2494,3174,2494,3205,2440,3205
2508,3174,2664,3174,2664,3205,2508,3205
2679,3174,2738,3174,2738,3205,2679,3205
2750,3174,2875,3174,2875,3205,2750,3205
2880,3174,2888,3174,2888,3205,2880,3205
2901,3174,3002,3174,3002,3205,2901,3205
3019,3174,3047,3174,3047,3205,3019,3205
3056,3174,3064,3174,3064,3205,3056,3205
3063,3174,3071,3174,3071,3205,3063,3205
3073,3174,3275,3174,3275,3205,3073,3205
3283,3174,3332,3174,3332,3205,3283,3205
3347,3174,3536,3174,3536,3205,3347,3205
2444,3210,2511,3210,2511,3242,2444,3242
2519,3210,2615,3210,2615,3242,2519,3242
2631,3210,2639,3210,2639,3242,2631,3242
2658,3210,2707,3210,2707,3242,2658,3242
2724,3210,2836,3210,2836,3242,2724,3242
2839,3210,2847,3210,2847,3242,2839,3242
2864,3210,2936,3210,2936,3242,2864,3242
2947,3210,3127,3210,3127,3242,2947,3242
3142,3210,3178,3210,3178,3242,3142,3242
3188,3210,3280,3210,3280,3242,3188,3242
3299,3210,3350,3210,3350,3242,3299,3242
3365,3210,3472,3210,3472,3242,3365,3242
3487,3210,3533,3210,3533,3242,3487,3242
3551,3210,3574,3210,3574,3242,3551,3242
2446,3250,2492,3250,2492,3285,2446,3285
2507,3249,2633,3248,2633,3284,2507,3285
2644,3248,2684,3248,2684,3284,2644,3284
2695,3248,2808,3247,2808,3283,2695,3284
2825,3247,2834,3247,2834,3282,2825,3282
2839,3247,2848,3247,2848,3282,2839,3282
2848,3247,3024,3246,3024,3282,2848,3283
3032,3246,3041,3246,3041,3281,3032,3281
3764,3122,3809,3122,3809,3162,3764,3162
3761,3164,3814,3164,3814,3200,3761,3200
4486,3156,4496,3156,4496,3192,4486,3192
4501,3156,4679,3156,4679,3192,4501,3192
4691,3156,4725,3156,4725,3192,4691,3192
4731,3156,4852,3156,4852,3192,4731,3192
4488,3222,4497,3222,4497,3256,4488,3256
4509,3222,4618,3222,4618,3256,4509,3256
4629,3222,4660,3222,4660,3256,4629,3256
4666,3222,4727,3222,4727,3256,4666,3256
4733,3222,4742,3222,4742,3256,4733,3256
4741,3222,4867,3222,4867,3256,4741,3256
4509,3254,4590,3255,4589,3291,4508,3290
4610,3256,4619,3256,4618,3291,4609,3291
4639,3256,4648,3256,4647,3291,4638,3291
4657,3257,4666,3257,4665,3292,4656,3292
4665,3257,4697,3257,4696,3292,4664,3292
4715,3258,4724,3258,4723,3293,4714,3293
3582,3373,3626,3373,3626,3407,3582,3407
3997,3362,4097,3362,4097,3408,3997,3408
4107,3362,4120,3362,4120,3408,4107,3408
4290,3363,4338,3363,4338,3407,4290,3407
4348,3363,4360,3363,4360,3407,4348,3407
4366,3363,4415,3363,4415,3407,4366,3407
4420,3363,4432,3363,4432,3407,4420,3407
4434,3363,4534,3363,4534,3407,4434,3407
