3801,177,4449,177,4449,324,3801,324
3803,314,4442,314,4442,453,3803,453
4060,592,4522,592,4522,727,4060,727
2469,725,2510,732,2504,771,2463,764
4130,808,4214,808,4214,840,4130,840
4232,808,4273,808,4273,840,4232,840
4288,808,4472,808,4472,840,4288,840
1435,858,1689,858,1689,916,1435,916
981,1181,981,743,1012,743,1012,1181
1020,1042,1020,978,1056,978,1056,1042
1020,974,1020,964,1056,964,1056,974
1020,964,1020,912,1056,912,1056,964
1721,964,1721,918,1748,918,1748,964
4532,1040,4654,1040,4654,1074,4532,1074
1078,1139,1117,1139,1117,1160,1078,1160
1064,1236,1340,1236,1340,1283,1064,1283
4209,1241,4246,1241,4246,1270,4209,1270
4286,1241,4378,1241,4378,1270,4286,1270
1137,1291,1139,1291,1139,1303,1137,1303
1161,1291,1163,1291,1163,1303,1161,1303
1184,1291,1186,1291,1186,1303,1184,1303
1207,1291,1209,1291,1209,1303,1207,1303
1231,1291,1233,1291,1233,1303,1231,1303
1255,1291,1257,1291,1257,1303,1255,1303
1279,1291,1281,1291,1281,1303,1279,1303
1300,1291,1302,1291,1302,1303,1300,1303
1326,1291,1328,1291,1328,1303,1326,1303
1349,1291,1351,1291,1351,1303,1349,1303
1372,1291,1374,1291,1374,1303,1372,1303
1397,1291,1399,1291,1399,1303,1397,1303
1420,1291,1422,1291,1422,1303,1420,1303
1444,1291,1446,1291,1446,1303,1444,1303
1467,1291,1469,1291,1469,1303,1467,1303
1492,1291,1494,1291,1494,1303,1492,1303
1514,1291,1516,1291,1516,1303,1514,1303
1539,1291,1541,1291,1541,1303,1539,1303
1562,1291,1564,1291,1564,1303,1562,1303
1586,1291,1588,1291,1588,1303,1586,1303
1609,1291,1611,1291,1611,1303,1609,1303
1632,1291,1634,1291,1634,1303,1632,1303
1656,1291,1658,1291,1658,1303,1656,1303
1881,1290,1884,1290,1884,1305,1881,1305
1902,1290,1905,1290,1905,1305,1902,1305
1926,1290,1929,1290,1929,1305,1926,1305
1950,1290,1953,1290,1953,1305,1950,1305
1974,1290,1977,1290,1977,1305,1974,1305
1998,1290,2001,1290,2001,1305,1998,1305
2021,1290,2024,1290,2024,1305,2021,1305
2038,1291,2070,1290,2071,1325,2039,1326
2188,1288,2197,1288,2198,1323,2189,1323
2232,1287,2241,1287,2242,1322,2233,1322
2268,1286,2277,1286,2278,1321,2269,1321
2267,1295,2270,1295,2270,1310,2267,1310
2301,1294,2304,1294,2304,1309,2301,1309
2338,1294,2341,1294,2341,1309,2338,1309
2373,1294,2376,1294,2376,1309,2373,1309
2408,1293,2411,1293,2411,1308,2408,1308
2039,1309,2071,1311,2069,1346,2037,1344
4345,1304,4545,1304,4545,1344,4345,1344
4568,1304,4579,1304,4579,1344,4568,1344
4581,1304,4675,1304,4675,1344,4581,1344
1196,1514,1382,1514,1382,1568,1196,1568
1409,1514,1424,1514,1424,1568,1409,1568
1455,1514,1646,1514,1646,1568,1455,1568
2205,1580,2446,1580,2446,1643,2205,1643
1919,1518,1919,1526,1890,1526,1890,1518
1918,1554,1918,1562,1889,1562,1889,1554
1918,1590,1918,1598,1889,1598,1889,1590
1917,1626,1917,1634,1888,1634,1888,1626
1917,1662,1917,1670,1888,1670,1888,1662
1916,1695,1916,1703,1887,1703,1887,1695
1916,1731,1916,1739,1887,1739,1887,1731
1915,1803,1915,1811,1886,1811,1886,1803
1409,1654,1458,1654,1458,1685,1409,1685
2551,1677,2551,1627,2586,1627,2586,1677
4666,1547,4799,1547,4799,1632,4666,1632
4710,1668,4763,1668,4763,1740,4710,1740
2224,1650,2271,1650,2271,1687,2224,1687
3717,1547,3980,1547,3980,1632,3717,1632
4035,1547,4238,1547,4238,1632,4035,1632
4302,1547,4380,1547,4380,1632,4302,1632
4388,1547,4466,1547,4466,1632,4388,1632
4481,1547,4565,1547,4565,1632,4481,1632
3769,1669,3874,1669,3874,1743,3769,1743
3866,1669,3887,1669,3887,1743,3866,1743
3896,1669,3917,1669,3917,1743,3896,1743
4084,1668,4104,1668,4104,1740,4084,1740
4135,1668,4155,1668,4155,1740,4135,1740
4083,1668,4100,1668,4100,1740,4083,1740
4350,1668,4481,1668,4481,1740,4350,1740
4061,1795,4279,1795,4279,1876,4061,1876
4307,1795,4572,1795,4572,1876,4307,1876
2040,1840,2042,1840,2042,1852,2040,1852
2191,1879,2191,1882,2176,1882,2176,1879
2191,1914,2191,1917,2176,1917,2176,1914
1745,1948,1741,1897,1793,1893,1797,1944
2191,1951,2191,1954,2176,1954,2176,1951
1038,1999,1038,1944,1070,1944,1070,1999
2191,1986,2191,1989,2176,1989,2176,1986
2191,2022,2191,2025,2176,2025,2176,2022
2355,2041,2366,2041,2366,2081,2355,2081
2400,2041,2411,2041,2411,2081,2400,2081
2437,2041,2448,2041,2448,2081,2437,2081
2474,2041,2485,2041,2485,2081,2474,2081
2507,2041,2518,2041,2518,2081,2507,2081
3871,1965,4064,1965,4064,2013,3871,2013
4101,1965,4114,1965,4114,2013,4101,2013
4143,1965,4348,1965,4348,2013,4143,2013
3865,2037,4120,2037,4120,2083,3865,2083
3866,2108,3971,2108,3971,2157,3866,2157
3998,2108,4052,2108,4052,2157,3998,2157
4068,2108,4192,2108,4192,2157,4068,2157
4218,2108,4232,2108,4232,2157,4218,2157
4237,2108,4318,2108,4318,2157,4237,2157
4544,1965,4594,1965,4594,2011,4544,2011
4600,1965,4613,1965,4613,2011,4600,2011
4617,1965,4658,1965,4658,2011,4617,2011
4680,1965,4755,1965,4755,2011,4680,2011
4548,2035,4601,2035,4601,2083,4548,2083
4601,2035,4614,2035,4614,2083,4601,2083
4618,2035,4663,2035,4663,2083,4618,2083
4679,2035,4758,2035,4758,2083,4679,2083
4544,2106,4558,2106,4558,2155,4544,2155
4574,2106,4588,2106,4588,2155,4574,2155
4584,2106,4638,2106,4638,2155,4584,2155
4648,2106,4729,2106,4729,2155,4648,2155
4546,2177,4592,2177,4592,2227,4546,2227
4601,2177,4615,2177,4615,2227,4601,2227
4620,2177,4656,2177,4656,2227,4620,2227
4682,2177,4756,2177,4756,2227,4682,2227
1494,2099,1497,2099,1497,2114,1494,2114
1531,2099,1534,2099,1534,2114,1531,2114
1566,2099,1569,2099,1569,2114,1566,2114
1601,2099,1604,2099,1604,2114,1601,2114
1636,2099,1639,2099,1639,2114,1636,2114
1671,2099,1674,2099,1674,2114,1671,2114
1708,2099,1711,2099,1711,2114,1708,2114
1743,2099,1746,2099,1746,2114,1743,2114
1814,2099,1817,2099,1817,2114,1814,2114
2360,2112,2368,2112,2369,2141,2361,2141
2393,2111,2401,2111,2402,2140,2394,2140
2429,2110,2437,2110,2438,2139,2430,2139
2462,2109,2470,2109,2471,2138,2463,2138
1449,2144,1449,2137,1476,2137,1476,2144
1052,2153,1056,2153,1056,2171,1052,2171
1084,2153,1088,2153,1088,2171,1084,2171
1122,2153,1126,2153,1126,2171,1122,2171
1158,2154,1162,2154,1162,2172,1158,2172
1194,2154,1198,2154,1198,2172,1194,2172
1449,2181,1449,2174,1476,2174,1476,2181
1449,2214,1449,2207,1476,2207,1476,2214
1449,2251,1449,2244,1476,2244,1476,2251
1449,2287,1449,2280,1476,2280,1476,2287
2214,2271,2218,2271,2218,2288,2214,2288
2250,2271,2254,2271,2254,2288,2250,2288
2282,2272,2286,2272,2286,2289,2282,2289
2320,2272,2324,2272,2324,2289,2320,2289
2356,2272,2360,2272,2360,2289,2356,2289
2392,2272,2396,2272,2396,2289,2392,2289
2428,2273,2432,2273,2432,2290,2428,2290
2462,2273,2466,2273,2466,2290,2462,2290
1449,2321,1449,2314,1476,2314,1476,2321
2131,2284,2235,2282,2236,2352,2132,2354
2260,2282,2311,2281,2312,2350,2261,2351
2323,2280,2446,2278,2447,2348,2324,2350
2457,2279,2477,2279,2478,2348,2458,2348
2475,2278,2564,2277,2565,2346,2476,2347
1449,2357,1449,2350,1476,2350,1476,2357
1498,2344,1551,2344,1551,2381,1498,2381
2314,2346,2366,2342,2369,2383,2317,2387
1449,2391,1449,2384,1476,2384,1476,2391
1449,2427,1449,2420,1476,2420,1476,2427
1849,2453,1852,2453,1852,2467,1849,2467
1888,2453,1891,2453,1891,2467,1888,2467
2512,2448,2518,2448,2519,2471,2513,2471
1461,2447,1473,2447,1473,2490,1461,2490
1496,2447,1508,2447,1508,2490,1496,2490
1531,2447,1543,2447,1543,2490,1531,2490
1567,2447,1579,2447,1579,2490,1567,2490
1602,2447,1614,2447,1614,2490,1602,2490
1637,2447,1649,2447,1649,2490,1637,2490
1672,2447,1684,2447,1684,2490,1672,2490
1707,2447,1719,2447,1719,2490,1707,2490
1743,2447,1821,2447,1821,2490,1743,2490
1430,2504,1637,2498,1639,2567,1432,2573
1673,2498,1711,2497,1713,2566,1675,2567
1813,2494,1851,2493,1853,2562,1815,2563
1449,2517,1449,2510,1476,2510,1476,2517
3722,2481,3809,2481,3809,2519,3722,2519
3823,2481,3833,2481,3833,2519,3823,2519
3841,2481,3875,2481,3875,2519,3841,2519
3893,2481,3994,2481,3994,2519,3893,2519
4013,2481,4062,2481,4062,2519,4013,2519
4076,2481,4199,2481,4199,2519,4076,2519
4216,2481,4261,2481,4261,2519,4216,2519
4265,2481,4371,2481,4371,2519,4265,2519
4382,2481,4453,2481,4453,2519,4382,2519
4464,2481,4526,2481,4526,2519,4464,2519
4541,2481,4596,2481,4596,2519,4541,2519
4610,2481,4706,2481,4706,2519,4610,2519
4719,2481,4874,2481,4874,2519,4719,2519
3876,2542,4141,2542,4141,2593,3876,2593
4547,2537,4590,2537,4590,2585,4547,2585
4607,2537,4686,2537,4686,2585,4607,2585
1449,2553,1449,2546,1476,2546,1476,2553
1366,2595,1361,2627,1326,2621,1330,2590
1074,2675,1078,2675,1078,2693,1074,2693
1122,2674,1126,2674,1126,2692,1122,2692
1156,2674,1160,2674,1160,2692,1156,2692
1192,2673,1196,2673,1196,2691,1192,2691
1226,2673,1230,2673,1230,2691,1226,2691
1266,2672,1270,2672,1270,2690,1266,2690
3903,2746,4061,2750,4060,2782,3902,2778
3766,2818,3806,2818,3806,2854,3766,2854
3767,2854,3827,2855,3827,2891,3767,2890
3767,2894,3831,2895,3831,2929,3767,2928
3767,2937,3803,2935,3804,2960,3768,2962
3769,2973,3803,2973,3803,3004,3769,3004
3885,2818,3895,2818,3895,2854,3885,2854
3903,2818,3980,2818,3980,2854,3903,2854
3997,2818,4106,2818,4106,2854,3997,2854
3883,2855,3892,2855,3892,2890,3883,2890
3897,2855,4011,2856,4011,2892,3897,2891
4023,2856,4114,2857,4114,2893,4023,2892
4134,2857,4215,2858,4215,2894,4134,2893
3883,2895,3892,2895,3892,2929,3883,2929
3906,2895,4011,2896,4011,2931,3906,2930
4032,2896,4134,2897,4134,2932,4032,2931
4144,2897,4259,2898,4259,2932,4144,2931
3881,2938,3889,2938,3889,2969,3881,2969
3899,2938,3978,2938,3978,2969,3899,2969
3985,2938,4103,2938,4103,2969,3985,2969
3877,2972,3886,2972,3886,3006,3877,3006
3899,2972,4011,2972,4011,3006,3899,3006
4029,2972,4174,2972,4174,3006,4029,3006
3879,3010,3888,3010,3888,3045,3879,3045
3901,3010,4015,3010,4015,3045,3901,3045
4019,3010,4028,3010,4028,3045,4019,3045
4031,3010,4081,3010,4081,3045,4031,3045
4095,3010,4364,3010,4364,3045,4095,3045
3881,3050,3889,3050,3889,3081,3881,3081
3899,3050,3973,3051,3973,3083,3899,3082
3990,3052,4024,3052,4024,3083,3990,3083
4036,3052,4176,3054,4176,3086,4036,3084
3878,3088,3887,3088,3887,3122,3878,3122
3899,3088,3993,3088,3993,3122,3899,3122
4006,3088,4125,3088,4125,3122,4006,3122
3878,3128,3886,3128,3886,3160,3878,3160
3898,3128,3968,3128,3968,3160,3898,3160
3978,3128,3986,3128,3986,3160,3978,3160
3985,3128,4065,3128,4065,3160,3985,3160
3875,3164,3885,3164,3885,3200,3875,3200
3889,3164,3981,3164,3981,3200,3889,3200
3986,3164,3996,3164,3996,3200,3986,3200
3996,3164,4077,3164,4077,3200,3996,3200
3766,3014,3807,3011,3809,3042,3768,3045
2448,3058,2513,3058,2513,3093,2448,3093
2525,3058,2551,3058,2551,3093,2525,3093
2572,3057,2736,3056,2736,3092,2572,3093
2742,3057,2783,3057,2783,3092,2742,3092
2799,3056,3031,3055,3031,3091,2799,3092
3046,3055,3218,3054,3218,3090,3046,3091
3233,3055,3265,3055,3265,3090,3233,3090
3276,3055,3332,3055,3332,3090,3276,3090
3343,3055,3352,3055,3352,3090,3343,3090
3361,3055,3381,3055,3381,3090,3361,3090
3400,3054,3502,3054,3502,3089,3400,3089
3514,3054,3546,3054,3546,3089,3514,3089
2440,3096,2553,3096,2553,3128,2440,3128
2564,3096,2587,3096,2587,3128,2564,3128
2601,3096,2745,3096,2745,3128,2601,3128
2767,3096,2775,3096,2775,3128,2767,3128
2780,3096,2788,3096,2788,3128,2780,3128
2790,3096,2798,3096,2798,3128,2790,3128
2812,3096,2938,3096,2938,3128,2812,3128
2947,3096,2998,3096,2998,3128,2947,3128
3006,3096,3208,3096,3208,3128,3006,3128
3223,3096,3288,3096,3288,3128,3223,3128
3297,3096,3348,3096,3348,3128,3297,3128
3364,3096,3468,3096,3468,3128,3364,3128
3479,3096,3515,3096,3515,3128,3479,3128
2442,3134,2621,3134,2621,3166,2442,3166
2638,3134,2667,3134,2667,3166,2638,3166
2686,3134,2694,3134,2694,3166,2686,3166
2699,3134,2707,3134,2707,3166,2699,3166
2710,3134,2889,3134,2889,3166,2710,3166
2894,3134,2902,3134,2902,3166,2894,3166
2440,3174,2494,3174,2494,3205,2440,3205
2508,3174,2664,3174,2664,3205,2508,3205
2679,3174,2738,3174,2738,3205,2679,3205
2750,3174,2875,3174,2875,3205,2750,3205
2880,3174,2888,3174,2888,3205,2880,3205
2901,3174,3002,3174,3002,3205,2901,3205
3019,3174,3047,3174,3047,3205,3019,3205
3056,3174,3064,3174,3064,3205,3056,3205
3063,3174,3071,3174,3071,3205,3063,3205
3073,3174,3275,3174,3275,3205,3073,3205
3283,3174,3332,3174,3332,3205,3283,3205
3347,3174,3536,3174,3536,3205,3347,3205
2444,3210,2511,3210,2511,3242,2444,3242
2519,3210,2615,3210,2615,3242,2519,3242
2631,3210,2639,3210,2639,3242,2631,3242
2658,3210,2707,3210,2707,3242,2658,3242
2724,3210,2836,3210,2836,3242,2724,3242
2839,3210,2847,3210,2847,3242,2839,3242
2864,3210,2936,3210,2936,3242,2864,3242
2947,3210,3127,3210,3127,3242,2947,3242
3142,3210,3178,3210,3178,3242,3142,3242
3188,3210,3280,3210,3280,3242,3188,3242
3299,3210,3350,3210,3350,3242,3299,3242
3365,3210,3472,3210,3472,3242,3365,3242
3487,3210,3533,3210,3533,3242,3487,3242
3551,3210,3574,3210,3574,3242,3551,3242
2446,3250,2492,3250,2492,3285,2446,3285
2507,3249,2633,3248,2633,3284,2507,3285
2644,3248,2684,3248,2684,3284,2644,3284
2695,3248,2808,3247,2808,3283,2695,3284
2825,3247,2834,3247,2834,3282,2825,3282
2839,3247,2848,3247,2848,3282,2839,3282
2848,3247,3024,3246,3024,3282,2848,3283
3032,3246,3041,3246,3041,3281,3032,3281
3764,3046,3809,3046,3809,3086,3764,3086
3766,3084,3811,3084,3811,3124,3766,3124
3764,3122,3809,3122,3809,3162,3764,3162
3761,3164,3814,3164,3814,3200,3761,3200
4486,3157,4496,3157,4496,3194,4486,3194
4504,3157,4682,3157,4682,3194,4504,3194
4694,3157,4722,3157,4722,3194,4694,3194
4731,3157,4852,3157,4852,3194,4731,3194
4488,3224,4497,3224,4497,3258,4488,3258
4509,3224,4618,3224,4618,3258,4509,3258
4629,3224,4660,3224,4660,3258,4629,3258
4666,3224,4727,3224,4727,3258,4666,3258
4733,3224,4742,3224,4742,3258,4733,3258
4741,3224,4867,3224,4867,3258,4741,3258
4509,3254,4588,3254,4588,3289,4509,3289
4609,3254,4618,3254,4618,3289,4609,3289
4642,3254,4651,3254,4651,3289,4642,3289
4656,3254,4665,3254,4665,3289,4656,3289
4664,3254,4696,3254,4696,3289,4664,3289
4714,3254,4723,3254,4723,3289,4714,3289
3582,3373,3626,3373,3626,3407,3582,3407
3997,3362,4097,3362,4097,3408,3997,3408
4107,3362,4120,3362,4120,3408,4107,3408
4290,3363,4338,3363,4338,3407,4290,3407
4348,3363,4360,3363,4360,3407,4348,3407
4366,3363,4415,3363,4415,3407,4366,3407
4420,3363,4432,3363,4432,3407,4420,3407
4434,3363,4534,3363,4534,3407,4434,3407
