3801,177,4449,177,4449,324,3801,324
3803,314,4442,314,4442,453,3803,453
4060,599,4514,599,4514,727,4060,727
1812,686,2066,686,2066,737,1812,737
1258,797,1258,753,1293,753,1293,797
4129,808,4214,808,4214,840,4129,840
4232,808,4273,808,4273,840,4232,840
4288,808,4472,808,4472,840,4288,840
2678,960,2747,960,2747,1007,2678,1007
2772,960,2806,960,2806,1007,2772,1007
3838,995,3846,995,3846,1024,3838,1024
4062,1002,4071,1002,4070,1037,4061,1037
4072,1040,4082,1040,4082,1076,4072,1076
3996,1040,4006,1040,4006,1076,3996,1076
457,1109,460,1109,460,1124,457,1124
491,1109,494,1109,494,1124,491,1124
528,1109,531,1109,531,1124,528,1124
563,1108,566,1108,566,1123,563,1123
599,1108,602,1108,602,1123,599,1123
634,1108,637,1108,637,1123,634,1123
669,1108,672,1108,672,1123,669,1123
704,1107,707,1107,707,1122,704,1122
739,1107,742,1107,742,1122,739,1122
775,1107,778,1107,778,1122,775,1122
743,1106,752,1106,752,1141,743,1141
874,1083,932,1085,931,1128,873,1126
910,1120,919,1120,917,1154,908,1154
931,1121,940,1121,938,1155,929,1155
962,1123,1000,1125,998,1159,960,1157
1087,1128,1083,1123,1102,1109,1106,1113
1256,1128,1258,1128,1258,1140,1256,1140
1274,1128,1276,1128,1276,1140,1274,1140
1322,1128,1324,1128,1324,1140,1322,1140
2010,1127,2012,1127,2012,1138,2010,1138
2031,1127,2033,1127,2033,1138,2031,1138
2055,1128,2057,1128,2057,1139,2055,1139
2079,1128,2081,1128,2081,1139,2079,1139
2103,1128,2105,1128,2105,1139,2103,1139
2126,1129,2128,1129,2128,1140,2126,1140
2150,1129,2152,1129,2152,1140,2150,1140
2174,1129,2176,1129,2176,1140,2174,1140
2216,1130,2218,1130,2218,1141,2216,1141
2341,1127,2343,1127,2343,1138,2341,1138
2363,1127,2365,1127,2365,1138,2363,1138
2384,1128,2386,1128,2386,1139,2384,1139
2409,1128,2411,1128,2411,1139,2409,1139
2433,1128,2435,1128,2435,1139,2433,1139
2457,1128,2459,1128,2459,1139,2457,1139
2480,1129,2482,1129,2482,1140,2480,1140
2504,1129,2506,1129,2506,1140,2504,1140
1108,1154,1104,1149,1123,1135,1127,1139
1130,1184,1126,1179,1145,1165,1149,1169
1151,1212,1147,1207,1166,1193,1170,1197
941,1319,949,1319,948,1348,940,1348
965,1320,973,1320,972,1349,964,1349
1001,1321,1009,1321,1008,1350,1000,1350
1037,1322,1045,1322,1044,1351,1036,1351
1073,1323,1081,1323,1080,1352,1072,1352
4272,1298,4290,1298,4290,1361,4272,1361
4414,1289,4532,1289,4532,1380,4414,1380
1117,1441,1117,1445,1099,1445,1099,1441
1117,1477,1117,1481,1099,1481,1099,1477
708,1437,944,1437,944,1487,708,1487
973,1437,987,1437,987,1487,973,1487
750,1512,794,1512,794,1546,750,1546
454,1526,454,1475,486,1475,486,1526
1257,1504,1257,1456,1288,1456,1288,1504
2074,1430,2257,1430,2257,1492,2074,1492
2284,1430,2301,1430,2301,1492,2284,1492
2329,1430,2522,1430,2522,1492,2329,1492
1447,1434,1692,1434,1692,1488,1447,1488
1718,1434,1733,1434,1733,1488,1718,1488
1476,1512,1522,1512,1522,1544,1476,1544
1117,1513,1117,1517,1099,1517,1099,1513
2268,1509,2313,1509,2313,1544,2268,1544
1117,1551,1117,1555,1099,1555,1099,1551
1117,1583,1117,1587,1099,1587,1099,1583
1117,1616,1117,1620,1099,1620,1099,1616
860,1652,864,1652,864,1670,860,1670
895,1651,899,1651,899,1669,895,1669
931,1651,935,1651,935,1669,931,1669
967,1651,971,1651,971,1669,967,1669
1001,1651,1005,1651,1005,1669,1001,1669
1037,1650,1041,1650,1041,1668,1037,1668
835,1662,835,1665,821,1664,821,1661
1073,1650,1077,1650,1077,1668,1073,1668
833,1695,833,1698,819,1697,819,1694
832,1731,832,1734,818,1733,818,1730
831,1766,831,1769,817,1768,817,1765
2615,1817,2615,1765,2655,1765,2655,1817
830,1802,830,1805,816,1804,816,1801
1414,1857,1414,1866,1381,1866,1381,1857
422,1861,429,1861,429,1888,422,1888
459,1861,466,1861,466,1888,459,1888
492,1861,499,1861,499,1888,492,1888
529,1861,536,1861,536,1888,529,1888
565,1861,572,1861,572,1888,565,1888
599,1861,606,1861,606,1888,599,1888
635,1861,642,1861,642,1888,635,1888
672,1861,679,1861,679,1888,672,1888
705,1861,712,1861,712,1888,705,1888
742,1861,749,1861,749,1888,742,1888
778,1861,785,1861,785,1888,778,1888
814,1861,821,1861,821,1888,814,1888
996,1870,1004,1870,1005,1899,997,1899
1032,1870,1040,1870,1041,1899,1033,1899
1065,1869,1073,1869,1074,1898,1066,1898
1101,1868,1109,1868,1110,1897,1102,1897
1135,1867,1216,1865,1217,1894,1136,1896
1242,1865,1250,1865,1251,1894,1243,1894
1293,1864,1301,1864,1302,1893,1294,1893
1347,1863,1355,1863,1356,1892,1348,1892
571,1962,579,1960,586,1988,578,1990
605,1953,613,1951,620,1979,612,1981
637,1945,645,1943,652,1971,644,1973
672,1937,680,1935,687,1963,679,1965
787,1960,824,1964,819,2006,782,2002
3720,1547,3980,1547,3980,1632,3720,1632
4035,1547,4238,1547,4238,1632,4035,1632
4302,1547,4380,1547,4380,1632,4302,1632
4399,1547,4463,1547,4463,1632,4399,1632
4481,1547,4565,1547,4565,1632,4481,1632
4666,1547,4797,1547,4797,1632,4666,1632
3771,1676,3871,1676,3871,1732,3771,1732
3867,1676,3883,1676,3883,1732,3867,1732
3895,1676,3911,1676,3911,1732,3895,1732
4072,1663,4204,1663,4204,1748,4072,1748
4397,1663,4494,1663,4494,1748,4397,1748
4702,1663,4766,1663,4766,1748,4702,1748
4067,1797,4284,1797,4284,1866,4067,1866
4302,1797,4565,1797,4565,1866,4302,1866
3847,1913,4045,1913,4045,1961,3847,1961
4077,1913,4090,1913,4090,1961,4077,1961
4119,1913,4324,1913,4324,1961,4119,1961
4523,1906,4565,1906,4565,1964,4523,1964
4577,1906,4593,1906,4593,1964,4577,1964
4590,1906,4644,1906,4644,1964,4590,1964
4657,1906,4731,1906,4731,1964,4657,1964
3840,1985,4095,1985,4095,2031,3840,2031
4130,1985,4143,1985,4143,2031,4130,2031
4530,1978,4575,1978,4575,2040,4530,2040
4576,1978,4593,1978,4593,2040,4576,2040
4593,1978,4638,1978,4638,2040,4593,2040
4655,1978,4735,1978,4735,2040,4655,2040
3842,2057,4096,2057,4096,2105,3842,2105
4123,2057,4136,2057,4136,2105,4123,2105
4521,2054,4536,2054,4536,2108,4521,2108
4548,2054,4563,2054,4563,2108,4548,2108
4569,2054,4609,2054,4609,2108,4569,2108
4626,2054,4705,2054,4705,2108,4626,2108
3847,2127,4050,2127,4050,2175,3847,2175
4521,2126,4536,2126,4536,2180,4521,2180
4548,2126,4563,2126,4563,2180,4548,2180
4561,2126,4611,2126,4611,2180,4561,2180
4626,2126,4705,2126,4705,2180,4626,2180
3842,2199,3952,2199,3952,2247,3842,2247
3976,2199,4028,2199,4028,2247,3976,2247
4044,2199,4172,2199,4172,2247,4044,2247
4522,2198,4537,2198,4537,2252,4522,2252
4550,2198,4565,2198,4565,2252,4550,2252
4568,2198,4618,2198,4618,2252,4568,2252
4628,2198,4707,2198,4707,2252,4628,2252
4528,2270,4543,2270,4543,2324,4528,2324
4550,2270,4565,2270,4565,2324,4550,2324
4565,2270,4605,2270,4605,2324,4565,2324
4628,2270,4707,2270,4707,2324,4628,2324
4517,2342,4567,2342,4567,2396,4517,2396
4576,2342,4591,2342,4591,2396,4576,2396
4594,2342,4644,2342,4644,2396,4594,2396
4662,2342,4731,2342,4731,2396,4662,2396
1796,1994,1796,2000,1773,1999,1773,1993
1815,1984,1819,1984,1819,2002,1815,2002
1851,1984,1855,1984,1855,2002,1851,2002
1887,1984,1891,1984,1891,2002,1887,2002
1921,1984,1925,1984,1925,2002,1921,2002
1957,1984,1961,1984,1961,2002,1957,2002
1414,1921,1414,1930,1381,1930,1381,1921
1414,1955,1414,1964,1381,1964,1381,1955
1414,1989,1414,1998,1381,1998,1381,1989
1414,2027,1414,2036,1381,2036,1381,2027
1414,2061,1414,2070,1381,2070,1381,2061
1993,1984,1997,1984,1997,2002,1993,2002
2028,1984,2032,1984,2032,2002,2028,2002
2064,1984,2068,1984,2068,2002,2064,2002
2100,1984,2104,1984,2104,2002,2100,2002
2134,1984,2138,1984,2138,2002,2134,2002
2170,1984,2174,1984,2174,2002,2170,2002
2206,1984,2210,1984,2210,2002,2206,2002
2241,1985,2245,1985,2245,2001,2241,2001
2277,1985,2281,1985,2281,2001,2277,2001
2312,1985,2316,1985,2316,2001,2312,2001
2346,1985,2350,1985,2350,2001,2346,2001
2382,1985,2386,1985,2386,2001,2382,2001
2418,1985,2422,1985,2422,2001,2418,2001
2453,1985,2457,1985,2457,2001,2453,2001
2489,1985,2493,1985,2493,2001,2489,2001
2524,1985,2528,1985,2528,2001,2524,2001
2560,1985,2564,1985,2564,2001,2560,2001
2595,1985,2599,1985,2599,2001,2595,2001
2632,1985,2636,1985,2636,2002,2632,2002
2658,2002,2656,1991,2698,1984,2699,1995
2701,1987,2705,1987,2705,2004,2701,2004
994,1994,1000,1994,1000,2019,994,2019
543,2005,546,2000,567,2014,563,2019
1031,1994,1037,1994,1037,2019,1031,2019
1064,1994,1070,1994,1070,2019,1064,2019
1101,1994,1107,1994,1107,2019,1101,2019
1137,1994,1143,1994,1143,2019,1137,2019
1171,1994,1177,1994,1177,2019,1171,2019
1207,1994,1213,1994,1213,2019,1207,2019
1232,2014,1232,2010,1250,2010,1250,2014
523,2033,526,2028,547,2042,543,2047
1794,2028,1794,2034,1771,2033,1771,2027
1232,2054,1232,2050,1250,2050,1250,2054
1793,2064,1793,2070,1770,2069,1770,2063
495,2073,498,2068,519,2082,515,2087
1232,2089,1232,2085,1250,2085,1250,2089
1792,2098,1792,2104,1769,2103,1769,2097
563,2101,571,2101,570,2130,562,2130
599,2103,607,2103,606,2132,598,2132
635,2104,643,2104,642,2133,634,2133
671,2106,679,2106,678,2135,670,2135
707,2107,715,2107,714,2136,706,2136
746,2109,754,2109,753,2138,745,2138
1014,2041,1198,2041,1198,2110,1014,2110
936,2143,1201,2140,1202,2210,937,2213
1192,2141,1212,2141,1213,2210,1193,2210
1791,2131,1791,2137,1768,2136,1768,2130
520,2148,621,2147,622,2217,521,2218
636,2147,699,2146,700,2215,637,2216
709,2146,820,2145,821,2215,710,2216
2701,2251,2699,2240,2741,2233,2742,2244
2695,2219,2686,2166,2727,2159,2736,2212
2683,2148,2681,2137,2723,2130,2724,2141
2680,2132,2673,2094,2715,2086,2721,2125
434,2248,434,2203,497,2203,497,2248
2222,2202,2273,2202,2273,2234,2222,2234
547,2217,558,2218,555,2258,545,2257
2711,2202,2712,2211,2678,2215,2677,2206
2714,2226,2715,2235,2681,2239,2680,2230
603,2221,649,2224,646,2264,601,2261
2719,2271,2724,2311,2690,2315,2685,2275
3830,2278,3923,2270,3927,2317,3834,2325
1922,2334,1928,2334,1928,2359,1922,2359
1958,2334,1964,2334,1964,2359,1958,2359
1995,2334,2001,2334,2001,2359,1995,2359
2029,2334,2035,2334,2035,2359,2029,2359
2076,2347,2076,2352,2057,2352,2057,2347
2101,2334,2107,2334,2107,2359,2101,2359
2135,2334,2141,2334,2141,2359,2135,2359
2172,2334,2178,2334,2178,2359,2172,2359
2278,2334,2284,2334,2284,2359,2278,2359
2312,2334,2318,2334,2318,2359,2312,2359
2348,2334,2354,2334,2354,2359,2348,2359
2385,2334,2391,2334,2391,2359,2385,2359
2419,2334,2425,2334,2425,2359,2419,2359
2455,2334,2461,2334,2461,2359,2455,2359
2491,2334,2497,2334,2497,2359,2491,2359
2525,2334,2531,2334,2531,2359,2525,2359
2562,2334,2568,2334,2568,2359,2562,2359
2595,2334,2601,2334,2601,2359,2595,2359
2632,2334,2638,2334,2638,2359,2632,2359
2220,2349,2220,2354,2198,2354,2198,2349
2710,2347,2710,2350,2695,2350,2695,2347
2646,2348,2646,2354,2623,2354,2623,2348
2076,2381,2076,2386,2057,2386,2057,2381
2711,2379,2711,2382,2696,2382,2696,2379
2220,2381,2220,2386,2198,2386,2198,2381
2359,2379,2359,2384,2340,2384,2340,2379
2646,2382,2646,2388,2623,2388,2623,2382
2107,2393,2140,2393,2140,2429,2107,2429
2205,2393,2215,2393,2215,2429,2205,2429
2247,2393,2286,2393,2286,2429,2247,2429
2337,2393,2425,2393,2425,2429,2337,2429
2546,2393,2556,2393,2556,2429,2546,2429
2076,2415,2076,2420,2057,2420,2057,2415
2359,2415,2359,2420,2340,2420,2340,2415
2646,2416,2646,2422,2623,2422,2623,2416
2713,2416,2713,2419,2698,2419,2698,2416
912,2471,918,2442,940,2446,935,2475
2076,2451,2076,2456,2057,2456,2057,2451
2359,2451,2359,2456,2340,2456,2340,2451
2646,2452,2646,2458,2623,2458,2623,2452
2028,2479,2031,2479,2031,2492,2028,2492
2066,2479,2069,2479,2069,2492,2066,2492
2098,2479,2101,2479,2101,2492,2098,2492
2133,2479,2136,2479,2136,2492,2133,2492
2168,2479,2171,2479,2171,2492,2168,2492
2239,2479,2242,2479,2242,2492,2239,2492
2633,2477,2637,2477,2639,2492,2635,2493
3719,2482,3806,2482,3806,2516,3719,2516
3823,2482,3832,2482,3832,2516,3823,2516
3840,2482,3878,2482,3878,2516,3840,2516
3892,2482,3994,2482,3994,2516,3892,2516
4013,2482,4061,2482,4061,2516,4013,2516
4072,2482,4198,2482,4198,2516,4072,2516
4211,2482,4255,2482,4255,2516,4211,2516
4269,2482,4369,2482,4369,2516,4269,2516
4384,2482,4455,2482,4455,2516,4384,2516
4469,2482,4528,2482,4528,2516,4469,2516
4544,2482,4597,2482,4597,2516,4544,2516
4608,2482,4707,2482,4707,2516,4608,2516
4716,2482,4870,2482,4870,2516,4716,2516
3852,2569,4113,2569,4113,2619,3852,2619
4532,2565,4568,2565,4568,2630,4532,2630
4581,2565,4664,2565,4664,2630,4581,2630
3901,2746,4060,2750,4059,2782,3900,2778
3766,2818,3806,2818,3806,2854,3766,2854
3767,2854,3827,2855,3827,2891,3767,2890
3767,2894,3831,2895,3831,2929,3767,2928
3768,2936,3802,2936,3802,2963,3768,2963
3769,2973,3803,2973,3803,3004,3769,3004
3885,2818,3895,2818,3895,2854,3885,2854
3903,2818,3980,2818,3980,2854,3903,2854
3997,2818,4106,2818,4106,2854,3997,2854
3883,2855,3892,2855,3892,2890,3883,2890
3897,2855,4011,2856,4011,2892,3897,2891
4023,2856,4114,2857,4114,2893,4023,2892
4134,2857,4215,2858,4215,2894,4134,2893
3883,2895,3892,2895,3892,2929,3883,2929
3906,2895,4012,2896,4012,2931,3906,2930
4032,2896,4134,2897,4134,2932,4032,2931
4144,2897,4259,2898,4259,2932,4144,2931
3881,2938,3889,2938,3889,2969,3881,2969
3899,2938,3978,2938,3978,2969,3899,2969
3985,2938,4103,2938,4103,2969,3985,2969
3877,2972,3886,2972,3886,3006,3877,3006
3899,2972,4011,2972,4011,3006,3899,3006
4029,2972,4174,2972,4174,3006,4029,3006
3879,3010,3888,3010,3888,3045,3879,3045
3901,3010,4015,3010,4015,3045,3901,3045
4019,3010,4028,3010,4028,3045,4019,3045
4031,3010,4081,3010,4081,3045,4031,3045
4095,3010,4364,3010,4364,3045,4095,3045
3881,3050,3889,3050,3889,3081,3881,3081
3899,3050,3973,3051,3973,3083,3899,3082
3990,3052,4024,3052,4024,3083,3990,3083
4036,3052,4176,3054,4176,3086,4036,3084
3878,3088,3887,3088,3887,3122,3878,3122
3899,3088,3993,3088,3993,3122,3899,3122
4006,3088,4125,3088,4125,3122,4006,3122
3878,3126,3887,3126,3887,3160,3878,3160
3900,3126,3969,3126,3969,3160,3900,3160
3976,3126,3985,3126,3985,3160,3976,3160
3989,3126,4065,3126,4065,3160,3989,3160
3875,3164,3885,3164,3885,3200,3875,3200
3889,3164,3981,3164,3981,3200,3889,3200
3986,3164,3996,3164,3996,3200,3986,3200
3996,3164,4077,3164,4077,3200,3996,3200
3766,3014,3807,3011,3809,3042,3768,3045
2448,3056,2516,3056,2516,3090,2448,3090
2522,3056,2553,3056,2553,3090,2522,3090
2567,3056,2735,3056,2735,3090,2567,3090
2740,3056,2784,3056,2784,3090,2740,3090
2800,3056,3029,3056,3029,3090,2800,3090
3043,3056,3218,3056,3218,3090,3043,3090
3232,3056,3263,3056,3263,3090,3232,3090
3279,3056,3332,3056,3332,3090,3279,3090
3343,3056,3352,3056,3352,3090,3343,3090
3361,3056,3380,3056,3380,3090,3361,3090
3397,3056,3500,3056,3500,3090,3397,3090
3517,3056,3542,3056,3542,3090,3517,3090
2443,3094,2553,3094,2553,3130,2443,3130
2567,3094,2587,3094,2587,3130,2567,3130
2601,3094,2746,3094,2746,3130,2601,3130
2766,3094,2776,3094,2776,3130,2766,3130
2781,3094,2791,3094,2791,3130,2781,3130
2792,3094,2802,3094,2802,3130,2792,3130
2817,3094,2940,3094,2940,3130,2817,3130
2949,3094,3000,3094,3000,3130,2949,3130
3007,3094,3208,3094,3208,3130,3007,3130
3223,3094,3289,3094,3289,3130,3223,3130
3294,3094,3346,3094,3346,3130,3294,3130
3362,3094,3471,3094,3471,3130,3362,3130
3481,3094,3515,3094,3515,3130,3481,3130
2442,3134,2621,3134,2621,3166,2442,3166
2638,3134,2667,3134,2667,3166,2638,3166
2686,3134,2694,3134,2694,3166,2686,3166
2699,3134,2707,3134,2707,3166,2699,3166
2710,3134,2889,3134,2889,3166,2710,3166
2894,3134,2902,3134,2902,3166,2894,3166
2440,3174,2494,3174,2494,3205,2440,3205
2508,3174,2664,3174,2664,3205,2508,3205
2679,3174,2738,3174,2738,3205,2679,3205
2750,3174,2875,3174,2875,3205,2750,3205
2880,3174,2888,3174,2888,3205,2880,3205
2901,3174,3002,3174,3002,3205,2901,3205
3019,3174,3047,3174,3047,3205,3019,3205
3056,3174,3064,3174,3064,3205,3056,3205
3063,3174,3071,3174,3071,3205,3063,3205
3073,3174,3275,3174,3275,3205,3073,3205
3283,3174,3332,3174,3332,3205,3283,3205
3352,3174,3536,3174,3536,3205,3352,3205
2444,3210,2511,3210,2511,3242,2444,3242
2519,3210,2615,3210,2615,3242,2519,3242
2631,3210,2639,3210,2639,3242,2631,3242
2658,3210,2707,3210,2707,3242,2658,3242
2726,3210,2836,3210,2836,3242,2726,3242
2839,3210,2847,3210,2847,3242,2839,3242
2864,3210,2936,3210,2936,3242,2864,3242
2947,3210,3127,3210,3127,3242,2947,3242
3142,3210,3178,3210,3178,3242,3142,3242
3188,3210,3280,3210,3280,3242,3188,3242
3299,3210,3350,3210,3350,3242,3299,3242
3365,3210,3467,3210,3467,3242,3365,3242
3488,3210,3534,3210,3534,3242,3488,3242
3551,3210,3574,3210,3574,3242,3551,3242
2446,3250,2492,3250,2492,3285,2446,3285
2507,3249,2633,3248,2633,3284,2507,3285
2644,3248,2684,3248,2684,3284,2644,3284
2695,3248,2808,3247,2808,3283,2695,3284
2825,3247,2834,3247,2834,3282,2825,3282
2839,3247,2848,3247,2848,3282,2839,3282
2848,3247,3024,3246,3024,3282,2848,3283
3034,3246,3043,3246,3043,3281,3034,3281
3764,3046,3809,3046,3809,3086,3764,3086
3766,3084,3811,3084,3811,3124,3766,3124
3764,3122,3809,3122,3809,3162,3764,3162
3761,3164,3814,3164,3814,3200,3761,3200
4491,3154,4500,3154,4500,3189,4491,3189
4507,3154,4677,3156,4677,3192,4507,3190
4695,3156,4721,3156,4721,3192,4695,3192
4732,3156,4855,3157,4855,3193,4732,3192
4490,3222,4500,3222,4500,3258,4490,3258
4510,3222,4616,3222,4616,3258,4510,3258
4633,3222,4660,3222,4660,3258,4633,3258
4669,3222,4729,3222,4729,3258,4669,3258
4734,3222,4744,3222,4744,3258,4734,3258
4744,3222,4868,3222,4868,3258,4744,3258
4506,3257,4592,3256,4593,3292,4507,3293
4613,3256,4622,3256,4623,3291,4614,3291
4641,3255,4650,3255,4651,3290,4642,3290
4656,3255,4665,3255,4666,3290,4657,3290
4664,3255,4696,3255,4697,3290,4665,3290
4713,3254,4722,3254,4723,3289,4714,3289
3582,3373,3626,3373,3626,3407,3582,3407
3999,3363,4100,3366,4099,3408,3998,3405
4112,3367,4123,3367,4122,3408,4111,3408
4286,3363,4343,3363,4343,3407,4286,3407
4346,3363,4358,3363,4358,3407,4346,3407
4362,3363,4419,3363,4419,3407,4362,3407
4418,3363,4430,3363,4430,3407,4418,3407
4432,3363,4532,3363,4532,3407,4432,3407
