2718,161,3037,161,3037,237,2718,237
2710,236,3062,236,3062,308,2710,308
393,358,446,358,446,392,393,392
446,358,455,358,455,392,446,392
461,358,499,358,499,392,461,392
474,412,548,412,548,448,474,448
548,412,558,412,558,448,548,448
560,412,618,412,618,448,560,448
1007,413,1080,413,1080,453,1007,453
1080,413,1091,413,1091,453,1080,453
1094,413,1148,413,1148,453,1094,453
2807,389,3145,389,3145,485,2807,485
3170,389,3198,389,3198,485,3170,485
938,530,938,520,975,520,975,530
938,515,938,505,975,505,975,515
938,506,938,472,975,472,975,506
1485,561,1485,487,1515,487,1515,561
1485,484,1485,476,1515,476,1515,484
1485,476,1485,416,1515,416,1515,476
1368,566,1391,563,1393,580,1370,583
1403,563,1407,563,1409,579,1405,580
1187,595,1211,595,1211,616,1187,616
1725,594,1768,592,1769,614,1726,616
2139,594,2184,598,2181,635,2136,631
2191,600,2200,601,2197,636,2188,635
2209,601,2218,602,2215,637,2206,636
2227,603,2236,604,2233,639,2224,638
2248,605,2257,606,2254,641,2245,640
2265,606,2274,607,2271,642,2262,641
1632,644,1642,644,1642,680,1632,680
1676,644,1686,644,1686,680,1676,680
1695,644,1705,644,1705,680,1695,680
1717,644,1727,644,1727,680,1717,680
1734,644,1779,644,1779,680,1734,680
308,735,308,679,342,679,342,735
308,678,308,669,342,669,342,678
308,667,308,629,342,629,342,667
2132,636,2158,634,2161,681,2135,683
2275,628,2282,628,2285,675,2278,675
2315,625,2465,616,2468,664,2318,673
2816,667,3145,656,3146,679,2817,690
2785,727,2892,727,2892,746,2785,746
2901,721,3030,723,3030,740,2901,738
519,814,528,814,528,849,519,849
533,814,542,814,542,849,533,849
545,814,577,814,577,849,545,849
1102,811,1112,810,1114,848,1104,849
1114,810,1124,809,1126,847,1116,848
1127,809,1161,807,1163,845,1129,847
1668,812,1678,812,1678,849,1668,849
1683,812,1693,812,1693,849,1683,849
1696,812,1730,812,1730,849,1696,849
1985,800,1996,800,1996,840,1985,840
2014,800,2025,800,2025,840,2014,840
2047,800,2058,800,2058,840,2047,840
2084,800,2095,800,2095,840,2084,840
2114,800,2223,800,2223,840,2114,840
2264,800,2275,800,2275,840,2264,840
2297,800,2308,800,2308,840,2297,840
2334,800,2345,800,2345,840,2334,840
3042,830,3043,875,3027,875,3026,830
3078,946,3078,943,3092,944,3092,947
477,977,614,977,614,1021,477,1021
1054,976,1157,976,1157,1023,1054,1023
1167,976,1180,976,1180,1023,1167,1023
1188,976,1301,976,1301,1023,1188,1023
1605,976,1748,976,1748,1019,1605,1019
1761,976,1773,976,1773,1019,1761,1019
1817,1023,1816,1014,1850,1012,1851,1021
1816,1005,1815,996,1849,994,1850,1003
1815,999,1813,961,1848,959,1850,997
2045,979,2185,979,2185,1023,2045,1023
2205,979,2217,979,2217,1023,2205,1023
2013,1053,2016,1053,2016,1068,2013,1068
2046,1053,2049,1053,2049,1068,2046,1068
2084,1047,2092,1047,2092,1078,2084,1078
2139,1047,2147,1047,2147,1078,2139,1078
2177,1047,2185,1047,2185,1078,2177,1078
2212,1047,2220,1047,2220,1078,2212,1078
801,1071,801,1070,809,1070,809,1071
801,1090,801,1089,809,1089,809,1090
801,1109,801,1108,809,1108,809,1109
801,1129,801,1128,809,1128,809,1129
369,1203,369,1134,411,1134,411,1203
369,1131,369,1120,411,1120,411,1131
369,1116,369,1060,411,1060,411,1116
801,1148,801,1147,809,1147,809,1148
801,1168,801,1167,809,1167,809,1168
801,1183,801,1182,809,1182,809,1183
936,1251,935,1242,970,1240,971,1249
935,1233,934,1224,969,1222,970,1231
934,1221,932,1189,967,1187,969,1219
2910,1196,2960,1196,2960,1236,2910,1236
2964,1196,3009,1196,3009,1236,2964,1236
3024,1196,3064,1196,3064,1236,3024,1236
2659,1198,2781,1198,2781,1236,2659,1236
2693,1254,2702,1254,2702,1289,2693,1289
2718,1254,2727,1254,2727,1289,2718,1289
2736,1254,2745,1254,2745,1289,2736,1289
3139,1146,3193,1147,3192,1182,3138,1181
3207,1147,3244,1148,3243,1183,3206,1182
3252,1148,3371,1150,3370,1185,3251,1183
3124,1195,3135,1195,3135,1237,3124,1237
3222,1195,3293,1195,3293,1237,3222,1237
3242,1254,3273,1254,3273,1288,3242,1288
2962,1257,3006,1254,3008,1288,2964,1291
308,1430,310,1378,338,1379,336,1431
311,1372,311,1365,338,1366,338,1373
311,1366,312,1327,339,1328,338,1367
2208,1427,2263,1430,2261,1465,2206,1462
2381,1436,2385,1576,2356,1577,2352,1437
2646,1342,2740,1342,2740,1378,2646,1378
2746,1342,2756,1342,2756,1378,2746,1378
2767,1342,2861,1342,2861,1378,2767,1378
2642,1381,2835,1381,2835,1419,2642,1419
2842,1381,2852,1381,2852,1419,2842,1419
2852,1381,2881,1381,2881,1419,2852,1419
2891,1381,2994,1381,2994,1419,2891,1419
3005,1381,3048,1381,3048,1419,3005,1419
3052,1381,3062,1381,3062,1419,3052,1419
2645,1419,2775,1419,2775,1451,2645,1451
2795,1419,2803,1419,2803,1451,2795,1451
2646,1454,2775,1454,2775,1488,2646,1488
2789,1454,2798,1454,2798,1488,2789,1488
2644,1492,2709,1492,2709,1524,2644,1524
2724,1492,2760,1492,2760,1524,2724,1524
2767,1492,2820,1492,2820,1524,2767,1524
2638,1532,2694,1532,2694,1555,2638,1555
3194,1342,3222,1342,3222,1373,3194,1373
3228,1342,3236,1342,3236,1373,3228,1373
3234,1342,3268,1342,3268,1373,3234,1373
3277,1342,3322,1342,3322,1373,3277,1373
3212,1378,3221,1378,3221,1412,3212,1412
3226,1378,3235,1378,3235,1412,3226,1412
3234,1378,3265,1378,3265,1412,3234,1412
3276,1378,3320,1378,3320,1412,3276,1412
3197,1414,3223,1414,3223,1449,3197,1449
3223,1414,3232,1414,3232,1449,3223,1449
3236,1414,3262,1414,3262,1449,3236,1449
3275,1414,3321,1414,3321,1449,3275,1449
3211,1452,3220,1452,3220,1486,3211,1486
3225,1452,3234,1452,3234,1486,3225,1486
3238,1452,3263,1452,3263,1486,3238,1486
3275,1452,3319,1452,3319,1486,3275,1486
3208,1490,3217,1490,3217,1524,3208,1524
3225,1490,3234,1490,3234,1524,3225,1524
3233,1490,3264,1490,3264,1524,3233,1524
3276,1490,3320,1490,3320,1524,3276,1524
3211,1525,3221,1525,3221,1563,3211,1563
3222,1525,3232,1525,3232,1563,3222,1563
3237,1525,3264,1525,3264,1563,3237,1563
3276,1525,3324,1525,3324,1563,3276,1563
1354,1541,1354,1535,1379,1535,1379,1541
1354,1575,1354,1569,1379,1569,1379,1575
2297,1613,2297,1604,2331,1603,2331,1612
2296,1595,2296,1586,2330,1585,2330,1594
2295,1589,2293,1551,2328,1550,2330,1588
1405,1596,1405,1600,1388,1600,1388,1596
1354,1611,1354,1605,1379,1605,1379,1611
2010,1608,2054,1608,2054,1642,2010,1642
2219,1616,2225,1615,2230,1638,2224,1640
2234,1613,2240,1612,2245,1635,2239,1637
2244,1611,2274,1605,2279,1629,2249,1636
1405,1632,1405,1636,1388,1636,1388,1632
1354,1642,1354,1636,1379,1636,1379,1642
1226,1659,1234,1659,1234,1688,1226,1688
1256,1659,1264,1659,1264,1688,1256,1688
1283,1659,1291,1659,1291,1688,1283,1688
1261,1689,1267,1689,1266,1713,1260,1713
1035,1690,1035,1694,1017,1694,1017,1690
1141,1683,1147,1683,1146,1707,1140,1707
1153,1684,1159,1684,1158,1708,1152,1708
1169,1684,1211,1686,1210,1711,1168,1709
1035,1715,1035,1719,1017,1719,1017,1715
966,1683,966,1687,949,1688,949,1684
967,1694,967,1698,950,1699,950,1695
967,1705,967,1709,950,1710,950,1706
967,1715,967,1719,950,1720,950,1716
967,1726,967,1730,950,1731,950,1727
968,1735,968,1739,951,1740,951,1736
968,1746,968,1750,951,1751,951,1747
968,1752,969,1784,952,1784,951,1753
1035,1736,1035,1740,1017,1740,1017,1736
974,1818,972,1687,984,1687,986,1818
666,1755,684,1755,684,1780,666,1780
700,1755,706,1755,706,1780,700,1780
474,1791,545,1792,544,1815,474,1814
550,1793,555,1793,555,1815,550,1815
559,1792,616,1793,616,1816,559,1815
761,1777,810,1777,810,1808,761,1808
854,1777,1408,1777,1408,1808,854,1808
2613,1790,2754,1791,2754,1827,2613,1826
2766,1790,2929,1791,2929,1827,2766,1826
2948,1791,3059,1792,3059,1828,2948,1827
3073,1793,3082,1793,3082,1828,3073,1828
3193,1793,3225,1793,3225,1828,3193,1828
3227,1793,3236,1793,3236,1828,3227,1828
3244,1794,3270,1794,3270,1829,3244,1829
3278,1794,3329,1794,3329,1829,3278,1829
503,1848,558,1848,558,1872,503,1872
563,1848,569,1848,569,1872,563,1872
571,1848,609,1848,609,1872,571,1872
2613,1863,2725,1863,2725,1892,2613,1892
2739,1863,2747,1863,2747,1892,2739,1892
3201,1855,3226,1856,3225,1890,3200,1889
3234,1856,3243,1856,3242,1890,3233,1890
3242,1855,3273,1856,3272,1891,3241,1890
3280,1857,3330,1858,3329,1892,3279,1891
2680,2036,2685,2036,2685,2057,2680,2057
2686,2036,2691,2036,2691,2057,2686,2057
2658,2073,2701,2073,2701,2096,2658,2096
2749,2036,2809,2036,2809,2059,2749,2059
2751,2074,2810,2074,2810,2099,2751,2099
2820,2074,2865,2074,2865,2099,2820,2099
2875,2074,2915,2074,2915,2099,2875,2099
3178,2050,3219,2050,3219,2072,3178,2072
3222,2050,3227,2050,3227,2072,3222,2072
3225,2050,3283,2050,3283,2072,3225,2072
3179,2077,3247,2077,3247,2100,3179,2100
3251,2077,3281,2077,3281,2100,3251,2100
3296,2077,3302,2077,3302,2100,3296,2100
3312,2077,3318,2077,3318,2100,3312,2100
3322,2077,3328,2077,3328,2100,3322,2100
3332,2077,3344,2077,3344,2100,3332,2100
3356,2077,3362,2077,3362,2100,3356,2100
2671,2113,2699,2116,2697,2136,2669,2133
3081,2122,3118,2122,3118,2145,3081,2145
3177,2122,3255,2122,3255,2145,3177,2145
3263,2122,3299,2122,3299,2145,3263,2145
3306,2122,3378,2122,3378,2145,3306,2145
1587,2124,1607,2124,1607,2196,1587,2196
1759,2124,1786,2124,1786,2196,1759,2196
1926,2124,1961,2124,1961,2196,1926,2196
2109,2124,2136,2124,2136,2196,2109,2196
2749,2116,2788,2116,2788,2137,2749,2137
2798,2116,2857,2116,2857,2137,2798,2137
2749,2153,2792,2153,2792,2174,2749,2174
2797,2153,2854,2153,2854,2174,2797,2174
2281,2124,2320,2124,2320,2196,2281,2196
2456,2124,2496,2124,2496,2196,2456,2196
2676,2151,2697,2154,2695,2172,2674,2170
3074,2165,3082,2165,3082,2194,3074,2194
3182,2167,3233,2168,3233,2198,3182,2197
3240,2168,3307,2169,3306,2199,3240,2198
3181,2213,3242,2214,3242,2237,3181,2236
3254,2214,3327,2215,3327,2238,3254,2237
2751,2208,2797,2208,2797,2229,2751,2229
2808,2208,2813,2208,2813,2229,2808,2229
2817,2208,2822,2208,2822,2229,2817,2229
2820,2208,2846,2208,2846,2229,2820,2229
2856,2208,2913,2208,2913,2229,2856,2229
170,2289,218,2289,218,2312,170,2312
223,2289,244,2289,244,2312,223,2312
257,2289,380,2289,380,2312,257,2312
386,2289,416,2289,416,2312,386,2312
425,2289,596,2289,596,2312,425,2312
607,2289,733,2289,733,2312,607,2312
741,2289,766,2289,766,2312,741,2312
775,2289,819,2289,819,2312,775,2312
822,2289,828,2289,828,2312,822,2312
837,2289,849,2289,849,2312,837,2312
864,2289,937,2289,937,2312,864,2312
950,2289,971,2289,971,2312,950,2312
982,2289,1060,2289,1060,2312,982,2312
1072,2289,1085,2289,1085,2312,1072,2312
1099,2289,1204,2289,1204,2312,1099,2312
1218,2289,1224,2289,1224,2312,1218,2312
1228,2289,1234,2289,1234,2312,1228,2312
1235,2289,1241,2289,1241,2312,1235,2312
1253,2289,1343,2289,1343,2312,1253,2312
1353,2289,1389,2289,1389,2312,1353,2312
1395,2289,1542,2289,1542,2312,1395,2312
1549,2289,1600,2289,1600,2312,1549,2312
1607,2289,1647,2289,1647,2312,1607,2312
1655,2289,1734,2289,1734,2312,1655,2312
1741,2289,1767,2289,1767,2312,1741,2312
1779,2289,1906,2289,1906,2312,1779,2312
1918,2289,1939,2289,1939,2312,1918,2312
1955,2289,1961,2289,1961,2312,1955,2312
1965,2289,1971,2289,1971,2312,1965,2312
1969,2289,2099,2289,2099,2312,1969,2312
2106,2289,2112,2289,2112,2312,2106,2312
166,2317,208,2317,208,2346,166,2346
216,2317,329,2317,329,2346,216,2346
339,2317,385,2317,385,2346,339,2346
387,2317,395,2317,395,2346,387,2346
395,2317,487,2317,487,2346,395,2346
489,2317,497,2317,497,2346,489,2346
503,2317,578,2317,578,2346,503,2346
591,2317,607,2317,607,2346,591,2346
615,2317,623,2317,623,2346,615,2346
621,2317,629,2317,629,2346,621,2346
626,2317,778,2317,778,2346,626,2346
781,2317,818,2317,818,2346,781,2346
829,2317,967,2317,967,2346,829,2346
981,2317,1025,2317,1025,2346,981,2346
1034,2317,1103,2317,1103,2346,1034,2346
1116,2317,1124,2317,1124,2346,1116,2346
1136,2317,1171,2317,1171,2346,1136,2346
1182,2317,1266,2317,1266,2346,1182,2346
1266,2317,1274,2317,1274,2346,1266,2346
1286,2317,1339,2317,1339,2346,1286,2346
1346,2317,1475,2317,1475,2346,1346,2346
1489,2317,1516,2317,1516,2346,1489,2346
1522,2317,1591,2317,1591,2346,1522,2346
1604,2317,1643,2317,1643,2346,1604,2346
1652,2317,1727,2317,1727,2346,1652,2346
1739,2317,1777,2317,1777,2346,1739,2346
1788,2317,1804,2317,1804,2346,1788,2346
1815,2317,1846,2317,1846,2346,1815,2346
1857,2317,1948,2317,1948,2346,1857,2346
1959,2317,1988,2317,1988,2346,1959,2346
1996,2317,2078,2317,2078,2346,1996,2346
2091,2317,2099,2317,2099,2346,2091,2346
2100,2317,2108,2317,2108,2346,2100,2346
2108,2317,2236,2317,2236,2346,2108,2346
2241,2317,2249,2317,2249,2346,2241,2346
2614,2300,2676,2300,2676,2339,2614,2339
2690,2300,2701,2300,2701,2339,2690,2339
2733,2300,2762,2300,2762,2339,2733,2339
2774,2300,2886,2300,2886,2339,2774,2339
2901,2300,2966,2300,2966,2339,2901,2339
