3801,177,4449,177,4449,324,3801,324
3803,314,4442,314,4442,453,3803,453
847,598,847,602,830,602,830,598
1294,555,1294,561,1271,561,1271,555
1294,582,1294,588,1271,588,1271,582
1294,627,1294,633,1271,633,1271,627
1194,585,1218,585,1218,650,1194,650
802,585,957,585,957,650,802,650
973,585,991,585,991,650,973,650
1047,585,1082,585,1082,650,1047,650
798,656,812,656,812,707,798,707
871,656,885,656,885,707,871,707
902,656,916,656,916,707,902,707
938,656,952,656,952,707,938,707
975,656,989,656,989,707,975,707
1011,656,1025,656,1025,707,1011,707
1047,656,1061,656,1061,707,1047,707
1079,656,1093,656,1093,707,1079,707
1115,656,1161,656,1161,707,1115,707
1405,612,1406,620,1376,622,1375,614
1409,662,1410,670,1380,672,1379,664
4072,594,4529,594,4529,733,4072,733
1186,683,1189,683,1189,696,1186,696
1221,683,1224,683,1224,696,1221,696
2161,665,2257,665,2257,730,2161,730
845,722,845,726,828,726,828,722
1880,738,1920,738,1920,769,1880,769
844,758,844,762,827,762,827,758
1104,772,1156,772,1156,804,1104,804
2591,781,2644,781,2644,802,2591,802
844,794,844,798,827,798,827,794
4130,808,4214,808,4214,840,4130,840
4232,808,4273,808,4273,840,4232,840
4288,808,4472,808,4472,840,4288,840
843,829,843,833,826,833,826,829
2488,842,2488,840,2499,840,2499,842
755,674,754,711,724,711,725,674
754,741,754,749,725,749,725,741
753,777,753,785,724,785,724,777
753,813,753,821,724,821,724,813
752,846,752,854,723,854,723,846
751,882,751,890,722,890,722,882
751,918,751,926,722,926,722,918
750,954,750,962,721,962,721,954
750,990,750,998,721,998,721,990
749,1026,749,1034,720,1034,720,1026
1446,870,1449,820,1487,822,1484,872
1912,841,1912,847,1889,847,1889,841
1912,867,1912,873,1889,873,1889,867
843,865,843,869,826,869,826,865
2488,877,2488,875,2499,875,2499,877
2488,903,2488,901,2499,901,2499,903
842,901,842,905,825,905,825,901
1657,935,1657,930,1678,930,1678,935
1698,922,1702,922,1702,940,1698,940
1734,923,1738,923,1738,941,1734,941
1770,924,1774,924,1774,942,1770,942
842,935,842,939,825,939,825,935
2435,906,2529,906,2529,964,2435,964
2553,906,2607,906,2607,964,2553,964
2618,906,2736,906,2736,964,2618,964
841,971,841,975,824,975,824,971
1657,974,1657,969,1678,969,1678,974
1937,979,2223,972,2225,1045,1939,1052
3838,995,3846,995,3846,1024,3838,1024
837,1032,840,1032,840,1047,837,1047
876,1036,879,1036,879,1050,876,1050
1124,1035,1128,1035,1128,1052,1124,1052
1160,1034,1164,1034,1164,1051,1160,1051
1194,1034,1198,1034,1198,1051,1194,1051
1230,1034,1234,1034,1234,1051,1230,1051
1266,1034,1270,1034,1270,1051,1266,1051
1336,1033,1340,1033,1340,1050,1336,1050
1371,1038,1373,1038,1373,1049,1371,1049
4064,998,4073,998,4074,1033,4065,1033
3913,1040,4025,1040,4025,1076,3913,1076
4060,1040,4079,1040,4079,1076,4060,1076
2428,1052,2463,1052,2463,1084,2428,1084
1804,1139,1823,1138,1823,1146,1804,1147
2211,1140,2214,1140,2212,1154,2209,1154
2435,1154,2438,1154,2438,1169,2435,1169
2470,1154,2473,1154,2473,1169,2470,1169
2505,1153,2508,1153,2508,1168,2505,1168
2540,1153,2543,1153,2543,1168,2540,1168
2577,1152,2580,1152,2580,1167,2577,1167
2612,1152,2615,1152,2615,1167,2612,1167
2647,1151,2650,1151,2650,1166,2647,1166
2414,1108,2411,1183,2382,1182,2385,1107
2409,1195,2409,1203,2380,1202,2380,1194
2408,1231,2408,1239,2379,1238,2379,1230
2406,1267,2406,1275,2377,1274,2377,1266
2405,1303,2405,1311,2376,1310,2376,1302
2403,1339,2403,1347,2374,1346,2374,1338
1260,1314,1260,1262,1290,1262,1290,1314
4268,1304,4282,1303,4287,1353,4273,1355
2140,1365,2146,1365,2146,1388,2140,1388
2176,1365,2182,1365,2182,1388,2176,1388
2212,1364,2218,1364,2218,1387,2212,1387
2246,1364,2252,1364,2252,1387,2246,1387
2282,1364,2288,1364,2288,1387,2282,1387
2318,1363,2324,1363,2324,1386,2318,1386
2354,1363,2360,1363,2360,1386,2354,1386
2390,1362,2396,1362,2396,1385,2390,1385
2094,1417,2094,1411,2119,1411,2119,1417
2094,1453,2094,1447,2119,1447,2119,1453
2094,1490,2094,1484,2119,1484,2119,1490
1711,1480,1759,1480,1759,1514,1711,1514
2094,1524,2094,1518,2119,1518,2119,1524
899,1480,949,1480,949,1515,899,1515
700,1534,886,1534,886,1588,700,1588
918,1534,933,1534,933,1588,918,1588
957,1534,1150,1534,1150,1588,957,1588
2434,1478,2481,1478,2481,1515,2434,1515
2385,1539,2624,1539,2624,1583,2385,1583
2094,1560,2094,1554,2119,1554,2119,1560
1450,1614,1450,1563,1482,1563,1482,1614
1583,1563,1824,1563,1824,1607,1583,1607
1853,1563,1865,1563,1865,1607,1853,1607
2681,1601,2681,1551,2716,1551,2716,1601
2094,1594,2094,1588,2119,1588,2119,1594
2094,1630,2094,1624,2119,1624,2119,1630
2094,1667,2094,1661,2119,1661,2119,1667
2137,1692,2143,1692,2143,1715,2137,1715
2176,1691,2182,1691,2182,1714,2176,1714
2212,1690,2218,1690,2218,1713,2212,1713
2245,1690,2251,1690,2251,1713,2245,1713
2281,1689,2287,1689,2287,1712,2281,1712
2317,1688,2323,1688,2323,1711,2317,1711
2378,1778,2378,1773,2397,1773,2397,1778
2377,1814,2377,1809,2396,1809,2396,1814
2422,1823,2430,1820,2439,1847,2432,1850
2376,1850,2376,1845,2395,1845,2395,1850
2309,1864,2317,1861,2326,1888,2319,1891
2376,1884,2376,1879,2395,1879,2395,1884
2375,1916,2375,1911,2394,1911,2394,1916
2611,1909,2614,1909,2614,1923,2611,1923
3717,1547,3980,1547,3980,1632,3717,1632
4035,1547,4238,1547,4238,1632,4035,1632
4302,1547,4380,1547,4380,1632,4302,1632
4388,1547,4466,1547,4466,1632,4388,1632
4481,1547,4565,1547,4565,1632,4481,1632
4666,1547,4799,1547,4799,1632,4666,1632
3777,1676,3878,1676,3878,1740,3777,1740
3866,1676,3884,1676,3884,1740,3866,1740
3892,1676,3910,1676,3910,1740,3892,1740
4072,1659,4201,1665,4197,1741,4068,1735
4382,1683,4496,1683,4496,1727,4382,1727
4701,1681,4763,1681,4763,1729,4701,1729
4063,1793,4278,1793,4278,1867,4063,1867
4300,1793,4568,1793,4568,1867,4300,1867
3890,1890,4082,1887,4083,1946,3891,1949
4119,1887,4135,1887,4136,1945,4120,1945
4168,1886,4368,1883,4369,1941,4169,1944
4566,1886,4611,1886,4611,1948,4566,1948
4618,1886,4635,1886,4635,1948,4618,1948
4635,1886,4681,1886,4681,1948,4635,1948
4697,1886,4777,1886,4777,1948,4697,1948
3887,1969,4135,1969,4135,2015,3887,2015
4170,1969,4183,1969,4183,2015,4170,2015
4566,1967,4611,1967,4611,2015,4566,2015
4618,1967,4631,1967,4631,2015,4618,2015
4633,1967,4685,1967,4685,2015,4633,2015
4696,1967,4775,1967,4775,2015,4696,2015
3887,2041,4142,2041,4142,2087,3887,2087
4165,2041,4178,2041,4178,2087,4165,2087
4566,2039,4608,2039,4608,2085,4566,2085
4616,2039,4629,2039,4629,2085,4616,2085
4629,2039,4688,2039,4688,2085,4629,2085
4700,2039,4776,2039,4776,2085,4700,2085
3889,2111,3990,2111,3990,2159,3889,2159
4016,2111,4068,2111,4068,2159,4016,2159
4084,2111,4212,2111,4212,2159,4084,2159
4563,2111,4576,2111,4576,2157,4563,2157
4591,2111,4604,2111,4604,2157,4591,2157
4606,2111,4649,2111,4649,2157,4606,2157
4670,2111,4746,2111,4746,2157,4670,2157
3887,2182,4191,2182,4191,2240,3887,2240
4568,2178,4583,2178,4583,2232,4568,2232
4590,2178,4605,2178,4605,2232,4590,2232
4608,2178,4658,2178,4658,2232,4608,2232
4668,2178,4747,2178,4747,2232,4668,2232
3877,2257,3966,2257,3966,2301,3877,2301
4570,2254,4584,2254,4584,2305,4570,2305
4591,2254,4605,2254,4605,2305,4591,2305
4600,2254,4657,2254,4657,2305,4600,2305
4669,2254,4745,2254,4745,2305,4669,2305
4555,2326,4612,2326,4612,2378,4555,2378
4620,2326,4634,2326,4634,2378,4620,2378
4631,2326,4679,2326,4679,2378,4631,2378
4700,2326,4776,2326,4776,2378,4700,2378
972,1967,976,1967,976,1983,972,1983
994,1967,998,1967,998,1983,994,1983
1042,1967,1046,1967,1046,1983,1042,1983
1065,1967,1069,1967,1069,1983,1065,1983
1089,1967,1093,1967,1093,1983,1089,1983
1113,1967,1117,1967,1117,1983,1113,1983
1137,1967,1141,1967,1141,1983,1137,1983
1161,1967,1165,1967,1165,1983,1161,1983
1184,1967,1188,1967,1188,1983,1184,1983
2330,1985,2388,1985,2388,2010,2330,2010
2436,1985,2442,1985,2442,2010,2436,2010
918,2003,918,2000,931,2000,931,2003
1632,2038,1651,2037,1652,2046,1633,2047
455,2377,455,2312,486,2312,486,2377
455,2306,455,2298,486,2298,486,2306
455,2298,455,2246,486,2246,486,2298
1128,2290,1384,2290,1384,2344,1128,2344
1448,2477,1448,2427,1483,2427,1483,2477
3719,2482,3807,2482,3807,2518,3719,2518
3823,2482,3833,2482,3833,2518,3823,2518
3839,2482,3878,2482,3878,2518,3839,2518
3893,2482,3999,2482,3999,2518,3893,2518
4009,2482,4060,2482,4060,2518,4009,2518
4073,2482,4199,2482,4199,2518,4073,2518
4214,2482,4260,2482,4260,2518,4214,2518
4265,2482,4367,2482,4367,2518,4265,2518
4384,2482,4455,2482,4455,2518,4384,2518
4465,2482,4529,2482,4529,2518,4465,2518
4547,2482,4598,2482,4598,2518,4547,2518
4610,2482,4706,2482,4706,2518,4610,2518
4718,2482,4871,2482,4871,2518,4718,2518
3894,2554,4162,2554,4162,2608,3894,2608
4566,2548,4613,2548,4613,2612,4566,2612
4623,2548,4705,2548,4705,2612,4623,2612
3905,2742,4057,2746,4056,2782,3904,2778
3766,2818,3806,2818,3806,2854,3766,2854
3767,2854,3827,2855,3827,2891,3767,2890
3767,2894,3831,2895,3831,2929,3767,2928
3767,2937,3803,2935,3804,2960,3768,2962
3769,2973,3803,2973,3803,3004,3769,3004
3885,2818,3895,2818,3895,2854,3885,2854
3903,2818,3980,2818,3980,2854,3903,2854
3997,2818,4106,2818,4106,2854,3997,2854
3883,2855,3892,2855,3892,2890,3883,2890
3897,2855,4011,2856,4011,2892,3897,2891
4023,2856,4114,2857,4114,2893,4023,2892
4134,2857,4215,2858,4215,2894,4134,2893
3883,2895,3892,2895,3892,2929,3883,2929
3906,2895,4011,2896,4011,2931,3906,2930
4032,2896,4134,2897,4134,2932,4032,2931
4144,2897,4259,2898,4259,2932,4144,2931
3881,2938,3889,2938,3889,2969,3881,2969
3899,2938,3978,2938,3978,2969,3899,2969
3985,2938,4103,2938,4103,2969,3985,2969
3877,2972,3886,2972,3886,3006,3877,3006
3899,2972,4011,2972,4011,3006,3899,3006
4029,2972,4174,2972,4174,3006,4029,3006
3879,3010,3888,3010,3888,3045,3879,3045
3901,3010,4010,3010,4010,3045,3901,3045
4019,3010,4028,3010,4028,3045,4019,3045
4031,3010,4081,3010,4081,3045,4031,3045
4095,3010,4358,3010,4358,3045,4095,3045
3881,3050,3889,3050,3889,3081,3881,3081
3899,3050,3973,3051,3973,3083,3899,3082
3990,3052,4024,3052,4024,3083,3990,3083
4036,3052,4176,3054,4176,3086,4036,3084
3878,3088,3887,3088,3887,3122,3878,3122
3899,3088,3993,3088,3993,3122,3899,3122
4006,3088,4125,3088,4125,3122,4006,3122
3878,3128,3886,3128,3886,3160,3878,3160
3898,3128,3968,3128,3968,3160,3898,3160
3978,3128,3986,3128,3986,3160,3978,3160
3985,3128,4065,3128,4065,3160,3985,3160
3875,3164,3885,3164,3885,3200,3875,3200
3889,3164,3981,3164,3981,3200,3889,3200
3986,3164,3996,3164,3996,3200,3986,3200
3996,3164,4077,3164,4077,3200,3996,3200
3766,3014,3807,3011,3809,3042,3768,3045
3764,3046,3809,3046,3809,3086,3764,3086
3763,3090,3807,3081,3815,3120,3771,3129
2448,3058,2513,3058,2513,3093,2448,3093
2525,3058,2551,3058,2551,3093,2525,3093
2572,3057,2736,3056,2736,3092,2572,3093
2742,3057,2783,3057,2783,3092,2742,3092
2799,3056,3031,3055,3031,3091,2799,3092
3046,3055,3218,3054,3218,3090,3046,3091
3233,3055,3265,3055,3265,3090,3233,3090
3276,3055,3332,3055,3332,3090,3276,3090
3343,3055,3352,3055,3352,3090,3343,3090
3361,3055,3381,3055,3381,3090,3361,3090
3400,3054,3502,3054,3502,3089,3400,3089
3514,3054,3546,3054,3546,3089,3514,3089
2440,3096,2553,3096,2553,3128,2440,3128
2564,3096,2587,3096,2587,3128,2564,3128
2601,3096,2745,3096,2745,3128,2601,3128
2767,3096,2775,3096,2775,3128,2767,3128
2780,3096,2788,3096,2788,3128,2780,3128
2790,3096,2798,3096,2798,3128,2790,3128
2812,3096,2938,3096,2938,3128,2812,3128
2947,3096,2998,3096,2998,3128,2947,3128
3006,3096,3208,3096,3208,3128,3006,3128
3223,3096,3288,3096,3288,3128,3223,3128
3297,3096,3348,3096,3348,3128,3297,3128
3364,3096,3468,3096,3468,3128,3364,3128
3479,3096,3515,3096,3515,3128,3479,3128
2442,3134,2621,3134,2621,3166,2442,3166
2638,3134,2667,3134,2667,3166,2638,3166
2686,3134,2694,3134,2694,3166,2686,3166
2699,3134,2707,3134,2707,3166,2699,3166
2710,3134,2889,3134,2889,3166,2710,3166
2894,3134,2902,3134,2902,3166,2894,3166
2440,3174,2494,3174,2494,3205,2440,3205
2508,3174,2664,3174,2664,3205,2508,3205
2679,3174,2738,3174,2738,3205,2679,3205
2750,3174,2875,3174,2875,3205,2750,3205
2880,3174,2888,3174,2888,3205,2880,3205
2901,3174,3002,3174,3002,3205,2901,3205
3019,3174,3047,3174,3047,3205,3019,3205
3056,3174,3064,3174,3064,3205,3056,3205
3063,3174,3071,3174,3071,3205,3063,3205
3073,3174,3275,3174,3275,3205,3073,3205
3283,3174,3332,3174,3332,3205,3283,3205
3347,3174,3536,3174,3536,3205,3347,3205
2444,3210,2511,3210,2511,3242,2444,3242
2519,3210,2615,3210,2615,3242,2519,3242
2631,3210,2639,3210,2639,3242,2631,3242
2658,3210,2707,3210,2707,3242,2658,3242
2724,3210,2836,3210,2836,3242,2724,3242
2839,3210,2847,3210,2847,3242,2839,3242
2864,3210,2936,3210,2936,3242,2864,3242
2947,3210,3127,3210,3127,3242,2947,3242
3142,3210,3178,3210,3178,3242,3142,3242
3188,3210,3280,3210,3280,3242,3188,3242
3299,3210,3350,3210,3350,3242,3299,3242
3365,3210,3472,3210,3472,3242,3365,3242
3487,3210,3533,3210,3533,3242,3487,3242
3551,3210,3574,3210,3574,3242,3551,3242
2446,3250,2492,3250,2492,3285,2446,3285
2507,3249,2633,3248,2633,3284,2507,3285
2644,3248,2684,3248,2684,3284,2644,3284
2695,3248,2808,3247,2808,3283,2695,3284
2825,3247,2834,3247,2834,3282,2825,3282
2839,3247,2848,3247,2848,3282,2839,3282
2848,3247,3024,3246,3024,3282,2848,3283
3032,3246,3041,3246,3041,3281,3032,3281
3764,3122,3809,3122,3809,3162,3764,3162
3761,3164,3814,3164,3814,3200,3761,3200
4481,3150,4491,3150,4491,3188,4481,3188
4493,3150,4673,3150,4673,3188,4493,3188
4686,3150,4715,3150,4715,3188,4686,3188
4723,3150,4848,3150,4848,3188,4723,3188
4478,3214,4488,3214,4488,3250,4478,3250
4502,3214,4609,3214,4609,3250,4502,3250
4625,3214,4652,3214,4652,3250,4625,3250
4660,3214,4720,3214,4720,3250,4660,3250
4722,3214,4732,3214,4732,3250,4722,3250
4736,3214,4861,3214,4861,3250,4736,3250
4497,3250,4582,3250,4582,3284,4497,3284
4604,3250,4613,3250,4613,3284,4604,3284
4632,3250,4641,3250,4641,3284,4632,3284
4646,3250,4655,3250,4655,3284,4646,3284
4659,3250,4684,3250,4684,3284,4659,3284
4706,3250,4715,3250,4715,3284,4706,3284
3582,3373,3626,3373,3626,3407,3582,3407
3997,3362,4097,3362,4097,3408,3997,3408
4107,3362,4120,3362,4120,3408,4107,3408
4286,3363,4343,3363,4343,3407,4286,3407
4346,3363,4358,3363,4358,3407,4346,3407
4362,3363,4419,3363,4419,3407,4362,3407
4418,3363,4430,3363,4430,3407,4418,3407
4432,3363,4532,3363,4532,3407,4432,3407
