3801,177,4449,177,4449,324,3801,324
3803,314,4442,314,4442,453,3803,453
4065,594,4525,594,4525,734,4065,734
4130,808,4214,808,4214,840,4130,840
4232,808,4273,808,4273,840,4232,840
4288,808,4472,808,4472,840,4288,840
1277,890,1525,890,1525,944,1277,944
1537,985,1539,941,1573,943,1571,987
821,1204,821,769,852,769,852,1204
862,1072,862,1006,898,1006,898,1072
862,1002,862,992,898,992,898,1002
862,993,862,941,898,941,898,993
1934,1260,1934,1259,1941,1259,1941,1260
1527,1300,1527,1303,1514,1303,1514,1300
1805,1290,1846,1288,1847,1308,1806,1310
1001,1317,1003,1317,1003,1329,1001,1329
1024,1317,1026,1317,1026,1329,1024,1329
1047,1317,1049,1317,1049,1329,1047,1329
1072,1317,1074,1317,1074,1329,1072,1329
1096,1319,1098,1319,1098,1330,1096,1330
1120,1319,1122,1319,1122,1330,1120,1330
1140,1319,1142,1319,1142,1330,1140,1330
1166,1319,1168,1319,1168,1330,1166,1330
1355,1320,1357,1320,1357,1331,1355,1331
1379,1320,1381,1320,1381,1331,1379,1331
1402,1319,1404,1319,1404,1330,1402,1330
1426,1319,1428,1319,1428,1330,1426,1330
1450,1319,1452,1319,1452,1330,1450,1330
1473,1318,1475,1318,1475,1329,1473,1329
1497,1318,1499,1318,1499,1329,1497,1329
1527,1324,1527,1327,1514,1327,1514,1324
1743,1316,1746,1316,1746,1331,1743,1331
1766,1316,1769,1316,1769,1331,1766,1331
1791,1316,1794,1316,1794,1331,1791,1331
1814,1316,1817,1316,1817,1331,1814,1331
1238,1313,1251,1314,1247,1361,1234,1360
1284,1316,1319,1319,1315,1367,1280,1364
2070,1323,2073,1323,2073,1336,2070,1336
2105,1323,2108,1323,2108,1336,2105,1336
2141,1323,2144,1323,2144,1336,2141,1336
2176,1323,2179,1323,2179,1336,2176,1336
2211,1323,2214,1323,2214,1336,2211,1336
2248,1323,2251,1323,2251,1336,2248,1336
2284,1323,2287,1323,2287,1337,2284,1337
2318,1323,2321,1323,2321,1337,2318,1337
2354,1323,2357,1323,2357,1337,2354,1337
2389,1323,2392,1323,2392,1337,2389,1337
1874,1331,1939,1306,1950,1334,1885,1359
3745,1298,4179,1289,4181,1370,3747,1379
1253,1372,1296,1372,1296,1415,1253,1415
2022,1381,2031,1380,2034,1415,2025,1416
2040,1380,2049,1379,2052,1414,2043,1415
2063,1378,2108,1374,2111,1409,2066,1413
2021,1425,2065,1429,2063,1451,2019,1447
1884,1536,1887,1536,1886,1550,1883,1550
1029,1545,1217,1545,1217,1593,1029,1593
1251,1545,1264,1545,1264,1593,1251,1593
1288,1545,1484,1545,1484,1593,1288,1593
1752,1581,1752,1585,1735,1585,1735,1581
1752,1618,1752,1622,1735,1622,1735,1618
2046,1610,2282,1610,2282,1664,2046,1664
4666,1547,4799,1547,4799,1632,4666,1632
4712,1663,4759,1663,4759,1747,4712,1747
1752,1653,1752,1657,1735,1657,1735,1653
2396,1706,2396,1657,2430,1657,2430,1706
1751,1689,1751,1693,1734,1693,1734,1689
3717,1547,3980,1547,3980,1632,3717,1632
4035,1547,4238,1547,4238,1632,4035,1632
4302,1547,4380,1547,4380,1632,4302,1632
4388,1547,4466,1547,4466,1632,4388,1632
4481,1547,4565,1547,4565,1632,4481,1632
3768,1676,3871,1676,3871,1732,3768,1732
3867,1676,3883,1676,3883,1732,3867,1732
3895,1676,3911,1676,3911,1732,3895,1732
4068,1667,4196,1667,4196,1747,4068,1747
4382,1667,4486,1667,4486,1747,4382,1747
4061,1795,4279,1795,4279,1876,4061,1876
4307,1795,4572,1795,4572,1876,4307,1876
1751,1725,1751,1729,1734,1729,1734,1725
1750,1761,1750,1765,1733,1765,1733,1761
2499,1644,2499,1932,2484,1932,2484,1644
1750,1795,1750,1799,1733,1799,1733,1795
1749,1831,1749,1835,1732,1835,1732,1831
1749,1865,1749,1869,1732,1869,1732,1865
1776,1865,1779,1865,1779,1879,1776,1879
1812,1867,1815,1867,1815,1881,1812,1881
1848,1868,1851,1868,1851,1882,1848,1882
1538,1978,1545,1924,1573,1928,1567,1982
915,1970,916,2020,881,2021,880,1971
3871,1965,4064,1965,4064,2013,3871,2013
4101,1965,4114,1965,4114,2013,4101,2013
4143,1965,4348,1965,4348,2013,4143,2013
3865,2037,4120,2037,4120,2083,3865,2083
3866,2108,3971,2108,3971,2157,3866,2157
3998,2108,4052,2108,4052,2157,3998,2157
4068,2108,4192,2108,4192,2157,4068,2157
4218,2108,4232,2108,4232,2157,4218,2157
4237,2108,4318,2108,4318,2157,4237,2157
2241,2066,2254,2066,2254,2112,2241,2112
2279,2066,2292,2066,2292,2112,2279,2112
2312,2066,2325,2066,2325,2112,2312,2112
2349,2066,2362,2066,2362,2112,2349,2112
4544,1965,4594,1965,4594,2011,4544,2011
4600,1965,4613,1965,4613,2011,4600,2011
4617,1965,4658,1965,4658,2011,4617,2011
4680,1965,4755,1965,4755,2011,4680,2011
4548,2035,4601,2035,4601,2083,4548,2083
4601,2035,4614,2035,4614,2083,4601,2083
4618,2035,4663,2035,4663,2083,4618,2083
4679,2035,4758,2035,4758,2083,4679,2083
4544,2106,4559,2106,4559,2160,4544,2160
4571,2106,4586,2106,4586,2160,4571,2160
4582,2106,4642,2106,4642,2160,4582,2160
4649,2106,4728,2106,4728,2160,4649,2160
4546,2177,4592,2177,4592,2227,4546,2227
4601,2177,4615,2177,4615,2227,4601,2227
4620,2177,4656,2177,4656,2227,4620,2227
4682,2177,4756,2177,4756,2227,4682,2227
1336,2124,1340,2124,1340,2141,1336,2141
1372,2124,1376,2124,1376,2141,1372,2141
1406,2124,1410,2124,1410,2141,1406,2141
1442,2123,1446,2123,1446,2140,1442,2140
1477,2123,1481,2123,1481,2140,1477,2140
1513,2123,1517,2123,1517,2140,1513,2140
1549,2123,1553,2123,1553,2140,1549,2140
1314,2167,1314,2173,1289,2173,1289,2167
892,2182,898,2182,898,2206,892,2206
927,2182,933,2182,933,2206,927,2206
962,2182,968,2182,968,2206,962,2206
1000,2182,1006,2182,1006,2206,1000,2206
1035,2182,1041,2182,1041,2206,1035,2206
2016,2174,2025,2174,2025,2209,2016,2209
2052,2174,2061,2174,2061,2209,2052,2209
2070,2174,2079,2174,2079,2209,2070,2209
2088,2174,2097,2174,2097,2209,2088,2209
2140,2174,2149,2174,2149,2209,2140,2209
1148,2197,1148,2201,1131,2201,1131,2197
1314,2204,1314,2210,1289,2210,1289,2204
1148,2238,1148,2242,1131,2242,1131,2238
1314,2237,1314,2243,1289,2243,1289,2237
1148,2272,1148,2276,1131,2276,1131,2272
1314,2274,1314,2280,1289,2280,1289,2274
1148,2308,1148,2312,1131,2312,1131,2308
2091,2301,2095,2301,2095,2318,2091,2318
2123,2300,2127,2300,2127,2317,2123,2317
2161,2300,2165,2300,2165,2317,2161,2317
2197,2299,2201,2299,2201,2316,2197,2316
1314,2310,1314,2316,1289,2316,1289,2310
1148,2344,1148,2348,1131,2348,1131,2344
1314,2344,1314,2350,1289,2350,1289,2344
1974,2306,2076,2304,2077,2385,1975,2387
2100,2304,2146,2303,2147,2383,2101,2384
2166,2303,2277,2301,2278,2382,2167,2384
2296,2301,2319,2301,2320,2381,2297,2381
2321,2300,2410,2298,2411,2378,2322,2380
1301,2360,1310,2360,1310,2394,1301,2394
1340,2360,1389,2360,1389,2394,1340,2394
1148,2380,1148,2384,1131,2384,1131,2380
1148,2415,1148,2419,1131,2419,1131,2415
1314,2414,1314,2420,1289,2420,1289,2414
1148,2451,1148,2455,1131,2455,1131,2451
1314,2451,1314,2457,1289,2457,1289,2451
3520,2433,3534,2442,3503,2491,3489,2482
1148,2487,1148,2491,1131,2491,1131,2487
1314,2487,1314,2493,1289,2493,1289,2487
1630,2480,1633,2480,1632,2494,1629,2494
1655,2481,1658,2481,1657,2495,1654,2495
1444,2480,1452,2480,1451,2511,1443,2511
1476,2481,1484,2481,1483,2512,1475,2512
1515,2482,1523,2482,1522,2513,1514,2513
1574,2483,1641,2484,1640,2515,1573,2514
1690,2482,1693,2482,1692,2496,1689,2496
3719,2482,3806,2482,3806,2516,3719,2516
3823,2482,3832,2482,3832,2516,3823,2516
3840,2482,3878,2482,3878,2516,3840,2516
3892,2482,3994,2482,3994,2516,3892,2516
4013,2482,4061,2482,4061,2516,4013,2516
4072,2482,4198,2482,4198,2516,4072,2516
4211,2482,4260,2482,4260,2516,4211,2516
4269,2482,4369,2482,4369,2516,4269,2516
4384,2482,4455,2482,4455,2516,4384,2516
4464,2482,4528,2482,4528,2516,4464,2516
4544,2482,4597,2482,4597,2516,4544,2516
4608,2482,4707,2482,4707,2516,4608,2516
4716,2482,4870,2482,4870,2516,4716,2516
1148,2521,1148,2525,1131,2525,1131,2521
1314,2539,1314,2545,1289,2545,1289,2539
1148,2551,1148,2555,1131,2555,1131,2551
1276,2530,1424,2530,1424,2592,1276,2592
1439,2530,1456,2530,1456,2592,1439,2592
1507,2530,1552,2530,1552,2592,1507,2592
3872,2558,4143,2558,4143,2620,3872,2620
4553,2567,4585,2567,4585,2611,4553,2611
4605,2567,4686,2567,4686,2611,4605,2611
1195,2588,1195,2597,1162,2599,1161,2590
1197,2621,1199,2652,1165,2654,1163,2623
925,2706,929,2706,930,2724,926,2724
998,2704,1002,2704,1003,2722,999,2722
1032,2703,1036,2703,1037,2721,1033,2721
3905,2742,4057,2746,4056,2782,3904,2778
3766,2818,3806,2818,3806,2854,3766,2854
3767,2854,3827,2855,3827,2891,3767,2890
3767,2894,3831,2895,3831,2929,3767,2928
3767,2937,3803,2935,3804,2960,3768,2962
3769,2973,3803,2973,3803,3004,3769,3004
3885,2818,3895,2818,3895,2854,3885,2854
3903,2818,3980,2818,3980,2854,3903,2854
3997,2818,4106,2818,4106,2854,3997,2854
3883,2855,3892,2855,3892,2890,3883,2890
3897,2855,4011,2856,4011,2892,3897,2891
4023,2856,4114,2857,4114,2893,4023,2892
4134,2857,4215,2858,4215,2894,4134,2893
3883,2895,3892,2895,3892,2929,3883,2929
3906,2895,4011,2896,4011,2931,3906,2930
4032,2896,4134,2897,4134,2932,4032,2931
4144,2897,4259,2898,4259,2932,4144,2931
3881,2938,3889,2938,3889,2969,3881,2969
3899,2938,3978,2938,3978,2969,3899,2969
3985,2938,4103,2938,4103,2969,3985,2969
3877,2972,3886,2972,3886,3006,3877,3006
3899,2972,4011,2972,4011,3006,3899,3006
4029,2972,4174,2972,4174,3006,4029,3006
3879,3010,3888,3010,3888,3045,3879,3045
3901,3010,4015,3010,4015,3045,3901,3045
4019,3010,4028,3010,4028,3045,4019,3045
4031,3010,4081,3010,4081,3045,4031,3045
4095,3010,4364,3010,4364,3045,4095,3045
3881,3050,3889,3050,3889,3081,3881,3081
3899,3050,3973,3051,3973,3083,3899,3082
3990,3052,4024,3052,4024,3083,3990,3083
4036,3052,4176,3054,4176,3086,4036,3084
3878,3088,3887,3088,3887,3122,3878,3122
3899,3088,3993,3088,3993,3122,3899,3122
4006,3088,4125,3088,4125,3122,4006,3122
3878,3128,3886,3128,3886,3160,3878,3160
3898,3128,3968,3128,3968,3160,3898,3160
3978,3128,3986,3128,3986,3160,3978,3160
3985,3128,4065,3128,4065,3160,3985,3160
3875,3164,3885,3164,3885,3200,3875,3200
3889,3164,3981,3164,3981,3200,3889,3200
3986,3164,3996,3164,3996,3200,3986,3200
3996,3164,4077,3164,4077,3200,3996,3200
3766,3014,3807,3011,3809,3042,3768,3045
3764,3046,3809,3046,3809,3086,3764,3086
3763,3090,3807,3081,3815,3120,3771,3129
2448,3058,2513,3058,2513,3093,2448,3093
2525,3058,2551,3058,2551,3093,2525,3093
2572,3057,2736,3056,2736,3092,2572,3093
2742,3057,2783,3057,2783,3092,2742,3092
2799,3056,3031,3055,3031,3091,2799,3092
3046,3055,3218,3054,3218,3090,3046,3091
3233,3055,3265,3055,3265,3090,3233,3090
3276,3055,3332,3055,3332,3090,3276,3090
3343,3055,3352,3055,3352,3090,3343,3090
3361,3055,3381,3055,3381,3090,3361,3090
3400,3054,3502,3054,3502,3089,3400,3089
3514,3054,3546,3054,3546,3089,3514,3089
2440,3096,2553,3096,2553,3128,2440,3128
2564,3096,2587,3096,2587,3128,2564,3128
2601,3096,2745,3096,2745,3128,2601,3128
2767,3096,2775,3096,2775,3128,2767,3128
2780,3096,2788,3096,2788,3128,2780,3128
2790,3096,2798,3096,2798,3128,2790,3128
2812,3096,2938,3096,2938,3128,2812,3128
2947,3096,2998,3096,2998,3128,2947,3128
3006,3096,3208,3096,3208,3128,3006,3128
3223,3096,3288,3096,3288,3128,3223,3128
3297,3096,3348,3096,3348,3128,3297,3128
3364,3096,3468,3096,3468,3128,3364,3128
3479,3096,3515,3096,3515,3128,3479,3128
2442,3134,2621,3134,2621,3166,2442,3166
2638,3134,2667,3134,2667,3166,2638,3166
2686,3134,2694,3134,2694,3166,2686,3166
2699,3134,2707,3134,2707,3166,2699,3166
2710,3134,2889,3134,2889,3166,2710,3166
2894,3134,2902,3134,2902,3166,2894,3166
2440,3174,2494,3174,2494,3205,2440,3205
2508,3174,2664,3174,2664,3205,2508,3205
2679,3174,2738,3174,2738,3205,2679,3205
2750,3174,2875,3174,2875,3205,2750,3205
2880,3174,2888,3174,2888,3205,2880,3205
2901,3174,3002,3174,3002,3205,2901,3205
3019,3174,3047,3174,3047,3205,3019,3205
3056,3174,3064,3174,3064,3205,3056,3205
3063,3174,3071,3174,3071,3205,3063,3205
3073,3174,3275,3174,3275,3205,3073,3205
3283,3174,3332,3174,3332,3205,3283,3205
3347,3174,3536,3174,3536,3205,3347,3205
2444,3210,2511,3210,2511,3242,2444,3242
2519,3210,2615,3210,2615,3242,2519,3242
2631,3210,2639,3210,2639,3242,2631,3242
2658,3210,2707,3210,2707,3242,2658,3242
2724,3210,2836,3210,2836,3242,2724,3242
2839,3210,2847,3210,2847,3242,2839,3242
2864,3210,2936,3210,2936,3242,2864,3242
2947,3210,3127,3210,3127,3242,2947,3242
3142,3210,3178,3210,3178,3242,3142,3242
3188,3210,3280,3210,3280,3242,3188,3242
3299,3210,3350,3210,3350,3242,3299,3242
3365,3210,3472,3210,3472,3242,3365,3242
3487,3210,3533,3210,3533,3242,3487,3242
3551,3210,3574,3210,3574,3242,3551,3242
2446,3250,2492,3250,2492,3285,2446,3285
2507,3249,2633,3248,2633,3284,2507,3285
2644,3248,2684,3248,2684,3284,2644,3284
2695,3248,2808,3247,2808,3283,2695,3284
2825,3247,2834,3247,2834,3282,2825,3282
2839,3247,2848,3247,2848,3282,2839,3282
2848,3247,3024,3246,3024,3282,2848,3283
3032,3246,3041,3246,3041,3281,3032,3281
3764,3122,3809,3122,3809,3162,3764,3162
3761,3164,3814,3164,3814,3200,3761,3200
4490,3155,4500,3155,4500,3191,4490,3191
4505,3155,4683,3155,4683,3191,4505,3191
4696,3155,4723,3155,4723,3191,4696,3191
4732,3155,4857,3155,4857,3191,4732,3191
4490,3222,4500,3222,4500,3258,4490,3258
4514,3222,4621,3222,4621,3258,4514,3258
4633,3222,4660,3222,4660,3258,4633,3258
4672,3222,4732,3222,4732,3258,4672,3258
4734,3222,4744,3222,4744,3258,4734,3258
4744,3222,4867,3222,4867,3258,4744,3258
4509,3254,4592,3255,4591,3291,4508,3290
4615,3256,4624,3256,4623,3291,4614,3291
4644,3256,4653,3256,4652,3291,4643,3291
4658,3257,4667,3257,4666,3292,4657,3292
4672,3257,4698,3257,4697,3292,4671,3292
4716,3258,4725,3258,4724,3293,4715,3293
3582,3373,3626,3373,3626,3407,3582,3407
3997,3362,4097,3362,4097,3408,3997,3408
4107,3362,4120,3362,4120,3408,4107,3408
4290,3363,4338,3363,4338,3407,4290,3407
4348,3363,4360,3363,4360,3407,4348,3407
4366,3363,4415,3363,4415,3407,4366,3407
4420,3363,4432,3363,4432,3407,4420,3407
4434,3363,4534,3363,4534,3407,4434,3407
