3801,177,4449,177,4449,324,3801,324
3803,314,4442,314,4442,453,3803,453
712,608,716,608,716,625,712,625
746,608,750,608,750,625,746,625
782,608,786,608,786,625,782,625
816,608,820,608,820,625,816,625
874,661,883,658,889,678,880,681
4060,594,4517,594,4517,723,4060,723
961,673,961,667,984,667,984,673
1482,666,1533,673,1528,708,1477,701
961,709,961,703,984,703,984,709
936,654,1095,654,1095,716,936,716
1185,654,1219,654,1219,716,1185,716
1332,654,1355,654,1355,716,1332,716
975,725,986,725,985,765,974,765
1008,726,1019,726,1018,766,1007,766
1045,726,1056,726,1055,766,1044,766
1078,727,1089,727,1088,767,1077,767
1115,727,1126,727,1125,767,1114,767
1152,728,1163,728,1162,768,1151,768
1185,728,1196,728,1195,768,1184,768
1221,729,1232,729,1231,769,1220,769
1258,729,1269,729,1268,769,1257,769
1291,730,1302,730,1301,770,1290,770
1328,730,1339,730,1338,770,1327,770
1365,731,1376,731,1375,771,1364,771
1272,708,1271,714,1247,711,1247,706
1457,730,1463,732,1456,755,1450,753
906,678,896,800,865,797,875,676
895,813,894,821,864,819,865,811
892,847,891,855,861,853,862,845
1508,746,1514,748,1507,771,1501,769
2303,728,2396,732,2393,795,2300,791
961,798,961,792,984,792,984,798
4130,808,4214,808,4214,840,4130,840
4232,808,4273,808,4273,840,4232,840
4288,808,4472,808,4472,840,4288,840
961,832,961,826,984,826,984,832
883,846,883,850,865,850,865,846
961,868,961,862,984,862,984,868
2730,851,2776,849,2777,879,2731,881
883,881,883,885,865,885,865,881
1240,874,1294,874,1294,896,1240,896
1793,941,1795,886,1809,887,1807,942
1798,931,1798,927,1815,928,1815,932
961,940,961,934,984,934,984,940
883,951,883,955,865,955,865,951
1796,968,1796,964,1813,965,1813,969
961,976,961,970,984,970,984,976
882,987,882,991,864,991,864,987
1806,989,1812,989,1811,1013,1805,1013
1838,990,1844,990,1843,1014,1837,1014
1873,991,1879,991,1878,1015,1872,1015
961,1009,961,1003,984,1003,984,1009
1909,992,1915,992,1914,1016,1908,1016
2572,974,2674,974,2674,1036,2572,1036
2691,974,2748,974,2748,1036,2691,1036
2763,974,2881,974,2881,1036,2763,1036
882,1022,882,1026,864,1026,864,1022
961,1045,961,1039,984,1039,984,1045
1794,1042,1794,1038,1811,1039,1811,1043
3804,1040,3928,1040,3928,1080,3804,1080
4532,1040,4654,1040,4654,1074,4532,1074
882,1058,882,1062,864,1062,864,1058
961,1081,961,1075,984,1075,984,1081
1793,1078,1793,1074,1810,1075,1810,1079
2078,1056,2366,1044,2369,1113,2081,1125
882,1094,882,1098,864,1098,864,1094
1791,1112,1791,1108,1808,1109,1808,1113
976,1103,980,1103,980,1120,976,1120
1014,1103,1018,1103,1018,1120,1014,1120
1050,1103,1054,1103,1054,1120,1050,1120
1086,1103,1090,1103,1090,1120,1086,1120
1122,1103,1126,1103,1126,1120,1122,1120
1156,1103,1160,1103,1160,1120,1156,1120
1192,1103,1196,1103,1196,1120,1192,1120
1262,1103,1266,1103,1266,1120,1262,1120
1298,1103,1302,1103,1302,1120,1298,1120
1334,1103,1338,1103,1338,1120,1334,1120
1368,1103,1372,1103,1372,1120,1368,1120
1408,1103,1412,1103,1412,1120,1408,1120
1440,1103,1444,1103,1444,1120,1440,1120
1474,1103,1478,1103,1478,1120,1474,1120
1510,1103,1514,1103,1514,1120,1510,1120
1546,1103,1550,1103,1550,1120,1546,1120
1581,1103,1585,1103,1585,1120,1581,1120
1617,1103,1621,1103,1621,1120,1617,1120
1653,1103,1657,1103,1657,1120,1653,1120
1687,1103,1691,1103,1691,1120,1687,1120
1723,1103,1727,1103,1727,1120,1723,1120
1759,1103,1763,1103,1763,1120,1759,1120
625,1128,631,1128,632,1151,626,1151
661,1127,667,1127,668,1150,662,1150
697,1125,703,1125,704,1148,698,1148
733,1124,739,1124,740,1147,734,1147
882,1132,882,1136,864,1136,864,1132
767,1123,773,1123,774,1146,768,1146
803,1122,809,1122,810,1145,804,1145
839,1121,845,1121,846,1144,840,1144
2847,1123,2854,1119,2867,1146,2860,1149
2633,1160,2639,1161,2636,1185,2630,1184
2780,1155,2787,1151,2800,1178,2793,1181
2812,1139,2819,1135,2832,1162,2825,1165
2105,1213,2107,1213,2106,1224,2104,1224
2645,1220,2649,1220,2649,1237,2645,1237
2679,1220,2683,1220,2683,1237,2679,1237
2715,1220,2719,1220,2719,1237,2715,1237
4345,1304,4545,1304,4545,1344,4345,1344
4568,1304,4579,1304,4579,1344,4568,1344
4581,1304,4675,1304,4675,1344,4581,1344
1373,1383,1373,1332,1405,1332,1405,1383
2279,1436,2283,1436,2283,1453,2279,1453
2315,1436,2319,1436,2319,1453,2315,1453
2350,1435,2354,1435,2354,1452,2350,1452
2386,1435,2390,1435,2390,1452,2386,1452
2422,1434,2426,1434,2426,1451,2422,1451
2456,1434,2460,1434,2460,1451,2456,1451
2492,1433,2496,1433,2496,1450,2492,1450
1042,1530,1087,1530,1087,1562,1042,1562
1854,1530,1899,1530,1899,1562,1854,1562
2572,1528,2619,1528,2619,1565,2572,1565
2260,1556,2260,1562,2237,1560,2237,1554
2258,1591,2258,1597,2235,1595,2235,1589
2255,1626,2255,1632,2232,1630,2232,1624
836,1609,1026,1609,1026,1653,836,1653
1054,1609,1066,1609,1066,1653,1054,1653
1090,1609,1286,1609,1286,1653,1090,1653
2501,1586,2745,1591,2743,1668,2499,1663
2764,1592,2786,1592,2784,1668,2762,1668
1725,1620,1964,1620,1964,1662,1725,1662
1991,1620,2002,1620,2002,1662,1991,1662
1603,1682,1603,1636,1639,1636,1639,1682
2253,1662,2253,1668,2230,1666,2230,1660
2371,1731,2375,1731,2374,1749,2370,1749
2405,1733,2409,1733,2408,1751,2404,1751
2349,1762,2354,1762,2354,1781,2349,1781
2385,1762,2390,1762,2390,1781,2385,1781
2419,1761,2424,1761,2424,1780,2419,1780
2522,1811,2522,1807,2540,1807,2540,1811
2241,1836,2241,1842,2218,1840,2218,1834
2522,1849,2522,1845,2540,1845,2540,1849
2522,1885,2522,1881,2540,1881,2540,1885
2522,1919,2522,1915,2540,1915,2540,1919
2234,1939,2234,1945,2211,1943,2211,1937
2522,1954,2522,1950,2540,1950,2540,1954
3717,1547,3980,1547,3980,1632,3717,1632
4035,1547,4238,1547,4238,1632,4035,1632
4302,1547,4380,1547,4380,1632,4302,1632
4388,1547,4466,1547,4466,1632,4388,1632
4481,1547,4565,1547,4565,1632,4481,1632
4666,1547,4799,1547,4799,1632,4666,1632
3775,1668,3881,1668,3881,1742,3775,1742
3870,1668,3891,1668,3891,1742,3870,1742
3892,1668,3913,1668,3913,1742,3892,1742
4085,1663,4109,1663,4109,1748,4085,1748
4137,1663,4161,1663,4161,1748,4137,1748
4086,1663,4105,1663,4105,1748,4086,1748
4346,1663,4494,1663,4494,1748,4346,1748
4702,1663,4766,1663,4766,1748,4702,1748
4063,1792,4287,1792,4287,1868,4063,1868
4300,1792,4566,1792,4566,1868,4300,1868
3890,1890,4082,1887,4083,1946,3891,1949
4119,1887,4135,1887,4136,1945,4120,1945
4168,1886,4368,1883,4369,1941,4169,1944
4562,1890,4613,1890,4613,1946,4562,1946
4616,1890,4632,1890,4632,1946,4616,1946
4631,1890,4682,1890,4682,1946,4631,1946
4700,1890,4772,1890,4772,1946,4700,1946
3887,1969,4135,1969,4135,2015,3887,2015
4170,1969,4183,1969,4183,2015,4170,2015
4566,1967,4611,1967,4611,2015,4566,2015
4618,1967,4631,1967,4631,2015,4618,2015
4633,1967,4685,1967,4685,2015,4633,2015
4696,1967,4775,1967,4775,2015,4696,2015
3887,2041,4142,2041,4142,2087,3887,2087
4165,2041,4178,2041,4178,2087,4165,2087
4566,2039,4608,2039,4608,2085,4566,2085
4616,2039,4629,2039,4629,2085,4616,2085
4629,2039,4688,2039,4688,2085,4629,2085
4700,2039,4776,2039,4776,2085,4700,2085
3888,2113,3991,2113,3991,2159,3888,2159
4014,2113,4065,2113,4065,2159,4014,2159
4086,2113,4206,2113,4206,2159,4086,2159
4563,2111,4576,2111,4576,2157,4563,2157
4591,2111,4604,2111,4604,2157,4591,2157
4606,2111,4649,2111,4649,2157,4606,2157
4670,2111,4746,2111,4746,2157,4670,2157
3887,2182,4191,2182,4191,2240,3887,2240
4568,2178,4583,2178,4583,2232,4568,2232
4590,2178,4605,2178,4605,2232,4590,2232
4608,2178,4658,2178,4658,2232,4608,2232
4668,2178,4747,2178,4747,2232,4668,2232
3877,2257,3966,2257,3966,2301,3877,2301
4569,2255,4582,2255,4582,2303,4569,2303
4589,2255,4602,2255,4602,2303,4589,2303
4604,2255,4657,2255,4657,2303,4604,2303
4666,2255,4745,2255,4745,2303,4666,2303
4555,2326,4610,2326,4610,2376,4555,2376
4617,2326,4631,2326,4631,2376,4617,2376
4633,2326,4680,2326,4680,2376,4633,2376
4698,2326,4772,2326,4772,2376,4698,2376
2530,1965,2580,1965,2580,1994,2530,1994
2608,1980,2610,1980,2610,1991,2608,1991
2680,1982,2682,1982,2682,1993,2680,1993
2789,1976,2793,1976,2791,1994,2787,1994
795,2012,830,2012,830,2036,795,2036
826,2035,830,2035,830,2052,826,2052
1959,2011,2000,2011,2000,2037,1959,2037
850,2035,854,2035,854,2052,850,2052
875,2035,879,2035,879,2052,875,2052
898,2035,902,2035,902,2052,898,2052
922,2035,926,2035,926,2052,922,2052
945,2035,949,2035,949,2052,945,2052
965,2035,969,2035,969,2052,965,2052
992,2035,996,2035,996,2052,992,2052
1015,2035,1019,2035,1019,2052,1015,2052
1039,2035,1043,2035,1043,2052,1039,2052
1064,2035,1068,2035,1068,2052,1064,2052
1087,2035,1091,2035,1091,2052,1087,2052
1111,2035,1115,2035,1115,2052,1111,2052
1134,2035,1138,2035,1138,2052,1134,2052
1158,2035,1162,2035,1162,2052,1158,2052
1181,2035,1185,2035,1185,2052,1181,2052
1204,2035,1208,2035,1208,2052,1204,2052
1228,2035,1232,2035,1232,2052,1228,2052
1253,2035,1257,2035,1257,2052,1253,2052
1276,2035,1280,2035,1280,2052,1276,2052
1300,2035,1304,2035,1304,2052,1300,2052
1323,2035,1327,2035,1327,2052,1323,2052
2111,2033,2115,2033,2115,2050,2111,2050
2135,2033,2139,2033,2139,2050,2135,2050
2150,2033,2154,2033,2154,2050,2150,2050
2434,2025,2440,2025,2441,2048,2435,2048
2458,2024,2464,2024,2465,2047,2459,2047
2038,2046,2069,2046,2069,2080,2038,2080
2467,2036,2597,2006,2607,2053,2478,2083
645,2177,679,2177,679,2203,645,2203
596,2449,596,2383,630,2383,630,2449
596,2375,596,2366,630,2366,630,2375
596,2366,596,2317,630,2317,630,2366
1268,2359,1519,2359,1519,2412,1268,2412
1622,2359,1637,2359,1637,2412,1622,2412
3719,2482,3806,2482,3806,2516,3719,2516
3823,2482,3832,2482,3832,2516,3823,2516
3840,2482,3878,2482,3878,2516,3840,2516
3892,2482,3994,2482,3994,2516,3892,2516
4013,2482,4061,2482,4061,2516,4013,2516
4072,2482,4198,2482,4198,2516,4072,2516
4211,2482,4260,2482,4260,2516,4211,2516
4269,2482,4369,2482,4369,2516,4269,2516
4384,2482,4455,2482,4455,2516,4384,2516
4464,2482,4528,2482,4528,2516,4464,2516
4544,2482,4597,2482,4597,2516,4544,2516
4608,2482,4707,2482,4707,2516,4608,2516
4716,2482,4870,2482,4870,2516,4716,2516
3894,2567,4156,2567,4156,2613,3894,2613
4570,2544,4617,2544,4617,2630,4570,2630
4624,2544,4704,2544,4704,2630,4624,2630
3901,2746,4060,2750,4059,2782,3900,2778
3766,2818,3806,2818,3806,2854,3766,2854
3767,2854,3827,2855,3827,2891,3767,2890
3767,2894,3831,2895,3831,2929,3767,2928
3767,2937,3803,2935,3804,2960,3768,2962
3769,2973,3803,2973,3803,3004,3769,3004
3885,2818,3895,2818,3895,2854,3885,2854
3903,2818,3980,2818,3980,2854,3903,2854
3997,2818,4106,2818,4106,2854,3997,2854
3883,2855,3892,2855,3892,2890,3883,2890
3897,2855,4011,2856,4011,2892,3897,2891
4023,2856,4114,2857,4114,2893,4023,2892
4134,2857,4215,2858,4215,2894,4134,2893
3883,2895,3892,2895,3892,2929,3883,2929
3906,2895,4011,2896,4011,2931,3906,2930
4032,2896,4134,2897,4134,2932,4032,2931
4144,2897,4259,2898,4259,2932,4144,2931
3881,2938,3889,2938,3889,2969,3881,2969
3899,2938,3978,2938,3978,2969,3899,2969
3985,2938,4103,2938,4103,2969,3985,2969
3877,2972,3886,2972,3886,3006,3877,3006
3899,2972,4011,2972,4011,3006,3899,3006
4029,2972,4174,2972,4174,3006,4029,3006
3879,3010,3888,3010,3888,3045,3879,3045
3901,3010,4010,3010,4010,3045,3901,3045
4019,3010,4028,3010,4028,3045,4019,3045
4031,3010,4081,3010,4081,3045,4031,3045
4095,3010,4358,3010,4358,3045,4095,3045
3881,3050,3889,3050,3889,3081,3881,3081
3899,3050,3973,3051,3973,3083,3899,3082
3990,3052,4024,3052,4024,3083,3990,3083
4036,3052,4176,3054,4176,3086,4036,3084
3878,3088,3887,3088,3887,3122,3878,3122
3899,3088,3993,3088,3993,3122,3899,3122
4006,3088,4125,3088,4125,3122,4006,3122
3878,3128,3886,3128,3886,3160,3878,3160
3898,3128,3968,3128,3968,3160,3898,3160
3978,3128,3986,3128,3986,3160,3978,3160
3985,3128,4065,3128,4065,3160,3985,3160
3875,3164,3885,3164,3885,3200,3875,3200
3889,3164,3981,3164,3981,3200,3889,3200
3986,3164,3996,3164,3996,3200,3986,3200
3996,3164,4077,3164,4077,3200,3996,3200
3766,3014,3807,3011,3809,3042,3768,3045
2448,3058,2513,3058,2513,3093,2448,3093
2525,3058,2551,3058,2551,3093,2525,3093
2572,3057,2736,3056,2736,3092,2572,3093
2742,3057,2783,3057,2783,3092,2742,3092
2799,3056,3031,3055,3031,3091,2799,3092
3046,3055,3218,3054,3218,3090,3046,3091
3233,3055,3265,3055,3265,3090,3233,3090
3276,3055,3332,3055,3332,3090,3276,3090
3343,3055,3352,3055,3352,3090,3343,3090
3361,3055,3381,3055,3381,3090,3361,3090
3400,3054,3502,3054,3502,3089,3400,3089
3514,3054,3546,3054,3546,3089,3514,3089
2440,3096,2553,3096,2553,3128,2440,3128
2564,3096,2587,3096,2587,3128,2564,3128
2601,3096,2745,3096,2745,3128,2601,3128
2767,3096,2775,3096,2775,3128,2767,3128
2780,3096,2788,3096,2788,3128,2780,3128
2790,3096,2798,3096,2798,3128,2790,3128
2812,3096,2938,3096,2938,3128,2812,3128
2947,3096,2998,3096,2998,3128,2947,3128
3006,3096,3208,3096,3208,3128,3006,3128
3223,3096,3288,3096,3288,3128,3223,3128
3297,3096,3348,3096,3348,3128,3297,3128
3364,3096,3468,3096,3468,3128,3364,3128
3479,3096,3515,3096,3515,3128,3479,3128
2442,3134,2621,3134,2621,3166,2442,3166
2638,3134,2667,3134,2667,3166,2638,3166
2686,3134,2694,3134,2694,3166,2686,3166
2699,3134,2707,3134,2707,3166,2699,3166
2710,3134,2889,3134,2889,3166,2710,3166
2894,3134,2902,3134,2902,3166,2894,3166
2440,3174,2494,3174,2494,3205,2440,3205
2508,3174,2664,3174,2664,3205,2508,3205
2679,3174,2738,3174,2738,3205,2679,3205
2750,3174,2875,3174,2875,3205,2750,3205
2880,3174,2888,3174,2888,3205,2880,3205
2901,3174,3002,3174,3002,3205,2901,3205
3019,3174,3047,3174,3047,3205,3019,3205
3056,3174,3064,3174,3064,3205,3056,3205
3063,3174,3071,3174,3071,3205,3063,3205
3073,3174,3275,3174,3275,3205,3073,3205
3283,3174,3332,3174,3332,3205,3283,3205
3347,3174,3536,3174,3536,3205,3347,3205
2444,3210,2511,3210,2511,3242,2444,3242
2519,3210,2615,3210,2615,3242,2519,3242
2631,3210,2639,3210,2639,3242,2631,3242
2658,3210,2707,3210,2707,3242,2658,3242
2724,3210,2836,3210,2836,3242,2724,3242
2839,3210,2847,3210,2847,3242,2839,3242
2864,3210,2936,3210,2936,3242,2864,3242
2947,3210,3127,3210,3127,3242,2947,3242
3142,3210,3178,3210,3178,3242,3142,3242
3188,3210,3280,3210,3280,3242,3188,3242
3299,3210,3350,3210,3350,3242,3299,3242
3365,3210,3472,3210,3472,3242,3365,3242
3487,3210,3533,3210,3533,3242,3487,3242
3551,3210,3574,3210,3574,3242,3551,3242
2446,3250,2492,3250,2492,3285,2446,3285
2507,3249,2633,3248,2633,3284,2507,3285
2644,3248,2684,3248,2684,3284,2644,3284
2695,3248,2808,3247,2808,3283,2695,3284
2825,3247,2834,3247,2834,3282,2825,3282
2839,3247,2848,3247,2848,3282,2839,3282
2848,3247,3024,3246,3024,3282,2848,3283
3032,3246,3041,3246,3041,3281,3032,3281
3764,3046,3809,3046,3809,3086,3764,3086
3766,3084,3811,3084,3811,3124,3766,3124
3764,3122,3809,3122,3809,3162,3764,3162
3761,3164,3814,3164,3814,3200,3761,3200
4484,3152,4494,3152,4494,3189,4484,3189
4502,3152,4676,3152,4676,3189,4502,3189
4688,3152,4716,3152,4716,3189,4688,3189
4725,3152,4850,3152,4850,3189,4725,3189
4486,3220,4495,3220,4495,3254,4486,3254
4503,3220,4612,3220,4612,3254,4503,3254
4628,3220,4653,3220,4653,3254,4628,3254
4665,3220,4726,3220,4726,3254,4665,3254
4727,3220,4736,3220,4736,3254,4727,3254
4740,3220,4866,3220,4866,3254,4740,3254
4499,3252,4587,3253,4586,3286,4498,3285
4608,3254,4616,3254,4615,3286,4607,3286
4638,3255,4646,3255,4645,3287,4637,3287
4651,3255,4659,3255,4658,3287,4650,3287
4662,3255,4691,3255,4690,3287,4661,3287
4710,3256,4718,3256,4717,3288,4709,3288
3582,3373,3626,3373,3626,3407,3582,3407
3997,3362,4097,3362,4097,3408,3997,3408
4107,3362,4120,3362,4120,3408,4107,3408
4290,3363,4338,3363,4338,3407,4290,3407
4348,3363,4360,3363,4360,3407,4348,3407
4366,3363,4415,3363,4415,3407,4366,3407
4420,3363,4432,3363,4432,3407,4420,3407
4434,3363,4534,3363,4534,3407,4434,3407
