3801,177,4449,177,4449,324,3801,324
3803,314,4442,314,4442,453,3803,453
2522,493,2532,493,2532,501,2522,501
2562,493,2563,493,2563,501,2562,501
2635,493,2638,493,2638,506,2635,506
1911,556,1911,552,1928,552,1928,556
2051,554,2051,549,2072,549,2072,554
1628,504,1754,504,1754,544,1628,544
1678,547,1716,549,1713,591,1675,589
1728,549,1739,550,1736,592,1725,591
1777,552,1815,554,1812,597,1774,595
1827,555,1838,556,1835,598,1824,597
1866,558,1877,559,1874,601,1863,600
1900,560,1911,561,1908,603,1897,602
1917,561,1928,562,1925,604,1914,603
1781,599,1792,599,1790,641,1779,641
1828,601,1839,601,1837,643,1826,643
1863,602,1874,602,1872,644,1861,644
1897,603,1908,603,1906,645,1895,645
1918,604,1929,604,1927,646,1916,646
1953,605,1964,605,1962,647,1951,647
1992,607,2003,607,2001,649,1990,649
2026,608,2037,608,2035,650,2024,650
2060,609,2071,609,2069,651,2058,651
2095,610,2106,610,2104,652,2093,652
2133,612,2144,612,2142,654,2131,654
2168,613,2179,613,2177,655,2166,655
2202,614,2213,614,2211,656,2200,656
1908,501,1908,615,1887,615,1887,501
1808,504,1808,667,1764,667,1764,504
2466,549,2468,580,2453,581,2451,550
2102,551,2138,548,2142,596,2107,600
2522,550,2522,559,2487,559,2487,550
2522,586,2522,595,2487,595,2487,586
2051,589,2051,584,2072,584,2072,589
2522,651,2522,660,2487,660,2487,651
2134,659,2179,670,2167,717,2122,706
4064,600,4520,600,4520,726,4064,726
2404,708,2404,702,2427,702,2427,708
2404,737,2404,731,2427,731,2427,737
688,743,738,739,741,775,691,779
873,730,882,729,885,764,876,765
970,722,979,721,982,756,973,757
2404,773,2404,767,2427,767,2427,773
2404,809,2404,803,2427,803,2427,809
1331,817,1335,817,1336,835,1332,835
1365,815,1369,815,1370,833,1366,833
1395,814,1399,814,1400,832,1396,832
4130,808,4214,808,4214,840,4130,840
4232,808,4273,808,4273,840,4232,840
4288,808,4472,808,4472,840,4288,840
2404,845,2404,839,2427,839,2427,845
2404,881,2404,875,2427,875,2427,881
1501,880,1501,883,1486,883,1486,880
619,883,627,883,627,912,619,912
655,882,663,882,663,911,655,911
688,882,696,882,696,911,688,911
724,881,732,881,732,910,724,910
760,881,768,881,768,910,760,910
796,880,804,880,804,909,796,909
2404,917,2404,911,2427,911,2427,917
1501,931,1501,934,1486,934,1486,931
2404,950,2404,944,2427,944,2427,950
618,928,719,928,719,995,618,995
731,928,793,928,793,995,731,995
799,928,919,928,919,995,799,995
925,928,944,928,944,995,925,995
1501,966,1501,969,1486,969,1486,966
1706,986,1712,986,1712,1010,1706,1010
1741,986,1747,986,1747,1010,1741,1010
1779,985,1785,985,1785,1009,1779,1009
1814,985,1820,985,1820,1009,1814,1009
1849,985,1855,985,1855,1009,1849,1009
1884,984,1890,984,1890,1008,1884,1008
1919,984,1925,984,1925,1008,1919,1008
1954,984,1960,984,1960,1008,1954,1008
1991,984,1997,984,1997,1008,1991,1008
2026,983,2032,983,2032,1007,2026,1007
2061,983,2067,983,2067,1007,2061,1007
2404,996,2404,990,2427,990,2427,996
2096,983,2102,983,2102,1007,2096,1007
2131,982,2137,982,2137,1006,2131,1006
2169,982,2175,982,2175,1006,2169,1006
2204,982,2210,982,2210,1006,2204,1006
2239,981,2245,981,2245,1005,2239,1005
2274,981,2280,981,2280,1005,2274,1005
2309,981,2315,981,2315,1005,2309,1005
2344,981,2350,981,2350,1005,2344,1005
2381,980,2387,980,2387,1004,2381,1004
1501,1001,1501,1004,1486,1004,1486,1001
2512,1007,2516,1007,2516,1024,2512,1024
2544,1007,2548,1007,2548,1024,2544,1024
2580,1008,2584,1008,2584,1025,2580,1025
2616,1008,2620,1008,2620,1025,2616,1025
2650,1008,2654,1008,2654,1025,2650,1025
2686,1008,2690,1008,2690,1025,2686,1025
2722,1009,2726,1009,2726,1026,2722,1026
2758,1009,2762,1009,2762,1026,2758,1026
2789,1009,2793,1009,2793,1026,2789,1026
3838,995,3846,995,3846,1024,3838,1024
1501,1035,1501,1038,1486,1038,1486,1035
745,1035,758,1035,760,1082,747,1082
783,1034,796,1034,798,1081,785,1081
817,1033,830,1033,832,1080,819,1080
849,1032,884,1031,886,1078,851,1079
1062,1024,1351,1015,1352,1063,1064,1072
2087,1038,2266,1038,2266,1092,2087,1092
2300,1038,2315,1038,2315,1092,2300,1092
2346,1038,2530,1038,2530,1092,2346,1092
4065,1002,4074,1002,4073,1037,4064,1037
4072,1040,4082,1040,4082,1076,4072,1076
3996,1040,4006,1040,4006,1076,3996,1076
914,1170,914,1173,900,1173,900,1170
914,1206,914,1209,900,1209,900,1206
1897,1267,1901,1212,1936,1215,1932,1269
915,1242,915,1245,901,1245,901,1242
915,1277,915,1280,901,1280,901,1277
916,1310,916,1313,902,1313,902,1310
987,1325,990,1325,990,1338,987,1338
1012,1325,1015,1325,1015,1338,1012,1338
1048,1325,1051,1325,1051,1338,1048,1338
1083,1325,1086,1325,1086,1338,1083,1338
615,1570,615,1516,644,1516,644,1570
787,1481,1029,1481,1029,1522,787,1522
1060,1481,1071,1481,1071,1522,1060,1522
808,1533,852,1533,852,1564,808,1564
1512,1477,1755,1477,1755,1527,1512,1527
1778,1477,1792,1477,1792,1527,1778,1527
1506,1532,1556,1532,1556,1567,1506,1567
1450,1532,1459,1532,1459,1567,1450,1567
2296,1540,2346,1540,2346,1563,2296,1563
3717,1547,3980,1547,3980,1632,3717,1632
4035,1547,4238,1547,4238,1632,4035,1632
4302,1547,4380,1547,4380,1632,4302,1632
4388,1547,4466,1547,4466,1632,4388,1632
4481,1547,4565,1547,4565,1632,4481,1632
3775,1668,3870,1668,3870,1742,3775,1742
3870,1668,3891,1668,3891,1742,3870,1742
3892,1668,3913,1668,3913,1742,3892,1742
4075,1667,4201,1667,4201,1747,4075,1747
4400,1667,4493,1667,4493,1747,4400,1747
4064,1793,4277,1790,4278,1867,4065,1870
4303,1790,4567,1786,4568,1862,4304,1866
4666,1547,4799,1547,4799,1632,4666,1632
4709,1667,4769,1667,4769,1747,4709,1747
918,1697,918,1701,900,1701,900,1697
918,1734,918,1738,900,1738,900,1734
918,1768,918,1772,900,1772,900,1768
881,1719,881,1728,847,1727,847,1718
880,1751,880,1760,846,1759,846,1750
880,1786,880,1795,846,1794,846,1785
879,1821,879,1830,845,1829,845,1820
878,1856,878,1865,844,1864,844,1855
507,1863,513,1863,513,1886,507,1886
541,1863,547,1863,547,1886,541,1886
577,1863,583,1863,583,1886,577,1886
613,1863,619,1863,619,1886,613,1886
682,1863,688,1863,688,1886,682,1886
718,1863,724,1863,724,1886,718,1886
754,1863,760,1863,760,1886,754,1886
790,1863,796,1863,796,1886,790,1886
824,1863,830,1863,830,1886,824,1886
856,1896,894,1896,894,1931,856,1931
2527,1892,2559,1890,2561,1919,2529,1921
1372,1920,1374,1920,1374,1931,1372,1931
2037,1919,2040,1919,2040,1934,2037,1934
2061,1919,2064,1919,2064,1934,2061,1934
2085,1919,2088,1919,2088,1934,2085,1934
2109,1919,2112,1919,2112,1934,2109,1934
2154,1920,2156,1920,2156,1930,2154,1930
2178,1920,2180,1920,2180,1930,2178,1930
2204,1920,2206,1920,2206,1930,2204,1930
2226,1920,2228,1920,2228,1930,2226,1930
2249,1920,2251,1920,2251,1930,2249,1930
2273,1920,2275,1920,2275,1930,2273,1930
2296,1920,2298,1920,2298,1930,2296,1930
2320,1920,2322,1920,2322,1930,2320,1930
2508,1922,2510,1922,2510,1931,2508,1931
2271,1940,2307,1940,2307,1964,2271,1964
556,1989,617,1984,618,1995,557,2000
1662,1992,1724,1976,1727,1986,1665,2003
2817,2059,2817,2060,2810,2060,2810,2059
2817,2092,2817,2093,2810,2093,2810,2092
3882,1914,4082,1914,4082,1962,3882,1962
4114,1914,4127,1914,4127,1962,4114,1962
4156,1914,4361,1914,4361,1962,4156,1962
3878,1983,4139,1983,4139,2033,3878,2033
4167,1983,4181,1983,4181,2033,4167,2033
3883,2057,4137,2057,4137,2105,3883,2105
4164,2057,4177,2057,4177,2105,4164,2105
3885,2129,3986,2129,3986,2177,3885,2177
4012,2129,4064,2129,4064,2177,4012,2177
4080,2129,4208,2129,4208,2177,4080,2177
3879,2203,4186,2203,4186,2251,3879,2251
3871,2266,3966,2266,3966,2324,3871,2324
2817,2129,2817,2130,2810,2130,2810,2129
4560,1914,4610,1914,4610,1968,4560,1968
4613,1914,4628,1914,4628,1968,4613,1968
4639,1914,4679,1914,4679,1968,4639,1968
4699,1914,4768,1914,4768,1968,4699,1968
4564,1983,4618,1983,4618,2031,4564,2031
4613,1983,4626,1983,4626,2031,4613,2031
4635,1983,4678,1983,4678,2031,4635,2031
4698,1983,4768,1983,4768,2031,4698,2031
4560,2055,4574,2055,4574,2105,4560,2105
4586,2055,4600,2055,4600,2105,4586,2105
4602,2055,4649,2055,4649,2105,4602,2105
4668,2055,4742,2055,4742,2105,4668,2105
4559,2129,4572,2129,4572,2176,4559,2176
4583,2129,4596,2129,4596,2176,4583,2176
4611,2129,4645,2129,4645,2176,4611,2176
4663,2129,4741,2129,4741,2176,4663,2176
4564,2199,4578,2199,4578,2250,4564,2250
4585,2199,4599,2199,4599,2250,4585,2250
4609,2199,4647,2199,4647,2250,4609,2250
4661,2199,4746,2199,4746,2250,4661,2250
4565,2271,4578,2271,4578,2317,4565,2317
4583,2271,4596,2271,4596,2317,4583,2317
4604,2271,4646,2271,4646,2317,4604,2317
4667,2271,4743,2271,4743,2317,4667,2317
4551,2342,4608,2342,4608,2394,4551,2394
4616,2342,4630,2342,4630,2394,4616,2394
4635,2342,4673,2342,4673,2394,4635,2394
4696,2342,4772,2342,4772,2394,4696,2394
2817,2167,2817,2168,2810,2168,2810,2167
2817,2243,2817,2244,2810,2244,2810,2243
1750,2238,1998,2238,1998,2292,1750,2292
2817,2281,2817,2282,2810,2282,2810,2281
2788,2231,2788,2300,2748,2300,2748,2231
2788,2304,2788,2315,2748,2315,2748,2304
2788,2312,2788,2364,2748,2364,2748,2312
2817,2319,2817,2320,2810,2320,2810,2319
2817,2357,2817,2358,2810,2358,2810,2357
2817,2394,2817,2395,2810,2395,2810,2394
2081,2421,2084,2377,2118,2379,2115,2423
2817,2432,2817,2433,2810,2433,2810,2432
2817,2469,2817,2470,2810,2470,2810,2469
3719,2482,3806,2482,3806,2516,3719,2516
3823,2482,3832,2482,3832,2516,3823,2516
3840,2482,3878,2482,3878,2516,3840,2516
3892,2482,3994,2482,3994,2516,3892,2516
4013,2482,4061,2482,4061,2516,4013,2516
4072,2482,4198,2482,4198,2516,4072,2516
4211,2482,4260,2482,4260,2516,4211,2516
4269,2482,4369,2482,4369,2516,4269,2516
4384,2482,4455,2482,4455,2516,4384,2516
4469,2482,4528,2482,4528,2516,4469,2516
4544,2482,4597,2482,4597,2516,4544,2516
4608,2482,4707,2482,4707,2516,4608,2516
4716,2482,4870,2482,4870,2516,4716,2516
2817,2508,2817,2509,2810,2509,2810,2508
2817,2545,2817,2546,2810,2546,2810,2545
3888,2557,4156,2550,4157,2609,3890,2616
4560,2561,4614,2561,4614,2609,4560,2609
4625,2561,4695,2561,4695,2609,4625,2609
3903,2746,4061,2750,4060,2782,3902,2778
3766,2818,3806,2818,3806,2854,3766,2854
3767,2854,3827,2855,3827,2891,3767,2890
3767,2894,3831,2895,3831,2929,3767,2928
3767,2937,3803,2935,3804,2960,3768,2962
3769,2973,3803,2973,3803,3004,3769,3004
3885,2818,3895,2818,3895,2854,3885,2854
3903,2818,3980,2818,3980,2854,3903,2854
3997,2818,4106,2818,4106,2854,3997,2854
3883,2855,3892,2855,3892,2890,3883,2890
3897,2855,4011,2856,4011,2892,3897,2891
4023,2856,4114,2857,4114,2893,4023,2892
4134,2857,4215,2858,4215,2894,4134,2893
3883,2895,3892,2895,3892,2929,3883,2929
3906,2895,4011,2896,4011,2931,3906,2930
4032,2896,4134,2897,4134,2932,4032,2931
4144,2897,4259,2898,4259,2932,4144,2931
3881,2938,3889,2938,3889,2969,3881,2969
3899,2938,3978,2938,3978,2969,3899,2969
3985,2938,4103,2938,4103,2969,3985,2969
3877,2972,3886,2972,3886,3006,3877,3006
3899,2972,4011,2972,4011,3006,3899,3006
4029,2972,4174,2972,4174,3006,4029,3006
3879,3010,3888,3010,3888,3045,3879,3045
3901,3010,4010,3010,4010,3045,3901,3045
4019,3010,4028,3010,4028,3045,4019,3045
4031,3010,4081,3010,4081,3045,4031,3045
4095,3010,4358,3010,4358,3045,4095,3045
3881,3050,3889,3050,3889,3081,3881,3081
3899,3050,3973,3051,3973,3083,3899,3082
3990,3052,4024,3052,4024,3083,3990,3083
4036,3052,4176,3054,4176,3086,4036,3084
3878,3088,3887,3088,3887,3122,3878,3122
3899,3088,3993,3088,3993,3122,3899,3122
4006,3088,4125,3088,4125,3122,4006,3122
3878,3128,3886,3128,3886,3160,3878,3160
3898,3128,3968,3128,3968,3160,3898,3160
3978,3128,3986,3128,3986,3160,3978,3160
3985,3128,4065,3128,4065,3160,3985,3160
3875,3164,3885,3164,3885,3200,3875,3200
3889,3164,3981,3164,3981,3200,3889,3200
3986,3164,3996,3164,3996,3200,3986,3200
3996,3164,4077,3164,4077,3200,3996,3200
3766,3014,3807,3011,3809,3042,3768,3045
2448,3058,2513,3058,2513,3093,2448,3093
2525,3058,2551,3058,2551,3093,2525,3093
2572,3057,2736,3056,2736,3092,2572,3093
2742,3057,2783,3057,2783,3092,2742,3092
2799,3056,3031,3055,3031,3091,2799,3092
3046,3055,3218,3054,3218,3090,3046,3091
3233,3055,3265,3055,3265,3090,3233,3090
3276,3055,3332,3055,3332,3090,3276,3090
3343,3055,3352,3055,3352,3090,3343,3090
3361,3055,3381,3055,3381,3090,3361,3090
3400,3054,3502,3054,3502,3089,3400,3089
3514,3054,3546,3054,3546,3089,3514,3089
2440,3096,2553,3096,2553,3128,2440,3128
2564,3096,2587,3096,2587,3128,2564,3128
2601,3096,2745,3096,2745,3128,2601,3128
2767,3096,2775,3096,2775,3128,2767,3128
2780,3096,2788,3096,2788,3128,2780,3128
2790,3096,2798,3096,2798,3128,2790,3128
2812,3096,2938,3096,2938,3128,2812,3128
2947,3096,2998,3096,2998,3128,2947,3128
3006,3096,3208,3096,3208,3128,3006,3128
3223,3096,3288,3096,3288,3128,3223,3128
3297,3096,3348,3096,3348,3128,3297,3128
3364,3096,3468,3096,3468,3128,3364,3128
3479,3096,3515,3096,3515,3128,3479,3128
2442,3134,2621,3134,2621,3166,2442,3166
2638,3134,2667,3134,2667,3166,2638,3166
2686,3134,2694,3134,2694,3166,2686,3166
2699,3134,2707,3134,2707,3166,2699,3166
2710,3134,2889,3134,2889,3166,2710,3166
2894,3134,2902,3134,2902,3166,2894,3166
2440,3174,2494,3174,2494,3205,2440,3205
2508,3174,2664,3174,2664,3205,2508,3205
2679,3174,2738,3174,2738,3205,2679,3205
2750,3174,2875,3174,2875,3205,2750,3205
2880,3174,2888,3174,2888,3205,2880,3205
2901,3174,3002,3174,3002,3205,2901,3205
3019,3174,3047,3174,3047,3205,3019,3205
3056,3174,3064,3174,3064,3205,3056,3205
3063,3174,3071,3174,3071,3205,3063,3205
3073,3174,3275,3174,3275,3205,3073,3205
3283,3174,3332,3174,3332,3205,3283,3205
3347,3174,3536,3174,3536,3205,3347,3205
2444,3210,2511,3210,2511,3242,2444,3242
2519,3210,2615,3210,2615,3242,2519,3242
2631,3210,2639,3210,2639,3242,2631,3242
2658,3210,2707,3210,2707,3242,2658,3242
2724,3210,2836,3210,2836,3242,2724,3242
2839,3210,2847,3210,2847,3242,2839,3242
2864,3210,2936,3210,2936,3242,2864,3242
2947,3210,3127,3210,3127,3242,2947,3242
3142,3210,3178,3210,3178,3242,3142,3242
3188,3210,3280,3210,3280,3242,3188,3242
3299,3210,3350,3210,3350,3242,3299,3242
3365,3210,3472,3210,3472,3242,3365,3242
3487,3210,3533,3210,3533,3242,3487,3242
3551,3210,3574,3210,3574,3242,3551,3242
2446,3250,2492,3250,2492,3285,2446,3285
2507,3249,2633,3248,2633,3284,2507,3285
2644,3248,2684,3248,2684,3284,2644,3284
2695,3248,2808,3247,2808,3283,2695,3284
2825,3247,2834,3247,2834,3282,2825,3282
2839,3247,2848,3247,2848,3282,2839,3282
2848,3247,3024,3246,3024,3282,2848,3283
3032,3246,3041,3246,3041,3281,3032,3281
3764,3046,3809,3046,3809,3086,3764,3086
3766,3084,3811,3084,3811,3124,3766,3124
3764,3122,3809,3122,3809,3162,3764,3162
3761,3164,3814,3164,3814,3200,3761,3200
4479,3149,4489,3149,4489,3187,4479,3187
4491,3149,4671,3149,4671,3187,4491,3187
4686,3149,4707,3149,4707,3187,4686,3187
4721,3149,4846,3149,4846,3187,4721,3187
4478,3214,4488,3214,4488,3250,4478,3250
4503,3214,4609,3214,4609,3250,4503,3250
4621,3214,4648,3214,4648,3250,4621,3250
4660,3214,4721,3214,4721,3250,4660,3250
4722,3214,4732,3214,4732,3250,4722,3250
4732,3214,4857,3214,4857,3250,4732,3250
4494,3250,4577,3250,4577,3284,4494,3284
4601,3250,4610,3250,4610,3284,4601,3284
4629,3250,4638,3250,4638,3284,4629,3284
4643,3250,4652,3250,4652,3284,4643,3284
4654,3250,4685,3250,4685,3284,4654,3284
4702,3250,4711,3250,4711,3284,4702,3284
3582,3373,3626,3373,3626,3407,3582,3407
3997,3362,4097,3362,4097,3408,3997,3408
4107,3362,4120,3362,4120,3408,4107,3408
4286,3363,4343,3363,4343,3407,4286,3407
4346,3363,4358,3363,4358,3407,4346,3407
4362,3363,4419,3363,4419,3407,4362,3407
4418,3363,4430,3363,4430,3407,4418,3407
4432,3363,4532,3363,4532,3407,4432,3407
