2718,161,3037,161,3037,237,2718,237
2717,233,3062,233,3062,302,2717,302
1000,268,1105,268,1105,304,1000,304
1150,313,1196,313,1196,342,1150,342
2378,387,2378,389,2367,389,2367,387
816,448,816,398,839,398,839,448
816,393,816,387,839,387,839,393
816,387,816,351,839,351,839,387
2378,404,2378,406,2367,406,2367,404
2378,422,2378,424,2367,424,2367,422
2807,389,3145,389,3145,485,2807,485
3170,389,3198,389,3198,485,3170,485
2378,440,2378,442,2367,442,2367,440
2378,459,2378,461,2367,461,2367,459
2378,477,2378,479,2367,479,2367,477
2031,560,2031,567,2004,567,2004,560
2031,585,2031,592,2004,592,2004,585
978,581,1105,581,1105,623,978,623
1516,582,1616,582,1616,622,1516,622
1622,582,1633,582,1633,622,1622,622
1640,582,1751,582,1751,622,1640,622
1401,664,1401,655,1435,657,1435,666
1402,646,1402,637,1436,639,1436,648
1402,630,1403,605,1438,607,1437,632
2786,668,3096,657,3097,681,2787,692
2781,728,2892,728,2892,747,2781,747
2170,734,2180,734,2180,771,2170,771
2192,734,2235,734,2235,771,2192,771
2164,767,2265,789,2260,812,2159,789
1933,785,1933,789,1916,789,1916,785
876,870,879,801,902,802,899,871
879,798,879,793,901,794,901,799
879,791,881,735,904,736,902,792
1933,816,1933,820,1916,820,1916,816
1933,848,1933,852,1916,852,1916,848
1933,881,1933,885,1916,885,1916,881
3061,818,3061,946,3044,946,3044,818
1017,892,1023,892,1023,915,1017,915
1031,892,1037,892,1037,915,1031,915
1039,892,1073,892,1073,915,1039,915
1742,888,1751,888,1751,921,1742,921
1763,888,1772,888,1772,921,1763,921
1774,888,1804,888,1804,921,1774,921
1933,920,1933,924,1916,924,1916,920
2188,931,2284,931,2284,954,2188,954
2196,960,2200,960,2202,975,2198,976
3055,997,3055,999,3046,999,3046,997
3113,1001,3116,1018,3107,1019,3104,1003
2185,1068,2185,1071,2170,1071,2170,1068
2185,1099,2185,1102,2170,1102,2170,1099
1545,1123,1679,1123,1679,1163,1545,1163
1698,1123,1709,1123,1709,1163,1698,1163
1404,1211,1404,1201,1442,1201,1442,1211
1404,1195,1404,1185,1442,1185,1442,1195
1404,1185,1404,1151,1442,1151,1442,1185
3139,1146,3193,1147,3192,1182,3138,1181
3207,1147,3244,1148,3243,1183,3206,1182
3252,1148,3376,1150,3375,1185,3251,1183
3218,1196,3297,1196,3297,1239,3218,1239
2911,1196,2958,1196,2958,1239,2911,1239
2970,1196,3009,1196,3009,1239,2970,1239
3022,1196,3064,1196,3064,1239,3022,1239
816,1294,816,1245,839,1245,839,1294
816,1243,816,1237,839,1237,839,1243
816,1234,816,1198,839,1198,839,1234
2666,1196,2780,1196,2780,1239,2666,1239
2694,1254,2703,1254,2703,1288,2694,1288
2719,1254,2728,1254,2728,1288,2719,1288
2736,1254,2745,1254,2745,1288,2736,1288
2959,1258,3004,1254,3007,1286,2962,1290
3244,1254,3275,1252,3277,1287,3246,1289
1555,1293,1563,1293,1563,1324,1555,1324
1571,1293,1579,1293,1579,1324,1571,1324
1582,1293,1610,1293,1610,1324,1582,1324
977,1314,1040,1314,1040,1344,977,1344
1045,1314,1053,1314,1053,1344,1045,1344
1053,1314,1110,1314,1110,1344,1053,1344
1831,1356,1845,1356,1845,1407,1831,1407
1985,1356,2037,1356,2037,1407,1985,1407
1201,1438,1244,1438,1244,1463,1201,1463
1250,1438,1283,1438,1283,1463,1250,1463
2166,1473,2200,1488,2188,1515,2154,1499
2648,1340,2741,1340,2741,1378,2648,1378
2748,1340,2758,1340,2758,1378,2748,1378
2768,1340,2870,1340,2870,1378,2768,1378
2642,1386,2835,1386,2835,1424,2642,1424
2842,1386,2852,1386,2852,1424,2842,1424
2852,1386,2881,1386,2881,1424,2852,1424
2891,1386,2994,1386,2994,1424,2891,1424
3005,1386,3048,1386,3048,1424,3005,1424
3052,1386,3062,1386,3062,1424,3052,1424
2648,1434,2775,1434,2775,1470,2648,1470
2790,1434,2800,1434,2800,1470,2790,1470
2646,1486,2775,1486,2775,1520,2646,1520
2793,1486,2802,1486,2802,1520,2793,1520
2648,1533,2709,1533,2709,1571,2648,1571
2725,1533,2761,1533,2761,1571,2725,1571
2768,1533,2822,1533,2822,1571,2768,1571
2639,1587,2694,1587,2694,1620,2639,1620
3196,1340,3221,1340,3221,1374,3196,1374
3228,1340,3237,1340,3237,1374,3228,1374
3241,1340,3266,1340,3266,1374,3241,1374
3279,1340,3323,1340,3323,1374,3279,1374
3215,1383,3226,1383,3227,1423,3216,1423
3227,1383,3238,1383,3239,1423,3228,1423
3240,1382,3267,1381,3268,1422,3241,1423
3274,1381,3326,1379,3327,1419,3275,1421
3197,1433,3223,1432,3224,1467,3198,1468
3223,1433,3232,1433,3233,1468,3224,1468
3236,1432,3262,1431,3263,1466,3237,1467
3274,1431,3320,1430,3321,1465,3275,1466
3211,1483,3222,1483,3223,1523,3212,1523
3223,1483,3234,1483,3235,1523,3224,1523
3234,1482,3264,1481,3265,1522,3235,1523
3276,1481,3321,1479,3322,1519,3277,1521
3208,1530,3220,1530,3220,1574,3208,1574
3226,1530,3238,1530,3238,1574,3226,1574
3240,1530,3264,1530,3264,1574,3240,1574
3275,1530,3324,1530,3324,1574,3275,1574
3211,1583,3221,1583,3221,1621,3211,1621
3222,1583,3232,1583,3232,1621,3222,1621
3231,1583,3266,1583,3266,1621,3231,1621
3276,1583,3324,1583,3324,1621,3276,1621
1547,1496,1684,1496,1684,1547,1547,1547
1702,1496,1716,1496,1716,1547,1702,1547
1806,1581,1806,1651,1781,1651,1781,1581
1401,1841,1401,1830,1441,1829,1441,1840
1401,1816,1401,1805,1441,1804,1441,1815
1400,1783,1400,1772,1440,1771,1440,1782
1400,1751,1400,1740,1440,1739,1440,1750
1399,1718,1399,1707,1439,1706,1439,1717
1399,1673,1399,1662,1439,1661,1439,1672
1398,1656,1398,1645,1438,1644,1438,1655
1398,1645,1398,1616,1438,1615,1438,1644
1398,1587,1397,1543,1437,1542,1438,1586
1979,1703,1983,1765,1966,1766,1962,1704
1557,1779,1565,1779,1564,1808,1556,1808
1572,1780,1580,1780,1579,1809,1571,1809
1582,1780,1609,1781,1608,1811,1581,1810
1644,1782,1676,1783,1675,1812,1643,1811
2066,1756,2074,1756,2075,1787,2067,1787
2111,1754,2119,1754,2120,1785,2112,1785
2143,1753,2151,1753,2152,1784,2144,1784
2171,1751,2179,1751,2180,1782,2172,1782
2068,1793,2076,1793,2076,1824,2068,1824
2084,1793,2147,1793,2147,1824,2084,1824
2145,1793,2153,1793,2153,1824,2145,1824
2150,1793,2189,1793,2189,1824,2150,1824
2613,1790,2754,1791,2754,1827,2613,1826
2766,1790,2929,1791,2929,1827,2766,1826
2948,1791,3059,1792,3059,1828,2948,1827
3073,1793,3082,1793,3082,1828,3073,1828
3193,1793,3225,1793,3225,1828,3193,1828
3227,1793,3236,1793,3236,1828,3227,1828
3239,1794,3271,1794,3271,1829,3239,1829
3278,1794,3329,1794,3329,1829,3278,1829
2613,1863,2725,1863,2725,1892,2613,1892
2739,1863,2747,1863,2747,1892,2739,1892
3199,1856,3225,1856,3225,1892,3199,1892
3229,1856,3239,1856,3239,1892,3229,1892
3238,1856,3271,1856,3271,1892,3238,1892
3278,1856,3331,1856,3331,1892,3278,1892
2678,2036,2683,2036,2683,2058,2678,2058
2658,2073,2701,2073,2701,2096,2658,2096
2749,2036,2809,2036,2809,2059,2749,2059
2751,2074,2810,2074,2810,2099,2751,2099
2820,2074,2865,2074,2865,2099,2820,2099
2875,2074,2915,2074,2915,2099,2875,2099
3178,2050,3219,2050,3219,2072,3178,2072
3222,2050,3227,2050,3227,2072,3222,2072
3225,2050,3283,2050,3283,2072,3225,2072
3179,2077,3247,2077,3247,2100,3179,2100
3251,2077,3281,2077,3281,2100,3251,2100
3296,2077,3302,2077,3302,2100,3296,2100
3312,2077,3318,2077,3318,2100,3312,2100
3322,2077,3328,2077,3328,2100,3322,2100
3332,2077,3344,2077,3344,2100,3332,2100
3356,2077,3362,2077,3362,2100,3356,2100
2671,2113,2699,2116,2697,2136,2669,2133
1522,2110,1539,2110,1539,2172,1522,2172
1682,2110,1706,2110,1706,2172,1682,2172
1837,2110,1872,2110,1872,2172,1837,2172
2010,2110,2033,2110,2033,2172,2010,2172
2173,2110,2196,2110,2196,2172,2173,2172
2335,2110,2369,2110,2369,2172,2335,2172
2749,2116,2788,2116,2788,2137,2749,2137
2798,2116,2857,2116,2857,2137,2798,2137
2749,2153,2792,2153,2792,2174,2749,2174
2797,2153,2854,2153,2854,2174,2797,2174
3081,2122,3118,2122,3118,2145,3081,2145
3177,2122,3255,2122,3255,2145,3177,2145
3263,2122,3299,2122,3299,2145,3263,2145
3306,2122,3378,2122,3378,2145,3306,2145
2676,2151,2697,2154,2695,2172,2674,2170
3074,2165,3082,2165,3082,2194,3074,2194
3182,2167,3233,2168,3233,2198,3182,2197
3240,2168,3307,2169,3306,2199,3240,2198
3181,2213,3242,2214,3242,2237,3181,2236
3254,2214,3327,2215,3327,2238,3254,2237
2751,2208,2797,2208,2797,2229,2751,2229
2808,2208,2813,2208,2813,2229,2808,2229
2817,2208,2822,2208,2822,2229,2817,2229
2820,2208,2846,2208,2846,2229,2820,2229
2856,2208,2913,2208,2913,2229,2856,2229
170,2289,218,2289,218,2312,170,2312
223,2289,244,2289,244,2312,223,2312
257,2289,380,2289,380,2312,257,2312
386,2289,416,2289,416,2312,386,2312
425,2289,596,2289,596,2312,425,2312
607,2289,733,2289,733,2312,607,2312
741,2289,766,2289,766,2312,741,2312
775,2289,819,2289,819,2312,775,2312
822,2289,828,2289,828,2312,822,2312
837,2289,849,2289,849,2312,837,2312
864,2289,937,2289,937,2312,864,2312
950,2289,971,2289,971,2312,950,2312
982,2289,1060,2289,1060,2312,982,2312
1072,2289,1085,2289,1085,2312,1072,2312
1099,2289,1204,2289,1204,2312,1099,2312
1218,2289,1224,2289,1224,2312,1218,2312
1228,2289,1234,2289,1234,2312,1228,2312
1235,2289,1241,2289,1241,2312,1235,2312
1253,2289,1343,2289,1343,2312,1253,2312
1353,2289,1389,2289,1389,2312,1353,2312
1395,2289,1542,2289,1542,2312,1395,2312
1549,2289,1600,2289,1600,2312,1549,2312
1607,2289,1647,2289,1647,2312,1607,2312
1655,2289,1734,2289,1734,2312,1655,2312
1741,2289,1767,2289,1767,2312,1741,2312
1779,2289,1906,2289,1906,2312,1779,2312
1918,2289,1939,2289,1939,2312,1918,2312
1955,2289,1961,2289,1961,2312,1955,2312
1965,2289,1971,2289,1971,2312,1965,2312
1969,2289,2099,2289,2099,2312,1969,2312
2106,2289,2112,2289,2112,2312,2106,2312
166,2317,208,2317,208,2346,166,2346
216,2317,329,2317,329,2346,216,2346
339,2317,385,2317,385,2346,339,2346
387,2317,395,2317,395,2346,387,2346
395,2317,487,2317,487,2346,395,2346
489,2317,497,2317,497,2346,489,2346
503,2317,578,2317,578,2346,503,2346
591,2317,607,2317,607,2346,591,2346
615,2317,623,2317,623,2346,615,2346
621,2317,629,2317,629,2346,621,2346
626,2317,778,2317,778,2346,626,2346
781,2317,818,2317,818,2346,781,2346
829,2317,967,2317,967,2346,829,2346
981,2317,1025,2317,1025,2346,981,2346
1034,2317,1103,2317,1103,2346,1034,2346
1116,2317,1124,2317,1124,2346,1116,2346
1136,2317,1171,2317,1171,2346,1136,2346
1182,2317,1266,2317,1266,2346,1182,2346
1266,2317,1274,2317,1274,2346,1266,2346
1286,2317,1339,2317,1339,2346,1286,2346
1346,2317,1475,2317,1475,2346,1346,2346
1489,2317,1516,2317,1516,2346,1489,2346
1522,2317,1591,2317,1591,2346,1522,2346
1604,2317,1643,2317,1643,2346,1604,2346
1652,2317,1727,2317,1727,2346,1652,2346
1739,2317,1777,2317,1777,2346,1739,2346
1788,2317,1804,2317,1804,2346,1788,2346
1815,2317,1846,2317,1846,2346,1815,2346
1857,2317,1948,2317,1948,2346,1857,2346
1959,2317,1988,2317,1988,2346,1959,2346
1996,2317,2078,2317,2078,2346,1996,2346
2091,2317,2099,2317,2099,2346,2091,2346
2100,2317,2108,2317,2108,2346,2100,2346
2108,2317,2236,2317,2236,2346,2108,2346
2241,2317,2249,2317,2249,2346,2241,2346
2614,2300,2676,2300,2676,2339,2614,2339
2690,2300,2701,2300,2701,2339,2690,2339
2733,2300,2762,2300,2762,2339,2733,2339
2774,2300,2886,2300,2886,2339,2774,2339
2901,2300,2966,2300,2966,2339,2901,2339
