3801,177,4449,177,4449,324,3801,324
3803,314,4442,314,4442,453,3803,453
2602,449,2602,455,2577,455,2577,449
1848,454,1848,459,1827,459,1827,454
1882,452,1882,457,1860,457,1860,452
1794,465,1794,469,1777,469,1777,465
1794,496,1794,500,1777,500,1777,496
1919,499,1919,494,1940,494,1940,499
2602,490,2602,496,2577,496,2577,490
1882,478,1882,483,1860,483,1860,478
1882,500,1882,505,1860,505,1860,500
1882,523,1882,528,1860,528,1860,523
1848,524,1848,529,1827,529,1827,524
2261,526,2260,491,2307,489,2308,524
2602,524,2602,530,2577,530,2577,524
1794,530,1794,534,1777,534,1777,530
1919,535,1919,530,1940,530,1940,535
1882,549,1882,554,1860,554,1860,549
2602,561,2602,567,2577,567,2577,561
1788,547,1800,548,1797,591,1785,590
1823,549,1835,550,1832,593,1820,592
1836,550,1848,551,1845,594,1833,593
1872,553,1884,554,1881,597,1869,596
1894,555,1906,556,1903,599,1891,598
1907,555,1919,556,1916,599,1904,598
1537,574,1543,574,1544,597,1538,597
1919,583,1919,578,1940,578,1940,583
1571,573,1577,573,1578,596,1572,596
1607,572,1613,572,1614,595,1608,595
1643,571,1649,571,1650,594,1644,594
1971,561,1979,562,1976,592,1968,591
2002,564,2010,565,2007,595,1999,594
2174,580,2176,580,2176,592,2174,592
2264,594,2264,581,2311,579,2311,592
2602,597,2602,603,2577,603,2577,597
1633,624,1633,619,1654,619,1654,624
2602,631,2602,637,2577,637,2577,631
1021,642,1112,642,1112,677,1021,677
4060,594,4517,594,4517,723,4060,723
2602,667,2602,673,2577,673,2577,667
2201,684,2201,680,2218,680,2218,684
1651,689,1651,693,1634,693,1634,689
2268,716,2268,703,2315,701,2315,714
2266,677,2266,664,2313,662,2313,675
2602,704,2602,710,2577,710,2577,704
691,701,737,695,740,725,695,731
2102,702,2152,703,2151,722,2102,721
2201,720,2201,716,2218,716,2218,720
1537,717,1542,717,1542,738,1537,738
1572,717,1577,717,1577,738,1572,738
1607,717,1612,717,1612,738,1607,738
1640,717,1645,717,1645,738,1640,738
2602,735,2602,741,2577,741,2577,735
2201,754,2201,750,2218,750,2218,754
846,767,846,763,863,764,863,768
1652,761,1652,765,1635,765,1635,761
2602,774,2602,780,2577,780,2577,774
1403,770,1412,771,1410,804,1401,803
2201,790,2201,786,2218,786,2218,790
1572,787,1577,787,1577,808,1572,808
1607,787,1612,787,1612,808,1607,808
1642,787,1647,787,1647,808,1642,808
493,872,491,859,537,851,539,864
488,844,486,831,532,823,534,836
482,808,472,749,518,741,528,800
2602,808,2602,814,2577,814,2577,808
565,788,667,786,668,845,566,847
683,786,736,785,737,844,684,845
746,785,871,783,872,841,747,843
2201,826,2201,822,2218,822,2218,826
2313,820,2313,823,2300,823,2300,820
4130,808,4214,808,4214,840,4130,840
4232,808,4273,808,4273,840,4232,840
4288,808,4472,808,4472,840,4288,840
1652,831,1652,835,1635,835,1635,831
2602,844,2602,850,2577,850,2577,844
2313,848,2313,851,2300,851,2300,848
2201,862,2201,858,2218,858,2218,862
1653,867,1653,871,1636,871,1636,867
663,870,669,870,670,893,664,893
699,868,705,868,706,891,700,891
733,867,739,867,740,890,734,890
769,866,775,866,776,889,770,889
805,864,811,864,812,887,806,887
2313,883,2313,886,2300,886,2300,883
2602,880,2602,886,2577,886,2577,880
2201,896,2201,892,2218,892,2218,896
1653,903,1653,907,1636,907,1636,903
2602,914,2602,920,2577,920,2577,914
2313,920,2313,923,2300,923,2300,920
1091,905,1379,905,1379,951,1091,951
1645,931,1649,931,1649,948,1645,948
1679,931,1683,931,1683,948,1679,948
1714,930,1718,930,1718,947,1714,947
1750,930,1754,930,1754,947,1750,947
1784,930,1788,930,1788,947,1784,947
1820,930,1824,930,1824,947,1820,947
1856,930,1860,930,1860,947,1856,947
1892,929,1896,929,1896,946,1892,946
2201,939,2201,935,2218,935,2218,939
1926,929,1930,929,1930,946,1926,946
1962,929,1966,929,1966,946,1962,946
1998,929,2002,929,2002,946,1998,946
2068,928,2072,928,2072,945,2068,945
2104,928,2108,928,2108,945,2104,945
2140,928,2144,928,2144,945,2140,945
2174,927,2178,927,2178,944,2174,944
2306,948,2312,948,2312,971,2306,971
2339,948,2345,948,2345,971,2339,971
2375,948,2381,948,2381,971,2375,971
2411,948,2417,948,2417,971,2411,971
2445,948,2451,948,2451,971,2445,971
2481,948,2487,948,2487,971,2481,971
2517,948,2523,948,2523,971,2517,971
2553,948,2559,948,2559,971,2553,971
2586,948,2592,948,2592,971,2586,971
671,1007,680,1008,677,1042,668,1041
738,1012,747,1013,744,1047,735,1046
776,1014,785,1015,782,1049,773,1048
807,1016,845,1019,842,1053,804,1050
3917,1041,4026,1041,4026,1079,3917,1079
4532,1040,4654,1040,4654,1074,4532,1074
1039,1074,1042,1074,1042,1088,1039,1088
1073,1073,1076,1073,1076,1087,1073,1087
1109,1072,1112,1072,1112,1086,1109,1086
1350,1074,1353,1074,1353,1087,1350,1087
1385,1074,1387,1074,1387,1085,1385,1085
1419,1074,1421,1074,1421,1085,1419,1085
2047,1074,2234,1074,2234,1132,2047,1132
2264,1074,2280,1074,2280,1132,2264,1132
2308,1074,2498,1074,2498,1132,2308,1132
922,1137,922,1134,937,1134,937,1137
1986,1211,1986,1158,2020,1158,2020,1211
922,1202,922,1199,937,1199,937,1202
4209,1241,4246,1241,4246,1270,4209,1270
4286,1241,4378,1241,4378,1270,4286,1270
1034,1298,1037,1298,1037,1313,1034,1313
1071,1298,1074,1298,1074,1313,1071,1313
4345,1304,4545,1304,4545,1344,4345,1344
4568,1304,4579,1304,4579,1344,4568,1344
4581,1304,4675,1304,4675,1344,4581,1344
1224,1343,1224,1349,1201,1349,1201,1343
848,1355,891,1358,889,1392,846,1389
1550,1356,1599,1356,1599,1390,1550,1390
2301,1356,2347,1356,2347,1388,2301,1388
1224,1379,1224,1385,1201,1385,1201,1379
1224,1413,1224,1419,1201,1419,1201,1413
1224,1451,1224,1457,1201,1457,1201,1451
732,1446,973,1446,973,1508,732,1508
994,1446,1011,1446,1011,1508,994,1508
1405,1455,1651,1455,1651,1498,1405,1498
1673,1455,1685,1455,1685,1498,1673,1498
1224,1484,1224,1490,1201,1490,1201,1484
486,1526,486,1480,518,1480,518,1526
1772,1529,1772,1481,1809,1481,1809,1529
1224,1520,1224,1526,1201,1526,1201,1520
1224,1556,1224,1562,1201,1562,1201,1556
984,1571,992,1569,997,1598,990,1599
1020,1564,1028,1562,1033,1591,1026,1592
1055,1557,1063,1555,1068,1584,1061,1585
1090,1550,1098,1548,1103,1577,1096,1578
1167,1574,1171,1578,1156,1595,1151,1591
1224,1590,1224,1596,1201,1596,1201,1590
1194,1598,1198,1602,1183,1619,1178,1615
1106,1624,1110,1624,1110,1642,1106,1642
1143,1624,1147,1624,1147,1642,1143,1642
1224,1631,1224,1637,1201,1637,1201,1631
955,1642,951,1649,926,1635,929,1628
939,1671,935,1678,910,1664,913,1657
922,1703,918,1710,893,1696,896,1689
4091,1663,4114,1665,4108,1744,4085,1743
4139,1667,4162,1669,4156,1748,4133,1747
4180,1670,4203,1672,4197,1751,4174,1750
906,1752,914,1754,907,1782,899,1780
599,1842,602,1842,602,1856,599,1856
633,1842,636,1842,636,1856,633,1856
669,1842,672,1842,672,1856,669,1856
704,1842,707,1842,707,1856,704,1856
740,1842,743,1842,743,1856,740,1856
774,1842,777,1842,777,1856,774,1856
780,1832,792,1833,790,1876,778,1875
811,1834,823,1835,821,1878,809,1877
865,1837,904,1839,901,1883,863,1881
1357,1865,1360,1865,1360,1878,1357,1878
1380,1865,1383,1865,1383,1878,1380,1878
1404,1865,1407,1865,1407,1878,1404,1878
2045,1865,2047,1865,2047,1876,2045,1876
2069,1864,2071,1864,2071,1875,2069,1875
2115,1866,2117,1866,2117,1877,2115,1877
2140,1866,2142,1866,2142,1877,2140,1877
2163,1865,2165,1865,2165,1876,2163,1876
2210,1865,2212,1865,2212,1876,2210,1876
2234,1864,2236,1864,2236,1875,2234,1875
2258,1864,2260,1864,2260,1875,2258,1875
2282,1864,2284,1864,2284,1875,2282,1875
2305,1864,2307,1864,2307,1875,2305,1875
2329,1863,2331,1863,2331,1874,2329,1874
2353,1863,2355,1863,2355,1874,2353,1874
2373,1866,2400,1865,2400,1874,2373,1875
935,1878,992,1878,992,1909,935,1909
2282,1888,2287,1888,2287,1908,2282,1908
1109,1933,1213,1933,1213,1942,1109,1942
3717,1547,3980,1547,3980,1632,3717,1632
4035,1547,4238,1547,4238,1632,4035,1632
4302,1547,4380,1547,4380,1632,4302,1632
4399,1547,4463,1547,4463,1632,4399,1632
4481,1547,4565,1547,4565,1632,4481,1632
4666,1547,4797,1547,4797,1632,4666,1632
3769,1669,3874,1669,3874,1743,3769,1743
3866,1669,3887,1669,3887,1743,3866,1743
3896,1669,3917,1669,3917,1743,3896,1743
4383,1667,4487,1667,4487,1748,4383,1748
4706,1667,4766,1667,4766,1748,4706,1748
4063,1793,4278,1793,4278,1867,4063,1867
4300,1793,4568,1793,4568,1867,4300,1867
3851,1882,4043,1882,4043,1936,3851,1936
4080,1882,4095,1882,4095,1936,4080,1936
4126,1882,4323,1882,4323,1936,4126,1936
4522,1885,4566,1885,4566,1933,4522,1933
4578,1885,4591,1885,4591,1933,4578,1933
4593,1885,4645,1885,4645,1933,4593,1933
4656,1885,4735,1885,4735,1933,4656,1933
3842,1959,4096,1959,4096,2007,3842,2007
4128,1959,4141,1959,4141,2007,4128,2007
4525,1959,4575,1959,4575,2005,4525,2005
4576,1959,4589,1959,4589,2005,4576,2005
4589,1959,4648,1959,4648,2005,4589,2005
4656,1959,4731,1959,4731,2005,4656,2005
3846,2033,4093,2033,4093,2077,3846,2077
4127,2033,4139,2033,4139,2077,4127,2077
4525,2029,4539,2029,4539,2079,4525,2079
4546,2029,4560,2029,4560,2079,4546,2079
4570,2029,4607,2029,4607,2079,4570,2079
4628,2029,4702,2029,4702,2079,4628,2079
3845,2103,3947,2103,3947,2149,3845,2149
3978,2103,4028,2103,4028,2149,3978,2149
4042,2103,4171,2103,4171,2149,4042,2149
4523,2102,4536,2102,4536,2149,4523,2149
4547,2102,4560,2102,4560,2149,4547,2149
4563,2102,4606,2102,4606,2149,4563,2149
4628,2102,4705,2102,4705,2149,4628,2149
3843,2170,4145,2170,4145,2232,3843,2232
4525,2172,4539,2172,4539,2221,4525,2221
4550,2172,4564,2172,4564,2221,4550,2221
4567,2172,4612,2172,4612,2221,4567,2221
4631,2172,4703,2172,4703,2221,4631,2221
3839,2242,3928,2242,3928,2296,3839,2296
4529,2247,4542,2247,4542,2293,4529,2293
4548,2247,4561,2247,4561,2293,4548,2293
4562,2247,4613,2247,4613,2293,4562,2293
4627,2247,4703,2247,4703,2293,4627,2293
4517,2314,4576,2314,4576,2368,4517,2368
4577,2314,4592,2314,4592,2368,4577,2368
4596,2314,4646,2314,4646,2368,4596,2368
4655,2314,4734,2314,4734,2368,4655,2368
2661,2004,2699,2003,2700,2038,2662,2039
2714,2003,2796,2000,2797,2034,2715,2037
1774,2254,1774,2208,1806,2208,1806,2254
1887,2191,2141,2191,2141,2235,1887,2235
2757,2143,2757,2210,2725,2210,2725,2143
2757,2217,2757,2225,2725,2225,2725,2217
2757,2229,2757,2276,2725,2276,2725,2229
3719,2482,3807,2482,3807,2518,3719,2518
3823,2482,3833,2482,3833,2518,3823,2518
3839,2482,3878,2482,3878,2518,3839,2518
3893,2482,3999,2482,3999,2518,3893,2518
4009,2482,4060,2482,4060,2518,4009,2518
4073,2482,4199,2482,4199,2518,4073,2518
4214,2482,4260,2482,4260,2518,4214,2518
4265,2482,4367,2482,4367,2518,4265,2518
4384,2482,4455,2482,4455,2518,4384,2518
4465,2482,4529,2482,4529,2518,4465,2518
4547,2482,4598,2482,4598,2518,4547,2518
4610,2482,4706,2482,4706,2518,4610,2518
4718,2482,4871,2482,4871,2518,4718,2518
3848,2545,4117,2545,4117,2591,3848,2591
4533,2533,4574,2533,4574,2607,4533,2607
4584,2533,4665,2533,4665,2607,4584,2607
3903,2746,4061,2750,4060,2782,3902,2778
3766,2818,3806,2818,3806,2854,3766,2854
3767,2854,3827,2855,3827,2891,3767,2890
3767,2894,3831,2895,3831,2929,3767,2928
3767,2937,3803,2935,3804,2960,3768,2962
3769,2973,3803,2973,3803,3004,3769,3004
3885,2818,3895,2818,3895,2854,3885,2854
3903,2818,3980,2818,3980,2854,3903,2854
3997,2818,4106,2818,4106,2854,3997,2854
3883,2855,3892,2855,3892,2890,3883,2890
3897,2855,4011,2856,4011,2892,3897,2891
4023,2856,4114,2857,4114,2893,4023,2892
4134,2857,4215,2858,4215,2894,4134,2893
3883,2895,3892,2895,3892,2929,3883,2929
3906,2895,4011,2896,4011,2931,3906,2930
4032,2896,4134,2897,4134,2932,4032,2931
4144,2897,4259,2898,4259,2932,4144,2931
3881,2938,3889,2938,3889,2969,3881,2969
3899,2938,3978,2938,3978,2969,3899,2969
3985,2938,4103,2938,4103,2969,3985,2969
3877,2972,3886,2972,3886,3006,3877,3006
3899,2972,4011,2972,4011,3006,3899,3006
4029,2972,4174,2972,4174,3006,4029,3006
3879,3010,3888,3010,3888,3045,3879,3045
3901,3010,4015,3010,4015,3045,3901,3045
4019,3010,4028,3010,4028,3045,4019,3045
4031,3010,4081,3010,4081,3045,4031,3045
4095,3010,4364,3010,4364,3045,4095,3045
3881,3050,3889,3050,3889,3081,3881,3081
3899,3050,3973,3051,3973,3083,3899,3082
3990,3052,4024,3052,4024,3083,3990,3083
4036,3052,4176,3054,4176,3086,4036,3084
3878,3088,3887,3088,3887,3122,3878,3122
3899,3088,3993,3088,3993,3122,3899,3122
4006,3088,4125,3088,4125,3122,4006,3122
3878,3128,3886,3128,3886,3160,3878,3160
3898,3128,3968,3128,3968,3160,3898,3160
3978,3128,3986,3128,3986,3160,3978,3160
3985,3128,4065,3128,4065,3160,3985,3160
3875,3164,3885,3164,3885,3200,3875,3200
3889,3164,3981,3164,3981,3200,3889,3200
3986,3164,3996,3164,3996,3200,3986,3200
3996,3164,4077,3164,4077,3200,3996,3200
3766,3014,3807,3011,3809,3042,3768,3045
2448,3058,2513,3058,2513,3093,2448,3093
2525,3058,2551,3058,2551,3093,2525,3093
2572,3057,2736,3056,2736,3092,2572,3093
2742,3057,2783,3057,2783,3092,2742,3092
2799,3056,3031,3055,3031,3091,2799,3092
3046,3055,3218,3054,3218,3090,3046,3091
3233,3055,3265,3055,3265,3090,3233,3090
3276,3055,3332,3055,3332,3090,3276,3090
3343,3055,3352,3055,3352,3090,3343,3090
3361,3055,3381,3055,3381,3090,3361,3090
3400,3054,3502,3054,3502,3089,3400,3089
3514,3054,3546,3054,3546,3089,3514,3089
2440,3096,2553,3096,2553,3128,2440,3128
2564,3096,2587,3096,2587,3128,2564,3128
2601,3096,2745,3096,2745,3128,2601,3128
2767,3096,2775,3096,2775,3128,2767,3128
2780,3096,2788,3096,2788,3128,2780,3128
2790,3096,2798,3096,2798,3128,2790,3128
2812,3096,2938,3096,2938,3128,2812,3128
2947,3096,2998,3096,2998,3128,2947,3128
3006,3096,3208,3096,3208,3128,3006,3128
3223,3096,3288,3096,3288,3128,3223,3128
3297,3096,3348,3096,3348,3128,3297,3128
3364,3096,3468,3096,3468,3128,3364,3128
3479,3096,3515,3096,3515,3128,3479,3128
2442,3134,2621,3134,2621,3166,2442,3166
2638,3134,2667,3134,2667,3166,2638,3166
2686,3134,2694,3134,2694,3166,2686,3166
2699,3134,2707,3134,2707,3166,2699,3166
2710,3134,2889,3134,2889,3166,2710,3166
2894,3134,2902,3134,2902,3166,2894,3166
2440,3174,2494,3174,2494,3205,2440,3205
2508,3174,2664,3174,2664,3205,2508,3205
2679,3174,2738,3174,2738,3205,2679,3205
2750,3174,2875,3174,2875,3205,2750,3205
2880,3174,2888,3174,2888,3205,2880,3205
2901,3174,3002,3174,3002,3205,2901,3205
3019,3174,3047,3174,3047,3205,3019,3205
3056,3174,3064,3174,3064,3205,3056,3205
3063,3174,3071,3174,3071,3205,3063,3205
3073,3174,3275,3174,3275,3205,3073,3205
3283,3174,3332,3174,3332,3205,3283,3205
3347,3174,3536,3174,3536,3205,3347,3205
2444,3210,2511,3210,2511,3242,2444,3242
2519,3210,2615,3210,2615,3242,2519,3242
2631,3210,2639,3210,2639,3242,2631,3242
2658,3210,2707,3210,2707,3242,2658,3242
2724,3210,2836,3210,2836,3242,2724,3242
2839,3210,2847,3210,2847,3242,2839,3242
2864,3210,2936,3210,2936,3242,2864,3242
2947,3210,3127,3210,3127,3242,2947,3242
3142,3210,3178,3210,3178,3242,3142,3242
3188,3210,3280,3210,3280,3242,3188,3242
3299,3210,3350,3210,3350,3242,3299,3242
3365,3210,3472,3210,3472,3242,3365,3242
3487,3210,3533,3210,3533,3242,3487,3242
3551,3210,3574,3210,3574,3242,3551,3242
2446,3250,2492,3250,2492,3285,2446,3285
2507,3249,2633,3248,2633,3284,2507,3285
2644,3248,2684,3248,2684,3284,2644,3284
2695,3248,2808,3247,2808,3283,2695,3284
2825,3247,2834,3247,2834,3282,2825,3282
2839,3247,2848,3247,2848,3282,2839,3282
2848,3247,3024,3246,3024,3282,2848,3283
3032,3246,3041,3246,3041,3281,3032,3281
3764,3046,3809,3046,3809,3086,3764,3086
3766,3084,3811,3084,3811,3124,3766,3124
3764,3122,3809,3122,3809,3162,3764,3162
3761,3164,3814,3164,3814,3200,3761,3200
4490,3157,4499,3157,4499,3191,4490,3191
4505,3157,4680,3157,4680,3191,4505,3191
4696,3157,4721,3157,4721,3191,4696,3191
4732,3157,4855,3157,4855,3191,4732,3191
4490,3222,4500,3222,4500,3258,4490,3258
4510,3222,4621,3222,4621,3258,4510,3258
4633,3222,4660,3222,4660,3258,4633,3258
4672,3222,4729,3222,4729,3258,4672,3258
4734,3222,4744,3222,4744,3258,4734,3258
4744,3222,4868,3222,4868,3258,4744,3258
4507,3254,4594,3254,4594,3289,4507,3289
4613,3254,4622,3254,4622,3289,4613,3289
4642,3254,4651,3254,4651,3289,4642,3289
4656,3254,4665,3254,4665,3289,4656,3289
4670,3254,4695,3254,4695,3289,4670,3289
4714,3254,4723,3254,4723,3289,4714,3289
3582,3373,3626,3373,3626,3407,3582,3407
3997,3362,4097,3362,4097,3408,3997,3408
4107,3362,4120,3362,4120,3408,4107,3408
4290,3363,4338,3363,4338,3407,4290,3407
4348,3363,4360,3363,4360,3407,4348,3407
4366,3363,4415,3363,4415,3407,4366,3407
4420,3363,4432,3363,4432,3407,4420,3407
4434,3363,4534,3363,4534,3407,4434,3407
