181,150,197,150,197,208,181,208
345,150,365,150,365,208,345,208
501,150,534,150,534,208,501,208
666,150,699,150,699,208,666,208
831,150,864,150,864,208,831,208
997,150,1028,150,1028,208,997,208
2720,169,3038,169,3038,238,2720,238
2717,233,3062,233,3062,302,2717,302
1718,248,1728,248,1728,285,1718,285
1733,248,1743,248,1743,285,1733,285
1743,248,1771,248,1771,285,1743,285
1503,423,1516,424,1514,471,1501,470
1581,435,1581,439,1563,439,1563,435
1581,454,1581,458,1563,458,1563,454
1634,429,1769,435,1767,483,1632,477
1786,436,1799,437,1797,484,1784,483
2803,381,3150,381,3150,489,2803,489
1580,486,1580,490,1562,490,1562,486
1778,483,1792,484,1787,533,1773,532
1823,487,1837,488,1832,537,1818,536
1857,491,1871,492,1866,541,1852,540
1580,520,1579,558,1561,558,1562,520
3138,560,3161,567,3157,579,3134,571
2982,676,3069,667,3070,677,2983,686
2952,700,2965,700,2965,711,2952,711
2703,614,2703,834,2688,834,2688,614
2787,767,2787,765,2798,766,2798,768
2803,757,2902,760,2902,774,2803,771
731,856,775,812,793,830,749,874
2943,892,2944,854,2952,854,2951,892
3033,805,3031,879,3013,879,3015,805
3031,890,3031,894,3014,894,3014,890
3031,885,3030,949,3013,949,3014,885
1485,954,1484,945,1518,942,1519,951
1484,940,1483,931,1517,928,1518,937
1482,927,1477,878,1512,875,1517,924
3142,946,3141,842,3155,842,3156,946
1421,914,1444,914,1444,956,1421,956
1631,924,1766,924,1766,962,1631,962
1783,924,1793,924,1793,962,1783,962
2133,932,2188,928,2190,964,2135,968
2263,923,2361,917,2363,954,2265,960
2362,918,2371,917,2373,952,2364,953
3058,1022,3067,902,3086,904,3077,1023
3236,970,3236,956,3245,956,3245,970
3236,956,3236,955,3244,955,3244,956
3143,1032,3148,987,3160,988,3155,1033
1719,1045,1727,1045,1727,1076,1719,1076
1732,1045,1740,1045,1740,1076,1732,1076
1744,1045,1766,1045,1766,1076,1744,1076
1321,1150,1334,1150,1334,1174,1321,1174
982,1247,982,1206,1003,1206,1003,1247
982,1201,982,1196,1003,1196,1003,1201
982,1196,982,1169,1003,1169,1003,1196
2857,1196,2869,1196,2869,1239,2857,1239
2910,1196,2958,1196,2958,1239,2910,1239
2969,1196,3009,1196,3009,1239,2969,1239
3021,1196,3064,1196,3064,1239,3021,1239
2666,1196,2780,1196,2780,1239,2666,1239
2688,1252,2751,1252,2751,1289,2688,1289
3141,1148,3196,1148,3196,1185,3141,1185
3208,1148,3242,1148,3242,1185,3208,1185
3253,1148,3375,1148,3375,1185,3253,1185
3218,1196,3295,1196,3295,1239,3218,1239
3246,1254,3273,1254,3273,1291,3246,1291
2963,1256,3005,1252,3008,1289,2966,1293
424,1404,423,1327,432,1327,433,1404
1482,1382,1482,1371,1522,1371,1522,1382
1482,1365,1482,1354,1522,1354,1522,1365
1482,1354,1482,1324,1522,1324,1522,1354
1631,1348,1766,1348,1766,1386,1631,1386
1783,1348,1793,1348,1793,1386,1783,1386
453,1370,455,1369,461,1379,460,1380
331,1379,333,1496,315,1496,313,1379
340,1420,342,1420,348,1451,346,1451
383,1420,382,1455,370,1455,371,1420
412,1425,412,1439,403,1439,403,1425
1718,1456,1727,1455,1729,1489,1720,1490
1732,1455,1741,1454,1743,1488,1734,1489
1741,1454,1772,1452,1774,1486,1743,1488
410,1483,410,1485,401,1485,401,1483
2465,1525,2465,1499,2482,1499,2482,1525
2649,1339,2742,1339,2742,1375,2649,1375
2747,1339,2757,1339,2757,1375,2747,1375
2766,1339,2870,1339,2870,1375,2766,1375
2642,1386,2835,1386,2835,1424,2642,1424
2842,1386,2852,1386,2852,1424,2842,1424
2852,1386,2881,1386,2881,1424,2852,1424
2891,1386,2994,1386,2994,1424,2891,1424
3005,1386,3048,1386,3048,1424,3005,1424
3052,1386,3062,1386,3062,1424,3052,1424
2646,1436,2793,1436,2793,1470,2646,1470
2643,1486,2776,1486,2776,1524,2643,1524
2791,1486,2801,1486,2801,1524,2791,1524
2649,1533,2777,1533,2777,1573,2649,1573
2794,1533,2805,1533,2805,1573,2794,1573
2648,1586,2708,1586,2708,1621,2648,1621
2727,1586,2759,1586,2759,1621,2727,1621
2770,1586,2825,1586,2825,1621,2770,1621
2641,1634,2817,1638,2816,1674,2640,1670
2637,1688,2697,1688,2697,1720,2637,1720
3192,1339,3225,1339,3225,1375,3192,1375
3227,1339,3237,1339,3237,1375,3227,1375
3236,1339,3268,1339,3268,1375,3236,1375
3277,1339,3324,1339,3324,1375,3277,1375
3210,1385,3220,1385,3221,1423,3211,1423
3226,1385,3236,1385,3237,1423,3227,1423
3240,1384,3268,1383,3269,1421,3241,1422
3278,1383,3328,1381,3329,1419,3279,1421
3197,1434,3223,1434,3223,1469,3197,1469
3223,1434,3232,1434,3232,1469,3223,1469
3236,1434,3262,1434,3262,1469,3236,1469
3275,1434,3321,1434,3321,1469,3275,1469
3211,1480,3223,1480,3223,1523,3211,1523
3225,1480,3237,1480,3237,1523,3225,1523
3237,1480,3268,1480,3268,1523,3237,1523
3277,1480,3325,1480,3325,1523,3277,1523
3212,1530,3223,1530,3222,1570,3211,1570
3228,1530,3239,1530,3238,1570,3227,1570
3239,1530,3269,1531,3268,1572,3238,1571
3275,1532,3327,1534,3326,1574,3274,1572
3211,1582,3222,1582,3222,1622,3211,1622
3228,1582,3239,1582,3239,1622,3228,1622
3239,1582,3269,1582,3269,1622,3239,1622
3275,1582,3327,1582,3327,1622,3275,1622
3211,1631,3222,1631,3222,1673,3211,1673
3228,1631,3239,1631,3239,1673,3228,1673
3236,1631,3267,1631,3267,1673,3236,1673
3273,1631,3327,1631,3327,1673,3273,1673
3211,1685,3221,1685,3221,1723,3211,1723
3226,1685,3236,1685,3236,1723,3226,1723
3243,1685,3263,1685,3263,1723,3243,1723
3276,1685,3324,1685,3324,1723,3276,1723
2402,1539,2504,1524,2508,1553,2406,1568
330,1562,330,1566,313,1566,313,1562
430,1613,430,1552,451,1552,451,1613
2402,1553,2484,1558,2483,1576,2401,1571
2497,1559,2501,1559,2500,1576,2496,1576
2410,1577,2413,1577,2413,1592,2410,1592
2419,1577,2422,1577,2422,1592,2419,1592
2429,1577,2432,1577,2432,1592,2429,1592
2439,1577,2442,1577,2442,1592,2439,1592
2448,1577,2451,1577,2451,1592,2448,1592
2459,1577,2462,1577,2462,1592,2459,1592
2469,1577,2472,1577,2472,1592,2469,1592
2479,1577,2482,1577,2482,1592,2479,1592
2418,1594,2421,1594,2421,1608,2418,1608
2436,1594,2439,1594,2439,1608,2436,1608
2454,1594,2457,1594,2457,1608,2454,1608
2473,1595,2476,1595,2476,1609,2473,1609
330,1584,330,1588,313,1588,313,1584
330,1616,330,1620,313,1620,313,1616
330,1634,330,1638,313,1638,313,1634
982,1660,982,1619,1003,1619,1003,1660
982,1616,982,1611,1003,1611,1003,1616
982,1611,982,1580,1003,1580,1003,1611
1162,1616,1167,1616,1167,1637,1162,1637
1176,1616,1181,1616,1181,1637,1176,1637
1185,1616,1216,1616,1216,1637,1185,1637
1936,1606,1946,1606,1946,1643,1936,1643
1951,1606,1961,1606,1961,1643,1951,1643
1960,1606,1994,1606,1994,1643,1960,1643
1022,1637,1022,1640,1009,1640,1009,1637
330,1685,330,1689,313,1689,313,1685
2462,1697,2464,1697,2464,1708,2462,1708
2480,1697,2482,1697,2482,1708,2480,1708
2405,1717,2444,1717,2444,1747,2405,1747
2155,1747,2155,1753,2132,1754,2132,1749
2157,1778,2157,1784,2134,1785,2134,1780
366,1854,360,1797,377,1795,383,1852
2616,1792,2753,1792,2753,1826,2616,1826
2768,1792,2929,1792,2929,1826,2768,1826
2947,1792,3061,1792,3061,1826,2947,1826
3072,1792,3081,1792,3081,1826,3072,1826
2159,1810,2159,1816,2136,1817,2136,1812
2162,1843,2162,1849,2139,1850,2139,1845
673,1856,751,1856,751,1888,673,1888
1143,1856,1269,1856,1269,1891,1143,1891
1489,1904,1488,1896,1520,1894,1521,1902
1488,1891,1487,1883,1519,1881,1520,1889
1488,1883,1486,1856,1518,1854,1520,1881
1637,1851,1726,1848,1728,1896,1639,1899
1738,1848,1751,1848,1753,1895,1740,1895
1755,1847,1868,1843,1869,1891,1757,1895
2164,1874,2164,1880,2141,1881,2141,1876
2615,1861,2726,1861,2726,1892,2615,1892
2739,1861,2747,1861,2747,1892,2739,1892
331,1847,331,1964,313,1964,313,1847
3195,1796,3224,1796,3224,1834,3195,1834
3228,1796,3238,1796,3238,1834,3228,1834
3236,1796,3272,1796,3272,1834,3236,1834
3281,1796,3329,1796,3329,1834,3281,1834
3200,1854,3226,1854,3226,1889,3200,1889
3230,1854,3239,1854,3239,1889,3230,1889
3238,1854,3270,1854,3270,1889,3238,1889
3282,1854,3327,1854,3327,1889,3282,1889
3201,1912,3224,1912,3224,1955,3201,1955
3231,1912,3243,1912,3243,1955,3231,1955
3239,1912,3270,1912,3270,1955,3239,1955
3279,1912,3327,1912,3327,1955,3279,1955
2615,1921,2680,1921,2680,1944,2615,1944
2698,1921,2704,1921,2704,1944,2698,1944
1449,1998,1449,1999,1441,1999,1441,1998
1449,2016,1449,2017,1441,2017,1441,2016
1449,2034,1449,2035,1441,2035,1441,2034
2680,2036,2685,2036,2685,2057,2680,2057
2686,2036,2691,2036,2691,2057,2686,2057
2658,2073,2701,2073,2701,2096,2658,2096
2749,2036,2809,2036,2809,2059,2749,2059
2752,2074,2810,2074,2810,2099,2752,2099
2820,2074,2866,2074,2866,2099,2820,2099
2876,2074,2915,2074,2915,2099,2876,2099
3181,2048,3220,2048,3220,2073,3181,2073
3221,2048,3227,2048,3227,2073,3221,2073
3228,2048,3286,2048,3286,2073,3228,2073
3179,2077,3247,2077,3247,2100,3179,2100
3251,2077,3281,2077,3281,2100,3251,2100
3296,2077,3302,2077,3302,2100,3296,2100
3312,2077,3318,2077,3318,2100,3312,2100
3322,2077,3328,2077,3328,2100,3322,2100
3332,2077,3344,2077,3344,2100,3332,2100
3356,2077,3362,2077,3362,2100,3356,2100
983,2172,983,2093,1002,2093,1002,2172
2671,2113,2699,2116,2697,2136,2669,2133
2749,2116,2788,2116,2788,2137,2749,2137
2798,2116,2857,2116,2857,2137,2798,2137
2749,2153,2792,2153,2792,2174,2749,2174
2797,2153,2854,2153,2854,2174,2797,2174
3081,2122,3118,2122,3118,2145,3081,2145
3178,2123,3254,2123,3254,2144,3178,2144
3264,2123,3300,2123,3300,2144,3264,2144
3305,2123,3376,2123,3376,2144,3305,2144
1316,2151,1370,2151,1370,2182,1316,2182
2676,2151,2697,2154,2695,2172,2674,2170
1147,2173,1256,2173,1256,2204,1147,2204
3074,2165,3082,2165,3082,2194,3074,2194
337,2176,480,2176,480,2213,337,2213
492,2176,660,2176,660,2213,492,2213
643,2176,970,2176,970,2213,643,2213
985,2176,995,2176,995,2213,985,2213
666,2219,725,2219,725,2248,666,2248
3182,2167,3233,2168,3233,2198,3182,2197
3240,2168,3307,2169,3306,2199,3240,2198
3181,2213,3242,2214,3242,2237,3181,2236
3254,2214,3327,2215,3327,2238,3254,2237
2751,2208,2797,2208,2797,2229,2751,2229
2808,2208,2813,2208,2813,2229,2808,2229
2817,2208,2822,2208,2822,2229,2817,2229
2820,2208,2846,2208,2846,2229,2820,2229
2856,2208,2913,2208,2913,2229,2856,2229
170,2289,218,2289,218,2312,170,2312
223,2289,244,2289,244,2312,223,2312
257,2289,380,2289,380,2312,257,2312
386,2289,416,2289,416,2312,386,2312
425,2289,596,2289,596,2312,425,2312
607,2289,733,2289,733,2312,607,2312
741,2289,766,2289,766,2312,741,2312
775,2289,819,2289,819,2312,775,2312
822,2289,828,2289,828,2312,822,2312
837,2289,849,2289,849,2312,837,2312
864,2289,937,2289,937,2312,864,2312
950,2289,971,2289,971,2312,950,2312
982,2289,1060,2289,1060,2312,982,2312
1072,2289,1085,2289,1085,2312,1072,2312
1099,2289,1204,2289,1204,2312,1099,2312
1218,2289,1224,2289,1224,2312,1218,2312
1228,2289,1234,2289,1234,2312,1228,2312
1235,2289,1241,2289,1241,2312,1235,2312
1253,2289,1343,2289,1343,2312,1253,2312
1353,2289,1389,2289,1389,2312,1353,2312
1395,2289,1542,2289,1542,2312,1395,2312
1549,2289,1600,2289,1600,2312,1549,2312
1607,2289,1647,2289,1647,2312,1607,2312
1655,2289,1734,2289,1734,2312,1655,2312
1741,2289,1767,2289,1767,2312,1741,2312
1779,2289,1906,2289,1906,2312,1779,2312
1918,2289,1939,2289,1939,2312,1918,2312
1955,2289,1961,2289,1961,2312,1955,2312
1965,2289,1971,2289,1971,2312,1965,2312
1969,2289,2099,2289,2099,2312,1969,2312
2106,2289,2112,2289,2112,2312,2106,2312
166,2317,208,2317,208,2346,166,2346
216,2317,329,2317,329,2346,216,2346
339,2317,385,2317,385,2346,339,2346
387,2317,395,2317,395,2346,387,2346
395,2317,487,2317,487,2346,395,2346
489,2317,497,2317,497,2346,489,2346
503,2317,578,2317,578,2346,503,2346
591,2317,607,2317,607,2346,591,2346
615,2317,623,2317,623,2346,615,2346
621,2317,629,2317,629,2346,621,2346
626,2317,778,2317,778,2346,626,2346
781,2317,818,2317,818,2346,781,2346
829,2317,967,2317,967,2346,829,2346
981,2317,1025,2317,1025,2346,981,2346
1034,2317,1103,2317,1103,2346,1034,2346
1116,2317,1124,2317,1124,2346,1116,2346
1136,2317,1171,2317,1171,2346,1136,2346
1182,2317,1266,2317,1266,2346,1182,2346
1266,2317,1274,2317,1274,2346,1266,2346
1286,2317,1339,2317,1339,2346,1286,2346
1346,2317,1475,2317,1475,2346,1346,2346
1489,2317,1516,2317,1516,2346,1489,2346
1522,2317,1591,2317,1591,2346,1522,2346
1604,2317,1643,2317,1643,2346,1604,2346
1652,2317,1727,2317,1727,2346,1652,2346
1739,2317,1777,2317,1777,2346,1739,2346
1788,2317,1804,2317,1804,2346,1788,2346
1815,2317,1846,2317,1846,2346,1815,2346
1857,2317,1948,2317,1948,2346,1857,2346
1959,2317,1988,2317,1988,2346,1959,2346
1996,2317,2078,2317,2078,2346,1996,2346
2091,2317,2099,2317,2099,2346,2091,2346
2100,2317,2108,2317,2108,2346,2100,2346
2108,2317,2236,2317,2236,2346,2108,2346
2241,2317,2249,2317,2249,2346,2241,2346
2614,2300,2676,2300,2676,2339,2614,2339
2690,2300,2701,2300,2701,2339,2690,2339
2733,2300,2762,2300,2762,2339,2733,2339
2774,2300,2886,2300,2886,2339,2774,2339
2901,2300,2966,2300,2966,2339,2901,2339
