3801,177,4449,177,4449,324,3801,324
3803,314,4442,314,4442,453,3803,453
4060,592,4522,592,4522,727,4060,727
1211,699,1217,738,1197,741,1191,702
1006,738,1006,736,1016,736,1016,738
1006,775,1006,773,1016,773,1016,775
1006,813,1006,811,1016,811,1016,813
4130,808,4214,808,4214,840,4130,840
4232,808,4273,808,4273,840,4232,840
4288,808,4472,808,4472,840,4288,840
1006,851,1006,849,1016,849,1016,851
1446,842,1699,842,1699,898,1446,898
1006,889,1006,887,1016,887,1016,889
1735,943,1735,897,1764,897,1764,943
1006,927,1006,925,1016,925,1016,927
1040,1029,1040,960,1071,960,1071,1029
1040,957,1040,949,1071,949,1071,957
1040,946,1040,894,1071,894,1071,946
1006,965,1006,963,1016,963,1016,965
1006,1002,1006,1000,1016,1000,1016,1002
1006,1040,1006,1038,1016,1038,1016,1040
4532,1040,4654,1040,4654,1074,4532,1074
1006,1079,1006,1077,1016,1077,1016,1079
1006,1115,1006,1113,1016,1113,1016,1115
1041,1110,1136,1110,1136,1145,1041,1145
1006,1149,1006,1147,1016,1147,1016,1149
1195,1237,1231,1237,1231,1259,1195,1259
1958,1241,1965,1241,1965,1268,1958,1268
1982,1241,2018,1241,2018,1268,1982,1268
4209,1241,4246,1241,4246,1270,4209,1270
4286,1241,4378,1241,4378,1270,4286,1270
1151,1272,1154,1272,1154,1286,1151,1286
1175,1273,1178,1273,1178,1287,1175,1287
1198,1273,1201,1273,1201,1287,1198,1287
1223,1274,1226,1274,1226,1288,1223,1288
1246,1274,1249,1274,1249,1288,1246,1288
1270,1275,1273,1275,1273,1289,1270,1289
1630,1272,1633,1272,1634,1286,1631,1286
1648,1271,1651,1271,1652,1285,1649,1285
1670,1270,1673,1270,1674,1284,1671,1284
1965,1272,1968,1272,1968,1287,1965,1287
1989,1272,1992,1272,1992,1287,1989,1287
2012,1273,2018,1273,2016,1296,2010,1296
2053,1275,2087,1278,2085,1302,2051,1299
2246,1273,2250,1273,2250,1290,2246,1290
2280,1273,2284,1273,2284,1290,2280,1290
2316,1273,2320,1273,2320,1290,2316,1290
2352,1273,2356,1273,2356,1290,2352,1290
2386,1273,2390,1273,2390,1290,2386,1290
2422,1273,2426,1273,2426,1290,2422,1290
2458,1273,2462,1273,2462,1290,2458,1290
2492,1273,2496,1273,2496,1290,2492,1290
2528,1273,2532,1273,2532,1290,2528,1290
2564,1273,2568,1273,2568,1290,2564,1290
1454,1278,1521,1273,1523,1308,1456,1313
2602,1273,2606,1273,2606,1290,2602,1290
4345,1304,4545,1304,4545,1344,4345,1344
4568,1304,4579,1304,4579,1344,4568,1344
4581,1304,4675,1304,4675,1344,4581,1344
2228,1276,2226,1372,2190,1371,2192,1275
2225,1426,2225,1435,2190,1434,2190,1425
2225,1462,2225,1471,2190,1470,2190,1461
2224,1495,2224,1504,2189,1503,2189,1494
1953,1488,1957,1488,1957,1506,1953,1506
1985,1488,1989,1488,1989,1506,1985,1506
2021,1488,2025,1488,2025,1506,2021,1506
1935,1498,1935,1506,1904,1506,1904,1498
2166,1512,2171,1506,2194,1525,2189,1531
2186,1489,2191,1483,2214,1502,2209,1508
1206,1490,1397,1490,1397,1552,1206,1552
1424,1490,1441,1490,1441,1552,1424,1552
1469,1490,1662,1490,1662,1552,1469,1552
2124,1563,2129,1557,2152,1576,2147,1582
2142,1541,2147,1535,2170,1554,2165,1560
1935,1537,1935,1545,1904,1545,1904,1537
1935,1572,1935,1580,1904,1580,1904,1572
1935,1607,1935,1615,1904,1615,1904,1607
1935,1642,1935,1650,1904,1650,1904,1642
1935,1674,1935,1682,1904,1682,1904,1674
2219,1571,2458,1571,2458,1613,2219,1613
1425,1632,1470,1632,1470,1671,1425,1671
2238,1636,2285,1636,2285,1666,2238,1666
2571,1662,2571,1611,2596,1611,2596,1662
3717,1547,3980,1547,3980,1632,3717,1632
4035,1547,4238,1547,4238,1632,4035,1632
4302,1547,4380,1547,4380,1632,4302,1632
4388,1547,4466,1547,4466,1632,4388,1632
4481,1547,4565,1547,4565,1632,4481,1632
3769,1669,3874,1669,3874,1743,3769,1743
3866,1669,3887,1669,3887,1743,3866,1743
3896,1669,3917,1669,3917,1743,3896,1743
4086,1667,4109,1667,4109,1747,4086,1747
4135,1667,4158,1667,4158,1747,4135,1747
4176,1667,4199,1667,4199,1747,4176,1747
4382,1667,4484,1667,4484,1747,4382,1747
4061,1795,4279,1795,4279,1876,4061,1876
4307,1795,4572,1795,4572,1876,4307,1876
4666,1547,4799,1547,4799,1632,4666,1632
4703,1661,4769,1661,4769,1751,4703,1751
1907,1718,1907,1714,1924,1713,1924,1717
1909,1754,1909,1750,1926,1749,1926,1753
1841,1807,1846,1807,1845,1830,1840,1830
1898,1809,1902,1809,1901,1832,1897,1832
1952,1810,1958,1810,1957,1833,1951,1833
1988,1811,1994,1811,1993,1834,1987,1834
2021,1812,2027,1812,2026,1835,2020,1835
2057,1813,2063,1813,2062,1836,2056,1836
2093,1814,2099,1814,2098,1837,2092,1837
2129,1815,2135,1815,2134,1838,2128,1838
2165,1816,2171,1816,2170,1839,2164,1839
2212,1826,2212,1832,2187,1832,2187,1826
2212,1863,2212,1869,2187,1869,2187,1863
2212,1897,2212,1903,2187,1903,2187,1897
1764,1934,1764,1881,1801,1881,1801,1934
2212,1933,2212,1939,2187,1939,2187,1933
1050,1976,1047,1923,1082,1921,1085,1974
2212,1968,2212,1974,2187,1974,2187,1968
2212,2003,2212,2009,2187,2009,2187,2003
3871,1965,4064,1965,4064,2013,3871,2013
4101,1965,4114,1965,4114,2013,4101,2013
4143,1965,4348,1965,4348,2013,4143,2013
3865,2037,4120,2037,4120,2083,3865,2083
3866,2108,3971,2108,3971,2157,3866,2157
3998,2108,4052,2108,4052,2157,3998,2157
4068,2108,4192,2108,4192,2157,4068,2157
4218,2108,4232,2108,4232,2157,4218,2157
4237,2108,4318,2108,4318,2157,4237,2157
1579,2082,1581,2082,1580,2094,1578,2094
1615,2084,1617,2084,1616,2096,1614,2096
1649,2081,1652,2081,1652,2094,1649,2094
1684,2081,1687,2081,1687,2094,1684,2094
1720,2081,1722,2081,1722,2093,1720,2093
4544,1965,4594,1965,4594,2011,4544,2011
4600,1965,4613,1965,4613,2011,4600,2011
4617,1965,4658,1965,4658,2011,4617,2011
4680,1965,4755,1965,4755,2011,4680,2011
4548,2035,4601,2035,4601,2083,4548,2083
4601,2035,4614,2035,4614,2083,4601,2083
4618,2035,4663,2035,4663,2083,4618,2083
4679,2035,4758,2035,4758,2083,4679,2083
4544,2106,4558,2106,4558,2155,4544,2155
4574,2106,4588,2106,4588,2155,4574,2155
4584,2106,4638,2106,4638,2155,4584,2155
4648,2106,4729,2106,4729,2155,4648,2155
4546,2177,4592,2177,4592,2227,4546,2227
4601,2177,4615,2177,4615,2227,4601,2227
4620,2177,4656,2177,4656,2227,4620,2227
4682,2177,4756,2177,4756,2227,4682,2227
1999,2103,2026,2118,2010,2148,1983,2133
2377,2096,2385,2095,2387,2124,2379,2125
2407,2094,2415,2093,2417,2122,2409,2123
2443,2091,2451,2090,2453,2119,2445,2120
2476,2089,2484,2088,2486,2117,2478,2118
1066,2133,1074,2133,1073,2162,1065,2162
1098,2134,1106,2134,1105,2163,1097,2163
1138,2135,1146,2135,1145,2164,1137,2164
1171,2135,1179,2135,1178,2164,1170,2164
1207,2136,1215,2136,1214,2165,1206,2165
1243,2137,1251,2137,1250,2166,1242,2166
1304,2160,1304,2156,1322,2156,1322,2160
1304,2198,1304,2194,1322,2194,1322,2198
1481,2192,1481,2196,1463,2196,1463,2192
1304,2234,1304,2230,1322,2230,1322,2234
1482,2228,1482,2232,1464,2232,1464,2228
1482,2262,1482,2266,1464,2266,1464,2262
2229,2250,2235,2250,2235,2275,2229,2275
2265,2250,2271,2250,2271,2275,2265,2275
2299,2250,2305,2250,2305,2275,2299,2275
2335,2250,2341,2250,2341,2275,2335,2275
2372,2250,2378,2250,2378,2275,2372,2275
2406,2250,2412,2250,2412,2275,2406,2275
2442,2250,2448,2250,2448,2275,2442,2275
1482,2298,1482,2302,1464,2302,1464,2298
1965,2292,1993,2292,1993,2310,1965,2310
2011,2292,2015,2292,2015,2310,2011,2310
2154,2265,2249,2265,2249,2330,2154,2330
2273,2265,2320,2265,2320,2330,2273,2330
2339,2265,2452,2265,2452,2330,2339,2330
2473,2265,2491,2265,2491,2330,2473,2330
2496,2265,2579,2265,2579,2330,2496,2330
1465,2324,1561,2330,1559,2356,1463,2350
2327,2336,2380,2325,2386,2353,2333,2364
2596,2341,2589,2368,2567,2363,2574,2335
2496,2365,2501,2365,2501,2425,2496,2425
1483,2405,1483,2409,1465,2409,1465,2405
2362,2433,2370,2433,2371,2462,2363,2462
2395,2431,2403,2431,2404,2460,2396,2460
2527,2427,2535,2427,2536,2456,2528,2456
1477,2424,1491,2424,1491,2475,1477,2475
1508,2424,1522,2424,1522,2475,1508,2475
1544,2424,1558,2424,1558,2475,1544,2475
1581,2424,1595,2424,1595,2475,1581,2475
1617,2424,1631,2424,1631,2475,1617,2475
1653,2424,1667,2424,1667,2475,1653,2475
1685,2424,1699,2424,1699,2475,1685,2475
1721,2424,1735,2424,1735,2475,1721,2475
1757,2424,1839,2424,1839,2475,1757,2475
1448,2482,1596,2482,1596,2544,1448,2544
1688,2482,1722,2482,1722,2544,1688,2544
1835,2482,1859,2482,1859,2544,1835,2544
3722,2481,3809,2481,3809,2519,3722,2519
3823,2481,3833,2481,3833,2519,3823,2519
3841,2481,3875,2481,3875,2519,3841,2519
3893,2481,3994,2481,3994,2519,3893,2519
4013,2481,4062,2481,4062,2519,4013,2519
4076,2481,4199,2481,4199,2519,4076,2519
4216,2481,4261,2481,4261,2519,4216,2519
4265,2481,4371,2481,4371,2519,4265,2519
4382,2481,4453,2481,4453,2519,4382,2519
4464,2481,4526,2481,4526,2519,4464,2519
4541,2481,4596,2481,4596,2519,4541,2519
4610,2481,4706,2481,4706,2519,4610,2519
4719,2481,4874,2481,4874,2519,4719,2519
3876,2542,4141,2542,4141,2593,3876,2593
4547,2537,4590,2537,4590,2585,4547,2585
4607,2537,4686,2537,4686,2585,4607,2585
1089,2658,1093,2658,1093,2675,1089,2675
1136,2657,1140,2657,1140,2674,1136,2674
1170,2657,1174,2657,1174,2674,1170,2674
1206,2656,1210,2656,1210,2673,1206,2673
1240,2660,1242,2660,1242,2671,1240,2671
3903,2746,4061,2750,4060,2782,3902,2778
3766,2818,3806,2818,3806,2854,3766,2854
3767,2854,3827,2855,3827,2891,3767,2890
3767,2894,3831,2895,3831,2929,3767,2928
3767,2937,3803,2935,3804,2960,3768,2962
3769,2973,3803,2973,3803,3004,3769,3004
3885,2818,3895,2818,3895,2854,3885,2854
3903,2818,3980,2818,3980,2854,3903,2854
3997,2818,4106,2818,4106,2854,3997,2854
3883,2855,3892,2855,3892,2890,3883,2890
3897,2855,4011,2856,4011,2892,3897,2891
4023,2856,4114,2857,4114,2893,4023,2892
4134,2857,4215,2858,4215,2894,4134,2893
3883,2895,3892,2895,3892,2929,3883,2929
3906,2895,4011,2896,4011,2931,3906,2930
4032,2896,4134,2897,4134,2932,4032,2931
4144,2897,4259,2898,4259,2932,4144,2931
3881,2938,3889,2938,3889,2969,3881,2969
3899,2938,3978,2938,3978,2969,3899,2969
3985,2938,4103,2938,4103,2969,3985,2969
3877,2972,3886,2972,3886,3006,3877,3006
3899,2972,4011,2972,4011,3006,3899,3006
4029,2972,4174,2972,4174,3006,4029,3006
3879,3010,3888,3010,3888,3045,3879,3045
3901,3010,4010,3010,4010,3045,3901,3045
4019,3010,4028,3010,4028,3045,4019,3045
4031,3010,4081,3010,4081,3045,4031,3045
4095,3010,4358,3010,4358,3045,4095,3045
3881,3050,3889,3050,3889,3081,3881,3081
3899,3050,3973,3051,3973,3083,3899,3082
3990,3052,4024,3052,4024,3083,3990,3083
4036,3052,4176,3054,4176,3086,4036,3084
3878,3088,3887,3088,3887,3122,3878,3122
3899,3088,3993,3088,3993,3122,3899,3122
4006,3088,4125,3088,4125,3122,4006,3122
3878,3128,3886,3128,3886,3160,3878,3160
3898,3128,3968,3128,3968,3160,3898,3160
3978,3128,3986,3128,3986,3160,3978,3160
3985,3128,4065,3128,4065,3160,3985,3160
3875,3164,3885,3164,3885,3200,3875,3200
3889,3164,3981,3164,3981,3200,3889,3200
3986,3164,3996,3164,3996,3200,3986,3200
3996,3164,4077,3164,4077,3200,3996,3200
3766,3014,3807,3011,3809,3042,3768,3045
2448,3058,2513,3058,2513,3093,2448,3093
2525,3058,2551,3058,2551,3093,2525,3093
2572,3057,2736,3056,2736,3092,2572,3093
2742,3057,2783,3057,2783,3092,2742,3092
2799,3056,3031,3055,3031,3091,2799,3092
3046,3055,3218,3054,3218,3090,3046,3091
3233,3055,3265,3055,3265,3090,3233,3090
3276,3055,3332,3055,3332,3090,3276,3090
3343,3055,3352,3055,3352,3090,3343,3090
3361,3055,3381,3055,3381,3090,3361,3090
3400,3054,3502,3054,3502,3089,3400,3089
3514,3054,3546,3054,3546,3089,3514,3089
2440,3096,2553,3096,2553,3128,2440,3128
2564,3096,2587,3096,2587,3128,2564,3128
2601,3096,2745,3096,2745,3128,2601,3128
2767,3096,2775,3096,2775,3128,2767,3128
2780,3096,2788,3096,2788,3128,2780,3128
2790,3096,2798,3096,2798,3128,2790,3128
2812,3096,2938,3096,2938,3128,2812,3128
2947,3096,2998,3096,2998,3128,2947,3128
3006,3096,3208,3096,3208,3128,3006,3128
3223,3096,3288,3096,3288,3128,3223,3128
3297,3096,3348,3096,3348,3128,3297,3128
3364,3096,3468,3096,3468,3128,3364,3128
3479,3096,3515,3096,3515,3128,3479,3128
2442,3134,2621,3134,2621,3166,2442,3166
2638,3134,2667,3134,2667,3166,2638,3166
2686,3134,2694,3134,2694,3166,2686,3166
2699,3134,2707,3134,2707,3166,2699,3166
2710,3134,2889,3134,2889,3166,2710,3166
2894,3134,2902,3134,2902,3166,2894,3166
2440,3174,2494,3174,2494,3205,2440,3205
2508,3174,2664,3174,2664,3205,2508,3205
2679,3174,2738,3174,2738,3205,2679,3205
2750,3174,2875,3174,2875,3205,2750,3205
2880,3174,2888,3174,2888,3205,2880,3205
2901,3174,3002,3174,3002,3205,2901,3205
3019,3174,3047,3174,3047,3205,3019,3205
3056,3174,3064,3174,3064,3205,3056,3205
3063,3174,3071,3174,3071,3205,3063,3205
3073,3174,3275,3174,3275,3205,3073,3205
3283,3174,3332,3174,3332,3205,3283,3205
3347,3174,3536,3174,3536,3205,3347,3205
2444,3210,2511,3210,2511,3242,2444,3242
2519,3210,2615,3210,2615,3242,2519,3242
2631,3210,2639,3210,2639,3242,2631,3242
2658,3210,2707,3210,2707,3242,2658,3242
2724,3210,2836,3210,2836,3242,2724,3242
2839,3210,2847,3210,2847,3242,2839,3242
2864,3210,2936,3210,2936,3242,2864,3242
2947,3210,3127,3210,3127,3242,2947,3242
3142,3210,3178,3210,3178,3242,3142,3242
3188,3210,3280,3210,3280,3242,3188,3242
3299,3210,3350,3210,3350,3242,3299,3242
3365,3210,3472,3210,3472,3242,3365,3242
3487,3210,3533,3210,3533,3242,3487,3242
3551,3210,3574,3210,3574,3242,3551,3242
2446,3250,2492,3250,2492,3285,2446,3285
2507,3249,2633,3248,2633,3284,2507,3285
2644,3248,2684,3248,2684,3284,2644,3284
2695,3248,2808,3247,2808,3283,2695,3284
2825,3247,2834,3247,2834,3282,2825,3282
2839,3247,2848,3247,2848,3282,2839,3282
2848,3247,3024,3246,3024,3282,2848,3283
3032,3246,3041,3246,3041,3281,3032,3281
3764,3046,3809,3046,3809,3086,3764,3086
3766,3084,3811,3084,3811,3124,3766,3124
3764,3122,3809,3122,3809,3162,3764,3162
3761,3164,3814,3164,3814,3200,3761,3200
4487,3155,4497,3155,4497,3193,4487,3193
4505,3155,4678,3155,4678,3193,4505,3193
4692,3155,4721,3155,4721,3193,4692,3193
4729,3155,4854,3155,4854,3193,4729,3193
4488,3222,4497,3222,4497,3256,4488,3256
4510,3222,4618,3222,4618,3256,4510,3256
4629,3222,4660,3222,4660,3256,4629,3256
4666,3222,4727,3222,4727,3256,4666,3256
4733,3222,4742,3222,4742,3256,4733,3256
4741,3222,4867,3222,4867,3256,4741,3256
4505,3256,4591,3256,4591,3289,4505,3289
4612,3256,4621,3256,4621,3289,4612,3289
4639,3256,4648,3256,4648,3289,4639,3289
4656,3256,4665,3256,4665,3289,4656,3289
4668,3256,4693,3256,4693,3289,4668,3289
4714,3256,4723,3256,4723,3289,4714,3289
3582,3373,3626,3373,3626,3407,3582,3407
3997,3362,4097,3362,4097,3408,3997,3408
4107,3362,4120,3362,4120,3408,4107,3408
4290,3363,4338,3363,4338,3407,4290,3407
4348,3363,4360,3363,4360,3407,4348,3407
4366,3363,4415,3363,4415,3407,4366,3407
4420,3363,4432,3363,4432,3407,4420,3407
4434,3363,4534,3363,4534,3407,4434,3407
