2717,165,3036,165,3036,239,2717,239
2717,233,3062,233,3062,302,2717,302
1002,285,1003,285,1003,293,1002,293
1020,285,1021,285,1021,293,1020,293
1056,285,1057,285,1057,293,1056,293
1129,286,1130,286,1130,294,1129,294
1147,286,1148,286,1148,294,1147,294
1165,286,1166,286,1166,294,1165,294
989,292,989,294,978,293,978,291
987,313,987,315,976,314,976,312
985,331,985,333,974,332,974,330
942,307,993,305,994,323,943,325
995,305,999,305,1000,323,996,323
1012,305,1016,305,1017,323,1013,323
1056,303,1083,302,1084,320,1057,321
954,321,960,321,959,345,953,345
777,344,785,344,785,373,777,373
829,344,867,345,867,375,829,374
876,345,884,345,884,374,876,374
891,345,899,345,899,374,891,374
906,346,914,346,914,375,906,375
915,346,923,346,923,375,915,375
954,346,962,346,962,375,954,375
993,347,1125,349,1125,378,993,376
1134,349,1142,349,1142,378,1134,378
727,369,735,369,735,400,727,400
764,369,994,369,994,400,764,400
685,433,685,438,664,438,664,433
2807,389,3145,389,3145,485,2807,485
3170,389,3198,389,3198,485,3170,485
1940,447,1978,429,1989,452,1951,470
2149,420,2252,420,2252,454,2149,454
2131,478,2180,478,2180,512,2131,512
685,463,685,468,664,468,664,463
685,496,685,501,664,501,664,496
685,529,685,534,664,534,664,529
662,491,662,499,632,499,632,491
662,522,662,530,632,530,632,522
662,557,662,565,632,565,632,557
662,588,662,596,632,596,632,588
662,619,662,627,632,627,632,619
685,562,685,567,664,567,664,562
685,593,685,598,664,598,664,593
645,615,693,615,693,644,645,644
1560,616,1615,616,1615,664,1560,664
2795,697,2840,697,2840,707,2795,707
2784,727,2893,727,2893,746,2784,746
2901,721,2998,723,2998,740,2901,738
989,857,989,866,956,866,956,857
989,871,989,880,956,880,956,871
989,883,989,907,956,907,956,883
2047,885,2110,885,2110,916,2047,916
3064,876,3062,934,3044,933,3046,875
628,1068,721,1068,721,1119,628,1119
729,1068,743,1068,743,1119,729,1119
754,1068,856,1068,856,1119,754,1119
1103,1077,1103,1083,1079,1083,1079,1077
1103,1092,1103,1098,1079,1098,1079,1092
1103,1097,1103,1133,1079,1133,1079,1097
1169,1079,1301,1074,1302,1110,1170,1115
1320,1073,1330,1073,1331,1109,1321,1109
1534,1076,1534,1085,1499,1085,1499,1076
1534,1090,1534,1099,1499,1099,1499,1090
1534,1097,1534,1135,1499,1135,1499,1097
1600,1073,1734,1073,1734,1115,1600,1115
1754,1073,1765,1073,1765,1115,1754,1115
2093,1068,2221,1068,2221,1119,2093,1119
2241,1068,2255,1068,2255,1119,2241,1119
2325,1075,2325,1083,2294,1083,2294,1075
2325,1091,2325,1099,2294,1099,2294,1091
2325,1101,2325,1130,2294,1130,2294,1101
3139,1146,3193,1147,3192,1182,3138,1181
3207,1147,3244,1148,3243,1183,3206,1182
3252,1148,3371,1150,3370,1185,3251,1183
3219,1196,3296,1196,3296,1239,3219,1239
2089,1196,2095,1196,2093,1220,2087,1220
2119,1199,2125,1199,2123,1223,2117,1223
2152,1201,2158,1201,2156,1225,2150,1225
2184,1204,2190,1204,2188,1228,2182,1228
2217,1206,2223,1206,2221,1230,2215,1230
2251,1209,2257,1209,2255,1233,2249,1233
2660,1196,2781,1196,2781,1239,2660,1239
2692,1254,2701,1254,2701,1288,2692,1288
2717,1254,2726,1254,2726,1288,2717,1288
2738,1254,2747,1254,2747,1288,2738,1288
2911,1196,2959,1196,2959,1239,2911,1239
2970,1196,3010,1196,3010,1239,2970,1239
3022,1196,3065,1196,3065,1239,3022,1239
2962,1253,3003,1253,3003,1289,2962,1289
3244,1255,3269,1251,3274,1285,3249,1289
678,1274,686,1274,686,1306,678,1306
691,1274,699,1274,699,1306,691,1306
703,1274,726,1274,726,1306,703,1306
1204,1280,1209,1280,1209,1302,1204,1302
1218,1280,1223,1280,1223,1302,1218,1302
1225,1280,1253,1280,1253,1302,1225,1302
1627,1272,1637,1272,1637,1310,1627,1310
1642,1272,1652,1272,1652,1310,1642,1310
1657,1272,1684,1272,1684,1310,1657,1310
2092,1272,2104,1272,2104,1315,2092,1315
2105,1272,2117,1272,2117,1315,2105,1315
2119,1272,2142,1272,2142,1315,2119,1315
566,1453,592,1451,594,1476,568,1478
611,1450,617,1450,619,1473,613,1474
629,1449,635,1449,637,1472,631,1473
646,1448,652,1448,654,1471,648,1472
664,1446,670,1446,672,1469,666,1470
684,1445,690,1445,692,1468,686,1469
701,1444,707,1444,709,1467,703,1468
1177,1452,1200,1450,1202,1482,1179,1484
1218,1449,1226,1448,1228,1480,1220,1481
1237,1447,1245,1446,1247,1478,1239,1479
1254,1446,1262,1445,1264,1477,1256,1478
1274,1445,1282,1444,1284,1476,1276,1477
1290,1443,1298,1442,1300,1474,1292,1475
1670,1453,1674,1453,1674,1471,1670,1471
391,1476,520,1476,520,1499,391,1499
1261,1472,1267,1472,1266,1489,1260,1489
1337,1477,1425,1483,1424,1501,1336,1495
1552,1456,1598,1455,1598,1473,1552,1474
1605,1455,1609,1455,1609,1473,1605,1473
1624,1454,1628,1454,1628,1472,1624,1472
1465,1475,1589,1475,1589,1501,1465,1501
1471,1486,1594,1495,1592,1513,1470,1504
1595,1495,1599,1495,1598,1512,1594,1512
1613,1497,1617,1497,1616,1514,1612,1514
2062,1453,2069,1453,2069,1480,2062,1480
2086,1453,2105,1453,2105,1480,2086,1480
2119,1453,2126,1453,2126,1480,2119,1480
2136,1453,2143,1453,2143,1480,2136,1480
2156,1453,2163,1453,2163,1480,2156,1480
1727,1477,2075,1477,2075,1498,1727,1498
2077,1506,2117,1504,2118,1526,2078,1528
569,1504,696,1504,696,1529,569,1529
1180,1502,1202,1503,1201,1527,1179,1526
1663,1500,1700,1503,1699,1521,1662,1518
2646,1341,2738,1341,2738,1377,2646,1377
2749,1341,2759,1341,2759,1377,2749,1377
2765,1341,2873,1341,2873,1377,2765,1377
2642,1386,2835,1386,2835,1424,2642,1424
2842,1386,2852,1386,2852,1424,2842,1424
2852,1386,2881,1386,2881,1424,2852,1424
2891,1386,2994,1386,2994,1424,2891,1424
3005,1386,3048,1386,3048,1424,3005,1424
3052,1386,3062,1386,3062,1424,3052,1424
2646,1436,2793,1436,2793,1470,2646,1470
2643,1486,2776,1486,2776,1524,2643,1524
2791,1486,2801,1486,2801,1524,2791,1524
2649,1533,2777,1533,2777,1573,2649,1573
2794,1533,2805,1533,2805,1573,2794,1573
2648,1586,2708,1586,2708,1621,2648,1621
2727,1586,2759,1586,2759,1621,2727,1621
2770,1586,2825,1586,2825,1621,2770,1621
2641,1634,2817,1638,2816,1674,2640,1670
2637,1688,2697,1688,2697,1720,2637,1720
3192,1338,3227,1338,3227,1376,3192,1376
3226,1338,3236,1338,3236,1376,3226,1376
3234,1338,3270,1338,3270,1376,3234,1376
3280,1338,3323,1338,3323,1376,3280,1376
3209,1383,3220,1383,3221,1423,3210,1423
3225,1383,3236,1383,3237,1423,3226,1423
3242,1382,3265,1381,3266,1421,3243,1422
3278,1381,3323,1380,3324,1420,3279,1421
3195,1430,3223,1431,3222,1469,3194,1468
3224,1430,3234,1430,3233,1468,3223,1468
3237,1431,3266,1432,3265,1470,3236,1469
3276,1432,3326,1434,3325,1471,3275,1470
3196,1481,3227,1481,3227,1523,3196,1523
3227,1481,3238,1481,3238,1523,3227,1523
3241,1481,3263,1481,3263,1523,3241,1523
3278,1481,3324,1481,3324,1523,3278,1523
3196,1532,3226,1532,3226,1572,3196,1572
3226,1532,3237,1532,3237,1572,3226,1572
3237,1532,3267,1532,3267,1572,3237,1572
3280,1532,3323,1532,3323,1572,3280,1572
3211,1586,3220,1586,3220,1621,3211,1621
3225,1586,3234,1586,3234,1621,3225,1621
3243,1586,3263,1586,3263,1621,3243,1621
3277,1586,3322,1586,3322,1621,3277,1621
3211,1632,3222,1632,3222,1672,3211,1672
3228,1632,3239,1632,3239,1672,3228,1672
3239,1632,3269,1632,3269,1672,3239,1672
3275,1632,3327,1632,3327,1672,3275,1672
3213,1686,3222,1686,3222,1720,3213,1720
3227,1686,3236,1686,3236,1720,3227,1720
3240,1686,3265,1686,3265,1720,3240,1720
3276,1686,3326,1686,3326,1720,3276,1720
1489,1577,1489,1629,1467,1629,1467,1577
1489,1633,1489,1638,1467,1638,1467,1633
1489,1641,1489,1676,1467,1676,1467,1641
682,1643,801,1643,801,1685,682,1685
356,1764,356,1658,394,1658,394,1764
987,1680,987,1688,956,1688,956,1680
987,1692,987,1700,956,1700,956,1692
987,1699,987,1733,956,1733,956,1699
1431,1670,1431,1736,1395,1736,1395,1670
1431,1736,1431,1746,1395,1746,1395,1736
1431,1747,1431,1800,1395,1800,1395,1747
2616,1792,2753,1792,2753,1826,2616,1826
2768,1792,2929,1792,2929,1826,2768,1826
2947,1792,3061,1792,3061,1826,2947,1826
3072,1792,3081,1792,3081,1826,3072,1826
3194,1805,3224,1808,3221,1831,3192,1828
3231,1810,3237,1811,3235,1833,3229,1833
3236,1810,3270,1813,3267,1836,3234,1833
805,1841,872,1841,872,1872,805,1872
876,1841,884,1841,884,1872,876,1872
885,1841,938,1841,938,1872,885,1872
949,1841,957,1841,957,1872,949,1872
3190,1794,3227,1794,3227,1834,3190,1834
3226,1794,3237,1794,3237,1834,3226,1834
3242,1794,3271,1794,3271,1834,3242,1834
3278,1794,3328,1794,3328,1834,3278,1834
3201,1855,3226,1856,3225,1890,3200,1889
3234,1856,3243,1856,3242,1890,3233,1890
3242,1855,3273,1856,3272,1891,3241,1890
3280,1857,3330,1858,3329,1892,3279,1891
2613,1863,2725,1863,2725,1892,2613,1892
2739,1863,2747,1863,2747,1892,2739,1892
480,1902,528,1903,527,1925,479,1924
535,1904,540,1904,539,1925,534,1925
542,1904,576,1905,575,1926,541,1925
1022,1901,1069,1901,1069,1928,1022,1928
1072,1901,1079,1901,1079,1928,1072,1928
1082,1901,1118,1901,1118,1928,1082,1928
2680,2036,2685,2036,2685,2057,2680,2057
2686,2036,2691,2036,2691,2057,2686,2057
2658,2073,2701,2073,2701,2096,2658,2096
2749,2036,2809,2036,2809,2059,2749,2059
2751,2074,2810,2074,2810,2099,2751,2099
2820,2074,2865,2074,2865,2099,2820,2099
2875,2074,2915,2074,2915,2099,2875,2099
3050,2053,3054,2053,3060,2110,3057,2111
3092,2048,3096,2048,3102,2105,3099,2106
3179,2050,3219,2050,3219,2073,3179,2073
3219,2050,3225,2050,3225,2073,3219,2073
3226,2050,3284,2050,3284,2073,3226,2073
3179,2077,3247,2077,3247,2100,3179,2100
3251,2077,3281,2077,3281,2100,3251,2100
3296,2077,3302,2077,3302,2100,3296,2100
3312,2077,3318,2077,3318,2100,3312,2100
3322,2077,3328,2077,3328,2100,3322,2100
3332,2077,3344,2077,3344,2100,3332,2100
3356,2077,3362,2077,3362,2100,3356,2100
3179,2037,3219,2033,3225,2091,3186,2096
3212,2035,3228,2033,3234,2091,3219,2093
3229,2032,3289,2025,3295,2084,3236,2091
2671,2113,2699,2116,2697,2136,2669,2133
2749,2116,2788,2116,2788,2137,2749,2137
2798,2116,2857,2116,2857,2137,2798,2137
3081,2122,3118,2122,3118,2145,3081,2145
3177,2122,3255,2122,3255,2145,3177,2145
3263,2122,3299,2122,3299,2145,3263,2145
3306,2122,3378,2122,3378,2145,3306,2145
1808,2126,1842,2126,1842,2188,1808,2188
1964,2126,1987,2126,1987,2188,1964,2188
2116,2126,2121,2126,2121,2188,2116,2188
2157,2126,2168,2126,2168,2188,2157,2188
2308,2126,2331,2126,2331,2188,2308,2188
2470,2126,2504,2126,2504,2188,2470,2188
2679,2126,2702,2126,2702,2188,2679,2188
2749,2126,2795,2126,2795,2188,2749,2188
2802,2126,2861,2126,2861,2188,2802,2188
3074,2165,3082,2165,3082,2194,3074,2194
3182,2167,3233,2168,3233,2198,3182,2197
3240,2168,3307,2169,3306,2199,3240,2198
3181,2213,3242,2214,3242,2237,3181,2236
3254,2214,3327,2215,3327,2238,3254,2237
2751,2208,2797,2208,2797,2229,2751,2229
2808,2208,2813,2208,2813,2229,2808,2229
2817,2208,2822,2208,2822,2229,2817,2229
2820,2208,2846,2208,2846,2229,2820,2229
2856,2208,2913,2208,2913,2229,2856,2229
170,2289,218,2289,218,2312,170,2312
223,2289,244,2289,244,2312,223,2312
257,2289,380,2289,380,2312,257,2312
386,2289,416,2289,416,2312,386,2312
425,2289,596,2289,596,2312,425,2312
607,2289,733,2289,733,2312,607,2312
741,2289,766,2289,766,2312,741,2312
775,2289,819,2289,819,2312,775,2312
822,2289,828,2289,828,2312,822,2312
837,2289,849,2289,849,2312,837,2312
864,2289,937,2289,937,2312,864,2312
950,2289,971,2289,971,2312,950,2312
982,2289,1060,2289,1060,2312,982,2312
1072,2289,1085,2289,1085,2312,1072,2312
1099,2289,1204,2289,1204,2312,1099,2312
1218,2289,1224,2289,1224,2312,1218,2312
1228,2289,1234,2289,1234,2312,1228,2312
1235,2289,1241,2289,1241,2312,1235,2312
1253,2289,1343,2289,1343,2312,1253,2312
1353,2289,1389,2289,1389,2312,1353,2312
1395,2289,1542,2289,1542,2312,1395,2312
1549,2289,1600,2289,1600,2312,1549,2312
1607,2289,1647,2289,1647,2312,1607,2312
1655,2289,1734,2289,1734,2312,1655,2312
1741,2289,1767,2289,1767,2312,1741,2312
1779,2289,1906,2289,1906,2312,1779,2312
1918,2289,1939,2289,1939,2312,1918,2312
1955,2289,1961,2289,1961,2312,1955,2312
1965,2289,1971,2289,1971,2312,1965,2312
1969,2289,2099,2289,2099,2312,1969,2312
2106,2289,2112,2289,2112,2312,2106,2312
166,2317,208,2317,208,2346,166,2346
216,2317,329,2317,329,2346,216,2346
339,2317,385,2317,385,2346,339,2346
387,2317,395,2317,395,2346,387,2346
395,2317,487,2317,487,2346,395,2346
489,2317,497,2317,497,2346,489,2346
503,2317,578,2317,578,2346,503,2346
591,2317,607,2317,607,2346,591,2346
615,2317,623,2317,623,2346,615,2346
621,2317,629,2317,629,2346,621,2346
626,2317,778,2317,778,2346,626,2346
781,2317,818,2317,818,2346,781,2346
829,2317,967,2317,967,2346,829,2346
981,2317,1025,2317,1025,2346,981,2346
1034,2317,1103,2317,1103,2346,1034,2346
1116,2317,1124,2317,1124,2346,1116,2346
1136,2317,1171,2317,1171,2346,1136,2346
1182,2317,1266,2317,1266,2346,1182,2346
1266,2317,1274,2317,1274,2346,1266,2346
1286,2317,1339,2317,1339,2346,1286,2346
1346,2317,1475,2317,1475,2346,1346,2346
1489,2317,1516,2317,1516,2346,1489,2346
1522,2317,1591,2317,1591,2346,1522,2346
1604,2317,1643,2317,1643,2346,1604,2346
1652,2317,1727,2317,1727,2346,1652,2346
1739,2317,1777,2317,1777,2346,1739,2346
1788,2317,1804,2317,1804,2346,1788,2346
1815,2317,1846,2317,1846,2346,1815,2346
1857,2317,1948,2317,1948,2346,1857,2346
1959,2317,1988,2317,1988,2346,1959,2346
1996,2317,2078,2317,2078,2346,1996,2346
2091,2317,2099,2317,2099,2346,2091,2346
2100,2317,2108,2317,2108,2346,2100,2346
2108,2317,2236,2317,2236,2346,2108,2346
2241,2317,2249,2317,2249,2346,2241,2346
2614,2300,2676,2300,2676,2339,2614,2339
2690,2300,2701,2300,2701,2339,2690,2339
2733,2300,2762,2300,2762,2339,2733,2339
2774,2300,2886,2300,2886,2339,2774,2339
2901,2300,2966,2300,2966,2339,2901,2339
