2718,161,3037,161,3037,237,2718,237
2717,233,3062,233,3062,302,2717,302
642,328,692,328,692,351,642,351
697,328,703,328,703,351,697,351
706,328,739,328,739,351,706,351
1175,328,1224,328,1224,352,1175,352
1229,328,1235,328,1235,352,1229,352
1239,328,1273,328,1273,352,1239,352
1820,325,1873,327,1872,357,1819,355
1876,328,1884,328,1883,357,1875,357
1885,328,1922,329,1921,358,1884,357
634,369,634,360,668,360,668,369
1379,385,1452,385,1452,425,1379,425
1452,385,1463,385,1463,425,1452,425
1460,385,1516,385,1516,425,1460,425
2001,388,2069,388,2069,424,2001,424
2069,388,2079,388,2079,424,2069,424
2078,388,2136,388,2136,424,2078,424
2800,389,3154,389,3154,486,2800,486
3166,389,3194,389,3194,486,3166,486
634,593,634,584,668,584,668,593
634,564,634,499,668,499,668,564
634,498,634,489,668,489,668,498
634,487,634,432,668,432,668,487
634,421,634,412,668,412,668,421
1391,471,1496,471,1496,502,1391,502
1256,577,1256,568,1289,568,1289,577
1256,563,1256,554,1289,554,1289,563
1256,550,1256,526,1289,526,1289,550
2192,600,2192,491,2228,491,2228,600
3047,580,3049,580,3050,591,3048,591
643,628,766,639,762,674,640,663
765,639,838,645,835,680,762,674
868,648,877,649,874,683,865,682
889,650,898,651,895,685,886,684
906,652,915,653,912,687,903,686
924,653,933,654,930,688,921,687
2192,714,2192,654,2228,654,2228,714
1606,720,1625,720,1625,743,1606,743
2780,728,2893,728,2893,747,2780,747
1108,753,1246,755,1246,766,1108,764
1247,771,1255,772,1251,801,1243,800
1271,774,1279,775,1275,804,1267,803
1289,776,1297,777,1293,806,1285,805
1306,778,1314,779,1310,808,1302,807
1324,780,1332,781,1328,810,1320,809
1375,811,1383,811,1383,842,1375,842
1388,811,1396,811,1396,842,1388,842
1399,811,1427,811,1427,842,1399,842
892,865,1051,878,1047,926,888,913
706,892,712,892,712,915,706,915
739,892,745,892,745,915,739,915
770,892,776,892,776,915,770,915
804,892,810,892,810,915,804,915
835,892,841,892,841,915,835,915
869,892,875,892,875,915,869,915
899,892,905,892,905,915,899,915
3065,861,3065,865,3048,864,3048,860
3065,875,3063,932,3045,931,3047,874
680,996,676,970,698,966,703,992
751,1054,865,1054,865,1088,751,1088
1407,1052,1489,1052,1489,1095,1407,1095
1496,1052,1508,1052,1508,1095,1496,1095
1511,1052,1606,1052,1606,1095,1511,1095
2666,1196,2780,1196,2780,1239,2666,1239
2695,1253,2705,1253,2705,1289,2695,1289
2717,1253,2727,1253,2727,1289,2717,1289
2735,1253,2745,1253,2745,1289,2735,1289
1257,1280,1257,1272,1288,1272,1288,1280
1257,1264,1257,1256,1288,1256,1288,1264
1257,1259,1257,1224,1288,1224,1288,1259
3139,1146,3193,1147,3192,1182,3138,1181
3207,1147,3244,1148,3243,1183,3206,1182
3252,1148,3371,1150,3370,1185,3251,1183
3216,1196,3295,1196,3295,1239,3216,1239
3245,1252,3272,1252,3272,1290,3245,1290
2911,1196,2958,1196,2958,1239,2911,1239
2970,1196,3009,1196,3009,1239,2970,1239
3022,1196,3064,1196,3064,1239,3022,1239
2962,1255,3003,1255,3003,1291,2962,1291
803,1326,808,1326,808,1347,803,1347
836,1326,841,1326,841,1347,836,1347
867,1326,872,1326,872,1347,867,1347
898,1326,903,1326,903,1347,898,1347
1163,1323,1199,1323,1199,1344,1163,1344
1221,1323,1226,1323,1226,1344,1221,1344
921,1355,961,1355,961,1375,921,1375
973,1355,1066,1355,1066,1375,973,1375
1083,1355,1088,1355,1088,1375,1083,1375
1159,1354,1161,1354,1161,1366,1159,1366
1178,1354,1180,1354,1180,1366,1178,1366
1196,1354,1198,1354,1198,1366,1196,1366
1454,1362,1454,1358,1472,1358,1472,1362
1454,1391,1454,1387,1472,1387,1472,1391
1742,1438,1742,1422,1798,1422,1798,1438
1742,1427,1742,1411,1798,1411,1798,1427
1742,1409,1742,1378,1798,1378,1798,1409
1454,1423,1454,1419,1472,1419,1472,1423
903,1435,907,1436,905,1452,901,1452
937,1440,941,1441,939,1457,935,1457
2648,1356,2741,1356,2741,1398,2648,1398
2746,1356,2757,1356,2757,1398,2746,1398
2767,1356,2862,1356,2862,1398,2767,1398
2875,1356,2886,1356,2886,1398,2875,1398
2887,1356,2918,1356,2918,1398,2887,1398
2926,1356,3027,1356,3027,1398,2926,1398
3044,1356,3083,1356,3083,1398,3044,1398
3090,1356,3101,1356,3101,1398,3090,1398
2643,1405,2815,1405,2815,1443,2643,1443
2648,1456,2776,1456,2776,1494,2648,1494
2648,1506,2708,1506,2708,1541,2648,1541
2727,1506,2759,1506,2759,1541,2727,1541
2770,1506,2825,1506,2825,1541,2770,1541
3192,1353,3223,1353,3223,1395,3192,1395
3228,1353,3239,1353,3239,1395,3228,1395
3242,1353,3264,1353,3264,1395,3242,1395
3279,1353,3325,1353,3325,1395,3279,1395
3212,1404,3222,1404,3222,1442,3212,1442
3224,1404,3234,1404,3234,1442,3224,1442
3239,1404,3266,1404,3266,1442,3239,1442
3276,1404,3326,1404,3326,1442,3276,1442
3197,1452,3226,1452,3226,1491,3197,1491
3222,1452,3233,1452,3233,1491,3222,1491
3231,1452,3267,1452,3267,1491,3231,1491
3272,1452,3322,1452,3322,1491,3272,1491
3210,1503,3221,1503,3221,1543,3210,1543
3227,1503,3238,1503,3238,1543,3227,1543
3238,1503,3268,1503,3268,1543,3238,1543
3274,1503,3326,1503,3326,1543,3274,1543
1454,1456,1454,1452,1472,1452,1472,1456
1454,1488,1454,1484,1472,1484,1472,1488
1840,1471,1849,1470,1853,1505,1844,1506
1851,1470,1860,1469,1864,1504,1855,1505
1858,1470,1896,1466,1899,1501,1862,1505
1742,1512,1742,1496,1798,1496,1798,1512
1454,1520,1454,1516,1472,1516,1472,1520
676,1568,676,1560,708,1560,708,1568
676,1551,676,1543,708,1543,708,1551
676,1540,676,1511,708,1511,708,1540
1454,1553,1454,1549,1472,1549,1472,1553
1454,1585,1454,1581,1472,1581,1472,1585
1454,1608,1454,1604,1472,1604,1472,1608
2613,1793,2754,1794,2754,1829,2613,1828
2769,1793,2932,1794,2932,1829,2769,1828
2949,1794,3062,1795,3062,1830,2949,1829
3074,1796,3083,1796,3083,1830,3074,1830
3198,1796,3229,1796,3229,1830,3198,1830
3231,1796,3240,1796,3240,1830,3231,1830
3240,1797,3271,1797,3271,1831,3240,1831
3281,1797,3331,1797,3331,1831,3281,1831
3202,1855,3223,1855,3223,1894,3202,1894
3229,1855,3240,1855,3240,1894,3229,1894
3240,1855,3269,1855,3269,1894,3240,1894
3279,1855,3329,1855,3329,1894,3279,1894
2613,1863,2725,1863,2725,1892,2613,1892
2739,1863,2747,1863,2747,1892,2739,1892
2680,2036,2685,2036,2685,2057,2680,2057
2686,2036,2691,2036,2691,2057,2686,2057
2658,2073,2701,2073,2701,2096,2658,2096
2749,2036,2809,2036,2809,2059,2749,2059
2751,2074,2810,2074,2810,2099,2751,2099
2820,2074,2865,2074,2865,2099,2820,2099
2875,2074,2915,2074,2915,2099,2875,2099
3050,2053,3054,2053,3060,2110,3057,2111
3092,2048,3096,2048,3102,2105,3099,2106
3179,2050,3219,2050,3219,2073,3179,2073
3219,2050,3225,2050,3225,2073,3219,2073
3226,2050,3284,2050,3284,2073,3226,2073
3179,2077,3247,2077,3247,2100,3179,2100
3251,2077,3281,2077,3281,2100,3251,2100
3296,2077,3302,2077,3302,2100,3296,2100
3312,2077,3318,2077,3318,2100,3312,2100
3322,2077,3328,2077,3328,2100,3322,2100
3332,2077,3344,2077,3344,2100,3332,2100
3356,2077,3362,2077,3362,2100,3356,2100
3179,2037,3219,2033,3225,2091,3186,2096
3212,2035,3228,2033,3234,2091,3219,2093
3229,2032,3289,2025,3295,2084,3236,2091
2671,2113,2699,2116,2697,2136,2669,2133
2749,2116,2788,2116,2788,2137,2749,2137
2798,2116,2857,2116,2857,2137,2798,2137
3081,2122,3118,2122,3118,2145,3081,2145
3178,2123,3254,2123,3254,2144,3178,2144
3264,2123,3300,2123,3300,2144,3264,2144
3305,2123,3376,2123,3376,2144,3305,2144
1684,2144,1698,2144,1698,2195,1684,2195
1842,2144,1862,2144,1862,2195,1842,2195
2002,2144,2030,2144,2030,2195,2002,2195
2169,2144,2197,2144,2197,2195,2169,2195
2329,2144,2358,2144,2358,2195,2329,2195
2483,2144,2509,2144,2509,2195,2483,2195
2643,2144,2648,2144,2648,2195,2643,2195
2688,2144,2701,2144,2701,2195,2688,2195
2752,2144,2791,2144,2791,2195,2752,2195
2797,2144,2860,2144,2860,2195,2797,2195
3074,2165,3082,2165,3082,2194,3074,2194
3182,2167,3233,2168,3233,2198,3182,2197
3240,2168,3307,2169,3306,2199,3240,2198
3181,2213,3242,2214,3242,2237,3181,2236
3254,2214,3327,2215,3327,2238,3254,2237
2751,2208,2797,2208,2797,2229,2751,2229
2808,2208,2813,2208,2813,2229,2808,2229
2817,2208,2822,2208,2822,2229,2817,2229
2820,2208,2846,2208,2846,2229,2820,2229
2856,2208,2913,2208,2913,2229,2856,2229
170,2289,218,2289,218,2312,170,2312
223,2289,244,2289,244,2312,223,2312
257,2289,380,2289,380,2312,257,2312
386,2289,416,2289,416,2312,386,2312
425,2289,596,2289,596,2312,425,2312
607,2289,733,2289,733,2312,607,2312
741,2289,766,2289,766,2312,741,2312
775,2289,819,2289,819,2312,775,2312
822,2289,828,2289,828,2312,822,2312
837,2289,849,2289,849,2312,837,2312
864,2289,937,2289,937,2312,864,2312
950,2289,971,2289,971,2312,950,2312
982,2289,1060,2289,1060,2312,982,2312
1072,2289,1085,2289,1085,2312,1072,2312
1099,2289,1204,2289,1204,2312,1099,2312
1218,2289,1224,2289,1224,2312,1218,2312
1228,2289,1234,2289,1234,2312,1228,2312
1235,2289,1241,2289,1241,2312,1235,2312
1253,2289,1343,2289,1343,2312,1253,2312
1353,2289,1389,2289,1389,2312,1353,2312
1395,2289,1542,2289,1542,2312,1395,2312
1549,2289,1600,2289,1600,2312,1549,2312
1607,2289,1647,2289,1647,2312,1607,2312
1655,2289,1734,2289,1734,2312,1655,2312
1741,2289,1767,2289,1767,2312,1741,2312
1779,2289,1906,2289,1906,2312,1779,2312
1918,2289,1939,2289,1939,2312,1918,2312
1955,2289,1961,2289,1961,2312,1955,2312
1965,2289,1971,2289,1971,2312,1965,2312
1969,2289,2099,2289,2099,2312,1969,2312
2106,2289,2112,2289,2112,2312,2106,2312
166,2317,208,2317,208,2346,166,2346
216,2317,329,2317,329,2346,216,2346
339,2317,385,2317,385,2346,339,2346
387,2317,395,2317,395,2346,387,2346
395,2317,487,2317,487,2346,395,2346
489,2317,497,2317,497,2346,489,2346
503,2317,578,2317,578,2346,503,2346
591,2317,607,2317,607,2346,591,2346
615,2317,623,2317,623,2346,615,2346
621,2317,629,2317,629,2346,621,2346
626,2317,778,2317,778,2346,626,2346
781,2317,818,2317,818,2346,781,2346
829,2317,967,2317,967,2346,829,2346
981,2317,1025,2317,1025,2346,981,2346
1034,2317,1103,2317,1103,2346,1034,2346
1116,2317,1124,2317,1124,2346,1116,2346
1136,2317,1171,2317,1171,2346,1136,2346
1182,2317,1266,2317,1266,2346,1182,2346
1266,2317,1274,2317,1274,2346,1266,2346
1286,2317,1339,2317,1339,2346,1286,2346
1346,2317,1475,2317,1475,2346,1346,2346
1489,2317,1516,2317,1516,2346,1489,2346
1522,2317,1591,2317,1591,2346,1522,2346
1604,2317,1643,2317,1643,2346,1604,2346
1652,2317,1727,2317,1727,2346,1652,2346
1739,2317,1777,2317,1777,2346,1739,2346
1788,2317,1804,2317,1804,2346,1788,2346
1815,2317,1846,2317,1846,2346,1815,2346
1857,2317,1948,2317,1948,2346,1857,2346
1959,2317,1988,2317,1988,2346,1959,2346
1996,2317,2078,2317,2078,2346,1996,2346
2091,2317,2099,2317,2099,2346,2091,2346
2100,2317,2108,2317,2108,2346,2100,2346
2108,2317,2236,2317,2236,2346,2108,2346
2241,2317,2249,2317,2249,2346,2241,2346
2614,2300,2676,2300,2676,2339,2614,2339
2690,2300,2701,2300,2701,2339,2690,2339
2733,2300,2762,2300,2762,2339,2733,2339
2774,2300,2886,2300,2886,2339,2774,2339
2901,2300,2966,2300,2966,2339,2901,2339
