3801,177,4449,177,4449,324,3801,324
3803,314,4442,314,4442,453,3803,453
4060,594,4517,594,4517,723,4060,723
2557,685,2592,682,2594,705,2559,708
2617,679,2623,678,2625,701,2619,702
2869,695,2869,703,2840,703,2840,695
2147,703,2147,709,2124,709,2124,703
2181,704,2181,709,2160,709,2160,704
2059,709,2059,714,2040,714,2040,709
2059,745,2059,750,2040,750,2040,745
1953,747,1984,747,1984,789,1953,789
2002,747,2013,747,2013,789,2002,789
2147,751,2147,757,2124,757,2124,751
2147,775,2147,781,2124,781,2124,775
2147,799,2147,805,2124,805,2124,799
2059,781,2059,786,2040,786,2040,781
2099,801,2109,800,2111,836,2101,837
2132,799,2142,798,2144,834,2134,835
2166,797,2176,796,2178,832,2168,833
1796,819,1806,818,1808,854,1798,855
1833,817,1843,816,1845,852,1835,853
1871,815,1881,814,1883,850,1873,851
1908,813,1918,812,1920,848,1910,849
1937,811,1947,810,1949,846,1939,847
1974,809,1984,808,1986,844,1976,845
2011,806,2021,805,2023,841,2013,842
2048,804,2058,803,2060,839,2050,840
2217,808,2356,808,2356,842,2217,842
4130,808,4214,808,4214,840,4130,840
4232,808,4273,808,4273,840,4232,840
4288,808,4472,808,4472,840,4288,840
2868,740,2868,748,2839,748,2839,740
2868,776,2868,784,2839,784,2839,776
2868,811,2868,819,2839,819,2839,811
2867,953,2867,961,2838,961,2838,953
1918,869,1918,875,1893,875,1893,869
1918,906,1918,912,1893,912,1893,906
1918,939,1918,945,1893,945,1893,939
957,945,1003,950,999,980,954,975
2364,945,2417,945,2417,976,2364,976
1918,978,1918,984,1893,984,1893,978
2469,1005,2469,1002,2483,1003,2483,1006
1918,1012,1918,1018,1893,1018,1893,1012
749,1055,749,996,780,996,780,1055
1671,1013,1682,1014,1678,1054,1667,1053
1707,1016,1718,1017,1714,1057,1703,1056
2467,1040,2467,1037,2481,1038,2481,1041
1801,1038,1806,1038,1806,1059,1801,1059
1801,1026,1812,1027,1808,1067,1797,1066
1842,1030,1853,1031,1849,1071,1838,1070
1836,1038,1841,1038,1841,1059,1836,1059
1871,1038,1876,1038,1876,1059,1871,1059
1918,1049,1918,1055,1893,1055,1893,1049
825,1034,929,1034,929,1089,825,1089
950,1034,1001,1034,1001,1089,950,1089
1018,1034,1137,1034,1137,1089,1018,1089
3917,1041,4026,1041,4026,1079,3917,1079
4532,1040,4654,1040,4654,1074,4532,1074
2464,1076,2464,1071,2485,1071,2485,1076
1918,1082,1918,1088,1893,1088,1893,1082
2464,1111,2464,1106,2485,1106,2485,1111
1918,1119,1918,1125,1893,1125,1893,1119
892,1114,898,1114,898,1139,892,1139
926,1114,932,1114,932,1139,926,1139
962,1114,968,1114,968,1139,962,1139
999,1114,1005,1114,1005,1139,999,1139
1033,1114,1039,1114,1039,1139,1033,1139
1069,1114,1075,1114,1075,1139,1069,1139
2578,1136,2578,1140,2561,1141,2561,1137
2464,1146,2464,1141,2485,1141,2485,1146
1736,1153,1737,1147,1759,1149,1759,1155
1918,1153,1918,1159,1893,1159,1893,1153
1355,1150,1648,1150,1648,1201,1355,1201
2580,1171,2580,1175,2563,1176,2563,1172
1732,1187,1733,1181,1755,1183,1755,1189
1984,1180,1990,1180,1990,1203,1984,1203
2013,1179,2019,1179,2019,1202,2013,1202
2049,1179,2055,1179,2055,1202,2049,1202
2085,1178,2091,1178,2091,1201,2085,1201
2121,1178,2127,1178,2127,1201,2121,1201
2157,1177,2163,1177,2163,1200,2157,1200
2190,1177,2196,1177,2196,1200,2190,1200
2226,1176,2232,1176,2232,1199,2226,1199
2464,1190,2464,1185,2485,1185,2485,1190
2262,1175,2268,1175,2268,1198,2262,1198
2332,1174,2338,1174,2338,1197,2332,1197
2368,1174,2374,1174,2374,1197,2368,1197
2404,1173,2410,1173,2410,1196,2404,1196
2440,1173,2446,1173,2446,1196,2440,1196
2571,1198,2577,1198,2577,1223,2571,1223
2605,1198,2611,1198,2611,1223,2605,1223
2639,1198,2645,1198,2645,1223,2639,1223
2712,1198,2718,1198,2718,1223,2712,1223
2782,1198,2788,1198,2788,1223,2782,1223
2816,1198,2822,1198,2822,1223,2816,1223
2865,1205,2865,1213,2836,1213,2836,1205
898,1201,902,1206,883,1220,879,1216
919,1228,923,1233,904,1247,900,1243
4209,1241,4246,1241,4246,1270,4209,1270
4286,1241,4378,1241,4378,1270,4286,1270
941,1256,945,1261,926,1275,922,1271
1035,1272,1041,1272,1042,1297,1036,1297
1070,1271,1102,1270,1103,1295,1071,1296
1303,1323,1305,1323,1305,1335,1303,1335
1337,1323,1339,1323,1339,1335,1337,1335
1373,1323,1375,1323,1375,1335,1373,1335
4345,1304,4545,1304,4545,1344,4345,1344
4568,1304,4579,1304,4579,1344,4568,1344
4581,1304,4675,1304,4675,1344,4581,1344
2313,1325,2499,1325,2499,1381,2313,1381
2527,1325,2543,1325,2543,1381,2527,1381
2567,1325,2760,1325,2760,1381,2567,1381
1185,1380,1185,1376,1202,1376,1202,1380
1186,1416,1186,1412,1203,1412,1203,1416
2250,1462,2250,1409,2287,1409,2287,1462
1186,1450,1186,1446,1203,1446,1203,1450
1187,1486,1187,1482,1204,1482,1204,1486
1227,1547,1229,1547,1229,1559,1227,1559
1264,1548,1266,1548,1266,1560,1264,1560
1299,1548,1301,1548,1301,1560,1299,1560
1334,1548,1336,1548,1336,1560,1334,1560
1369,1549,1371,1549,1371,1561,1369,1561
1405,1549,1407,1549,1407,1561,1405,1561
1441,1550,1443,1550,1443,1562,1441,1562
1113,1604,1152,1604,1152,1643,1113,1643
1814,1602,1859,1599,1861,1635,1817,1638
2565,1602,2613,1602,2613,1639,2565,1639
1486,1633,1486,1636,1471,1636,1471,1633
1486,1664,1486,1667,1471,1667,1471,1664
1486,1699,1486,1702,1471,1702,1471,1699
994,1704,1232,1704,1232,1748,994,1748
1261,1704,1273,1704,1273,1748,1261,1748
1671,1705,1907,1705,1907,1746,1671,1746
1939,1705,1950,1705,1950,1746,1939,1746
1486,1735,1486,1738,1471,1738,1471,1735
750,1777,750,1733,785,1733,785,1777
2036,1780,2036,1731,2070,1731,2070,1780
1486,1771,1486,1774,1471,1774,1471,1771
1486,1806,1486,1809,1471,1809,1471,1806
1486,1841,1486,1844,1471,1844,1471,1841
1194,1870,1200,1870,1200,1895,1194,1895
1231,1870,1237,1870,1237,1895,1231,1895
1264,1870,1270,1870,1270,1895,1264,1895
1301,1870,1307,1870,1307,1895,1301,1895
1335,1870,1341,1870,1341,1895,1335,1895
1371,1870,1377,1870,1377,1895,1371,1895
1407,1870,1413,1870,1413,1895,1407,1895
1441,1870,1447,1870,1447,1895,1441,1895
1181,1900,1210,1912,1200,1935,1171,1923
3717,1547,3980,1547,3980,1632,3717,1632
4035,1547,4238,1547,4238,1632,4035,1632
4302,1547,4380,1547,4380,1632,4302,1632
4399,1547,4463,1547,4463,1632,4399,1632
4481,1547,4565,1547,4565,1632,4481,1632
4666,1547,4797,1547,4797,1632,4666,1632
3769,1669,3874,1669,3874,1743,3769,1743
3866,1669,3887,1669,3887,1743,3866,1743
3896,1669,3917,1669,3917,1743,3896,1743
4088,1667,4111,1667,4111,1747,4088,1747
4137,1667,4160,1667,4160,1747,4137,1747
4162,1667,4185,1667,4185,1747,4162,1747
4389,1667,4493,1667,4493,1747,4389,1747
4709,1667,4769,1667,4769,1747,4709,1747
4064,1795,4283,1792,4284,1865,4065,1868
4302,1791,4572,1787,4573,1860,4303,1864
3851,1882,4043,1882,4043,1936,3851,1936
4080,1882,4095,1882,4095,1936,4080,1936
4126,1882,4323,1882,4323,1936,4126,1936
4522,1885,4566,1885,4566,1933,4522,1933
4578,1885,4591,1885,4591,1933,4578,1933
4593,1885,4645,1885,4645,1933,4593,1933
4656,1885,4735,1885,4735,1933,4656,1933
3842,1959,4096,1959,4096,2007,3842,2007
4128,1959,4141,1959,4141,2007,4128,2007
4525,1959,4575,1959,4575,2005,4525,2005
4576,1959,4589,1959,4589,2005,4576,2005
4589,1959,4648,1959,4648,2005,4589,2005
4656,1959,4731,1959,4731,2005,4656,2005
3846,2033,4093,2033,4093,2077,3846,2077
4127,2033,4139,2033,4139,2077,4127,2077
4525,2029,4539,2029,4539,2079,4525,2079
4546,2029,4560,2029,4560,2079,4546,2079
4570,2029,4607,2029,4607,2079,4570,2079
4628,2029,4702,2029,4702,2079,4628,2079
3845,2103,3947,2103,3947,2149,3845,2149
3978,2103,4028,2103,4028,2149,3978,2149
4042,2103,4171,2103,4171,2149,4042,2149
4523,2102,4536,2102,4536,2149,4523,2149
4547,2102,4560,2102,4560,2149,4547,2149
4563,2102,4606,2102,4606,2149,4563,2149
4628,2102,4705,2102,4705,2149,4628,2149
3843,2170,4145,2170,4145,2232,3843,2232
4525,2172,4539,2172,4539,2221,4525,2221
4550,2172,4564,2172,4564,2221,4550,2221
4567,2172,4612,2172,4612,2221,4567,2221
4631,2172,4703,2172,4703,2221,4631,2221
3839,2242,3928,2242,3928,2296,3839,2296
4529,2247,4542,2247,4542,2293,4529,2293
4548,2247,4561,2247,4561,2293,4548,2293
4562,2247,4613,2247,4613,2293,4562,2293
4627,2247,4703,2247,4703,2293,4627,2293
4517,2314,4576,2314,4576,2368,4517,2368
4577,2314,4592,2314,4592,2368,4577,2368
4596,2314,4646,2314,4646,2368,4596,2368
4655,2314,4734,2314,4734,2368,4655,2368
862,2092,864,2092,864,2103,862,2103
899,2090,902,2090,902,2104,899,2104
933,2090,936,2090,936,2104,933,2104
1077,2091,1085,2091,1084,2122,1076,2122
1132,2093,1166,2094,1165,2125,1131,2124
1707,2090,1745,2090,1745,2125,1707,2125
1761,2090,1770,2090,1770,2125,1761,2125
1198,2113,1201,2113,1201,2128,1198,2128
1244,2113,1247,2113,1247,2128,1244,2128
1268,2113,1271,2113,1271,2128,1268,2128
1291,2113,1294,2113,1294,2128,1291,2128
1574,2115,1576,2115,1576,2126,1574,2126
1598,2115,1600,2115,1600,2126,1598,2126
1645,2117,1647,2117,1647,2127,1645,2127
1669,2117,1671,2117,1671,2127,1669,2127
2310,2116,2312,2116,2312,2127,2310,2127
2333,2116,2335,2116,2335,2127,2333,2127
2357,2116,2359,2116,2359,2127,2357,2127
2379,2116,2381,2116,2381,2127,2379,2127
2403,2116,2405,2116,2405,2127,2403,2127
2427,2116,2429,2116,2429,2127,2427,2127
2453,2116,2455,2116,2455,2127,2453,2127
2474,2116,2476,2116,2476,2127,2474,2127
2498,2116,2500,2116,2500,2127,2498,2127
2521,2116,2523,2116,2523,2127,2521,2127
2545,2116,2547,2116,2547,2127,2545,2127
2569,2116,2571,2116,2571,2127,2569,2127
2592,2116,2594,2116,2594,2127,2592,2127
1201,2119,1256,2121,1255,2157,1200,2155
729,2153,729,2154,722,2154,722,2153
729,2175,729,2198,722,2198,722,2175
1535,2131,1675,2115,1680,2163,1540,2179
2519,2128,2558,2129,2557,2164,2518,2163
2036,2503,2036,2455,2073,2455,2073,2503
2151,2441,2404,2441,2404,2485,2151,2485
3018,2393,3016,2453,2994,2452,2996,2392
3016,2468,3016,2473,2994,2472,2994,2467
3015,2476,3014,2520,2992,2519,2993,2475
3719,2482,3807,2482,3807,2518,3719,2518
3823,2482,3833,2482,3833,2518,3823,2518
3839,2482,3878,2482,3878,2518,3839,2518
3893,2482,3999,2482,3999,2518,3893,2518
4009,2482,4060,2482,4060,2518,4009,2518
4073,2482,4199,2482,4199,2518,4073,2518
4214,2482,4260,2482,4260,2518,4214,2518
4265,2482,4367,2482,4367,2518,4265,2518
4384,2482,4455,2482,4455,2518,4384,2518
4465,2482,4529,2482,4529,2518,4465,2518
4547,2482,4598,2482,4598,2518,4547,2518
4610,2482,4706,2482,4706,2518,4610,2518
4718,2482,4871,2482,4871,2518,4718,2518
3848,2545,4117,2545,4117,2591,3848,2591
4533,2533,4574,2533,4574,2607,4533,2607
4584,2533,4665,2533,4665,2607,4584,2607
2649,2707,3032,2707,3032,2756,2649,2756
3903,2746,4061,2750,4060,2782,3902,2778
3766,2818,3806,2818,3806,2854,3766,2854
3767,2854,3827,2855,3827,2891,3767,2890
3767,2894,3831,2895,3831,2929,3767,2928
3767,2937,3803,2935,3804,2960,3768,2962
3769,2973,3803,2973,3803,3004,3769,3004
3885,2818,3895,2818,3895,2854,3885,2854
3903,2818,3980,2818,3980,2854,3903,2854
3997,2818,4106,2818,4106,2854,3997,2854
3883,2855,3892,2855,3892,2890,3883,2890
3897,2855,4011,2856,4011,2892,3897,2891
4023,2856,4114,2857,4114,2893,4023,2892
4134,2857,4215,2858,4215,2894,4134,2893
3883,2895,3892,2895,3892,2929,3883,2929
3906,2895,4011,2896,4011,2931,3906,2930
4032,2896,4134,2897,4134,2932,4032,2931
4144,2897,4259,2898,4259,2932,4144,2931
3881,2938,3889,2938,3889,2969,3881,2969
3899,2938,3978,2938,3978,2969,3899,2969
3985,2938,4103,2938,4103,2969,3985,2969
3877,2972,3886,2972,3886,3006,3877,3006
3899,2972,4011,2972,4011,3006,3899,3006
4029,2972,4174,2972,4174,3006,4029,3006
3879,3010,3888,3010,3888,3045,3879,3045
3901,3010,4010,3010,4010,3045,3901,3045
4019,3010,4028,3010,4028,3045,4019,3045
4031,3010,4081,3010,4081,3045,4031,3045
4095,3010,4358,3010,4358,3045,4095,3045
3881,3050,3889,3050,3889,3081,3881,3081
3899,3050,3973,3051,3973,3083,3899,3082
3990,3052,4024,3052,4024,3083,3990,3083
4036,3052,4176,3054,4176,3086,4036,3084
3878,3088,3887,3088,3887,3122,3878,3122
3899,3088,3993,3088,3993,3122,3899,3122
4006,3088,4125,3088,4125,3122,4006,3122
3878,3128,3886,3128,3886,3160,3878,3160
3898,3128,3968,3128,3968,3160,3898,3160
3978,3128,3986,3128,3986,3160,3978,3160
3985,3128,4065,3128,4065,3160,3985,3160
3875,3164,3885,3164,3885,3200,3875,3200
3889,3164,3981,3164,3981,3200,3889,3200
3986,3164,3996,3164,3996,3200,3986,3200
3996,3164,4077,3164,4077,3200,3996,3200
3766,3014,3807,3011,3809,3042,3768,3045
3764,3046,3809,3046,3809,3086,3764,3086
3763,3090,3807,3081,3815,3120,3771,3129
2448,3058,2513,3058,2513,3093,2448,3093
2525,3058,2551,3058,2551,3093,2525,3093
2572,3057,2736,3056,2736,3092,2572,3093
2742,3057,2783,3057,2783,3092,2742,3092
2799,3056,3031,3055,3031,3091,2799,3092
3046,3055,3218,3054,3218,3090,3046,3091
3233,3055,3265,3055,3265,3090,3233,3090
3276,3055,3332,3055,3332,3090,3276,3090
3343,3055,3352,3055,3352,3090,3343,3090
3361,3055,3381,3055,3381,3090,3361,3090
3400,3054,3502,3054,3502,3089,3400,3089
3514,3054,3546,3054,3546,3089,3514,3089
2440,3096,2553,3096,2553,3128,2440,3128
2564,3096,2587,3096,2587,3128,2564,3128
2601,3096,2745,3096,2745,3128,2601,3128
2767,3096,2775,3096,2775,3128,2767,3128
2780,3096,2788,3096,2788,3128,2780,3128
2790,3096,2798,3096,2798,3128,2790,3128
2812,3096,2938,3096,2938,3128,2812,3128
2947,3096,2998,3096,2998,3128,2947,3128
3006,3096,3208,3096,3208,3128,3006,3128
3223,3096,3288,3096,3288,3128,3223,3128
3297,3096,3348,3096,3348,3128,3297,3128
3364,3096,3468,3096,3468,3128,3364,3128
3479,3096,3515,3096,3515,3128,3479,3128
2442,3134,2621,3134,2621,3166,2442,3166
2638,3134,2667,3134,2667,3166,2638,3166
2686,3134,2694,3134,2694,3166,2686,3166
2699,3134,2707,3134,2707,3166,2699,3166
2710,3134,2889,3134,2889,3166,2710,3166
2894,3134,2902,3134,2902,3166,2894,3166
2440,3174,2494,3174,2494,3205,2440,3205
2508,3174,2664,3174,2664,3205,2508,3205
2679,3174,2738,3174,2738,3205,2679,3205
2750,3174,2875,3174,2875,3205,2750,3205
2880,3174,2888,3174,2888,3205,2880,3205
2901,3174,3002,3174,3002,3205,2901,3205
3019,3174,3047,3174,3047,3205,3019,3205
3056,3174,3064,3174,3064,3205,3056,3205
3063,3174,3071,3174,3071,3205,3063,3205
3073,3174,3275,3174,3275,3205,3073,3205
3283,3174,3332,3174,3332,3205,3283,3205
3347,3174,3536,3174,3536,3205,3347,3205
2444,3210,2511,3210,2511,3242,2444,3242
2519,3210,2615,3210,2615,3242,2519,3242
2631,3210,2639,3210,2639,3242,2631,3242
2658,3210,2707,3210,2707,3242,2658,3242
2724,3210,2836,3210,2836,3242,2724,3242
2839,3210,2847,3210,2847,3242,2839,3242
2864,3210,2936,3210,2936,3242,2864,3242
2947,3210,3127,3210,3127,3242,2947,3242
3142,3210,3178,3210,3178,3242,3142,3242
3188,3210,3280,3210,3280,3242,3188,3242
3299,3210,3350,3210,3350,3242,3299,3242
3365,3210,3472,3210,3472,3242,3365,3242
3487,3210,3533,3210,3533,3242,3487,3242
3551,3210,3574,3210,3574,3242,3551,3242
2446,3250,2492,3250,2492,3285,2446,3285
2507,3249,2633,3248,2633,3284,2507,3285
2644,3248,2684,3248,2684,3284,2644,3284
2695,3248,2808,3247,2808,3283,2695,3284
2825,3247,2834,3247,2834,3282,2825,3282
2839,3247,2848,3247,2848,3282,2839,3282
2848,3247,3024,3246,3024,3282,2848,3283
3032,3246,3041,3246,3041,3281,3032,3281
3764,3122,3809,3122,3809,3162,3764,3162
3761,3164,3814,3164,3814,3200,3761,3200
4489,3149,4499,3149,4499,3187,4489,3187
4506,3149,4679,3151,4679,3190,4506,3188
4699,3151,4720,3151,4720,3190,4699,3190
4730,3151,4854,3152,4854,3191,4730,3190
4490,3222,4498,3222,4498,3254,4490,3254
4509,3222,4621,3222,4621,3254,4509,3254
4632,3222,4662,3222,4662,3254,4632,3254
4671,3222,4730,3222,4730,3254,4671,3254
4734,3222,4742,3222,4742,3254,4734,3254
4742,3222,4866,3222,4866,3254,4742,3254
4506,3254,4591,3254,4591,3288,4506,3288
4613,3254,4622,3254,4622,3288,4613,3288
4641,3254,4650,3254,4650,3288,4641,3288
4655,3254,4664,3254,4664,3288,4655,3288
4668,3254,4693,3254,4693,3288,4668,3288
4715,3254,4724,3254,4724,3288,4715,3288
3582,3373,3626,3373,3626,3407,3582,3407
3999,3363,4098,3366,4097,3408,3998,3405
4112,3367,4123,3367,4122,3408,4111,3408
4290,3363,4338,3363,4338,3407,4290,3407
4348,3363,4360,3363,4360,3407,4348,3407
4366,3363,4415,3363,4415,3407,4366,3407
4420,3363,4432,3363,4432,3407,4420,3407
4434,3363,4534,3363,4534,3407,4434,3407
