2717,165,3036,165,3036,239,2717,239
2717,233,3062,233,3062,302,2717,302
2807,389,3145,389,3145,485,2807,485
3170,389,3198,389,3198,485,3170,485
1958,530,2008,530,2008,553,1958,553
2012,530,2018,530,2018,553,2012,553
2018,530,2055,530,2055,553,2018,553
1356,586,1421,586,1421,618,1356,618
1421,586,1429,586,1429,618,1421,618
1430,586,1487,586,1487,618,1430,618
1115,722,1115,652,1142,652,1142,722
1115,649,1115,642,1142,642,1142,649
1115,638,1115,584,1142,584,1142,638
1615,585,1614,598,1568,596,1569,583
1613,641,1610,706,1563,704,1566,639
2240,750,2242,699,2270,700,2268,751
2242,695,2242,688,2269,689,2269,696
2243,687,2244,648,2271,649,2270,688
2795,697,2840,697,2840,707,2795,707
1175,748,1175,700,1204,700,1204,748
2784,727,2893,727,2893,746,2784,746
438,760,477,760,477,779,438,779
917,760,954,760,954,781,917,781
220,787,340,787,340,802,220,802
533,783,803,783,803,803,533,803
1052,786,1183,788,1183,803,1052,801
1433,784,1812,784,1812,802,1433,802
446,795,493,789,499,832,452,839
893,804,901,804,903,835,895,835
909,803,917,803,919,834,911,834
924,802,946,801,948,832,926,833
1288,807,1296,807,1297,836,1289,836
1306,806,1314,806,1315,835,1307,835
1324,806,1332,806,1333,835,1325,835
1348,804,1369,803,1370,833,1349,834
1378,804,1386,804,1387,833,1379,833
1396,803,1404,803,1405,832,1397,832
454,874,463,874,464,908,455,908
468,874,477,874,478,908,469,908
480,873,553,870,554,905,482,908
918,877,926,877,926,908,918,908
931,877,939,877,939,908,931,908
942,877,970,877,970,908,942,908
1457,879,1462,879,1462,900,1457,900
1474,879,1479,879,1479,900,1474,900
1481,879,1507,879,1507,900,1481,900
2013,875,2021,875,2021,906,2013,906
2029,875,2037,875,2037,906,2029,906
2040,875,2068,875,2068,906,2040,906
3065,861,3065,865,3048,864,3048,860
3065,875,3063,932,3045,931,3047,874
349,925,358,925,356,960,347,960
374,927,383,927,381,962,372,962
407,928,416,928,414,963,405,963
439,930,448,930,446,965,437,965
472,931,481,931,479,966,470,966
504,933,513,933,511,968,502,968
1793,1017,1793,1016,1801,1016,1801,1017
1793,1034,1793,1033,1801,1033,1801,1034
1793,1050,1793,1049,1801,1049,1801,1050
1793,1070,1793,1069,1801,1069,1801,1070
1793,1088,1793,1087,1801,1087,1801,1088
1793,1107,1793,1106,1801,1106,1801,1107
339,1092,467,1092,467,1139,339,1139
484,1092,497,1092,497,1139,484,1139
833,1088,969,1088,969,1139,833,1139
987,1088,1001,1088,1001,1139,987,1139
1074,1088,1088,1088,1088,1139,1074,1139
1296,1097,1392,1097,1392,1141,1296,1141
1402,1097,1414,1097,1414,1141,1402,1141
1417,1097,1529,1097,1529,1141,1417,1141
1982,1104,2106,1104,2106,1144,1982,1144
2179,1347,2179,1284,2212,1284,2212,1347
2179,1280,2179,1271,2212,1271,2212,1280
2179,1269,2179,1216,2212,1216,2212,1269
2663,1198,2777,1198,2777,1236,2663,1236
2692,1252,2702,1252,2702,1289,2692,1289
2718,1252,2728,1252,2728,1289,2718,1289
2737,1252,2747,1252,2747,1289,2737,1289
2910,1196,2960,1196,2960,1236,2910,1236
2964,1196,3009,1196,3009,1236,2964,1236
3024,1196,3064,1196,3064,1236,3024,1236
2959,1254,3003,1254,3003,1288,2959,1288
3139,1146,3193,1147,3192,1182,3138,1181
3207,1147,3244,1148,3243,1183,3206,1182
3252,1148,3371,1150,3370,1185,3251,1183
3216,1196,3296,1196,3296,1236,3216,1236
3245,1258,3274,1258,3274,1289,3245,1289
241,1319,245,1319,244,1337,240,1337
303,1321,307,1321,306,1339,302,1339
338,1322,342,1322,341,1340,337,1340
1565,1374,1565,1366,1594,1366,1594,1374
1565,1356,1565,1348,1594,1348,1594,1356
1565,1351,1565,1314,1594,1314,1594,1351
2650,1355,2741,1355,2741,1397,2650,1397
2746,1355,2757,1355,2757,1397,2746,1397
2771,1355,2870,1355,2870,1397,2771,1397
2642,1402,2832,1402,2832,1444,2642,1444
2841,1402,2852,1402,2852,1444,2841,1444
2854,1402,2877,1402,2877,1444,2854,1444
2891,1402,2993,1402,2993,1444,2891,1444
3010,1402,3049,1402,3049,1444,3010,1444
3051,1402,3062,1402,3062,1444,3051,1444
2648,1452,2775,1452,2775,1488,2648,1488
2794,1452,2804,1452,2804,1488,2794,1488
2647,1504,2775,1504,2775,1539,2647,1539
2790,1504,2799,1504,2799,1539,2790,1539
2646,1556,2711,1556,2711,1588,2646,1588
2725,1556,2761,1556,2761,1588,2725,1588
2768,1556,2821,1556,2821,1588,2768,1588
2641,1605,2693,1605,2693,1636,2641,1636
3194,1356,3222,1355,3223,1393,3195,1394
3227,1356,3237,1356,3238,1394,3228,1394
3242,1355,3263,1354,3264,1392,3243,1393
3275,1354,3325,1353,3326,1391,3276,1392
3210,1402,3220,1402,3220,1440,3210,1440
3226,1402,3236,1402,3236,1440,3226,1440
3237,1402,3264,1402,3264,1440,3237,1440
3276,1402,3324,1402,3324,1440,3276,1440
3195,1452,3225,1451,3226,1491,3196,1492
3225,1451,3236,1451,3237,1491,3226,1491
3236,1450,3266,1449,3267,1490,3237,1491
3272,1449,3324,1447,3325,1487,3273,1489
3211,1500,3222,1500,3222,1540,3211,1540
3228,1500,3239,1500,3239,1540,3228,1540
3239,1500,3269,1500,3269,1540,3239,1540
3275,1500,3327,1500,3327,1540,3275,1540
3209,1551,3220,1551,3220,1592,3209,1592
3226,1551,3237,1551,3237,1592,3226,1592
3237,1551,3267,1551,3267,1592,3237,1592
3273,1551,3327,1551,3327,1592,3273,1592
3213,1603,3223,1603,3224,1641,3214,1641
3224,1603,3234,1603,3235,1641,3225,1641
3238,1602,3266,1601,3267,1640,3239,1641
3277,1601,3325,1599,3326,1637,3278,1639
1340,1517,1343,1517,1343,1532,1340,1532
1367,1517,1370,1517,1370,1532,1367,1532
1399,1517,1402,1517,1402,1532,1399,1532
1431,1517,1434,1517,1434,1532,1431,1532
2241,1711,2241,1663,2270,1663,2270,1711
2241,1659,2241,1651,2270,1651,2270,1659
2241,1647,2241,1613,2270,1613,2270,1647
601,1698,649,1698,649,1735,601,1735
1878,1766,1928,1766,1928,1791,1878,1791
1325,1788,1333,1788,1333,1817,1325,1817
1370,1787,1412,1786,1412,1816,1370,1817
1614,1798,1642,1795,1644,1812,1616,1815
1979,1801,2041,1801,2041,1827,1979,1827
2046,1801,2053,1801,2053,1827,2046,1827
2054,1801,2108,1801,2108,1827,2054,1827
2613,1793,2752,1792,2752,1831,2613,1832
2768,1793,2933,1792,2933,1831,2768,1832
2949,1792,3061,1791,3061,1830,2949,1831
3072,1791,3082,1791,3082,1829,3072,1829
3196,1791,3223,1791,3223,1829,3196,1829
3228,1791,3238,1791,3238,1829,3228,1829
3242,1790,3270,1790,3270,1828,3242,1828
3280,1790,3330,1790,3330,1828,3280,1828
1477,1817,1496,1817,1496,1832,1477,1832
1421,1844,1444,1844,1444,1861,1421,1861
1460,1844,1464,1844,1464,1861,1460,1861
1481,1844,1503,1844,1503,1861,1481,1861
1520,1844,1524,1844,1524,1861,1520,1861
1543,1844,1547,1844,1547,1861,1543,1861
1426,1865,1428,1865,1428,1877,1426,1877
1455,1865,1457,1865,1457,1877,1455,1877
1473,1866,1475,1866,1475,1878,1473,1878
1491,1866,1493,1866,1493,1878,1491,1878
1510,1866,1512,1866,1512,1878,1510,1878
1528,1866,1530,1866,1530,1878,1528,1878
1546,1867,1548,1867,1548,1879,1546,1879
1596,1789,1596,1792,1581,1792,1581,1789
1596,1798,1596,1801,1581,1801,1581,1798
1596,1808,1596,1811,1581,1811,1581,1808
1596,1818,1596,1821,1581,1821,1581,1818
1596,1829,1596,1832,1581,1832,1581,1829
1596,1838,1596,1841,1581,1841,1581,1838
1596,1848,1596,1851,1581,1851,1581,1848
1596,1853,1596,1884,1581,1884,1581,1853
1614,1835,1614,1862,1603,1862,1603,1835
1564,1867,1566,1867,1566,1879,1564,1879
2005,1858,2058,1858,2058,1882,2005,1882
2060,1858,2066,1858,2066,1882,2060,1882
2069,1858,2103,1858,2103,1882,2069,1882
2613,1863,2725,1863,2725,1892,2613,1892
2739,1863,2747,1863,2747,1892,2739,1892
3200,1856,3227,1856,3227,1892,3200,1892
3231,1856,3241,1856,3241,1892,3231,1892
3241,1856,3267,1856,3267,1892,3241,1892
3281,1856,3328,1856,3328,1892,3281,1892
2680,2036,2685,2036,2685,2057,2680,2057
2686,2036,2691,2036,2691,2057,2686,2057
2658,2073,2701,2073,2701,2096,2658,2096
2749,2036,2809,2036,2809,2059,2749,2059
2751,2074,2810,2074,2810,2099,2751,2099
2820,2074,2865,2074,2865,2099,2820,2099
2875,2074,2915,2074,2915,2099,2875,2099
3050,2053,3054,2053,3060,2110,3057,2111
3092,2048,3096,2048,3102,2105,3099,2106
3180,2050,3219,2050,3219,2073,3180,2073
3219,2050,3225,2050,3225,2073,3219,2073
3226,2050,3284,2050,3284,2073,3226,2073
3179,2077,3247,2077,3247,2100,3179,2100
3251,2077,3281,2077,3281,2100,3251,2100
3296,2077,3302,2077,3302,2100,3296,2100
3312,2077,3318,2077,3318,2100,3312,2100
3322,2077,3328,2077,3328,2100,3322,2100
3332,2077,3344,2077,3344,2100,3332,2100
3356,2077,3362,2077,3362,2100,3356,2100
3179,2037,3219,2033,3225,2091,3186,2096
3212,2035,3228,2033,3234,2091,3219,2093
3229,2032,3289,2025,3295,2084,3236,2091
2671,2113,2699,2116,2697,2136,2669,2133
2749,2116,2788,2116,2788,2137,2749,2137
2798,2116,2857,2116,2857,2137,2798,2137
2749,2153,2792,2153,2792,2174,2749,2174
2797,2153,2854,2153,2854,2174,2797,2174
3081,2122,3118,2122,3118,2145,3081,2145
3178,2123,3254,2123,3254,2144,3178,2144
3264,2123,3300,2123,3300,2144,3264,2144
3305,2123,3376,2123,3376,2144,3305,2144
2676,2151,2697,2154,2695,2172,2674,2170
1646,2146,1660,2146,1660,2197,1646,2197
1802,2146,1831,2146,1831,2197,1802,2197
1963,2146,1992,2146,1992,2197,1963,2197
2138,2146,2156,2146,2156,2197,2138,2197
2296,2146,2325,2146,2325,2197,2296,2197
2463,2146,2491,2146,2491,2197,2463,2197
3074,2165,3082,2165,3082,2194,3074,2194
3182,2167,3233,2168,3233,2198,3182,2197
3240,2168,3307,2169,3306,2199,3240,2198
3181,2213,3242,2214,3242,2237,3181,2236
3254,2214,3327,2215,3327,2238,3254,2237
2751,2208,2797,2208,2797,2229,2751,2229
2808,2208,2813,2208,2813,2229,2808,2229
2817,2208,2822,2208,2822,2229,2817,2229
2820,2208,2846,2208,2846,2229,2820,2229
2856,2208,2913,2208,2913,2229,2856,2229
170,2289,218,2289,218,2312,170,2312
223,2289,244,2289,244,2312,223,2312
257,2289,380,2289,380,2312,257,2312
386,2289,416,2289,416,2312,386,2312
425,2289,596,2289,596,2312,425,2312
607,2289,733,2289,733,2312,607,2312
741,2289,766,2289,766,2312,741,2312
775,2289,819,2289,819,2312,775,2312
822,2289,828,2289,828,2312,822,2312
837,2289,849,2289,849,2312,837,2312
864,2289,937,2289,937,2312,864,2312
950,2289,971,2289,971,2312,950,2312
982,2289,1060,2289,1060,2312,982,2312
1072,2289,1085,2289,1085,2312,1072,2312
1099,2289,1204,2289,1204,2312,1099,2312
1218,2289,1224,2289,1224,2312,1218,2312
1228,2289,1234,2289,1234,2312,1228,2312
1235,2289,1241,2289,1241,2312,1235,2312
1253,2289,1343,2289,1343,2312,1253,2312
1353,2289,1389,2289,1389,2312,1353,2312
1395,2289,1542,2289,1542,2312,1395,2312
1549,2289,1600,2289,1600,2312,1549,2312
1607,2289,1647,2289,1647,2312,1607,2312
1655,2289,1734,2289,1734,2312,1655,2312
1741,2289,1767,2289,1767,2312,1741,2312
1779,2289,1906,2289,1906,2312,1779,2312
1918,2289,1939,2289,1939,2312,1918,2312
1955,2289,1961,2289,1961,2312,1955,2312
1965,2289,1971,2289,1971,2312,1965,2312
1969,2289,2099,2289,2099,2312,1969,2312
2106,2289,2112,2289,2112,2312,2106,2312
166,2317,208,2317,208,2346,166,2346
216,2317,329,2317,329,2346,216,2346
339,2317,385,2317,385,2346,339,2346
387,2317,395,2317,395,2346,387,2346
395,2317,487,2317,487,2346,395,2346
489,2317,497,2317,497,2346,489,2346
503,2317,578,2317,578,2346,503,2346
591,2317,607,2317,607,2346,591,2346
615,2317,623,2317,623,2346,615,2346
621,2317,629,2317,629,2346,621,2346
626,2317,778,2317,778,2346,626,2346
781,2317,818,2317,818,2346,781,2346
829,2317,967,2317,967,2346,829,2346
981,2317,1025,2317,1025,2346,981,2346
1034,2317,1103,2317,1103,2346,1034,2346
1116,2317,1124,2317,1124,2346,1116,2346
1136,2317,1171,2317,1171,2346,1136,2346
1182,2317,1266,2317,1266,2346,1182,2346
1266,2317,1274,2317,1274,2346,1266,2346
1286,2317,1339,2317,1339,2346,1286,2346
1346,2317,1475,2317,1475,2346,1346,2346
1489,2317,1516,2317,1516,2346,1489,2346
1522,2317,1591,2317,1591,2346,1522,2346
1604,2317,1643,2317,1643,2346,1604,2346
1652,2317,1727,2317,1727,2346,1652,2346
1739,2317,1777,2317,1777,2346,1739,2346
1788,2317,1804,2317,1804,2346,1788,2346
1815,2317,1846,2317,1846,2346,1815,2346
1857,2317,1948,2317,1948,2346,1857,2346
1959,2317,1988,2317,1988,2346,1959,2346
1996,2317,2078,2317,2078,2346,1996,2346
2091,2317,2099,2317,2099,2346,2091,2346
2100,2317,2108,2317,2108,2346,2100,2346
2108,2317,2236,2317,2236,2346,2108,2346
2241,2317,2249,2317,2249,2346,2241,2346
2614,2300,2676,2300,2676,2339,2614,2339
2690,2300,2701,2300,2701,2339,2690,2339
2733,2300,2762,2300,2762,2339,2733,2339
2774,2300,2886,2300,2886,2339,2774,2339
2901,2300,2966,2300,2966,2339,2901,2339
