3801,177,4449,177,4449,324,3801,324
3803,314,4442,314,4442,453,3803,453
4060,594,4517,594,4517,723,4060,723
1468,793,1717,793,1717,837,1468,837
4130,808,4214,808,4214,840,4130,840
4232,808,4273,808,4273,840,4232,840
4288,808,4472,808,4472,840,4288,840
1064,887,1064,838,1102,838,1102,887
2733,842,2733,909,2697,909,2697,842
2733,913,2733,923,2697,923,2697,913
2733,923,2733,975,2697,975,2697,923
4532,1040,4654,1040,4654,1074,4532,1074
2635,1059,2672,1055,2676,1095,2639,1099
2699,1052,2710,1051,2714,1091,2703,1092
2478,1169,2511,1161,2522,1208,2489,1216
1591,1218,1593,1218,1593,1230,1591,1230
1615,1218,1617,1218,1617,1230,1615,1230
1638,1218,1640,1218,1640,1230,1638,1230
1662,1218,1664,1218,1664,1230,1662,1230
2018,1217,2020,1217,2020,1228,2018,1228
2040,1217,2042,1217,2042,1228,2040,1228
2063,1218,2065,1218,2065,1229,2063,1229
2087,1218,2089,1218,2089,1229,2087,1229
2111,1218,2113,1218,2113,1229,2111,1229
2157,1219,2159,1219,2159,1230,2157,1230
2181,1219,2183,1219,2183,1230,2181,1230
2391,1217,2393,1217,2393,1229,2391,1229
2339,1203,2352,1200,2363,1246,2350,1249
2363,1197,2376,1194,2387,1240,2374,1243
2381,1193,2394,1190,2405,1236,2392,1239
2405,1187,2418,1184,2429,1230,2416,1233
2418,1217,2420,1217,2420,1229,2418,1229
2441,1217,2443,1217,2443,1229,2441,1229
2465,1217,2467,1217,2467,1229,2465,1229
2488,1217,2490,1217,2490,1229,2488,1229
2513,1217,2515,1217,2515,1229,2513,1229
1474,1261,1474,1253,1505,1253,1505,1261
1474,1226,1474,1218,1505,1218,1505,1226
2202,1222,2256,1220,2257,1250,2203,1252
2276,1220,2284,1220,2285,1249,2277,1249
2298,1218,2306,1218,2307,1247,2299,1247
2322,1217,2330,1217,2331,1246,2323,1246
2346,1216,2354,1216,2355,1245,2347,1245
2373,1215,2381,1215,2382,1244,2374,1244
2388,1215,2396,1215,2397,1244,2389,1244
2418,1213,2426,1213,2427,1242,2419,1242
2442,1212,2450,1212,2451,1241,2443,1241
2463,1211,2471,1211,2472,1240,2464,1240
2487,1210,2495,1210,2496,1239,2488,1239
2511,1209,2519,1209,2520,1238,2512,1238
4209,1241,4246,1241,4246,1270,4209,1270
4286,1241,4378,1241,4378,1270,4286,1270
1474,1306,1474,1298,1505,1298,1505,1306
4345,1304,4545,1304,4545,1344,4345,1344
4568,1304,4579,1304,4579,1344,4568,1344
4581,1304,4675,1304,4675,1344,4581,1344
1474,1344,1474,1336,1505,1336,1505,1344
1616,1368,1737,1368,1737,1393,1616,1393
1332,1477,1580,1477,1580,1546,1332,1546
1418,1573,1465,1573,1465,1614,1418,1614
2099,1483,2286,1480,2287,1553,2100,1556
2313,1480,2333,1480,2334,1552,2314,1552
2352,1479,2549,1476,2550,1549,2353,1552
1060,1572,1060,1530,1097,1530,1097,1572
2272,1580,2316,1577,2318,1609,2274,1612
4666,1547,4799,1547,4799,1632,4666,1632
4708,1665,4763,1665,4763,1741,4708,1741
1485,1699,1489,1699,1489,1716,1485,1716
1520,1698,1524,1698,1524,1715,1520,1715
1554,1698,1558,1698,1558,1715,1554,1715
1590,1698,1594,1698,1594,1715,1590,1715
1626,1697,1630,1697,1630,1714,1626,1714
1493,1707,1493,1711,1476,1711,1476,1707
1662,1697,1666,1697,1666,1714,1662,1714
1696,1696,1700,1696,1700,1713,1696,1713
1732,1696,1736,1696,1736,1713,1732,1713
3717,1547,3980,1547,3980,1632,3717,1632
4035,1547,4238,1547,4238,1632,4035,1632
4302,1547,4380,1547,4380,1632,4302,1632
4388,1547,4466,1547,4466,1632,4388,1632
4481,1547,4565,1547,4565,1632,4481,1632
3769,1669,3874,1669,3874,1743,3769,1743
3866,1669,3887,1669,3887,1743,3866,1743
3896,1669,3917,1669,3917,1743,3896,1743
4085,1665,4107,1665,4107,1741,4085,1741
4139,1665,4161,1665,4161,1741,4139,1741
4081,1665,4098,1665,4098,1741,4081,1741
4352,1665,4489,1665,4489,1741,4352,1741
4062,1791,4283,1791,4283,1876,4062,1876
4301,1791,4571,1791,4571,1876,4301,1876
1493,1741,1493,1745,1476,1745,1476,1741
1493,1777,1493,1781,1476,1781,1476,1777
1493,1813,1493,1817,1476,1817,1476,1813
1493,1848,1493,1852,1476,1852,1476,1848
1493,1884,1493,1888,1476,1888,1476,1884
1923,1922,1923,1868,1952,1868,1952,1922
1493,1918,1493,1922,1476,1922,1476,1918
1321,2000,1325,2004,1309,2022,1305,2017
1346,2024,1350,2028,1334,2046,1330,2041
1419,1978,1453,1975,1463,2092,1429,2095
1478,1973,1512,1970,1522,2087,1488,2090
1505,1971,1612,1962,1621,2079,1515,2088
1372,2048,1376,2052,1360,2070,1356,2065
1258,2066,1261,2066,1261,2080,1258,2080
1294,2065,1297,2065,1297,2079,1294,2079
3847,1975,4043,1975,4043,2021,3847,2021
4078,1975,4091,1975,4091,2021,4078,2021
4119,1975,4327,1975,4327,2021,4119,2021
3840,2047,4095,2047,4095,2093,3840,2093
3845,2119,3947,2119,3947,2165,3845,2165
3978,2119,4028,2119,4028,2165,3978,2165
4042,2119,4171,2119,4171,2165,4042,2165
4194,2119,4207,2119,4207,2165,4194,2165
4210,2119,4294,2119,4294,2165,4210,2165
1976,2099,1980,2099,1980,2116,1976,2116
2012,2100,2016,2100,2016,2117,2012,2117
2048,2101,2052,2101,2052,2118,2048,2118
2084,2102,2088,2102,2088,2119,2084,2119
2167,2084,2216,2084,2216,2127,2167,2127
4526,1977,4566,1977,4566,2021,4526,2021
4578,1977,4590,1977,4590,2021,4578,2021
4603,1977,4643,1977,4643,2021,4603,2021
4656,1977,4737,1977,4737,2021,4656,2021
4527,2046,4570,2046,4570,2093,4527,2093
4578,2046,4591,2046,4591,2093,4578,2093
4590,2046,4650,2046,4650,2093,4590,2093
4659,2046,4736,2046,4736,2093,4659,2093
4522,2119,4535,2119,4535,2167,4522,2167
4551,2119,4564,2119,4564,2167,4551,2167
4561,2119,4613,2119,4613,2167,4561,2167
4628,2119,4707,2119,4707,2167,4628,2167
4518,2191,4580,2191,4580,2239,4518,2239
4578,2191,4591,2191,4591,2239,4578,2239
4593,2191,4645,2191,4645,2239,4593,2239
4656,2191,4735,2191,4735,2239,4656,2239
2128,2151,2128,2148,2143,2148,2143,2151
1745,2148,1788,2174,1769,2204,1727,2178
2128,2188,2128,2185,2143,2185,2143,2188
2128,2223,2128,2220,2143,2220,2143,2223
1076,2199,1092,2199,1093,2257,1077,2257
1137,2197,1233,2195,1234,2254,1138,2256
1255,2195,1309,2194,1310,2253,1256,2254
1320,2194,1439,2192,1440,2251,1321,2253
1460,2192,1476,2192,1477,2250,1461,2250
1481,2192,1556,2191,1557,2249,1482,2250
1329,2252,1334,2252,1334,2271,1329,2271
1401,2250,1406,2250,1406,2269,1401,2269
1435,2249,1440,2249,1440,2268,1435,2268
1201,2285,1201,2290,1182,2290,1182,2285
2125,2294,2125,2290,2143,2290,2143,2294
1201,2321,1201,2326,1182,2326,1182,2321
2125,2328,2125,2324,2143,2324,2143,2328
2432,2497,2433,2443,2462,2444,2461,2498
2434,2417,2434,2409,2463,2410,2463,2418
2435,2384,2435,2376,2464,2377,2464,2385
2436,2348,2436,2340,2465,2341,2465,2349
2437,2312,2437,2304,2466,2305,2466,2313
2437,2276,2437,2268,2466,2269,2466,2277
2438,2240,2438,2232,2467,2233,2467,2241
2439,2204,2439,2196,2468,2197,2468,2205
2440,2171,2440,2163,2469,2164,2469,2172
1201,2355,1201,2360,1182,2360,1182,2355
2125,2364,2125,2360,2143,2360,2143,2364
2125,2400,2125,2396,2143,2396,2143,2400
2125,2434,2125,2430,2143,2430,2143,2434
1817,2460,1823,2460,1823,2483,1817,2483
2125,2470,2125,2466,2143,2466,2143,2470
1853,2459,1859,2459,1859,2482,1853,2482
1889,2459,1895,2459,1895,2482,1889,2482
1923,2459,1929,2459,1929,2482,1923,2482
1959,2458,1965,2458,1965,2481,1959,2481
1995,2458,2001,2458,2001,2481,1995,2481
2031,2457,2037,2457,2037,2480,2031,2480
2067,2456,2104,2456,2104,2480,2067,2480
3719,2482,3807,2482,3807,2518,3719,2518
3823,2482,3833,2482,3833,2518,3823,2518
3839,2482,3878,2482,3878,2518,3839,2518
3893,2482,3999,2482,3999,2518,3893,2518
4009,2482,4060,2482,4060,2518,4009,2518
4073,2482,4199,2482,4199,2518,4073,2518
4214,2482,4260,2482,4260,2518,4214,2518
4265,2482,4367,2482,4367,2518,4265,2518
4384,2482,4455,2482,4455,2518,4384,2518
4465,2482,4529,2482,4529,2518,4465,2518
4547,2482,4598,2482,4598,2518,4547,2518
4610,2482,4706,2482,4706,2518,4610,2518
4718,2482,4871,2482,4871,2518,4718,2518
2078,2520,2078,2525,2057,2525,2057,2520
1823,2510,2037,2510,2037,2568,1823,2568
3852,2553,4116,2553,4116,2597,3852,2597
4530,2541,4571,2541,4571,2615,4530,2615
4592,2541,4660,2541,4660,2615,4592,2615
2498,2600,2502,2600,2502,2618,2498,2618
2536,2600,2540,2600,2540,2618,2536,2618
2570,2600,2574,2600,2574,2618,2570,2618
2606,2600,2610,2600,2610,2618,2606,2618
2642,2600,2646,2600,2646,2618,2642,2618
2676,2600,2680,2600,2680,2618,2676,2618
2710,2600,2714,2600,2714,2618,2710,2618
3900,2746,4056,2746,4056,2777,3900,2777
3766,2818,3806,2818,3806,2854,3766,2854
3767,2854,3827,2855,3827,2891,3767,2890
3767,2894,3831,2895,3831,2929,3767,2928
3767,2937,3803,2935,3804,2960,3768,2962
3769,2973,3803,2973,3803,3004,3769,3004
3885,2818,3895,2818,3895,2854,3885,2854
3903,2818,3980,2818,3980,2854,3903,2854
3997,2818,4106,2818,4106,2854,3997,2854
3883,2855,3892,2855,3892,2890,3883,2890
3897,2855,4011,2856,4011,2892,3897,2891
4023,2856,4114,2857,4114,2893,4023,2892
4134,2857,4215,2858,4215,2894,4134,2893
3883,2895,3892,2895,3892,2929,3883,2929
3906,2895,4011,2896,4011,2931,3906,2930
4032,2896,4134,2897,4134,2932,4032,2931
4144,2897,4259,2898,4259,2932,4144,2931
3881,2938,3889,2938,3889,2969,3881,2969
3899,2938,3978,2938,3978,2969,3899,2969
3985,2938,4103,2938,4103,2969,3985,2969
3877,2972,3886,2972,3886,3006,3877,3006
3899,2972,4011,2972,4011,3006,3899,3006
4029,2972,4174,2972,4174,3006,4029,3006
3879,3010,3888,3010,3888,3045,3879,3045
3901,3010,4010,3010,4010,3045,3901,3045
4019,3010,4028,3010,4028,3045,4019,3045
4031,3010,4081,3010,4081,3045,4031,3045
4095,3010,4358,3010,4358,3045,4095,3045
3881,3050,3889,3050,3889,3081,3881,3081
3899,3050,3973,3051,3973,3083,3899,3082
3990,3052,4024,3052,4024,3083,3990,3083
4036,3052,4176,3054,4176,3086,4036,3084
3878,3088,3887,3088,3887,3122,3878,3122
3899,3088,3993,3088,3993,3122,3899,3122
4006,3088,4125,3088,4125,3122,4006,3122
3878,3128,3886,3128,3886,3160,3878,3160
3898,3128,3968,3128,3968,3160,3898,3160
3978,3128,3986,3128,3986,3160,3978,3160
3985,3128,4065,3128,4065,3160,3985,3160
3875,3164,3885,3164,3885,3200,3875,3200
3889,3164,3981,3164,3981,3200,3889,3200
3986,3164,3996,3164,3996,3200,3986,3200
3996,3164,4077,3164,4077,3200,3996,3200
3766,3014,3807,3011,3809,3042,3768,3045
2448,3058,2513,3058,2513,3093,2448,3093
2525,3058,2551,3058,2551,3093,2525,3093
2572,3057,2736,3056,2736,3092,2572,3093
2742,3057,2783,3057,2783,3092,2742,3092
2799,3056,3031,3055,3031,3091,2799,3092
3046,3055,3218,3054,3218,3090,3046,3091
3233,3055,3265,3055,3265,3090,3233,3090
3276,3055,3332,3055,3332,3090,3276,3090
3343,3055,3352,3055,3352,3090,3343,3090
3361,3055,3381,3055,3381,3090,3361,3090
3400,3054,3502,3054,3502,3089,3400,3089
3514,3054,3546,3054,3546,3089,3514,3089
2440,3096,2553,3096,2553,3128,2440,3128
2564,3096,2587,3096,2587,3128,2564,3128
2601,3096,2745,3096,2745,3128,2601,3128
2767,3096,2775,3096,2775,3128,2767,3128
2780,3096,2788,3096,2788,3128,2780,3128
2790,3096,2798,3096,2798,3128,2790,3128
2812,3096,2938,3096,2938,3128,2812,3128
2947,3096,2998,3096,2998,3128,2947,3128
3006,3096,3208,3096,3208,3128,3006,3128
3223,3096,3288,3096,3288,3128,3223,3128
3297,3096,3348,3096,3348,3128,3297,3128
3364,3096,3468,3096,3468,3128,3364,3128
3479,3096,3515,3096,3515,3128,3479,3128
2442,3134,2621,3134,2621,3166,2442,3166
2638,3134,2667,3134,2667,3166,2638,3166
2686,3134,2694,3134,2694,3166,2686,3166
2699,3134,2707,3134,2707,3166,2699,3166
2710,3134,2889,3134,2889,3166,2710,3166
2894,3134,2902,3134,2902,3166,2894,3166
2440,3174,2494,3174,2494,3205,2440,3205
2508,3174,2664,3174,2664,3205,2508,3205
2679,3174,2738,3174,2738,3205,2679,3205
2750,3174,2875,3174,2875,3205,2750,3205
2880,3174,2888,3174,2888,3205,2880,3205
2901,3174,3002,3174,3002,3205,2901,3205
3019,3174,3047,3174,3047,3205,3019,3205
3056,3174,3064,3174,3064,3205,3056,3205
3063,3174,3071,3174,3071,3205,3063,3205
3073,3174,3275,3174,3275,3205,3073,3205
3283,3174,3332,3174,3332,3205,3283,3205
3347,3174,3536,3174,3536,3205,3347,3205
2444,3210,2511,3210,2511,3242,2444,3242
2519,3210,2615,3210,2615,3242,2519,3242
2631,3210,2639,3210,2639,3242,2631,3242
2658,3210,2707,3210,2707,3242,2658,3242
2724,3210,2836,3210,2836,3242,2724,3242
2839,3210,2847,3210,2847,3242,2839,3242
2864,3210,2936,3210,2936,3242,2864,3242
2947,3210,3127,3210,3127,3242,2947,3242
3142,3210,3178,3210,3178,3242,3142,3242
3188,3210,3280,3210,3280,3242,3188,3242
3299,3210,3350,3210,3350,3242,3299,3242
3365,3210,3472,3210,3472,3242,3365,3242
3487,3210,3533,3210,3533,3242,3487,3242
3551,3210,3574,3210,3574,3242,3551,3242
2446,3250,2492,3250,2492,3285,2446,3285
2507,3249,2633,3248,2633,3284,2507,3285
2644,3248,2684,3248,2684,3284,2644,3284
2695,3248,2808,3247,2808,3283,2695,3284
2825,3247,2834,3247,2834,3282,2825,3282
2839,3247,2848,3247,2848,3282,2839,3282
2848,3247,3024,3246,3024,3282,2848,3283
3032,3246,3041,3246,3041,3281,3032,3281
3764,3046,3809,3046,3809,3086,3764,3086
3766,3084,3811,3084,3811,3124,3766,3124
3764,3122,3809,3122,3809,3162,3764,3162
3761,3164,3814,3164,3814,3200,3761,3200
4486,3160,4496,3160,4496,3196,4486,3196
4501,3160,4679,3160,4679,3196,4501,3196
4692,3160,4719,3160,4719,3196,4692,3196
4728,3160,4853,3160,4853,3196,4728,3196
4489,3228,4497,3228,4497,3260,4489,3260
4508,3228,4615,3228,4615,3260,4508,3260
4628,3228,4658,3228,4658,3260,4628,3260
4666,3228,4729,3228,4729,3260,4666,3260
4733,3228,4741,3228,4741,3260,4733,3260
4741,3228,4867,3228,4867,3260,4741,3260
4508,3260,4591,3260,4591,3294,4508,3294
4609,3260,4618,3260,4618,3294,4609,3294
4641,3260,4650,3260,4650,3294,4641,3294
4655,3260,4664,3260,4664,3294,4655,3294
4668,3260,4693,3260,4693,3294,4668,3294
4711,3260,4720,3260,4720,3294,4711,3294
3582,3373,3626,3373,3626,3407,3582,3407
3999,3363,4098,3366,4097,3408,3998,3405
4112,3367,4123,3367,4122,3408,4111,3408
4290,3363,4338,3363,4338,3407,4290,3407
4348,3363,4360,3363,4360,3407,4348,3407
4366,3363,4415,3363,4415,3407,4366,3407
4420,3363,4432,3363,4432,3407,4420,3407
4434,3363,4534,3363,4534,3407,4434,3407
