191,166,206,166,206,220,191,220
307,166,337,166,337,220,307,220
450,166,480,166,480,220,450,220
593,166,623,166,623,220,593,220
736,166,766,166,766,220,736,220
881,166,901,166,901,220,881,220
2717,165,3036,165,3036,239,2717,239
2710,236,3062,236,3062,308,2710,308
2797,387,3145,387,3145,483,2797,483
3170,387,3198,387,3198,483,3170,483
1941,515,1943,515,1943,524,1941,524
1967,516,1969,516,1969,525,1967,525
1981,518,1984,518,1982,532,1979,532
2005,517,2007,517,2007,526,2005,526
2096,517,2098,517,2098,527,2096,527
2140,517,2142,517,2142,527,2140,527
2137,525,2141,525,2140,542,2136,542
2313,509,2325,509,2324,544,2312,544
2327,510,2356,511,2355,545,2326,544
2365,511,2477,514,2476,548,2364,545
1947,556,2017,556,2017,579,1947,579
2414,572,2413,567,2432,565,2433,570
3138,560,3161,567,3157,579,3134,571
1358,564,1441,564,1441,587,1358,587
1577,713,1577,668,1599,668,1599,713
1577,665,1577,660,1599,660,1599,665
1577,657,1577,629,1599,629,1599,657
2925,678,2928,678,2928,692,2925,692
3047,678,3050,678,3050,692,3047,692
2738,698,2887,698,2887,723,2738,723
2977,698,3064,698,3064,723,2977,723
2703,614,2703,834,2688,834,2688,614
2803,757,2902,760,2902,774,2803,771
2885,754,2906,754,2906,765,2885,765
2911,754,2975,754,2975,765,2911,765
2787,767,2787,765,2798,766,2798,768
2956,838,2956,892,2945,892,2945,838
3038,833,3035,857,3013,854,3016,831
3033,865,3029,902,3008,899,3012,863
3105,919,3105,932,3097,932,3097,919
2429,1016,2429,1013,2443,1014,2443,1017
1196,1139,1196,1129,1204,1129,1204,1139
2415,1223,2419,1104,2431,1105,2427,1223
792,1169,879,1169,879,1208,792,1208
883,1169,894,1169,894,1208,883,1208
900,1169,996,1169,996,1208,900,1208
1346,1172,1457,1172,1457,1207,1346,1207
1892,1172,1958,1172,1958,1202,1892,1202
2911,1196,2958,1196,2958,1239,2911,1239
2970,1196,3009,1196,3009,1239,2970,1239
3022,1196,3064,1196,3064,1239,3022,1239
2386,1220,2385,1234,2377,1233,2378,1219
2666,1196,2780,1196,2780,1239,2666,1239
2688,1252,2751,1252,2751,1289,2688,1289
3141,1148,3196,1148,3196,1185,3141,1185
3208,1148,3242,1148,3242,1185,3208,1185
3253,1148,3375,1148,3375,1185,3253,1185
3218,1196,3295,1196,3295,1239,3218,1239
3242,1254,3274,1254,3274,1289,3242,1289
1021,1308,1021,1301,1048,1301,1048,1308
1021,1294,1021,1287,1048,1287,1048,1294
1021,1286,1021,1256,1048,1256,1048,1286
2432,1244,2434,1285,2425,1285,2423,1244
2964,1256,3010,1252,3013,1284,2967,1289
377,1327,380,1327,380,1342,377,1342
432,1326,435,1326,435,1341,432,1341
459,1325,462,1325,462,1340,459,1340
488,1325,491,1325,491,1340,488,1340
515,1324,518,1324,518,1339,515,1339
542,1324,545,1324,545,1339,542,1339
571,1323,574,1323,574,1338,571,1338
2355,1359,2355,1295,2376,1295,2376,1359
595,1323,598,1323,598,1338,595,1338
723,1350,729,1350,729,1373,723,1373
740,1350,746,1350,746,1373,740,1373
744,1350,794,1350,794,1373,744,1373
2468,1376,2467,1380,2451,1377,2451,1373
1577,1465,1577,1422,1598,1422,1598,1465
1577,1418,1577,1413,1598,1413,1598,1418
1577,1411,1577,1381,1598,1381,1598,1411
2425,1443,2419,1345,2427,1345,2433,1442
2419,1329,2419,1328,2427,1327,2427,1328
2415,1436,2415,1399,2430,1399,2430,1436
2646,1338,2739,1338,2739,1378,2646,1378
2748,1338,2759,1338,2759,1378,2748,1378
2765,1338,2873,1338,2873,1378,2765,1378
2891,1338,2902,1338,2902,1378,2891,1378
2903,1338,2932,1338,2932,1378,2903,1378
2944,1338,3041,1338,3041,1378,2944,1378
3061,1338,3097,1338,3097,1378,3061,1378
3105,1338,3116,1338,3116,1378,3105,1378
2648,1385,2770,1381,2771,1417,2649,1421
2646,1436,2711,1436,2711,1470,2646,1470
2727,1436,2758,1436,2758,1470,2727,1470
2768,1436,2821,1436,2821,1470,2768,1470
2842,1436,2851,1436,2851,1470,2842,1470
2854,1436,2898,1436,2898,1470,2854,1470
3194,1338,3222,1338,3222,1376,3194,1376
3226,1338,3236,1338,3236,1376,3226,1376
3240,1338,3269,1338,3269,1376,3240,1376
3280,1338,3323,1338,3323,1376,3280,1376
3197,1384,3226,1383,3227,1421,3198,1422
3227,1384,3237,1384,3238,1422,3228,1422
3236,1383,3265,1382,3266,1420,3237,1421
3275,1382,3325,1381,3326,1419,3276,1420
3207,1434,3217,1434,3218,1472,3208,1472
3222,1434,3232,1434,3233,1472,3223,1472
3237,1433,3264,1432,3265,1471,3238,1472
3275,1432,3323,1430,3324,1468,3276,1470
660,1448,693,1448,693,1466,660,1466
318,1487,355,1483,358,1517,321,1521
1266,1483,1302,1483,1302,1514,1266,1514
1280,1536,1321,1536,1321,1561,1280,1561
1325,1536,1331,1536,1331,1561,1325,1561
1332,1536,1364,1536,1364,1561,1332,1561
597,1689,596,1656,615,1656,616,1689
595,1646,593,1570,613,1570,615,1646
704,1648,713,1648,712,1682,703,1682
725,1649,734,1649,733,1683,724,1683
753,1649,762,1649,761,1683,752,1683
781,1650,790,1650,789,1684,780,1684
820,1651,829,1651,828,1685,819,1685
848,1651,857,1651,856,1685,847,1685
876,1652,885,1652,884,1686,875,1686
904,1652,913,1652,912,1686,903,1686
932,1653,941,1653,940,1687,931,1687
960,1654,969,1654,968,1688,959,1688
1009,1655,1018,1655,1017,1689,1008,1689
1065,1656,1074,1656,1073,1690,1064,1690
1093,1656,1102,1656,1101,1690,1092,1690
1121,1657,1130,1657,1129,1691,1120,1691
389,1703,488,1711,486,1726,388,1718
833,1692,952,1688,953,1727,834,1731
1187,1764,1187,1759,1208,1760,1208,1765
1188,1747,1188,1742,1209,1743,1209,1748
1189,1731,1189,1726,1210,1727,1210,1732
1190,1710,1193,1656,1215,1657,1212,1711
1233,1717,1233,1677,1254,1677,1254,1717
598,1725,598,1720,617,1720,617,1725
2614,1794,2755,1794,2755,1826,2614,1826
2767,1794,2931,1794,2931,1826,2767,1826
2948,1794,3056,1794,3056,1826,2948,1826
3072,1794,3080,1794,3080,1826,3072,1826
896,1832,900,1832,901,1850,897,1850
911,1831,915,1831,916,1849,912,1849
924,1830,947,1829,948,1847,925,1848
314,1867,359,1867,359,1906,314,1906
371,1867,382,1867,382,1906,371,1906
384,1867,420,1867,420,1906,384,1906
2613,1863,2725,1863,2725,1892,2613,1892
2739,1863,2747,1863,2747,1892,2739,1892
3197,1793,3227,1793,3227,1835,3197,1835
3228,1793,3239,1793,3239,1835,3228,1835
3240,1793,3270,1793,3270,1835,3240,1835
3277,1793,3331,1793,3331,1835,3277,1835
3199,1857,3225,1857,3225,1893,3199,1893
3229,1857,3239,1857,3239,1893,3229,1893
3243,1857,3269,1857,3269,1893,3243,1893
3278,1857,3331,1857,3331,1893,3278,1893
3187,1913,3232,1913,3232,1953,3187,1953
3229,1913,3240,1913,3240,1953,3229,1953
3240,1913,3270,1913,3270,1953,3240,1953
3283,1913,3326,1913,3326,1953,3283,1953
2615,1917,2680,1917,2680,1948,2615,1948
2696,1917,2704,1917,2704,1948,2696,1948
1949,1964,2018,1964,2018,1989,1949,1989
2680,2036,2685,2036,2685,2057,2680,2057
2686,2036,2691,2036,2691,2057,2686,2057
2658,2073,2701,2073,2701,2096,2658,2096
2749,2036,2809,2036,2809,2059,2749,2059
2752,2074,2810,2074,2810,2099,2752,2099
2820,2074,2866,2074,2866,2099,2820,2099
2876,2074,2915,2074,2915,2099,2876,2099
3181,2048,3220,2048,3220,2073,3181,2073
3221,2048,3227,2048,3227,2073,3221,2073
3228,2048,3286,2048,3286,2073,3228,2073
3179,2077,3247,2077,3247,2100,3179,2100
3251,2077,3281,2077,3281,2100,3251,2100
3296,2077,3302,2077,3302,2100,3296,2100
3312,2077,3318,2077,3318,2100,3312,2100
3322,2077,3328,2077,3328,2100,3322,2100
3332,2077,3344,2077,3344,2100,3332,2100
3356,2077,3362,2077,3362,2100,3356,2100
2671,2113,2699,2116,2697,2136,2669,2133
2749,2116,2788,2116,2788,2137,2749,2137
2798,2116,2857,2116,2857,2137,2798,2137
2749,2153,2792,2153,2792,2174,2749,2174
2797,2153,2854,2153,2854,2174,2797,2174
3081,2122,3118,2122,3118,2145,3081,2145
3178,2123,3254,2123,3254,2144,3178,2144
3264,2123,3300,2123,3300,2144,3264,2144
3305,2123,3376,2123,3376,2144,3305,2144
2676,2151,2697,2154,2695,2172,2674,2170
3074,2165,3082,2165,3082,2194,3074,2194
3182,2167,3233,2168,3233,2198,3182,2197
3240,2168,3307,2169,3306,2199,3240,2198
3181,2213,3242,2214,3242,2237,3181,2236
3254,2214,3327,2215,3327,2238,3254,2237
2751,2208,2797,2208,2797,2229,2751,2229
2808,2208,2813,2208,2813,2229,2808,2229
2817,2208,2822,2208,2822,2229,2817,2229
2820,2208,2846,2208,2846,2229,2820,2229
2856,2208,2913,2208,2913,2229,2856,2229
170,2289,218,2289,218,2312,170,2312
223,2289,244,2289,244,2312,223,2312
257,2289,380,2289,380,2312,257,2312
386,2289,416,2289,416,2312,386,2312
425,2289,596,2289,596,2312,425,2312
607,2289,733,2289,733,2312,607,2312
741,2289,766,2289,766,2312,741,2312
775,2289,819,2289,819,2312,775,2312
822,2289,828,2289,828,2312,822,2312
837,2289,849,2289,849,2312,837,2312
864,2289,937,2289,937,2312,864,2312
950,2289,971,2289,971,2312,950,2312
982,2289,1060,2289,1060,2312,982,2312
1072,2289,1085,2289,1085,2312,1072,2312
1099,2289,1204,2289,1204,2312,1099,2312
1218,2289,1224,2289,1224,2312,1218,2312
1228,2289,1234,2289,1234,2312,1228,2312
1235,2289,1241,2289,1241,2312,1235,2312
1253,2289,1343,2289,1343,2312,1253,2312
1353,2289,1389,2289,1389,2312,1353,2312
1395,2289,1542,2289,1542,2312,1395,2312
1549,2289,1600,2289,1600,2312,1549,2312
1607,2289,1647,2289,1647,2312,1607,2312
1655,2289,1734,2289,1734,2312,1655,2312
1741,2289,1767,2289,1767,2312,1741,2312
1779,2289,1906,2289,1906,2312,1779,2312
1918,2289,1939,2289,1939,2312,1918,2312
1955,2289,1961,2289,1961,2312,1955,2312
1965,2289,1971,2289,1971,2312,1965,2312
1969,2289,2099,2289,2099,2312,1969,2312
2106,2289,2112,2289,2112,2312,2106,2312
166,2317,208,2317,208,2346,166,2346
216,2317,329,2317,329,2346,216,2346
339,2317,385,2317,385,2346,339,2346
387,2317,395,2317,395,2346,387,2346
395,2317,487,2317,487,2346,395,2346
489,2317,497,2317,497,2346,489,2346
503,2317,578,2317,578,2346,503,2346
591,2317,607,2317,607,2346,591,2346
615,2317,623,2317,623,2346,615,2346
621,2317,629,2317,629,2346,621,2346
626,2317,778,2317,778,2346,626,2346
781,2317,818,2317,818,2346,781,2346
829,2317,967,2317,967,2346,829,2346
981,2317,1025,2317,1025,2346,981,2346
1034,2317,1103,2317,1103,2346,1034,2346
1116,2317,1124,2317,1124,2346,1116,2346
1136,2317,1171,2317,1171,2346,1136,2346
1182,2317,1266,2317,1266,2346,1182,2346
1266,2317,1274,2317,1274,2346,1266,2346
1286,2317,1339,2317,1339,2346,1286,2346
1346,2317,1475,2317,1475,2346,1346,2346
1489,2317,1516,2317,1516,2346,1489,2346
1522,2317,1591,2317,1591,2346,1522,2346
1604,2317,1643,2317,1643,2346,1604,2346
1652,2317,1727,2317,1727,2346,1652,2346
1739,2317,1777,2317,1777,2346,1739,2346
1788,2317,1804,2317,1804,2346,1788,2346
1815,2317,1846,2317,1846,2346,1815,2346
1857,2317,1948,2317,1948,2346,1857,2346
1959,2317,1988,2317,1988,2346,1959,2346
1996,2317,2078,2317,2078,2346,1996,2346
2091,2317,2099,2317,2099,2346,2091,2346
2100,2317,2108,2317,2108,2346,2100,2346
2108,2317,2236,2317,2236,2346,2108,2346
2241,2317,2249,2317,2249,2346,2241,2346
2614,2300,2676,2300,2676,2339,2614,2339
2690,2300,2701,2300,2701,2339,2690,2339
2733,2300,2762,2300,2762,2339,2733,2339
2774,2300,2886,2300,2886,2339,2774,2339
2901,2300,2966,2300,2966,2339,2901,2339
