1180,148,1184,152,1169,169,1164,165
1443,148,1503,151,1500,193,1441,190
1209,174,1213,178,1198,195,1193,191
1007,182,1039,182,1039,217,1007,217
1371,182,1445,182,1445,217,1371,217
1439,189,1442,189,1442,203,1439,203
1463,189,1466,189,1466,203,1463,203
1487,189,1490,189,1490,203,1487,203
1511,189,1514,189,1514,203,1511,203
826,246,876,246,876,269,826,269
1538,226,1554,226,1554,284,1538,284
1604,226,1653,226,1653,284,1604,284
3801,177,4449,177,4449,324,3801,324
3803,314,4442,314,4442,453,3803,453
916,323,914,317,938,311,939,317
941,417,939,411,963,405,964,411
1188,468,1194,461,1219,483,1213,490
1210,442,1216,435,1241,457,1235,464
1235,414,1241,407,1266,429,1260,436
1257,389,1263,382,1288,404,1282,411
1157,477,1157,473,1175,473,1175,477
1156,511,1156,507,1174,507,1174,511
1155,547,1155,543,1173,543,1173,547
798,518,1031,518,1031,580,798,580
1060,518,1077,518,1077,580,1060,580
1506,529,1750,529,1750,577,1506,577
1772,529,1785,529,1785,577,1772,577
1155,583,1155,579,1173,579,1173,583
1154,617,1154,613,1172,613,1172,617
856,649,851,605,882,602,887,646
1651,653,1651,606,1682,606,1682,653
1153,653,1153,649,1171,649,1171,653
4075,599,4524,599,4524,727,4075,727
1153,690,1153,686,1171,686,1171,690
1152,724,1152,720,1170,720,1170,724
987,746,993,746,993,771,987,771
1024,746,1030,746,1030,771,1024,771
1058,746,1064,746,1064,771,1058,771
1094,746,1100,746,1100,771,1094,771
1130,746,1136,746,1136,771,1130,771
1151,762,1151,758,1169,758,1169,762
962,764,962,768,946,768,946,764
962,798,962,802,946,802,946,798
4129,808,4214,808,4214,840,4129,840
4232,808,4273,808,4273,840,4232,840
4288,808,4472,808,4472,840,4288,840
961,833,961,837,945,837,945,833
961,867,961,871,945,871,945,867
960,903,960,907,944,907,944,903
960,939,960,943,944,943,944,939
948,1038,952,1042,935,1058,931,1054
899,1080,898,1078,909,1073,910,1074
893,1068,880,1043,891,1037,905,1062
3812,1040,4098,1040,4098,1080,3812,1080
4532,1040,4654,1040,4654,1074,4532,1074
779,1094,816,1094,816,1127,779,1127
1328,1082,1378,1082,1378,1113,1328,1113
1008,1104,1012,1108,995,1124,991,1120
1056,1156,1060,1160,1043,1176,1039,1172
742,1182,844,1180,845,1239,743,1241
866,1180,920,1179,921,1237,867,1238
931,1178,1048,1176,1049,1235,932,1237
1070,1175,1187,1173,1188,1232,1071,1234
1227,1173,1526,1167,1527,1225,1228,1231
1543,1167,1559,1167,1560,1225,1544,1225
897,1267,897,1264,911,1264,911,1267
898,1303,898,1300,912,1300,912,1303
899,1339,899,1336,913,1336,913,1339
1030,1355,1034,1351,1052,1367,1048,1371
714,1350,723,1350,723,1385,714,1385
769,1350,819,1350,819,1385,769,1385
900,1374,900,1371,914,1371,914,1374
1068,1366,1093,1354,1102,1373,1077,1385
983,1405,987,1401,1005,1417,1001,1421
1307,1468,1307,1501,1282,1501,1282,1468
751,1548,753,1548,753,1558,751,1558
1307,1547,1307,1553,1282,1553,1282,1547
730,1580,730,1631,716,1631,716,1580
688,1580,688,1631,674,1631,674,1580
646,1580,646,1631,632,1631,632,1580
605,1580,605,1631,591,1631,591,1580
563,1580,563,1631,549,1631,549,1580
1651,1634,1651,1637,1637,1637,1637,1634
1221,1635,1221,1640,1201,1641,1201,1636
516,1628,637,1628,637,1679,516,1679
633,1628,801,1628,801,1679,633,1679
853,1628,1035,1628,1035,1679,853,1679
1150,1628,1164,1628,1164,1679,1150,1679
1651,1665,1651,1668,1637,1668,1637,1665
1222,1669,1222,1674,1202,1675,1202,1670
525,1673,533,1673,532,1702,524,1702
561,1674,569,1674,568,1703,560,1703
594,1675,602,1675,601,1704,593,1704
624,1675,632,1675,631,1704,623,1704
559,1700,563,1700,563,1718,559,1718
593,1700,597,1700,597,1718,593,1718
629,1700,633,1700,633,1718,629,1718
556,1708,562,1708,562,1733,556,1733
593,1708,599,1708,599,1733,593,1733
1651,1700,1651,1703,1637,1703,1637,1700
681,1700,685,1700,685,1718,681,1718
715,1700,719,1700,719,1718,715,1718
774,1679,795,1679,794,1708,773,1708
769,1708,775,1708,775,1733,769,1733
1223,1707,1223,1712,1203,1713,1203,1708
663,1708,669,1708,669,1733,663,1733
699,1708,705,1708,705,1733,699,1733
733,1708,739,1708,739,1733,733,1733
821,1708,827,1708,827,1733,821,1733
858,1708,864,1708,864,1733,858,1733
931,1708,937,1708,937,1733,931,1733
964,1708,970,1708,970,1733,964,1733
1001,1708,1007,1708,1007,1733,1001,1733
1035,1708,1041,1708,1041,1733,1035,1733
1071,1708,1077,1708,1077,1733,1071,1733
1105,1708,1111,1708,1111,1733,1105,1733
1141,1708,1147,1708,1147,1733,1141,1733
1290,1724,1290,1730,1267,1730,1267,1724
1651,1736,1651,1739,1637,1739,1637,1736
1651,1772,1651,1775,1637,1775,1637,1772
1291,1777,1291,1783,1268,1783,1268,1777
1651,1807,1651,1810,1637,1810,1637,1807
1291,1811,1291,1817,1268,1817,1268,1811
1651,1842,1651,1845,1637,1845,1637,1842
1292,1847,1292,1853,1269,1853,1269,1847
1651,1878,1651,1881,1637,1881,1637,1878
1292,1883,1292,1889,1269,1889,1269,1883
1651,1913,1651,1916,1637,1916,1637,1913
1293,1916,1293,1922,1270,1922,1270,1916
1293,1952,1293,1958,1270,1958,1270,1952
3720,1547,3980,1547,3980,1632,3720,1632
4035,1547,4238,1547,4238,1632,4035,1632
4302,1547,4380,1547,4380,1632,4302,1632
4388,1547,4466,1547,4466,1632,4388,1632
4481,1547,4565,1547,4565,1632,4481,1632
4666,1547,4799,1547,4799,1632,4666,1632
3775,1669,3870,1669,3870,1743,3775,1743
3870,1669,3891,1669,3891,1743,3870,1743
3892,1669,3913,1669,3913,1743,3892,1743
4084,1667,4107,1667,4107,1747,4084,1747
4133,1667,4156,1667,4156,1747,4133,1747
4174,1667,4197,1667,4197,1747,4174,1747
4393,1667,4486,1667,4486,1747,4393,1747
4705,1667,4765,1667,4765,1747,4705,1747
4064,1795,4283,1792,4284,1865,4065,1868
4302,1792,4572,1788,4573,1860,4303,1864
3899,1899,4095,1899,4095,1945,3899,1945
4130,1899,4143,1899,4143,1945,4130,1945
4171,1899,4379,1899,4379,1945,4171,1945
4576,1897,4626,1897,4626,1943,4576,1943
4632,1897,4645,1897,4645,1943,4632,1943
4645,1897,4704,1897,4704,1943,4645,1943
4705,1897,4789,1897,4789,1943,4705,1943
3898,1962,4153,1962,4153,2020,3898,2020
4181,1962,4197,1962,4197,2020,4181,2020
4580,1969,4625,1969,4625,2017,4580,2017
4632,1969,4645,1969,4645,2017,4632,2017
4642,1969,4694,1969,4694,2017,4642,2017
4710,1969,4789,1969,4789,2017,4710,2017
3896,2041,4150,2041,4150,2089,3896,2089
4177,2041,4190,2041,4190,2089,4177,2089
4577,2039,4590,2039,4590,2087,4577,2087
4601,2039,4614,2039,4614,2087,4601,2087
4609,2039,4670,2039,4670,2087,4609,2087
4678,2039,4757,2039,4757,2087,4678,2087
3899,2113,4000,2113,4000,2161,3899,2161
4026,2113,4078,2113,4078,2161,4026,2161
4092,2113,4222,2113,4222,2161,4092,2161
4577,2113,4590,2113,4590,2159,4577,2159
4600,2113,4613,2113,4613,2159,4600,2159
4620,2113,4663,2113,4663,2159,4620,2159
4679,2113,4755,2113,4755,2159,4679,2159
3895,2182,4201,2182,4201,2240,3895,2240
4579,2183,4592,2183,4592,2231,4579,2231
4603,2183,4616,2183,4616,2231,4603,2231
4620,2183,4664,2183,4664,2231,4620,2231
4680,2183,4759,2183,4759,2231,4680,2231
3887,2246,3979,2246,3979,2309,3887,2309
4581,2255,4594,2255,4594,2303,4581,2303
4600,2255,4613,2255,4613,2303,4600,2303
4615,2255,4667,2255,4667,2303,4615,2303
4677,2255,4756,2255,4756,2303,4677,2303
4562,2329,4629,2329,4629,2375,4562,2375
4626,2329,4639,2329,4639,2375,4626,2375
4639,2329,4698,2329,4698,2375,4639,2375
4710,2329,4786,2329,4786,2375,4710,2375
1294,1988,1294,1994,1271,1994,1271,1988
1648,2044,1648,1993,1684,1993,1684,2044
1294,2024,1294,2030,1271,2030,1271,2024
1714,2057,1718,2057,1718,2073,1714,2073
1750,2059,1754,2059,1754,2075,1750,2075
1785,2060,1789,2060,1789,2076,1785,2076
1821,2061,1825,2061,1825,2077,1821,2077
506,2063,514,2063,514,2092,506,2092
527,2063,535,2063,535,2092,527,2092
563,2063,571,2063,571,2092,563,2092
599,2064,607,2064,607,2093,599,2093
635,2064,643,2064,643,2093,635,2093
671,2064,679,2064,679,2093,671,2093
707,2064,715,2064,715,2093,707,2093
740,2064,748,2064,748,2093,740,2093
776,2064,784,2064,784,2093,776,2093
812,2065,820,2065,820,2094,812,2094
848,2065,856,2065,856,2094,848,2094
1855,2062,1859,2062,1859,2078,1855,2078
1891,2063,1895,2063,1895,2079,1891,2079
917,2065,925,2065,925,2094,917,2094
953,2065,961,2065,961,2094,953,2094
989,2066,997,2066,997,2095,989,2095
1025,2066,1033,2066,1033,2095,1025,2095
1061,2066,1069,2066,1069,2095,1061,2095
1097,2066,1105,2066,1105,2095,1097,2095
1130,2066,1138,2066,1138,2095,1130,2095
1166,2067,1174,2067,1174,2096,1166,2096
1190,2067,1244,2067,1244,2096,1190,2096
857,2173,857,2123,882,2123,882,2173
1037,2123,1223,2123,1223,2169,1037,2169
1253,2123,1266,2123,1266,2169,1253,2169
1295,2123,1486,2123,1486,2169,1295,2169
3719,2482,3807,2482,3807,2518,3719,2518
3823,2482,3833,2482,3833,2518,3823,2518
3839,2482,3878,2482,3878,2518,3839,2518
3893,2482,3999,2482,3999,2518,3893,2518
4009,2482,4060,2482,4060,2518,4009,2518
4073,2482,4199,2482,4199,2518,4073,2518
4214,2482,4260,2482,4260,2518,4214,2518
4265,2482,4367,2482,4367,2518,4265,2518
4384,2482,4455,2482,4455,2518,4384,2518
4465,2482,4529,2482,4529,2518,4465,2518
4547,2482,4598,2482,4598,2518,4547,2518
4610,2482,4706,2482,4706,2518,4610,2518
4718,2482,4871,2482,4871,2518,4718,2518
1053,2547,1091,2549,1089,2584,1051,2582
1132,2551,1141,2552,1139,2586,1130,2586
1158,2553,1167,2554,1165,2588,1156,2588
1183,2555,1192,2556,1190,2590,1181,2590
1204,2556,1213,2557,1211,2591,1202,2591
1222,2557,1231,2558,1229,2592,1220,2592
1250,2576,1252,2576,1252,2587,1250,2587
1273,2576,1275,2576,1275,2587,1273,2587
1320,2577,1322,2577,1322,2588,1320,2588
1344,2577,1346,2577,1346,2588,1344,2588
1368,2577,1370,2577,1370,2588,1368,2588
1391,2577,1393,2577,1393,2588,1391,2588
1417,2578,1419,2578,1419,2589,1417,2589
1438,2578,1440,2578,1440,2589,1438,2589
1462,2578,1464,2578,1464,2589,1462,2589
1485,2578,1487,2578,1487,2589,1485,2589
1507,2578,1509,2578,1509,2589,1507,2589
1531,2578,1533,2578,1533,2589,1531,2589
1555,2579,1557,2579,1557,2590,1555,2590
1581,2579,1583,2579,1583,2590,1581,2590
1605,2579,1607,2579,1607,2590,1605,2590
3900,2550,4173,2550,4173,2612,3900,2612
4582,2553,4618,2553,4618,2618,4582,2618
4640,2553,4711,2553,4711,2618,4640,2618
4785,2553,4803,2553,4803,2618,4785,2618
1311,2600,1348,2600,1348,2625,1311,2625
3903,2746,4061,2750,4060,2782,3902,2778
1120,2879,1368,2879,1368,2925,1120,2925
3766,2818,3806,2818,3806,2854,3766,2854
3766,2858,3829,2858,3829,2892,3766,2892
3767,2894,3831,2895,3831,2929,3767,2928
3768,2936,3802,2936,3802,2963,3768,2963
3769,2973,3803,2973,3803,3004,3769,3004
670,3014,670,2965,701,2965,701,3014
514,2939,514,2875,552,2875,552,2939
514,2869,514,2859,552,2859,552,2869
514,2853,514,2809,552,2809,552,2853
474,3258,474,3252,499,3252,499,3258
474,3243,474,2838,499,2838,499,3243
3885,2818,3895,2818,3895,2854,3885,2854
3903,2818,3980,2818,3980,2854,3903,2854
3997,2818,4106,2818,4106,2854,3997,2854
3882,2858,3891,2858,3891,2892,3882,2892
3899,2858,4011,2858,4011,2892,3899,2892
4026,2858,4113,2858,4113,2892,4026,2892
4131,2858,4211,2858,4211,2892,4131,2892
3883,2895,3892,2895,3892,2929,3883,2929
3906,2895,4012,2896,4012,2931,3906,2930
4032,2896,4134,2897,4134,2932,4032,2931
4144,2897,4259,2898,4259,2932,4144,2931
3881,2938,3889,2938,3889,2969,3881,2969
3899,2938,3978,2938,3978,2969,3899,2969
3985,2938,4103,2938,4103,2969,3985,2969
3877,2972,3886,2972,3886,3006,3877,3006
3899,2972,4011,2972,4011,3006,3899,3006
4029,2972,4174,2972,4174,3006,4029,3006
3879,3010,3888,3010,3888,3045,3879,3045
3901,3010,4010,3010,4010,3045,3901,3045
4019,3010,4028,3010,4028,3045,4019,3045
4031,3010,4081,3010,4081,3045,4031,3045
4095,3010,4358,3010,4358,3045,4095,3045
3881,3050,3889,3050,3889,3081,3881,3081
3899,3050,3973,3051,3973,3083,3899,3082
3990,3052,4024,3052,4024,3083,3990,3083
4036,3052,4176,3054,4176,3086,4036,3084
3878,3088,3887,3088,3887,3122,3878,3122
3899,3088,3993,3088,3993,3122,3899,3122
4006,3088,4125,3088,4125,3122,4006,3122
3878,3126,3887,3126,3887,3160,3878,3160
3900,3126,3969,3126,3969,3160,3900,3160
3976,3126,3985,3126,3985,3160,3976,3160
3989,3126,4065,3126,4065,3160,3989,3160
3875,3164,3885,3164,3885,3200,3875,3200
3889,3164,3981,3164,3981,3200,3889,3200
3986,3164,3996,3164,3996,3200,3986,3200
3996,3164,4077,3164,4077,3200,3996,3200
3766,3014,3807,3011,3809,3042,3768,3045
3764,3046,3809,3046,3809,3086,3764,3086
3763,3090,3807,3081,3815,3120,3771,3129
2448,3056,2516,3056,2516,3090,2448,3090
2522,3056,2553,3056,2553,3090,2522,3090
2567,3056,2735,3056,2735,3090,2567,3090
2740,3056,2784,3056,2784,3090,2740,3090
2800,3056,3029,3056,3029,3090,2800,3090
3043,3056,3218,3056,3218,3090,3043,3090
3232,3056,3263,3056,3263,3090,3232,3090
3279,3056,3332,3056,3332,3090,3279,3090
3343,3056,3352,3056,3352,3090,3343,3090
3361,3056,3380,3056,3380,3090,3361,3090
3397,3056,3500,3056,3500,3090,3397,3090
3517,3056,3542,3056,3542,3090,3517,3090
2443,3094,2553,3094,2553,3130,2443,3130
2567,3094,2587,3094,2587,3130,2567,3130
2601,3094,2746,3094,2746,3130,2601,3130
2766,3094,2776,3094,2776,3130,2766,3130
2781,3094,2791,3094,2791,3130,2781,3130
2792,3094,2802,3094,2802,3130,2792,3130
2817,3094,2940,3094,2940,3130,2817,3130
2949,3094,3000,3094,3000,3130,2949,3130
3007,3094,3208,3094,3208,3130,3007,3130
3223,3094,3289,3094,3289,3130,3223,3130
3294,3094,3346,3094,3346,3130,3294,3130
3362,3094,3471,3094,3471,3130,3362,3130
3481,3094,3515,3094,3515,3130,3481,3130
2442,3134,2621,3134,2621,3166,2442,3166
2638,3134,2667,3134,2667,3166,2638,3166
2686,3134,2694,3134,2694,3166,2686,3166
2699,3134,2707,3134,2707,3166,2699,3166
2710,3134,2889,3134,2889,3166,2710,3166
2894,3134,2902,3134,2902,3166,2894,3166
2440,3174,2494,3174,2494,3205,2440,3205
2508,3174,2664,3174,2664,3205,2508,3205
2679,3174,2738,3174,2738,3205,2679,3205
2750,3174,2875,3174,2875,3205,2750,3205
2880,3174,2888,3174,2888,3205,2880,3205
2901,3174,3002,3174,3002,3205,2901,3205
3019,3174,3047,3174,3047,3205,3019,3205
3056,3174,3064,3174,3064,3205,3056,3205
3063,3174,3071,3174,3071,3205,3063,3205
3073,3174,3275,3174,3275,3205,3073,3205
3283,3174,3332,3174,3332,3205,3283,3205
3352,3174,3536,3174,3536,3205,3352,3205
2444,3210,2511,3210,2511,3242,2444,3242
2519,3210,2615,3210,2615,3242,2519,3242
2631,3210,2639,3210,2639,3242,2631,3242
2658,3210,2707,3210,2707,3242,2658,3242
2726,3210,2836,3210,2836,3242,2726,3242
2839,3210,2847,3210,2847,3242,2839,3242
2864,3210,2936,3210,2936,3242,2864,3242
2947,3210,3127,3210,3127,3242,2947,3242
3142,3210,3178,3210,3178,3242,3142,3242
3188,3210,3280,3210,3280,3242,3188,3242
3299,3210,3350,3210,3350,3242,3299,3242
3365,3210,3467,3210,3467,3242,3365,3242
3488,3210,3534,3210,3534,3242,3488,3242
3551,3210,3574,3210,3574,3242,3551,3242
2446,3250,2492,3250,2492,3285,2446,3285
2507,3249,2633,3248,2633,3284,2507,3285
2644,3248,2684,3248,2684,3284,2644,3284
2695,3248,2808,3247,2808,3283,2695,3284
2825,3247,2834,3247,2834,3282,2825,3282
2839,3247,2848,3247,2848,3282,2839,3282
2848,3247,3024,3246,3024,3282,2848,3283
3034,3246,3043,3246,3043,3281,3034,3281
3764,3122,3809,3122,3809,3162,3764,3162
3761,3164,3814,3164,3814,3200,3761,3200
4486,3152,4496,3152,4496,3188,4486,3188
4501,3152,4675,3152,4675,3188,4501,3188
4692,3152,4719,3152,4719,3188,4692,3188
4727,3152,4854,3152,4854,3188,4727,3188
4486,3220,4495,3220,4495,3254,4486,3254
4508,3220,4616,3220,4616,3254,4508,3254
4632,3220,4657,3220,4657,3254,4632,3254
4668,3220,4724,3220,4724,3254,4668,3254
4731,3220,4740,3220,4740,3254,4731,3254
4739,3220,4864,3220,4864,3254,4739,3254
4504,3250,4587,3251,4586,3286,4503,3285
4610,3252,4619,3252,4618,3286,4609,3286
4638,3252,4647,3252,4646,3286,4637,3286
4652,3253,4661,3253,4660,3287,4651,3287
4664,3253,4695,3254,4694,3288,4663,3287
4712,3254,4721,3254,4720,3288,4711,3288
3582,3373,3626,3373,3626,3407,3582,3407
3999,3363,4100,3366,4099,3408,3998,3405
4112,3367,4123,3367,4122,3408,4111,3408
4290,3363,4338,3363,4338,3407,4290,3407
4348,3363,4360,3363,4360,3407,4348,3407
4366,3363,4415,3363,4415,3407,4366,3407
4420,3363,4432,3363,4432,3407,4420,3407
4434,3363,4534,3363,4534,3407,4434,3407
