3801,177,4449,177,4449,324,3801,324
3803,314,4442,314,4442,453,3803,453
922,649,922,651,911,651,911,649
4060,592,4522,592,4522,727,4060,727
922,687,922,689,911,689,911,687
922,724,922,726,911,726,911,724
922,762,922,764,911,764,911,762
922,799,922,801,911,801,911,799
1348,778,1602,778,1602,829,1348,829
4130,808,4214,808,4214,840,4130,840
4232,808,4273,808,4273,840,4232,840
4288,808,4472,808,4472,840,4288,840
922,838,922,840,911,840,911,838
1644,883,1644,833,1667,833,1667,883
922,875,922,877,911,877,911,875
944,961,944,895,978,895,978,961
944,891,944,882,978,882,978,891
944,878,944,829,978,829,978,878
922,913,922,915,911,915,911,913
922,951,922,953,911,953,911,951
922,989,922,991,911,991,911,989
922,1026,922,1028,911,1028,911,1026
936,1046,945,1046,945,1081,936,1081
949,1046,1039,1046,1039,1081,949,1081
4532,1040,4654,1040,4654,1074,4532,1074
1108,1149,1143,1154,1136,1201,1101,1196
1224,1166,1237,1168,1230,1214,1217,1213
1276,1174,1289,1176,1282,1222,1269,1221
1300,1177,1313,1179,1306,1225,1293,1224
1324,1181,1337,1183,1330,1229,1317,1228
1348,1184,1361,1186,1354,1232,1341,1231
1887,1176,1926,1176,1926,1199,1887,1199
1105,1198,1113,1198,1111,1227,1103,1227
1129,1199,1137,1199,1135,1228,1127,1228
1153,1200,1161,1200,1159,1229,1151,1229
1177,1202,1185,1202,1183,1231,1175,1231
1201,1203,1209,1203,1207,1232,1199,1232
1219,1204,1227,1204,1225,1233,1217,1233
1249,1206,1257,1206,1255,1235,1247,1235
1270,1207,1278,1207,1276,1236,1268,1236
1294,1209,1302,1209,1300,1238,1292,1238
1508,1205,1511,1205,1511,1220,1508,1220
1531,1204,1534,1204,1534,1219,1531,1219
1554,1204,1557,1204,1557,1219,1554,1219
1578,1203,1581,1203,1581,1218,1578,1218
1826,1198,1834,1199,1831,1228,1823,1227
1838,1199,1846,1200,1843,1229,1835,1228
1850,1200,1858,1201,1855,1230,1847,1229
1874,1203,1882,1204,1879,1233,1871,1232
1895,1205,1903,1206,1900,1235,1892,1234
1918,1207,1926,1208,1923,1237,1915,1236
1363,1213,1395,1215,1393,1244,1361,1242
1960,1211,1992,1214,1989,1243,1957,1240
4209,1241,4246,1241,4246,1270,4209,1270
4286,1241,4378,1241,4378,1270,4286,1270
4345,1304,4545,1304,4545,1344,4345,1344
4568,1304,4579,1304,4579,1344,4568,1344
4581,1304,4675,1304,4675,1344,4581,1344
2100,1350,2142,1350,2142,1375,2100,1375
1858,1426,1862,1426,1862,1443,1858,1443
1892,1425,1896,1425,1896,1442,1892,1442
1928,1425,1932,1425,1932,1442,1928,1442
1964,1425,1968,1425,1968,1442,1964,1442
2000,1424,2004,1424,2004,1441,2000,1441
1116,1426,1301,1426,1301,1488,1116,1488
1328,1426,1345,1426,1345,1488,1328,1488
1373,1426,1566,1426,1566,1488,1373,1488
2052,1466,2059,1462,2073,1487,2066,1491
2083,1449,2090,1445,2104,1470,2097,1474
1839,1434,1839,1442,1810,1442,1810,1434
1839,1470,1839,1478,1810,1478,1810,1470
1839,1506,1839,1514,1810,1514,1810,1506
1839,1542,1839,1550,1810,1550,1810,1542
1839,1578,1839,1586,1810,1586,1810,1578
1839,1611,1839,1619,1810,1619,1810,1611
1989,1501,1996,1497,2010,1522,2003,1526
2020,1484,2027,1480,2041,1505,2034,1509
2128,1498,2365,1498,2365,1552,2128,1552
2473,1596,2473,1543,2506,1543,2506,1596
1333,1573,1379,1573,1379,1602,1333,1602
2146,1570,2192,1573,2190,1602,2144,1599
3717,1547,3980,1547,3980,1632,3717,1632
4035,1547,4238,1547,4238,1632,4035,1632
4302,1547,4380,1547,4380,1632,4302,1632
4388,1547,4466,1547,4466,1632,4388,1632
4481,1547,4565,1547,4565,1632,4481,1632
3769,1669,3874,1669,3874,1743,3769,1743
3866,1669,3887,1669,3887,1743,3866,1743
3896,1669,3917,1669,3917,1743,3896,1743
4088,1673,4107,1673,4108,1741,4089,1741
4136,1673,4155,1673,4156,1741,4137,1741
4164,1673,4183,1673,4184,1741,4165,1741
4387,1670,4484,1669,4485,1737,4388,1738
4061,1795,4279,1795,4279,1876,4061,1876
4307,1795,4572,1795,4572,1876,4307,1876
4666,1547,4799,1547,4799,1632,4666,1632
4704,1666,4767,1665,4768,1733,4705,1734
1839,1650,1839,1658,1810,1658,1810,1650
1839,1683,1839,1691,1810,1691,1810,1683
1839,1719,1839,1727,1810,1727,1810,1719
1839,1755,1839,1763,1810,1763,1810,1755
1858,1746,1864,1746,1863,1771,1857,1771
1894,1747,1900,1747,1899,1772,1893,1772
1930,1748,1936,1748,1935,1773,1929,1773
1964,1749,1970,1749,1969,1774,1963,1774
2001,1750,2007,1750,2006,1775,2000,1775
2037,1751,2043,1751,2042,1776,2036,1776
2071,1752,2077,1752,2076,1777,2070,1777
2120,1761,2120,1767,2097,1767,2097,1761
2107,1753,2113,1753,2112,1778,2106,1778
2120,1797,2120,1803,2097,1803,2097,1797
2120,1833,2120,1839,2097,1839,2097,1833
1674,1869,1674,1819,1709,1819,1709,1869
2120,1869,2120,1875,2097,1875,2097,1869
959,1914,959,1857,992,1857,992,1914
2120,1902,2120,1908,2097,1908,2097,1902
2120,1938,2120,1944,2097,1944,2097,1938
2316,2026,2322,2026,2322,2050,2316,2050
2348,2026,2354,2026,2354,2050,2348,2050
2383,2026,2389,2026,2389,2050,2383,2050
1374,2060,1374,2055,1395,2055,1395,2060
3871,1965,4064,1965,4064,2013,3871,2013
4101,1965,4114,1965,4114,2013,4101,2013
4143,1965,4348,1965,4348,2013,4143,2013
3865,2037,4120,2037,4120,2083,3865,2083
3866,2108,3971,2108,3971,2157,3866,2157
3998,2108,4052,2108,4052,2157,3998,2157
4068,2108,4192,2108,4192,2157,4068,2157
4218,2108,4232,2108,4232,2157,4218,2157
4237,2108,4318,2108,4318,2157,4237,2157
1041,2075,1044,2075,1044,2088,1041,2088
1076,2075,1079,2075,1079,2088,1076,2088
1113,2075,1116,2075,1116,2088,1113,2088
4544,1965,4594,1965,4594,2011,4544,2011
4600,1965,4613,1965,4613,2011,4600,2011
4617,1965,4658,1965,4658,2011,4617,2011
4680,1965,4755,1965,4755,2011,4680,2011
4548,2035,4601,2035,4601,2083,4548,2083
4601,2035,4614,2035,4614,2083,4601,2083
4618,2035,4663,2035,4663,2083,4618,2083
4679,2035,4758,2035,4758,2083,4679,2083
4544,2106,4558,2106,4558,2155,4544,2155
4574,2106,4588,2106,4588,2155,4574,2155
4584,2106,4638,2106,4638,2155,4584,2155
4648,2106,4729,2106,4729,2155,4648,2155
4546,2177,4592,2177,4592,2227,4546,2227
4601,2177,4615,2177,4615,2227,4601,2227
4620,2177,4656,2177,4656,2227,4620,2227
4682,2177,4756,2177,4756,2227,4682,2227
1230,2126,1230,2129,1215,2129,1215,2126
1391,2128,1391,2132,1374,2132,1374,2128
1230,2162,1230,2165,1215,2165,1215,2162
1390,2164,1390,2168,1373,2168,1373,2164
1230,2198,1230,2201,1215,2201,1215,2198
1389,2198,1389,2202,1372,2202,1372,2198
2108,2189,2112,2189,2112,2206,2108,2206
2136,2189,2140,2189,2140,2206,2136,2206
2171,2189,2175,2189,2175,2206,2171,2206
2203,2189,2207,2189,2207,2206,2203,2206
2243,2189,2247,2189,2247,2206,2243,2206
2277,2189,2281,2189,2281,2206,2277,2206
2313,2189,2317,2189,2317,2206,2313,2206
2349,2189,2353,2189,2353,2206,2349,2206
1230,2233,1230,2236,1215,2236,1215,2233
2056,2210,2158,2209,2159,2267,2057,2268
2182,2208,2225,2207,2226,2265,2183,2266
2245,2207,2362,2205,2363,2264,2246,2266
2385,2206,2401,2206,2402,2264,2386,2264
2397,2205,2482,2204,2483,2263,2398,2264
1230,2268,1230,2271,1215,2271,1215,2268
1420,2265,1469,2268,1468,2292,1419,2289
2238,2269,2291,2269,2291,2290,2238,2290
2243,2253,2294,2256,2291,2307,2240,2304
2397,2263,2411,2264,2408,2315,2394,2314
2087,2308,2087,2306,2098,2306,2098,2308
2253,2318,2259,2323,2241,2345,2234,2340
2278,2339,2284,2344,2266,2366,2259,2361
1230,2340,1230,2343,1215,2343,1215,2340
1230,2374,1230,2377,1215,2377,1215,2374
1419,2366,1429,2366,1429,2404,1419,2404
1454,2366,1464,2366,1464,2404,1454,2404
1489,2366,1499,2366,1499,2404,1489,2404
1524,2366,1534,2366,1534,2404,1524,2404
1559,2366,1569,2366,1569,2404,1559,2404
1594,2366,1604,2366,1604,2404,1594,2404
1629,2366,1639,2366,1639,2404,1629,2404
1652,2366,1729,2366,1729,2404,1652,2404
1734,2366,1744,2366,1744,2404,1734,2404
1773,2366,1783,2366,1783,2404,1773,2404
1593,2369,1597,2369,1597,2386,1593,2386
1629,2369,1633,2369,1633,2386,1629,2386
2267,2368,2273,2368,2273,2393,2267,2393
2301,2368,2307,2368,2307,2393,2301,2393
2308,2364,2314,2369,2296,2391,2289,2386
2436,2368,2442,2368,2442,2393,2436,2393
1230,2410,1230,2413,1215,2413,1215,2410
1442,2404,1560,2407,1558,2480,1440,2477
1590,2407,1630,2408,1628,2481,1588,2480
1662,2409,1682,2409,1680,2481,1660,2481
1736,2410,1776,2411,1774,2484,1734,2483
1284,2513,1287,2538,1241,2544,1237,2519
3722,2481,3809,2481,3809,2519,3722,2519
3823,2481,3833,2481,3833,2519,3823,2519
3841,2481,3875,2481,3875,2519,3841,2519
3893,2481,3994,2481,3994,2519,3893,2519
4013,2481,4062,2481,4062,2519,4013,2519
4076,2481,4199,2481,4199,2519,4076,2519
4216,2481,4261,2481,4261,2519,4216,2519
4265,2481,4371,2481,4371,2519,4265,2519
4382,2481,4453,2481,4453,2519,4382,2519
4464,2481,4526,2481,4526,2519,4464,2519
4541,2481,4596,2481,4596,2519,4541,2519
4610,2481,4706,2481,4706,2519,4610,2519
4719,2481,4874,2481,4874,2519,4719,2519
3876,2542,4141,2542,4141,2593,3876,2593
4547,2537,4590,2537,4590,2585,4547,2585
4607,2537,4686,2537,4686,2585,4607,2585
970,2591,976,2591,977,2614,971,2614
997,2590,1003,2590,1004,2613,998,2613
1042,2589,1048,2589,1049,2612,1043,2612
1078,2588,1084,2588,1085,2611,1079,2611
1114,2587,1120,2587,1121,2610,1115,2610
1148,2586,1154,2586,1155,2609,1149,2609
3903,2746,4061,2750,4060,2782,3902,2778
3766,2818,3806,2818,3806,2854,3766,2854
3767,2854,3827,2855,3827,2891,3767,2890
3767,2894,3831,2895,3831,2929,3767,2928
3767,2937,3803,2935,3804,2960,3768,2962
3769,2973,3803,2973,3803,3004,3769,3004
3885,2818,3895,2818,3895,2854,3885,2854
3903,2818,3980,2818,3980,2854,3903,2854
3997,2818,4106,2818,4106,2854,3997,2854
3883,2855,3892,2855,3892,2890,3883,2890
3897,2855,4011,2856,4011,2892,3897,2891
4023,2856,4114,2857,4114,2893,4023,2892
4134,2857,4215,2858,4215,2894,4134,2893
3883,2895,3892,2895,3892,2929,3883,2929
3906,2895,4011,2896,4011,2931,3906,2930
4032,2896,4134,2897,4134,2932,4032,2931
4144,2897,4259,2898,4259,2932,4144,2931
3881,2938,3889,2938,3889,2969,3881,2969
3899,2938,3978,2938,3978,2969,3899,2969
3985,2938,4103,2938,4103,2969,3985,2969
3877,2972,3886,2972,3886,3006,3877,3006
3899,2972,4011,2972,4011,3006,3899,3006
4029,2972,4174,2972,4174,3006,4029,3006
3879,3010,3888,3010,3888,3045,3879,3045
3901,3010,4010,3010,4010,3045,3901,3045
4019,3010,4028,3010,4028,3045,4019,3045
4031,3010,4081,3010,4081,3045,4031,3045
4095,3010,4358,3010,4358,3045,4095,3045
3881,3050,3889,3050,3889,3081,3881,3081
3899,3050,3973,3051,3973,3083,3899,3082
3990,3052,4024,3052,4024,3083,3990,3083
4036,3052,4176,3054,4176,3086,4036,3084
3878,3088,3887,3088,3887,3122,3878,3122
3899,3088,3993,3088,3993,3122,3899,3122
4006,3088,4125,3088,4125,3122,4006,3122
3878,3128,3886,3128,3886,3160,3878,3160
3898,3128,3968,3128,3968,3160,3898,3160
3978,3128,3986,3128,3986,3160,3978,3160
3985,3128,4065,3128,4065,3160,3985,3160
3875,3164,3885,3164,3885,3200,3875,3200
3889,3164,3981,3164,3981,3200,3889,3200
3986,3164,3996,3164,3996,3200,3986,3200
3996,3164,4077,3164,4077,3200,3996,3200
3766,3014,3807,3011,3809,3042,3768,3045
3764,3046,3809,3046,3809,3086,3764,3086
3763,3090,3807,3081,3815,3120,3771,3129
2448,3058,2513,3058,2513,3093,2448,3093
2525,3058,2551,3058,2551,3093,2525,3093
2572,3057,2736,3056,2736,3092,2572,3093
2742,3057,2783,3057,2783,3092,2742,3092
2799,3056,3031,3055,3031,3091,2799,3092
3046,3055,3218,3054,3218,3090,3046,3091
3233,3055,3265,3055,3265,3090,3233,3090
3276,3055,3332,3055,3332,3090,3276,3090
3343,3055,3352,3055,3352,3090,3343,3090
3361,3055,3381,3055,3381,3090,3361,3090
3400,3054,3502,3054,3502,3089,3400,3089
3514,3054,3546,3054,3546,3089,3514,3089
2440,3096,2553,3096,2553,3128,2440,3128
2564,3096,2587,3096,2587,3128,2564,3128
2601,3096,2745,3096,2745,3128,2601,3128
2767,3096,2775,3096,2775,3128,2767,3128
2780,3096,2788,3096,2788,3128,2780,3128
2790,3096,2798,3096,2798,3128,2790,3128
2812,3096,2938,3096,2938,3128,2812,3128
2947,3096,2998,3096,2998,3128,2947,3128
3006,3096,3208,3096,3208,3128,3006,3128
3223,3096,3288,3096,3288,3128,3223,3128
3297,3096,3348,3096,3348,3128,3297,3128
3364,3096,3468,3096,3468,3128,3364,3128
3479,3096,3515,3096,3515,3128,3479,3128
2442,3134,2621,3134,2621,3166,2442,3166
2638,3134,2667,3134,2667,3166,2638,3166
2686,3134,2694,3134,2694,3166,2686,3166
2699,3134,2707,3134,2707,3166,2699,3166
2710,3134,2889,3134,2889,3166,2710,3166
2894,3134,2902,3134,2902,3166,2894,3166
2440,3174,2494,3174,2494,3205,2440,3205
2508,3174,2664,3174,2664,3205,2508,3205
2679,3174,2738,3174,2738,3205,2679,3205
2750,3174,2875,3174,2875,3205,2750,3205
2880,3174,2888,3174,2888,3205,2880,3205
2901,3174,3002,3174,3002,3205,2901,3205
3019,3174,3047,3174,3047,3205,3019,3205
3056,3174,3064,3174,3064,3205,3056,3205
3063,3174,3071,3174,3071,3205,3063,3205
3073,3174,3275,3174,3275,3205,3073,3205
3283,3174,3332,3174,3332,3205,3283,3205
3347,3174,3536,3174,3536,3205,3347,3205
2444,3210,2511,3210,2511,3242,2444,3242
2519,3210,2615,3210,2615,3242,2519,3242
2631,3210,2639,3210,2639,3242,2631,3242
2658,3210,2707,3210,2707,3242,2658,3242
2724,3210,2836,3210,2836,3242,2724,3242
2839,3210,2847,3210,2847,3242,2839,3242
2864,3210,2936,3210,2936,3242,2864,3242
2947,3210,3127,3210,3127,3242,2947,3242
3142,3210,3178,3210,3178,3242,3142,3242
3188,3210,3280,3210,3280,3242,3188,3242
3299,3210,3350,3210,3350,3242,3299,3242
3365,3210,3472,3210,3472,3242,3365,3242
3487,3210,3533,3210,3533,3242,3487,3242
3551,3210,3574,3210,3574,3242,3551,3242
2446,3250,2492,3250,2492,3285,2446,3285
2507,3249,2633,3248,2633,3284,2507,3285
2644,3248,2684,3248,2684,3284,2644,3284
2695,3248,2808,3247,2808,3283,2695,3284
2825,3247,2834,3247,2834,3282,2825,3282
2839,3247,2848,3247,2848,3282,2839,3282
2848,3247,3024,3246,3024,3282,2848,3283
3032,3246,3041,3246,3041,3281,3032,3281
3764,3122,3809,3122,3809,3162,3764,3162
3761,3164,3814,3164,3814,3200,3761,3200
4490,3154,4500,3154,4500,3190,4490,3190
4502,3154,4680,3154,4680,3190,4502,3190
4696,3154,4723,3154,4723,3190,4696,3190
4732,3154,4857,3154,4857,3190,4732,3190
4490,3222,4499,3222,4499,3256,4490,3256
4512,3222,4616,3222,4616,3256,4512,3256
4631,3222,4662,3222,4662,3256,4631,3256
4668,3222,4729,3222,4729,3256,4668,3256
4735,3222,4744,3222,4744,3256,4735,3256
4743,3222,4869,3222,4869,3256,4743,3256
4506,3254,4591,3254,4591,3288,4506,3288
4613,3254,4622,3254,4622,3288,4613,3288
4641,3254,4650,3254,4650,3288,4641,3288
4655,3254,4664,3254,4664,3288,4655,3288
4667,3254,4698,3254,4698,3288,4667,3288
4715,3254,4724,3254,4724,3288,4715,3288
3582,3373,3626,3373,3626,3407,3582,3407
3997,3362,4097,3362,4097,3408,3997,3408
4107,3362,4120,3362,4120,3408,4107,3408
4290,3363,4338,3363,4338,3407,4290,3407
4348,3363,4360,3363,4360,3407,4348,3407
4366,3363,4415,3363,4415,3407,4366,3407
4420,3363,4432,3363,4432,3407,4420,3407
4434,3363,4534,3363,4534,3407,4434,3407
