3801,177,4449,177,4449,324,3801,324
3803,314,4442,314,4442,453,3803,453
1422,584,1408,541,1441,530,1455,573
4060,594,4517,594,4517,723,4060,723
1863,666,2118,666,2118,720,1863,720
2670,775,2670,729,2705,729,2705,775
4130,808,4214,808,4214,840,4130,840
4232,808,4273,808,4273,840,4232,840
4288,808,4472,808,4472,840,4288,840
3812,1040,4098,1040,4098,1080,3812,1080
544,1064,557,1064,556,1111,543,1111
578,1065,591,1065,590,1112,577,1112
612,1065,625,1065,624,1112,611,1112
645,1066,658,1066,657,1113,644,1113
684,1067,697,1067,696,1114,683,1114
717,1067,730,1067,729,1114,716,1114
756,1068,769,1068,768,1115,755,1115
789,1068,802,1068,801,1115,788,1115
823,1069,836,1069,835,1116,822,1116
854,1069,867,1069,866,1116,853,1116
919,1073,977,1074,977,1096,919,1095
1053,1075,1058,1075,1058,1096,1053,1096
1362,1072,1399,1069,1402,1097,1365,1101
682,1089,685,1089,685,1103,682,1103
717,1089,720,1089,720,1103,717,1103
753,1089,756,1089,756,1103,753,1103
1133,1103,1129,1098,1149,1084,1152,1089
921,1070,981,1071,980,1119,920,1118
939,1099,949,1099,949,1137,939,1137
955,1099,965,1099,965,1137,955,1137
978,1099,988,1099,988,1137,978,1137
1011,1099,1045,1099,1045,1137,1011,1137
2058,1105,2060,1105,2060,1114,2058,1114
2080,1106,2082,1106,2082,1115,2080,1115
2174,1108,2176,1108,2176,1117,2174,1117
2478,1097,2482,1097,2484,1115,2480,1115
2197,1109,2199,1109,2199,1118,2197,1118
2386,1105,2390,1105,2392,1123,2388,1123
2457,1099,2461,1099,2463,1117,2459,1117
2362,1107,2366,1107,2368,1125,2364,1125
2411,1103,2415,1103,2417,1121,2413,1121
2430,1101,2434,1101,2436,1119,2432,1119
1433,1109,1468,1109,1468,1140,1433,1140
1154,1131,1150,1126,1170,1112,1173,1117
2245,1117,2280,1114,2282,1133,2247,1136
874,1138,876,1144,853,1152,851,1147
1175,1160,1171,1155,1191,1141,1194,1146
1198,1190,1194,1185,1214,1171,1217,1176
887,1234,888,1240,864,1242,863,1236
4209,1241,4246,1241,4246,1270,4209,1270
4286,1241,4378,1241,4378,1270,4286,1270
871,1296,875,1296,875,1314,871,1314
906,1297,910,1297,910,1315,906,1315
942,1297,946,1297,946,1315,942,1315
978,1297,982,1297,982,1315,978,1315
1012,1298,1016,1298,1016,1316,1012,1316
1048,1298,1052,1298,1052,1316,1048,1316
1084,1299,1088,1299,1088,1317,1084,1317
1118,1299,1122,1299,1122,1317,1118,1317
894,1308,895,1314,871,1316,870,1310
987,1394,993,1395,990,1418,984,1417
1020,1398,1026,1399,1023,1422,1017,1421
1056,1403,1062,1404,1059,1427,1053,1426
1419,1419,1661,1419,1661,1460,1419,1460
1687,1419,1698,1419,1698,1460,1687,1460
2114,1419,2303,1419,2303,1463,2114,1463
2336,1419,2348,1419,2348,1463,2336,1463
2375,1419,2570,1419,2570,1463,2375,1463
1145,1456,1145,1450,1168,1451,1168,1457
454,1503,454,1454,488,1454,488,1503
695,1404,945,1404,945,1471,695,1471
967,1404,986,1404,986,1471,967,1471
801,1491,842,1491,842,1533,801,1533
1797,1484,1797,1435,1828,1435,1828,1484
1144,1492,1144,1486,1167,1487,1167,1493
1525,1495,1573,1495,1573,1532,1525,1532
2313,1496,2361,1496,2361,1533,2313,1533
1142,1530,1142,1524,1165,1525,1165,1531
1141,1564,1141,1558,1164,1559,1164,1565
1140,1600,1140,1594,1163,1595,1163,1601
905,1630,908,1630,910,1643,907,1644
943,1626,949,1626,949,1649,943,1649
979,1625,985,1625,985,1648,979,1648
1012,1624,1018,1624,1018,1647,1012,1647
1048,1624,1054,1624,1054,1647,1048,1647
1084,1623,1090,1623,1090,1646,1084,1646
1120,1623,1126,1623,1126,1646,1120,1646
1154,1622,1160,1622,1160,1645,1154,1645
849,1850,849,1842,878,1843,878,1851
850,1817,850,1809,879,1810,879,1818
852,1781,852,1773,881,1774,881,1782
853,1745,853,1737,882,1738,882,1746
854,1718,854,1710,883,1711,883,1719
2668,1793,2668,1742,2704,1742,2704,1793
542,1840,546,1840,546,1858,542,1858
576,1840,580,1840,580,1858,576,1858
612,1839,616,1839,616,1857,612,1857
646,1839,650,1839,650,1857,646,1857
682,1839,686,1839,686,1857,682,1857
718,1839,722,1839,722,1857,718,1857
752,1839,756,1839,756,1857,752,1857
789,1838,793,1838,793,1856,789,1856
823,1838,827,1838,827,1856,823,1856
996,1847,1000,1847,999,1864,995,1864
1043,1850,1047,1850,1046,1867,1042,1867
1079,1853,1083,1853,1082,1870,1078,1870
1113,1855,1117,1855,1116,1872,1112,1872
1150,1848,1156,1848,1156,1873,1150,1873
1184,1848,1188,1848,1188,1873,1184,1873
1231,1848,1235,1848,1235,1873,1231,1873
1291,1848,1297,1848,1297,1873,1291,1873
1327,1848,1333,1848,1333,1873,1327,1873
1361,1848,1367,1848,1367,1873,1361,1873
1397,1848,1403,1848,1403,1873,1397,1873
1452,1848,1458,1848,1458,1873,1452,1873
1446,1864,1446,1867,1431,1867,1431,1864
1446,1896,1446,1899,1431,1899,1431,1896
1446,1933,1446,1936,1432,1936,1432,1933
798,1937,829,1935,832,1976,801,1979
1447,1967,1447,1970,1433,1970,1433,1967
599,1954,610,1953,613,1995,602,1996
647,1950,694,1946,697,1988,650,1992
1838,1969,1838,1974,1819,1973,1819,1968
1858,1962,1861,1962,1861,1977,1858,1977
1893,1962,1896,1962,1896,1977,1893,1977
2035,1962,2038,1962,2038,1975,2035,1975
2070,1962,2073,1962,2073,1975,2070,1975
2105,1962,2108,1962,2108,1975,2105,1975
2178,1962,2181,1962,2181,1977,2178,1977
2213,1962,2216,1962,2216,1977,2213,1977
2641,1957,2645,1957,2644,1974,2640,1974
2248,1962,2251,1962,2251,1977,2248,1977
2530,1963,2532,1963,2532,1975,2530,1975
2565,1963,2567,1963,2567,1975,2565,1975
2675,1960,2679,1960,2678,1977,2674,1977
2709,1962,2713,1962,2712,1979,2708,1979
1038,1968,1044,1968,1044,1991,1038,1991
1071,1968,1077,1968,1077,1991,1071,1991
1107,1968,1113,1968,1113,1991,1107,1991
1143,1968,1149,1968,1149,1991,1143,1991
1179,1968,1185,1968,1185,1991,1179,1991
1213,1968,1219,1968,1219,1991,1213,1991
1249,1968,1255,1968,1255,1991,1249,1991
3717,1547,3980,1547,3980,1632,3717,1632
4035,1547,4238,1547,4238,1632,4035,1632
4302,1547,4380,1547,4380,1632,4302,1632
4399,1547,4463,1547,4463,1632,4399,1632
4481,1547,4565,1547,4565,1632,4481,1632
4666,1547,4797,1547,4797,1632,4666,1632
3768,1676,3871,1676,3871,1732,3768,1732
3867,1676,3883,1676,3883,1732,3867,1732
3895,1676,3911,1676,3911,1732,3895,1732
4088,1667,4111,1667,4111,1747,4088,1747
4137,1667,4160,1667,4160,1747,4137,1747
4178,1667,4201,1667,4201,1747,4178,1747
4386,1667,4490,1667,4490,1747,4386,1747
4709,1667,4769,1667,4769,1747,4709,1747
4067,1795,4286,1795,4286,1872,4067,1872
4308,1795,4568,1795,4568,1872,4308,1872
3847,1913,4043,1913,4043,1961,3847,1961
4077,1913,4090,1913,4090,1961,4077,1961
4119,1913,4324,1913,4324,1961,4119,1961
4524,1906,4569,1906,4569,1968,4524,1968
4576,1906,4593,1906,4593,1968,4576,1968
4593,1906,4638,1906,4638,1968,4593,1968
4655,1906,4735,1906,4735,1968,4655,1968
3840,1985,4095,1985,4095,2031,3840,2031
4130,1985,4143,1985,4143,2031,4130,2031
4530,1978,4575,1978,4575,2040,4530,2040
4576,1978,4593,1978,4593,2040,4576,2040
4593,1978,4638,1978,4638,2040,4593,2040
4655,1978,4735,1978,4735,2040,4655,2040
3842,2057,4096,2057,4096,2105,3842,2105
4123,2057,4136,2057,4136,2105,4123,2105
4522,2054,4537,2054,4537,2108,4522,2108
4550,2054,4565,2054,4565,2108,4550,2108
4572,2054,4602,2054,4602,2108,4572,2108
4628,2054,4707,2054,4707,2108,4628,2108
3847,2127,4050,2127,4050,2175,3847,2175
4522,2126,4537,2126,4537,2180,4522,2180
4550,2126,4565,2126,4565,2180,4550,2180
4563,2126,4613,2126,4613,2180,4563,2180
4628,2126,4707,2126,4707,2180,4628,2180
3842,2199,3952,2199,3952,2247,3842,2247
3976,2199,4028,2199,4028,2247,3976,2247
4044,2199,4172,2199,4172,2247,4044,2247
4522,2198,4537,2198,4537,2252,4522,2252
4550,2198,4565,2198,4565,2252,4550,2252
4565,2198,4605,2198,4605,2252,4565,2252
4628,2198,4707,2198,4707,2252,4628,2252
4529,2271,4542,2271,4542,2319,4529,2319
4549,2271,4562,2271,4562,2319,4549,2319
4568,2271,4603,2271,4603,2319,4568,2319
4626,2271,4705,2271,4705,2319,4626,2319
4517,2342,4567,2342,4567,2396,4517,2396
4576,2342,4591,2342,4591,2396,4576,2396
4592,2342,4652,2342,4652,2396,4592,2396
4662,2342,4731,2342,4731,2396,4662,2396
1014,1981,1014,1985,996,1985,996,1981
1491,2029,1490,1978,1549,1977,1550,2028
1836,2003,1836,2008,1817,2007,1817,2002
1013,2019,1013,2023,995,2023,995,2019
1835,2039,1835,2044,1816,2043,1816,2038
999,2029,1010,2029,1010,2071,999,2071
1057,2029,1245,2029,1245,2071,1057,2071
567,2038,669,2038,669,2100,567,2100
687,2038,744,2038,744,2100,687,2100
759,2038,876,2038,876,2100,759,2100
1473,1970,1472,1981,1430,1979,1431,1968
1471,2005,1470,2016,1428,2014,1429,2003
1469,2039,1468,2050,1426,2048,1427,2037
1467,2060,1466,2071,1424,2069,1425,2058
1464,2112,1463,2123,1421,2121,1422,2110
1012,2053,1012,2057,994,2057,994,2053
1834,2073,1834,2078,1815,2077,1815,2072
1011,2090,1011,2094,993,2094,993,2090
715,2093,717,2093,717,2102,715,2102
750,2094,752,2094,752,2103,750,2103
2750,2064,2750,2054,2788,2055,2788,2065
2718,2149,2718,2139,2756,2139,2756,2149
2718,2105,2718,2070,2756,2070,2756,2105
2718,2044,2718,2034,2756,2034,2756,2044
2718,2009,2718,1999,2756,1999,2756,2009
2747,2196,2748,2138,2787,2139,2786,2197
452,2101,452,2107,427,2107,427,2101
547,2122,546,2118,563,2115,564,2119
1010,2126,1010,2130,992,2130,992,2126
452,2135,452,2141,427,2141,427,2135
506,2138,506,2144,482,2144,482,2138
1494,2147,1494,2131,1552,2130,1552,2146
552,2158,551,2154,568,2151,569,2155
1693,2163,1696,2163,1696,2178,1693,2178
1729,2163,1732,2163,1732,2178,1729,2178
452,2172,452,2178,427,2178,427,2172
506,2173,506,2179,482,2179,482,2173
558,2193,557,2189,574,2186,575,2190
452,2205,452,2211,427,2211,427,2205
506,2208,506,2214,482,2214,482,2208
1075,2208,1087,2208,1087,2251,1075,2251
1084,2208,1128,2208,1128,2251,1084,2251
1137,2208,1149,2208,1149,2251,1137,2251
2283,2208,2333,2208,2333,2241,2283,2241
452,2242,452,2248,427,2248,427,2242
506,2243,506,2249,482,2249,482,2243
506,2286,506,2292,482,2292,482,2286
1499,2335,1499,2319,1557,2318,1557,2334
1498,2306,1497,2256,1555,2255,1556,2305
1707,2279,1750,2279,1750,2305,1707,2305
3830,2278,3923,2270,3927,2317,3834,2325
2214,2315,2218,2315,2218,2332,2214,2332
2250,2316,2254,2316,2254,2333,2250,2333
2284,2316,2288,2316,2288,2333,2284,2333
2354,2315,2358,2315,2358,2332,2354,2332
2121,2325,2121,2330,2100,2330,2100,2325
2318,2317,2322,2317,2322,2334,2318,2334
2392,2315,2396,2315,2396,2332,2392,2332
2426,2316,2430,2316,2430,2333,2426,2333
2462,2316,2466,2316,2466,2333,2462,2333
2496,2316,2500,2316,2500,2333,2496,2333
2534,2316,2538,2316,2538,2333,2534,2333
2567,2317,2571,2317,2571,2334,2567,2334
2603,2317,2607,2317,2607,2334,2603,2334
2753,2322,2753,2327,2734,2327,2734,2322
2707,2316,2711,2316,2712,2333,2708,2333
2673,2319,2677,2319,2678,2336,2674,2336
2028,2338,2028,2343,2007,2343,2007,2338
2404,2357,2404,2362,2382,2363,2382,2358
2544,2358,2544,2364,2520,2364,2520,2358
2753,2356,2753,2361,2734,2361,2734,2356
2016,2378,2022,2378,2022,2401,2016,2401
2050,2378,2056,2378,2056,2401,2050,2401
2153,2377,2181,2377,2181,2407,2153,2407
2248,2370,2258,2370,2258,2406,2248,2406
2289,2370,2328,2370,2328,2406,2289,2406
2405,2391,2405,2396,2383,2397,2383,2392
2753,2390,2753,2395,2734,2395,2734,2390
2544,2393,2544,2399,2520,2399,2520,2393
953,2447,953,2420,982,2420,982,2447
2014,2420,2019,2420,2020,2441,2015,2441
2049,2419,2054,2419,2055,2440,2050,2440
2121,2358,2121,2363,2100,2363,2100,2358
2121,2393,2121,2398,2100,2398,2100,2393
2097,2360,2097,2488,2075,2488,2075,2360
2544,2428,2544,2434,2520,2434,2520,2428
1865,2441,1868,2441,1868,2455,1865,2455
1894,2441,1897,2441,1897,2455,1894,2455
1915,2441,1918,2441,1918,2455,1915,2455
1928,2441,1931,2441,1931,2455,1928,2455
1502,2465,1502,2449,1560,2448,1560,2464
3719,2482,3806,2482,3806,2516,3719,2516
3823,2482,3832,2482,3832,2516,3823,2516
3840,2482,3878,2482,3878,2516,3840,2516
3892,2482,3994,2482,3994,2516,3892,2516
4013,2482,4061,2482,4061,2516,4013,2516
4072,2482,4198,2482,4198,2516,4072,2516
4211,2482,4260,2482,4260,2516,4211,2516
4269,2482,4369,2482,4369,2516,4269,2516
4384,2482,4455,2482,4455,2516,4384,2516
4464,2482,4528,2482,4528,2516,4464,2516
4544,2482,4597,2482,4597,2516,4544,2516
4608,2482,4707,2482,4707,2516,4608,2516
4716,2482,4870,2482,4870,2516,4716,2516
3846,2569,4114,2569,4114,2613,3846,2613
4528,2561,4576,2561,4576,2626,4528,2626
4589,2561,4660,2561,4660,2626,4589,2626
3903,2746,4061,2750,4060,2782,3902,2778
3766,2818,3806,2818,3806,2854,3766,2854
3767,2854,3827,2855,3827,2891,3767,2890
3767,2894,3831,2895,3831,2929,3767,2928
3767,2937,3803,2935,3804,2960,3768,2962
3769,2973,3803,2973,3803,3004,3769,3004
3767,3009,3805,3004,3810,3044,3772,3049
3885,2818,3895,2818,3895,2854,3885,2854
3903,2818,3980,2818,3980,2854,3903,2854
3997,2818,4106,2818,4106,2854,3997,2854
3883,2855,3892,2855,3892,2890,3883,2890
3897,2855,4011,2856,4011,2892,3897,2891
4023,2856,4114,2857,4114,2893,4023,2892
4134,2857,4215,2858,4215,2894,4134,2893
3883,2895,3892,2895,3892,2929,3883,2929
3906,2895,4011,2896,4011,2931,3906,2930
4032,2896,4134,2897,4134,2932,4032,2931
4144,2897,4259,2898,4259,2932,4144,2931
3881,2938,3889,2938,3889,2969,3881,2969
3899,2938,3978,2938,3978,2969,3899,2969
3985,2938,4103,2938,4103,2969,3985,2969
3877,2972,3886,2972,3886,3006,3877,3006
3899,2972,4011,2972,4011,3006,3899,3006
4029,2972,4174,2972,4174,3006,4029,3006
3879,3010,3888,3010,3888,3045,3879,3045
3901,3010,4010,3010,4010,3045,3901,3045
4019,3010,4028,3010,4028,3045,4019,3045
4031,3010,4081,3010,4081,3045,4031,3045
4095,3010,4358,3010,4358,3045,4095,3045
3881,3050,3889,3050,3889,3081,3881,3081
3899,3050,3973,3051,3973,3083,3899,3082
3990,3052,4024,3052,4024,3083,3990,3083
4036,3052,4176,3054,4176,3086,4036,3084
3878,3088,3887,3088,3887,3122,3878,3122
3899,3088,3993,3088,3993,3122,3899,3122
4006,3088,4125,3088,4125,3122,4006,3122
3878,3128,3886,3128,3886,3160,3878,3160
3898,3128,3968,3128,3968,3160,3898,3160
3978,3128,3986,3128,3986,3160,3978,3160
3985,3128,4065,3128,4065,3160,3985,3160
3875,3164,3885,3164,3885,3200,3875,3200
3889,3164,3981,3164,3981,3200,3889,3200
3986,3164,3996,3164,3996,3200,3986,3200
3996,3164,4077,3164,4077,3200,3996,3200
3764,3046,3809,3046,3809,3086,3764,3086
3763,3090,3807,3081,3815,3120,3771,3129
4307,3130,4309,3130,4309,3142,4307,3142
4332,3130,4334,3130,4334,3142,4332,3142
4357,3130,4359,3130,4359,3142,4357,3142
4381,3130,4383,3130,4383,3142,4381,3142
4405,3130,4407,3130,4407,3142,4405,3142
4429,3130,4431,3130,4431,3142,4429,3142
4449,3130,4451,3130,4451,3142,4449,3142
2448,3058,2513,3058,2513,3093,2448,3093
2525,3058,2551,3058,2551,3093,2525,3093
2572,3057,2736,3056,2736,3092,2572,3093
2742,3057,2783,3057,2783,3092,2742,3092
2799,3056,3031,3055,3031,3091,2799,3092
3046,3055,3218,3054,3218,3090,3046,3091
3233,3055,3265,3055,3265,3090,3233,3090
3276,3055,3332,3055,3332,3090,3276,3090
3343,3055,3352,3055,3352,3090,3343,3090
3361,3055,3381,3055,3381,3090,3361,3090
3400,3054,3502,3054,3502,3089,3400,3089
3514,3054,3546,3054,3546,3089,3514,3089
2440,3096,2553,3096,2553,3128,2440,3128
2564,3096,2587,3096,2587,3128,2564,3128
2601,3096,2745,3096,2745,3128,2601,3128
2767,3096,2775,3096,2775,3128,2767,3128
2780,3096,2788,3096,2788,3128,2780,3128
2790,3096,2798,3096,2798,3128,2790,3128
2812,3096,2938,3096,2938,3128,2812,3128
2947,3096,2998,3096,2998,3128,2947,3128
3006,3096,3208,3096,3208,3128,3006,3128
3223,3096,3288,3096,3288,3128,3223,3128
3297,3096,3348,3096,3348,3128,3297,3128
3364,3096,3468,3096,3468,3128,3364,3128
3479,3096,3515,3096,3515,3128,3479,3128
2442,3134,2621,3134,2621,3166,2442,3166
2638,3134,2667,3134,2667,3166,2638,3166
2686,3134,2694,3134,2694,3166,2686,3166
2699,3134,2707,3134,2707,3166,2699,3166
2710,3134,2889,3134,2889,3166,2710,3166
2894,3134,2902,3134,2902,3166,2894,3166
2440,3174,2494,3174,2494,3205,2440,3205
2508,3174,2664,3174,2664,3205,2508,3205
2679,3174,2738,3174,2738,3205,2679,3205
2750,3174,2875,3174,2875,3205,2750,3205
2880,3174,2888,3174,2888,3205,2880,3205
2901,3174,3002,3174,3002,3205,2901,3205
3019,3174,3047,3174,3047,3205,3019,3205
3056,3174,3064,3174,3064,3205,3056,3205
3063,3174,3071,3174,3071,3205,3063,3205
3073,3174,3275,3174,3275,3205,3073,3205
3283,3174,3332,3174,3332,3205,3283,3205
3347,3174,3536,3174,3536,3205,3347,3205
2444,3210,2511,3210,2511,3242,2444,3242
2519,3210,2615,3210,2615,3242,2519,3242
2631,3210,2639,3210,2639,3242,2631,3242
2658,3210,2707,3210,2707,3242,2658,3242
2724,3210,2836,3210,2836,3242,2724,3242
2839,3210,2847,3210,2847,3242,2839,3242
2864,3210,2936,3210,2936,3242,2864,3242
2947,3210,3127,3210,3127,3242,2947,3242
3142,3210,3178,3210,3178,3242,3142,3242
3188,3210,3280,3210,3280,3242,3188,3242
3299,3210,3350,3210,3350,3242,3299,3242
3365,3210,3472,3210,3472,3242,3365,3242
3487,3210,3533,3210,3533,3242,3487,3242
3551,3210,3574,3210,3574,3242,3551,3242
2446,3250,2492,3250,2492,3285,2446,3285
2507,3249,2633,3248,2633,3284,2507,3285
2644,3248,2684,3248,2684,3284,2644,3284
2695,3248,2808,3247,2808,3283,2695,3284
2825,3247,2834,3247,2834,3282,2825,3282
2839,3247,2848,3247,2848,3282,2839,3282
2848,3247,3024,3246,3024,3282,2848,3283
3032,3246,3041,3246,3041,3281,3032,3281
3764,3122,3809,3122,3809,3162,3764,3162
3761,3164,3814,3164,3814,3200,3761,3200
4489,3162,4497,3162,4497,3194,4489,3194
4501,3162,4678,3162,4678,3194,4501,3194
4692,3162,4721,3162,4721,3194,4692,3194
4730,3162,4853,3162,4853,3194,4730,3194
4488,3228,4496,3228,4496,3260,4488,3260
4507,3228,4619,3228,4619,3260,4507,3260
4630,3228,4660,3228,4660,3260,4630,3260
4669,3228,4728,3228,4728,3260,4669,3260
4732,3228,4740,3228,4740,3260,4732,3260
4743,3228,4869,3228,4869,3260,4743,3260
4507,3262,4590,3262,4590,3294,4507,3294
4611,3262,4619,3262,4619,3294,4611,3294
4640,3262,4648,3262,4648,3294,4640,3294
4654,3262,4662,3262,4662,3294,4654,3294
4669,3262,4693,3262,4693,3294,4669,3294
4713,3262,4721,3262,4721,3294,4713,3294
3582,3373,3626,3373,3626,3407,3582,3407
3999,3363,4098,3366,4097,3408,3998,3405
4112,3367,4123,3367,4122,3408,4111,3408
4290,3363,4338,3363,4338,3407,4290,3407
4348,3363,4360,3363,4360,3407,4348,3407
4366,3363,4415,3363,4415,3407,4366,3407
4420,3363,4432,3363,4432,3407,4420,3407
4434,3363,4534,3363,4534,3407,4434,3407
