1688,186,1747,188,1745,227,1687,225
1257,216,1327,216,1327,259,1257,259
1619,223,1653,223,1653,249,1619,249
1688,227,1691,227,1691,241,1688,241
1709,227,1712,227,1712,241,1709,241
1733,227,1736,227,1736,241,1733,241
1757,227,1760,227,1760,241,1757,241
1074,283,1124,283,1124,302,1074,302
1858,310,1906,314,1902,362,1854,358
3801,177,4449,177,4449,324,3801,324
3803,314,4442,314,4442,453,3803,453
1468,487,1472,480,1497,494,1494,501
1485,455,1489,448,1514,462,1511,469
1502,424,1506,417,1531,431,1528,438
1517,394,1521,387,1546,401,1543,408
1309,455,1317,455,1316,485,1308,485
1340,456,1348,456,1347,486,1339,486
1377,457,1385,457,1384,487,1376,487
1406,475,1406,471,1423,471,1423,475
1498,459,1506,459,1505,489,1497,489
1405,511,1405,507,1422,507,1422,511
1377,526,1384,522,1399,549,1392,553
1405,510,1412,506,1427,533,1420,537
1436,493,1443,489,1458,516,1451,520
1466,475,1473,471,1488,498,1481,502
1405,546,1405,542,1422,542,1422,546
1404,582,1404,578,1421,578,1421,582
1036,554,1276,554,1276,612,1036,612
1301,554,1317,554,1317,612,1301,612
1751,554,1996,554,1996,608,1751,608
2017,554,2032,554,2032,608,2017,608
1403,618,1403,614,1420,614,1420,618
1099,693,1099,649,1130,649,1130,693
1896,676,1896,627,1930,627,1930,676
4075,599,4524,599,4524,727,4075,727
1403,687,1403,683,1420,683,1420,687
1402,723,1402,719,1419,719,1419,723
1401,759,1401,755,1418,755,1418,759
1237,790,1243,790,1244,813,1238,813
1400,797,1400,793,1417,793,1417,797
1271,788,1277,788,1278,811,1272,811
1304,786,1310,786,1311,809,1305,809
1340,784,1346,784,1347,807,1341,807
1376,782,1382,782,1383,805,1377,805
4129,808,4214,808,4214,840,4129,840
4232,808,4273,808,4273,840,4232,840
4288,808,4472,808,4472,840,4288,840
1183,837,1183,831,1208,830,1208,836
1184,871,1184,865,1209,864,1209,870
1185,907,1185,901,1210,900,1210,906
1186,977,1186,971,1211,970,1211,976
1187,1014,1187,1008,1212,1007,1212,1013
1188,1047,1188,1041,1213,1040,1213,1046
3812,1040,4098,1040,4098,1080,3812,1080
4532,1040,4654,1040,4654,1074,4532,1074
1188,1096,1188,1073,1214,1072,1214,1095
1027,1107,1063,1103,1067,1141,1031,1145
1115,1098,1125,1097,1129,1135,1119,1136
1138,1095,1148,1094,1152,1132,1142,1133
1022,1134,1058,1125,1066,1157,1030,1166
1578,1119,1627,1116,1629,1150,1580,1153
992,1209,1087,1209,1087,1278,992,1278
1111,1209,1162,1209,1162,1278,1111,1278
1181,1209,1295,1209,1295,1278,1181,1278
1474,1202,1775,1202,1775,1264,1474,1264
1949,1193,2034,1151,2067,1218,1981,1260
1142,1262,1142,1246,1159,1246,1159,1262
1143,1302,1143,1298,1160,1298,1160,1302
1144,1338,1144,1334,1161,1334,1161,1338
1144,1372,1144,1368,1161,1368,1161,1372
1145,1401,1145,1397,1162,1397,1162,1401
1557,1504,1556,1532,1525,1531,1526,1503
1414,1576,1416,1576,1416,1587,1414,1587
1417,1567,1426,1567,1426,1600,1417,1600
1451,1567,1460,1567,1460,1600,1451,1600
1489,1567,1498,1567,1498,1600,1489,1600
1450,1576,1452,1576,1452,1587,1450,1587
1555,1583,1555,1591,1524,1590,1524,1582
1899,1634,1899,1638,1882,1638,1882,1634
805,1633,814,1632,816,1667,807,1668
838,1631,847,1630,849,1665,840,1666
960,1624,969,1623,971,1658,962,1659
1899,1665,1899,1669,1882,1669,1882,1665
2186,1674,2186,1680,2161,1680,2161,1674
1520,1708,1520,1704,1537,1704,1537,1708
1899,1701,1899,1705,1882,1705,1882,1701
2186,1710,2186,1716,2161,1716,2161,1710
762,1664,909,1666,908,1714,762,1712
1009,1667,1137,1668,1137,1715,1009,1714
764,1710,898,1712,897,1770,763,1768
923,1713,939,1713,938,1771,922,1771
958,1713,974,1713,973,1771,957,1771
1071,1715,1087,1715,1086,1773,1070,1773
1106,1716,1122,1716,1121,1774,1105,1774
1238,1669,1362,1670,1362,1717,1238,1716
1212,1717,1228,1717,1227,1775,1211,1775
1248,1718,1264,1718,1263,1776,1247,1776
1283,1718,1299,1718,1298,1776,1282,1776
1318,1719,1334,1719,1333,1777,1317,1777
1354,1719,1370,1719,1369,1777,1353,1777
1389,1720,1405,1720,1404,1778,1388,1778
1425,1721,1441,1721,1440,1779,1424,1779
1460,1721,1505,1722,1504,1780,1459,1779
1899,1737,1899,1741,1882,1741,1882,1737
2186,1747,2186,1753,2161,1753,2161,1747
1067,1752,1070,1752,1070,1766,1067,1766
1319,1751,1322,1751,1321,1765,1319,1765
1352,1753,1355,1753,1354,1767,1352,1767
1899,1771,1899,1775,1882,1775,1882,1771
1520,1780,1520,1776,1537,1776,1537,1780
2186,1781,2186,1787,2161,1787,2161,1781
1519,1814,1519,1810,1536,1810,1536,1814
1899,1807,1899,1811,1882,1811,1882,1807
2186,1817,2186,1823,2161,1823,2161,1817
1519,1850,1519,1846,1536,1846,1536,1850
1899,1843,1899,1847,1882,1847,1882,1843
1899,1877,1899,1881,1882,1881,1882,1877
1519,1886,1519,1882,1536,1882,1536,1886
1519,1920,1519,1916,1536,1916,1536,1920
1899,1913,1899,1917,1882,1917,1882,1913
1519,1956,1519,1952,1536,1952,1536,1956
1899,1949,1899,1953,1882,1953,1882,1949
3720,1547,3980,1547,3980,1632,3720,1632
4035,1547,4238,1547,4238,1632,4035,1632
4302,1547,4380,1547,4380,1632,4302,1632
4388,1547,4466,1547,4466,1632,4388,1632
4481,1547,4565,1547,4565,1632,4481,1632
4666,1547,4799,1547,4799,1632,4666,1632
3775,1669,3870,1669,3870,1743,3775,1743
3870,1669,3891,1669,3891,1743,3870,1743
3892,1669,3913,1669,3913,1743,3892,1743
4084,1667,4107,1667,4107,1747,4084,1747
4133,1667,4156,1667,4156,1747,4133,1747
4097,1667,4114,1667,4114,1747,4097,1747
4355,1667,4486,1667,4486,1747,4355,1747
4705,1667,4765,1667,4765,1747,4705,1747
4064,1795,4283,1792,4284,1865,4065,1868
4305,1792,4562,1788,4563,1860,4306,1864
3899,1899,4095,1899,4095,1945,3899,1945
4130,1899,4143,1899,4143,1945,4130,1945
4171,1899,4379,1899,4379,1945,4171,1945
4578,1897,4622,1897,4622,1945,4578,1945
4629,1897,4642,1897,4642,1945,4629,1945
4644,1897,4696,1897,4696,1945,4644,1945
4707,1897,4786,1897,4786,1945,4707,1945
3898,1962,4153,1962,4153,2020,3898,2020
4181,1962,4197,1962,4197,2020,4181,2020
4580,1969,4625,1969,4625,2017,4580,2017
4632,1969,4645,1969,4645,2017,4632,2017
4640,1969,4701,1969,4701,2017,4640,2017
4710,1969,4789,1969,4789,2017,4710,2017
3896,2041,4150,2041,4150,2089,3896,2089
4177,2041,4190,2041,4190,2089,4177,2089
4579,2038,4593,2038,4593,2087,4579,2087
4599,2038,4613,2038,4613,2087,4599,2087
4614,2038,4668,2038,4668,2087,4614,2087
4678,2038,4759,2038,4759,2087,4678,2087
3899,2113,4000,2113,4000,2161,3899,2161
4026,2113,4078,2113,4078,2161,4026,2161
4092,2113,4222,2113,4222,2161,4092,2161
4577,2111,4590,2111,4590,2159,4577,2159
4601,2111,4614,2111,4614,2159,4601,2159
4611,2111,4663,2111,4663,2159,4611,2159
4678,2111,4757,2111,4757,2159,4678,2159
3895,2182,4201,2182,4201,2240,3895,2240
4576,2183,4589,2183,4589,2231,4576,2231
4600,2183,4613,2183,4613,2231,4600,2231
4617,2183,4660,2183,4660,2231,4617,2231
4677,2183,4756,2183,4756,2231,4677,2231
3887,2257,3976,2257,3976,2301,3887,2301
4581,2255,4594,2255,4594,2303,4581,2303
4600,2255,4613,2255,4613,2303,4600,2303
4615,2255,4667,2255,4667,2303,4615,2303
4677,2255,4756,2255,4756,2303,4677,2303
4565,2329,4624,2329,4624,2375,4565,2375
4628,2329,4641,2329,4641,2375,4628,2375
4649,2329,4691,2329,4691,2375,4649,2375
4712,2329,4788,2329,4788,2375,4712,2375
1899,1983,1899,1987,1882,1987,1882,1983
1518,1992,1518,1988,1535,1988,1535,1992
1899,2019,1899,2023,1882,2023,1882,2019
1518,2028,1518,2024,1535,2024,1535,2028
1894,2075,1894,2028,1931,2028,1931,2075
1899,2052,1899,2056,1882,2056,1882,2052
1518,2063,1518,2059,1535,2059,1535,2063
774,2106,778,2106,778,2124,774,2124
810,2106,814,2106,814,2124,810,2124
846,2106,850,2106,850,2124,846,2124
880,2105,884,2105,884,2123,880,2123
916,2105,920,2105,920,2123,916,2123
953,2105,957,2105,957,2123,953,2123
1059,2104,1063,2104,1063,2122,1059,2122
987,2105,991,2105,991,2123,987,2123
1093,2104,1097,2104,1097,2122,1093,2122
1023,2105,1027,2105,1027,2123,1023,2123
1129,2104,1133,2104,1133,2122,1129,2122
2136,2093,2141,2093,2141,2112,2136,2112
1165,2104,1169,2104,1169,2122,1165,2122
1200,2104,1204,2104,1204,2122,1200,2122
1236,2104,1240,2104,1240,2122,1236,2122
1272,2103,1276,2103,1276,2121,1272,2121
2030,2094,2035,2094,2035,2113,2030,2113
1306,2103,1310,2103,1310,2121,1306,2121
2064,2094,2069,2094,2069,2113,2064,2113
1342,2103,1346,2103,1346,2121,1342,2121
2100,2094,2105,2094,2105,2113,2100,2113
1378,2103,1382,2103,1382,2121,1378,2121
1412,2103,1416,2103,1416,2121,1412,2121
1994,2095,1999,2095,1999,2114,1994,2114
1448,2102,1452,2102,1452,2120,1448,2120
1485,2102,1489,2102,1489,2120,1485,2120
1523,2102,1527,2102,1527,2120,1523,2120
1098,2181,1098,2128,1135,2128,1135,2181
1279,2153,1465,2153,1465,2209,1279,2209
1501,2153,1517,2153,1517,2209,1501,2209
1543,2153,1728,2153,1728,2209,1543,2209
1437,2309,1491,2309,1491,2340,1437,2340
3719,2482,3807,2482,3807,2518,3719,2518
3823,2482,3833,2482,3833,2518,3823,2518
3839,2482,3878,2482,3878,2518,3839,2518
3893,2482,3999,2482,3999,2518,3893,2518
4009,2482,4060,2482,4060,2518,4009,2518
4073,2482,4199,2482,4199,2518,4073,2518
4214,2482,4260,2482,4260,2518,4214,2518
4265,2482,4367,2482,4367,2518,4265,2518
4384,2482,4455,2482,4455,2518,4384,2518
4465,2482,4529,2482,4529,2518,4465,2518
4547,2482,4598,2482,4598,2518,4547,2518
4610,2482,4706,2482,4706,2518,4610,2518
4718,2482,4871,2482,4871,2518,4718,2518
3900,2550,4173,2550,4173,2612,3900,2612
4582,2553,4618,2553,4618,2618,4582,2618
4640,2553,4711,2553,4711,2618,4640,2618
1095,2603,1103,2602,1105,2631,1097,2632
1116,2602,1124,2601,1126,2630,1118,2631
1137,2600,1145,2599,1147,2628,1139,2629
1164,2598,1172,2597,1174,2626,1166,2627
1188,2597,1196,2596,1198,2625,1190,2626
1212,2595,1220,2594,1222,2623,1214,2624
1236,2594,1244,2593,1246,2622,1238,2623
1260,2592,1268,2591,1270,2620,1262,2621
1281,2590,1334,2587,1336,2616,1283,2620
1355,2604,1361,2604,1361,2627,1355,2627
1379,2604,1385,2604,1385,2627,1379,2627
1403,2604,1409,2604,1409,2627,1403,2627
1424,2604,1430,2604,1430,2627,1424,2627
1448,2604,1454,2604,1454,2627,1448,2627
1496,2604,1502,2604,1502,2627,1496,2627
1520,2604,1526,2604,1526,2627,1520,2627
1542,2604,1548,2604,1548,2627,1542,2627
1639,2609,1643,2609,1643,2626,1639,2626
1662,2609,1666,2609,1666,2626,1662,2626
1686,2609,1690,2609,1690,2626,1686,2626
1709,2609,1713,2609,1713,2626,1709,2626
1732,2609,1736,2609,1736,2626,1732,2626
1756,2609,1760,2609,1760,2626,1756,2626
1781,2609,1785,2609,1785,2626,1781,2626
1804,2609,1808,2609,1808,2626,1804,2626
1828,2609,1832,2609,1832,2626,1828,2626
1559,2625,1591,2620,1596,2656,1564,2661
1599,2619,1608,2618,1613,2652,1604,2654
738,2747,738,2749,729,2749,729,2747
3903,2746,4061,2750,4060,2782,3902,2778
738,2783,738,2785,729,2785,729,2783
738,2821,738,2823,729,2823,729,2821
738,2859,738,2861,729,2861,729,2859
738,2896,738,2898,729,2898,729,2896
762,2973,762,2910,800,2910,800,2973
762,2904,762,2894,800,2894,800,2904
762,2888,762,2840,800,2840,800,2888
3766,2818,3806,2818,3806,2854,3766,2854
3766,2858,3829,2858,3829,2892,3766,2892
3767,2894,3831,2895,3831,2929,3767,2928
3768,2936,3802,2936,3802,2963,3768,2963
3769,2973,3803,2973,3803,3004,3769,3004
738,2934,738,2936,729,2936,729,2934
1362,2906,1620,2906,1620,2968,1362,2968
738,2972,738,2974,729,2974,729,2972
3885,2818,3895,2818,3895,2854,3885,2854
3903,2818,3980,2818,3980,2854,3903,2854
3997,2818,4106,2818,4106,2854,3997,2854
3882,2858,3891,2858,3891,2892,3882,2892
3899,2858,4011,2858,4011,2892,3899,2892
4026,2858,4113,2858,4113,2892,4026,2892
4131,2858,4211,2858,4211,2892,4131,2892
3883,2895,3892,2895,3892,2929,3883,2929
3906,2895,4012,2896,4012,2931,3906,2930
4032,2896,4134,2897,4134,2932,4032,2931
4144,2897,4259,2898,4259,2932,4144,2931
3881,2938,3889,2938,3889,2969,3881,2969
3899,2938,3978,2938,3978,2969,3899,2969
3985,2938,4103,2938,4103,2969,3985,2969
3875,2972,3884,2972,3884,3006,3875,3006
3897,2972,4014,2972,4014,3006,3897,3006
4026,2972,4175,2972,4175,3006,4026,3006
3879,3010,3888,3010,3888,3045,3879,3045
3901,3010,4010,3010,4010,3045,3901,3045
4019,3010,4028,3010,4028,3045,4019,3045
4031,3010,4081,3010,4081,3045,4031,3045
4095,3010,4358,3010,4358,3045,4095,3045
3881,3050,3889,3050,3889,3081,3881,3081
3899,3050,3973,3051,3973,3083,3899,3082
3990,3052,4024,3052,4024,3083,3990,3083
4036,3052,4176,3054,4176,3086,4036,3084
3878,3088,3887,3088,3887,3122,3878,3122
3899,3088,3993,3088,3993,3122,3899,3122
4006,3088,4125,3088,4125,3122,4006,3122
3878,3126,3887,3126,3887,3160,3878,3160
3900,3126,3969,3126,3969,3160,3900,3160
3976,3126,3985,3126,3985,3160,3976,3160
3989,3126,4065,3126,4065,3160,3989,3160
3875,3164,3885,3164,3885,3200,3875,3200
3889,3164,3981,3164,3981,3200,3889,3200
3986,3164,3996,3164,3996,3200,3986,3200
3996,3164,4077,3164,4077,3200,3996,3200
738,3010,738,3012,729,3012,729,3010
1100,3052,1100,3001,1132,3001,1132,3052
3766,3014,3807,3011,3809,3042,3768,3045
738,3048,738,3050,729,3050,729,3048
3764,3046,3809,3046,3809,3086,3764,3086
738,3085,738,3087,729,3087,729,3085
3763,3090,3807,3081,3815,3120,3771,3129
738,3123,738,3125,729,3125,729,3123
738,3161,738,3163,729,3163,729,3161
2448,3056,2516,3056,2516,3090,2448,3090
2522,3056,2553,3056,2553,3090,2522,3090
2567,3056,2735,3056,2735,3090,2567,3090
2740,3056,2784,3056,2784,3090,2740,3090
2800,3056,3029,3056,3029,3090,2800,3090
3043,3056,3218,3056,3218,3090,3043,3090
3232,3056,3263,3056,3263,3090,3232,3090
3279,3056,3332,3056,3332,3090,3279,3090
3343,3056,3352,3056,3352,3090,3343,3090
3361,3056,3380,3056,3380,3090,3361,3090
3397,3056,3500,3056,3500,3090,3397,3090
3517,3056,3542,3056,3542,3090,3517,3090
2443,3094,2553,3094,2553,3130,2443,3130
2567,3094,2587,3094,2587,3130,2567,3130
2601,3094,2746,3094,2746,3130,2601,3130
2766,3094,2776,3094,2776,3130,2766,3130
2781,3094,2791,3094,2791,3130,2781,3130
2792,3094,2802,3094,2802,3130,2792,3130
2817,3094,2940,3094,2940,3130,2817,3130
2949,3094,3000,3094,3000,3130,2949,3130
3007,3094,3208,3094,3208,3130,3007,3130
3223,3094,3289,3094,3289,3130,3223,3130
3294,3094,3346,3094,3346,3130,3294,3130
3362,3094,3471,3094,3471,3130,3362,3130
3481,3094,3515,3094,3515,3130,3481,3130
2442,3134,2621,3134,2621,3166,2442,3166
2638,3134,2667,3134,2667,3166,2638,3166
2686,3134,2694,3134,2694,3166,2686,3166
2699,3134,2707,3134,2707,3166,2699,3166
2710,3134,2889,3134,2889,3166,2710,3166
2894,3134,2902,3134,2902,3166,2894,3166
2440,3174,2494,3174,2494,3205,2440,3205
2508,3174,2664,3174,2664,3205,2508,3205
2679,3174,2738,3174,2738,3205,2679,3205
2750,3174,2875,3174,2875,3205,2750,3205
2880,3174,2888,3174,2888,3205,2880,3205
2901,3174,3002,3174,3002,3205,2901,3205
3019,3174,3047,3174,3047,3205,3019,3205
3056,3174,3064,3174,3064,3205,3056,3205
3063,3174,3071,3174,3071,3205,3063,3205
3073,3174,3275,3174,3275,3205,3073,3205
3283,3174,3332,3174,3332,3205,3283,3205
3352,3174,3536,3174,3536,3205,3352,3205
2444,3210,2511,3210,2511,3242,2444,3242
2519,3210,2615,3210,2615,3242,2519,3242
2631,3210,2639,3210,2639,3242,2631,3242
2658,3210,2707,3210,2707,3242,2658,3242
2726,3210,2836,3210,2836,3242,2726,3242
2839,3210,2847,3210,2847,3242,2839,3242
2864,3210,2936,3210,2936,3242,2864,3242
2947,3210,3127,3210,3127,3242,2947,3242
3142,3210,3178,3210,3178,3242,3142,3242
3188,3210,3280,3210,3280,3242,3188,3242
3299,3210,3350,3210,3350,3242,3299,3242
3365,3210,3467,3210,3467,3242,3365,3242
3488,3210,3534,3210,3534,3242,3488,3242
3551,3210,3574,3210,3574,3242,3551,3242
2446,3250,2492,3250,2492,3285,2446,3285
2507,3249,2633,3248,2633,3284,2507,3285
2644,3248,2684,3248,2684,3284,2644,3284
2695,3248,2808,3247,2808,3283,2695,3284
2825,3247,2834,3247,2834,3282,2825,3282
2839,3247,2848,3247,2848,3282,2839,3282
2848,3247,3024,3246,3024,3282,2848,3283
3034,3246,3043,3246,3043,3281,3034,3281
3764,3122,3809,3122,3809,3162,3764,3162
3761,3164,3814,3164,3814,3200,3761,3200
4491,3154,4500,3154,4500,3189,4491,3189
4502,3154,4679,3156,4679,3192,4502,3190
4695,3156,4721,3156,4721,3192,4695,3192
4732,3156,4855,3157,4855,3193,4732,3192
738,3199,738,3201,729,3201,729,3199
738,3237,738,3239,729,3239,729,3237
4490,3226,4498,3226,4498,3258,4490,3258
4509,3226,4616,3226,4616,3258,4509,3258
4634,3226,4658,3226,4658,3258,4634,3258
4667,3226,4730,3226,4730,3258,4667,3258
4734,3226,4742,3226,4742,3258,4734,3258
4742,3226,4866,3226,4866,3258,4742,3258
4506,3258,4591,3258,4591,3292,4506,3292
4613,3258,4622,3258,4622,3292,4613,3292
4641,3258,4650,3258,4650,3292,4641,3292
4655,3258,4664,3258,4664,3292,4655,3292
4668,3258,4693,3258,4693,3292,4668,3292
4714,3258,4723,3258,4723,3292,4714,3292
738,3274,738,3276,729,3276,729,3274
1315,3264,1363,3264,1363,3301,1315,3301
3582,3373,3626,3373,3626,3407,3582,3407
3999,3363,4100,3366,4099,3408,3998,3405
4112,3367,4123,3367,4122,3408,4111,3408
4286,3363,4343,3363,4343,3407,4286,3407
4346,3363,4358,3363,4358,3407,4346,3407
4362,3363,4419,3363,4419,3407,4362,3407
4418,3363,4430,3363,4430,3407,4418,3407
4432,3363,4532,3363,4532,3407,4432,3407
