3801,177,4449,177,4449,324,3801,324
3803,314,4442,314,4442,453,3803,453
4060,594,4517,594,4517,723,4060,723
1544,714,1798,714,1798,772,1544,772
1144,819,1144,769,1179,769,1179,819
2811,769,2811,838,2779,838,2779,769
2811,841,2811,849,2779,849,2779,841
2811,852,2811,902,2779,902,2779,852
2828,1010,2828,570,2851,570,2851,1010
4130,808,4214,808,4214,840,4130,840
4232,808,4273,808,4273,840,4232,840
4288,808,4472,808,4472,840,4288,840
2714,992,2752,994,2751,1018,2713,1016
4532,1040,4654,1040,4654,1074,4532,1074
2561,1096,2595,1096,2595,1143,2561,1143
1671,1143,1675,1143,1675,1161,1671,1161
1694,1143,1698,1143,1698,1161,1694,1161
1718,1143,1722,1143,1722,1161,1718,1161
1741,1143,1745,1143,1745,1161,1741,1161
2098,1147,2100,1147,2100,1159,2098,1159
2120,1147,2122,1147,2122,1159,2120,1159
2143,1147,2145,1147,2145,1159,2143,1159
2167,1147,2169,1147,2169,1159,2167,1159
2190,1147,2192,1147,2192,1159,2190,1159
2213,1147,2215,1147,2215,1159,2213,1159
2237,1147,2239,1147,2239,1159,2237,1159
2262,1147,2264,1147,2264,1159,2262,1159
2308,1147,2310,1147,2310,1159,2308,1159
2332,1147,2334,1147,2334,1159,2332,1159
2355,1147,2357,1147,2357,1159,2355,1159
2379,1147,2381,1147,2381,1159,2379,1159
2403,1147,2405,1147,2405,1159,2403,1159
2427,1147,2429,1147,2429,1159,2427,1159
2450,1147,2452,1147,2452,1159,2450,1159
2497,1147,2499,1147,2499,1159,2497,1159
2520,1147,2522,1147,2522,1159,2520,1159
2545,1147,2547,1147,2547,1159,2545,1159
2568,1147,2570,1147,2570,1159,2568,1159
2592,1147,2594,1147,2594,1159,2592,1159
1565,1149,1571,1149,1570,1174,1564,1174
1607,1151,1653,1153,1652,1179,1606,1177
4209,1241,4246,1241,4246,1270,4209,1270
4286,1241,4378,1241,4378,1270,4286,1270
1561,1311,1560,1303,1590,1301,1591,1309
1611,1288,1619,1288,1618,1317,1610,1317
1647,1289,1655,1289,1654,1318,1646,1318
1683,1290,1691,1290,1690,1319,1682,1319
1696,1291,1872,1298,1871,1327,1695,1320
4345,1304,4545,1304,4545,1344,4345,1344
4568,1304,4579,1304,4579,1344,4568,1344
4581,1304,4675,1304,4675,1344,4581,1344
1895,1400,1890,1406,1868,1386,1873,1381
1412,1412,1656,1412,1656,1476,1412,1476
2174,1418,2360,1415,2361,1474,2175,1477
2391,1415,2407,1415,2408,1473,2392,1473
2434,1413,2625,1410,2626,1469,2435,1472
1730,1454,1734,1454,1734,1471,1730,1471
1764,1454,1768,1454,1768,1471,1764,1471
1142,1503,1142,1455,1176,1455,1176,1503
1495,1506,1543,1506,1543,1540,1495,1540
2350,1506,2397,1506,2397,1539,2350,1539
1598,1626,1604,1626,1604,1649,1598,1649
1634,1625,1640,1625,1640,1648,1634,1648
1670,1624,1676,1624,1676,1647,1670,1647
1704,1630,1706,1630,1705,1640,1703,1640
1706,1623,1712,1623,1712,1646,1706,1646
1740,1623,1746,1623,1746,1646,1740,1646
1776,1622,1782,1622,1782,1645,1776,1645
1575,1638,1575,1641,1561,1641,1561,1638
1812,1621,1818,1621,1818,1644,1812,1644
4666,1547,4799,1547,4799,1632,4666,1632
4712,1663,4759,1663,4759,1747,4712,1747
1574,1671,1574,1674,1560,1674,1560,1671
3717,1547,3980,1547,3980,1632,3717,1632
4035,1547,4238,1547,4238,1632,4035,1632
4302,1547,4380,1547,4380,1632,4302,1632
4388,1547,4466,1547,4466,1632,4388,1632
4481,1547,4565,1547,4565,1632,4481,1632
3769,1669,3874,1669,3874,1743,3769,1743
3866,1669,3887,1669,3887,1743,3866,1743
3896,1669,3917,1669,3917,1743,3896,1743
4089,1666,4112,1667,4109,1748,4086,1747
4138,1668,4161,1669,4158,1750,4135,1749
4171,1669,4194,1670,4191,1751,4168,1750
4382,1667,4486,1667,4486,1747,4382,1747
4061,1795,4279,1795,4279,1876,4061,1876
4307,1795,4572,1795,4572,1876,4307,1876
1573,1706,1573,1709,1559,1709,1559,1706
1573,1742,1573,1745,1559,1745,1559,1742
1572,1778,1572,1781,1558,1781,1558,1778
1571,1811,1571,1814,1557,1814,1557,1811
1998,1850,1998,1797,2035,1797,2035,1850
1279,1842,1282,1842,1282,1857,1279,1857
1314,1842,1317,1842,1317,1857,1314,1857
1177,1912,1181,1952,1157,1955,1152,1915
1215,1914,1224,1913,1226,1947,1217,1948
1250,1912,1259,1911,1261,1945,1252,1946
1285,1910,1294,1909,1296,1943,1287,1944
1320,1908,1329,1907,1331,1941,1322,1942
1396,1931,1404,1937,1382,1965,1374,1959
1422,1951,1430,1957,1408,1985,1400,1979
1778,1916,1818,1906,1831,1958,1791,1968
1876,1891,1891,1887,1904,1940,1889,1943
1953,2031,1955,2031,1955,2043,1953,2043
1983,2031,1985,2031,1985,2043,1983,2043
2019,2030,2023,2030,2023,2047,2019,2047
2092,2021,2100,2021,2100,2051,2092,2051
2126,2021,2134,2021,2134,2051,2126,2051
2163,2021,2171,2021,2171,2051,2163,2051
2181,2021,2296,2021,2296,2051,2181,2051
2546,2058,2546,2064,2523,2064,2523,2058
3847,1975,4043,1975,4043,2021,3847,2021
4078,1975,4091,1975,4091,2021,4078,2021
4119,1975,4327,1975,4327,2021,4119,2021
3840,2047,4095,2047,4095,2093,3840,2093
3845,2119,3947,2119,3947,2165,3845,2165
3978,2119,4028,2119,4028,2165,3978,2165
4042,2119,4171,2119,4171,2165,4042,2165
4194,2119,4207,2119,4207,2165,4194,2165
4210,2119,4294,2119,4294,2165,4210,2165
2545,2096,2545,2102,2522,2102,2522,2096
4526,1977,4566,1977,4566,2021,4526,2021
4578,1977,4590,1977,4590,2021,4578,2021
4603,1977,4643,1977,4643,2021,4603,2021
4656,1977,4737,1977,4737,2021,4656,2021
4527,2046,4570,2046,4570,2093,4527,2093
4578,2046,4591,2046,4591,2093,4578,2093
4590,2046,4650,2046,4650,2093,4590,2093
4659,2046,4736,2046,4736,2093,4659,2093
4522,2121,4534,2121,4534,2165,4522,2165
4549,2121,4561,2121,4561,2165,4549,2165
4560,2121,4617,2121,4617,2165,4560,2165
4627,2121,4708,2121,4708,2165,4627,2165
4518,2191,4580,2191,4580,2239,4518,2239
4578,2191,4591,2191,4591,2239,4578,2239
4593,2191,4645,2191,4645,2239,4593,2239
4656,2191,4735,2191,4735,2239,4656,2239
2225,2112,2225,2115,2210,2115,2210,2112
2225,2146,2225,2149,2210,2149,2210,2146
1209,2120,1311,2120,1311,2183,1209,2183
1331,2120,1389,2120,1389,2183,1331,2183
1395,2120,1523,2120,1523,2183,1395,2183
1540,2120,1558,2120,1558,2183,1540,2183
1556,2120,1637,2120,1637,2183,1556,2183
2225,2181,2225,2184,2210,2184,2210,2181
1409,2180,1413,2180,1413,2198,1409,2198
1479,2180,1483,2180,1483,2198,1479,2198
1515,2180,1519,2180,1519,2198,1515,2198
1124,2181,1160,2174,1167,2209,1130,2215
1569,2209,1627,2208,1627,2218,1569,2219
1260,2221,1260,2216,1279,2215,1279,2220
2225,2216,2225,2219,2210,2219,2210,2216
2545,2132,2545,2138,2522,2138,2522,2132
2545,2166,2545,2172,2522,2172,2522,2166
2544,2202,2544,2208,2521,2208,2521,2202
2544,2238,2544,2244,2521,2244,2521,2238
2544,2271,2544,2277,2521,2277,2521,2271
2543,2307,2543,2313,2520,2313,2520,2307
2543,2343,2543,2349,2520,2349,2520,2343
1263,2275,1263,2270,1282,2269,1282,2274
1262,2257,1262,2252,1281,2251,1281,2256
2208,2292,2208,2288,2225,2289,2225,2293
2206,2327,2206,2323,2223,2324,2223,2328
2205,2362,2205,2358,2222,2359,2222,2363
2203,2396,2203,2392,2220,2393,2220,2397
1969,2383,1982,2383,1982,2431,1969,2431
1996,2383,2057,2383,2057,2431,1996,2431
2072,2383,2085,2383,2085,2431,2072,2431
2111,2383,2124,2383,2124,2431,2111,2431
2179,2385,2185,2384,2188,2409,2182,2410
2542,2380,2542,2423,2519,2423,2519,2380
3719,2482,3807,2482,3807,2518,3719,2518
3823,2482,3833,2482,3833,2518,3823,2518
3839,2482,3878,2482,3878,2518,3839,2518
3893,2482,3999,2482,3999,2518,3893,2518
4009,2482,4060,2482,4060,2518,4009,2518
4073,2482,4199,2482,4199,2518,4073,2518
4214,2482,4260,2482,4260,2518,4214,2518
4265,2482,4367,2482,4367,2518,4265,2518
4384,2482,4455,2482,4455,2518,4384,2518
4465,2482,4529,2482,4529,2518,4465,2518
4547,2482,4598,2482,4598,2518,4547,2518
4610,2482,4706,2482,4706,2518,4610,2518
4718,2482,4871,2482,4871,2518,4718,2518
2616,2531,2620,2531,2620,2548,2616,2548
2650,2530,2654,2530,2654,2547,2650,2547
2686,2530,2690,2530,2690,2547,2686,2547
2722,2530,2726,2530,2726,2547,2722,2547
2758,2529,2762,2529,2762,2546,2758,2546
2792,2529,2796,2529,2796,2546,2792,2546
3852,2553,4116,2553,4116,2597,3852,2597
4530,2541,4571,2541,4571,2615,4530,2615
4592,2541,4660,2541,4660,2615,4592,2615
3900,2746,4056,2746,4056,2777,3900,2777
3766,2818,3806,2818,3806,2854,3766,2854
3767,2854,3827,2855,3827,2891,3767,2890
3767,2894,3831,2895,3831,2929,3767,2928
3767,2937,3803,2935,3804,2960,3768,2962
3769,2973,3803,2973,3803,3004,3769,3004
3885,2818,3895,2818,3895,2854,3885,2854
3903,2818,3980,2818,3980,2854,3903,2854
3997,2818,4106,2818,4106,2854,3997,2854
3883,2855,3892,2855,3892,2890,3883,2890
3897,2855,4011,2856,4011,2892,3897,2891
4023,2856,4114,2857,4114,2893,4023,2892
4134,2857,4215,2858,4215,2894,4134,2893
3883,2895,3892,2895,3892,2929,3883,2929
3906,2895,4011,2896,4011,2931,3906,2930
4032,2896,4134,2897,4134,2932,4032,2931
4144,2897,4259,2898,4259,2932,4144,2931
3881,2938,3889,2938,3889,2969,3881,2969
3899,2938,3978,2938,3978,2969,3899,2969
3985,2938,4103,2938,4103,2969,3985,2969
3877,2972,3886,2972,3886,3006,3877,3006
3899,2972,4011,2972,4011,3006,3899,3006
4029,2972,4174,2972,4174,3006,4029,3006
3879,3010,3888,3010,3888,3045,3879,3045
3901,3010,4015,3010,4015,3045,3901,3045
4019,3010,4028,3010,4028,3045,4019,3045
4031,3010,4081,3010,4081,3045,4031,3045
4095,3010,4364,3010,4364,3045,4095,3045
3881,3050,3889,3050,3889,3081,3881,3081
3899,3050,3973,3051,3973,3083,3899,3082
3990,3052,4024,3052,4024,3083,3990,3083
4036,3052,4176,3054,4176,3086,4036,3084
3878,3088,3887,3088,3887,3122,3878,3122
3899,3088,3993,3088,3993,3122,3899,3122
4006,3088,4125,3088,4125,3122,4006,3122
3878,3128,3886,3128,3886,3160,3878,3160
3898,3128,3968,3128,3968,3160,3898,3160
3978,3128,3986,3128,3986,3160,3978,3160
3985,3128,4065,3128,4065,3160,3985,3160
3875,3164,3885,3164,3885,3200,3875,3200
3889,3164,3981,3164,3981,3200,3889,3200
3986,3164,3996,3164,3996,3200,3986,3200
3996,3164,4077,3164,4077,3200,3996,3200
3766,3014,3807,3011,3809,3042,3768,3045
2448,3058,2513,3058,2513,3093,2448,3093
2525,3058,2551,3058,2551,3093,2525,3093
2572,3057,2736,3056,2736,3092,2572,3093
2742,3057,2783,3057,2783,3092,2742,3092
2799,3056,3031,3055,3031,3091,2799,3092
3046,3055,3218,3054,3218,3090,3046,3091
3233,3055,3265,3055,3265,3090,3233,3090
3276,3055,3332,3055,3332,3090,3276,3090
3343,3055,3352,3055,3352,3090,3343,3090
3361,3055,3381,3055,3381,3090,3361,3090
3400,3054,3502,3054,3502,3089,3400,3089
3514,3054,3546,3054,3546,3089,3514,3089
2440,3096,2553,3096,2553,3128,2440,3128
2564,3096,2587,3096,2587,3128,2564,3128
2601,3096,2745,3096,2745,3128,2601,3128
2767,3096,2775,3096,2775,3128,2767,3128
2780,3096,2788,3096,2788,3128,2780,3128
2790,3096,2798,3096,2798,3128,2790,3128
2812,3096,2938,3096,2938,3128,2812,3128
2947,3096,2998,3096,2998,3128,2947,3128
3006,3096,3208,3096,3208,3128,3006,3128
3223,3096,3288,3096,3288,3128,3223,3128
3297,3096,3348,3096,3348,3128,3297,3128
3364,3096,3468,3096,3468,3128,3364,3128
3479,3096,3515,3096,3515,3128,3479,3128
2442,3134,2621,3134,2621,3166,2442,3166
2638,3134,2667,3134,2667,3166,2638,3166
2686,3134,2694,3134,2694,3166,2686,3166
2699,3134,2707,3134,2707,3166,2699,3166
2710,3134,2889,3134,2889,3166,2710,3166
2894,3134,2902,3134,2902,3166,2894,3166
2440,3174,2494,3174,2494,3205,2440,3205
2508,3174,2664,3174,2664,3205,2508,3205
2679,3174,2738,3174,2738,3205,2679,3205
2750,3174,2875,3174,2875,3205,2750,3205
2880,3174,2888,3174,2888,3205,2880,3205
2901,3174,3002,3174,3002,3205,2901,3205
3019,3174,3047,3174,3047,3205,3019,3205
3056,3174,3064,3174,3064,3205,3056,3205
3063,3174,3071,3174,3071,3205,3063,3205
3073,3174,3275,3174,3275,3205,3073,3205
3283,3174,3332,3174,3332,3205,3283,3205
3347,3174,3536,3174,3536,3205,3347,3205
2444,3210,2511,3210,2511,3242,2444,3242
2519,3210,2615,3210,2615,3242,2519,3242
2631,3210,2639,3210,2639,3242,2631,3242
2658,3210,2707,3210,2707,3242,2658,3242
2724,3210,2836,3210,2836,3242,2724,3242
2839,3210,2847,3210,2847,3242,2839,3242
2864,3210,2936,3210,2936,3242,2864,3242
2947,3210,3127,3210,3127,3242,2947,3242
3142,3210,3178,3210,3178,3242,3142,3242
3188,3210,3280,3210,3280,3242,3188,3242
3299,3210,3350,3210,3350,3242,3299,3242
3365,3210,3472,3210,3472,3242,3365,3242
3487,3210,3533,3210,3533,3242,3487,3242
3551,3210,3574,3210,3574,3242,3551,3242
2446,3250,2492,3250,2492,3285,2446,3285
2507,3249,2633,3248,2633,3284,2507,3285
2644,3248,2684,3248,2684,3284,2644,3284
2695,3248,2808,3247,2808,3283,2695,3284
2825,3247,2834,3247,2834,3282,2825,3282
2839,3247,2848,3247,2848,3282,2839,3282
2848,3247,3024,3246,3024,3282,2848,3283
3032,3246,3041,3246,3041,3281,3032,3281
3764,3046,3809,3046,3809,3086,3764,3086
3766,3084,3811,3084,3811,3124,3766,3124
3764,3122,3809,3122,3809,3162,3764,3162
3761,3164,3814,3164,3814,3200,3761,3200
4486,3156,4496,3156,4496,3192,4486,3192
4501,3156,4679,3156,4679,3192,4501,3192
4691,3156,4725,3156,4725,3192,4691,3192
4731,3156,4852,3156,4852,3192,4731,3192
4488,3224,4497,3224,4497,3258,4488,3258
4509,3224,4618,3224,4618,3258,4509,3258
4629,3224,4660,3224,4660,3258,4629,3258
4666,3224,4727,3224,4727,3258,4666,3258
4733,3224,4742,3224,4742,3258,4733,3258
4741,3224,4867,3224,4867,3258,4741,3258
4509,3254,4588,3254,4588,3289,4509,3289
4609,3254,4618,3254,4618,3289,4609,3289
4642,3254,4651,3254,4651,3289,4642,3289
4656,3254,4665,3254,4665,3289,4656,3289
4664,3254,4696,3254,4696,3289,4664,3289
4714,3254,4723,3254,4723,3289,4714,3289
3582,3373,3626,3373,3626,3407,3582,3407
3997,3362,4097,3362,4097,3408,3997,3408
4107,3362,4120,3362,4120,3408,4107,3408
4290,3363,4338,3363,4338,3407,4290,3407
4348,3363,4360,3363,4360,3407,4348,3407
4366,3363,4415,3363,4415,3407,4366,3407
4420,3363,4432,3363,4432,3407,4420,3407
4434,3363,4534,3363,4534,3407,4434,3407
