3801,177,4449,177,4449,324,3801,324
3803,314,4442,314,4442,453,3803,453
1958,565,1966,565,1966,594,1958,594
1997,565,2005,565,2005,594,1997,594
2015,565,2023,565,2023,594,2015,594
2030,565,2038,565,2038,594,2030,594
2076,576,2076,580,2059,580,2059,576
2131,569,2131,575,2108,575,2108,569
2131,617,2131,623,2108,623,2108,617
2131,641,2131,647,2108,647,2108,641
2076,610,2076,614,2059,614,2059,610
2202,618,2202,614,2219,614,2219,618
2201,594,2201,600,2177,600,2177,594
2201,616,2201,622,2177,622,2177,616
2201,641,2201,647,2177,647,2177,641
2201,664,2201,670,2177,670,2177,664
2201,686,2201,692,2177,692,2177,686
2076,646,2076,650,2059,650,2059,646
2203,651,2203,647,2220,647,2220,651
2591,646,2591,649,2577,648,2577,645
4060,594,4517,594,4517,723,4060,723
1855,684,1863,684,1865,714,1857,715
1891,682,1899,682,1901,712,1893,713
1958,677,1966,677,1968,707,1960,708
1993,675,2001,675,2003,705,1995,706
2031,673,2039,673,2041,703,2033,704
2037,669,2193,657,2195,688,2039,700
2204,699,2204,695,2221,695,2221,699
1937,701,1937,706,1918,706,1918,701
2504,711,2504,717,2481,717,2481,711
1936,735,1936,740,1917,740,1917,735
2579,757,2579,754,2593,754,2593,757
2504,759,2504,765,2481,765,2481,759
1936,769,1936,774,1917,774,1917,769
2580,793,2580,790,2594,790,2594,793
2504,795,2504,801,2481,801,2481,795
1935,805,1935,810,1916,810,1916,805
974,806,1024,806,1024,841,974,841
4130,808,4214,808,4214,840,4130,840
4232,808,4273,808,4273,840,4232,840
4288,808,4472,808,4472,840,4288,840
2582,829,2582,826,2596,826,2596,829
2504,829,2504,835,2481,835,2481,829
1821,834,1825,834,1825,851,1821,851
1855,833,1859,833,1859,850,1855,850
1889,833,1893,833,1893,850,1889,850
1922,832,1926,832,1926,849,1922,849
2856,1035,2856,1026,2890,1026,2890,1035
2856,1000,2856,991,2890,991,2890,1000
2856,965,2856,956,2890,956,2890,965
2856,930,2856,921,2890,921,2890,930
2856,895,2856,886,2890,886,2890,895
2856,856,2856,847,2890,847,2890,856
2856,821,2856,812,2890,812,2890,821
2856,786,2856,777,2890,777,2890,786
2856,751,2856,742,2890,742,2890,751
2856,716,2856,707,2890,707,2890,716
2856,685,2856,676,2890,676,2890,685
2504,865,2504,871,2481,871,2481,865
1128,887,1128,883,1144,883,1144,887
1148,916,1148,868,1181,868,1181,916
2504,901,2504,907,2481,907,2481,901
1819,905,1823,905,1823,922,1819,922
1854,905,1858,905,1858,922,1854,922
1890,905,1894,905,1894,922,1890,922
1935,912,1935,917,1916,917,1916,912
851,898,944,898,944,961,851,961
1035,902,1152,902,1152,953,1035,953
2504,934,2504,940,2481,940,2481,934
1935,946,1935,951,1916,951,1916,946
2504,970,2504,976,2481,976,2481,970
1252,981,1252,985,1236,985,1236,981
1935,982,1935,987,1916,987,1916,982
944,990,946,990,946,1000,944,1000
978,988,980,988,980,1000,978,1000
1015,988,1017,988,1017,1000,1015,1000
1050,988,1052,988,1052,1000,1050,1000
1085,989,1087,989,1087,1000,1085,1000
2504,1006,2504,1012,2481,1012,2481,1006
1252,1017,1252,1021,1236,1021,1236,1017
1369,1019,1660,1019,1660,1067,1369,1067
1252,1053,1252,1057,1236,1057,1236,1053
1775,1052,1775,1056,1757,1056,1757,1052
1997,1046,2003,1046,2003,1069,1997,1069
2031,1046,2037,1046,2037,1069,2031,1069
2067,1045,2073,1045,2073,1068,2067,1068
2103,1045,2109,1045,2109,1068,2103,1068
2139,1045,2145,1045,2145,1068,2139,1068
2172,1044,2178,1044,2178,1067,2172,1067
2208,1044,2214,1044,2214,1067,2208,1067
2244,1044,2250,1044,2250,1067,2244,1067
2280,1044,2286,1044,2286,1067,2280,1067
2350,1043,2356,1043,2356,1066,2350,1066
2386,1043,2392,1043,2392,1066,2386,1066
2422,1042,2428,1042,2428,1065,2422,1065
2456,1042,2462,1042,2462,1065,2456,1065
3917,1041,4026,1041,4026,1079,3917,1079
4532,1040,4654,1040,4654,1074,4532,1074
2591,1062,2597,1062,2597,1087,2591,1087
2622,1062,2628,1062,2628,1087,2622,1087
2658,1062,2664,1062,2664,1087,2658,1087
2695,1062,2701,1062,2701,1087,2695,1087
2728,1062,2734,1062,2734,1087,2728,1087
2765,1062,2771,1062,2771,1087,2765,1087
2801,1062,2807,1062,2807,1087,2801,1087
2835,1062,2841,1062,2841,1087,2835,1087
2856,1077,2856,1068,2890,1068,2890,1077
1775,1086,1775,1090,1757,1090,1757,1086
1252,1089,1252,1093,1236,1093,1236,1089
1775,1123,1775,1127,1757,1127,1757,1123
1252,1141,1252,1145,1236,1145,1236,1141
984,1135,993,1134,995,1168,986,1169
1051,1131,1060,1130,1062,1164,1053,1165
1089,1128,1126,1126,1128,1160,1091,1162
1775,1157,1775,1161,1757,1161,1757,1157
1086,1176,1208,1059,1224,1076,1102,1193
1357,1187,1360,1187,1360,1202,1357,1202
1392,1187,1395,1187,1395,1202,1392,1202
1427,1187,1430,1187,1430,1202,1427,1202
1518,1190,1566,1188,1567,1209,1519,1211
1599,1188,1604,1188,1605,1209,1600,1209
1634,1186,1639,1186,1640,1207,1635,1207
1669,1185,1674,1185,1675,1206,1670,1206
1705,1183,1710,1183,1711,1204,1706,1204
1224,1195,1224,1216,1201,1216,1201,1195
1224,1240,1224,1246,1201,1246,1201,1240
2329,1197,2517,1197,2517,1245,2329,1245
2544,1197,2557,1197,2557,1245,2544,1245
2588,1197,2775,1197,2775,1245,2588,1245
4209,1241,4246,1241,4246,1270,4209,1270
4286,1241,4378,1241,4378,1270,4286,1270
1224,1276,1224,1282,1201,1282,1201,1276
2270,1331,2270,1273,2307,1273,2307,1331
1224,1312,1224,1318,1201,1318,1201,1312
4345,1304,4545,1304,4545,1344,4345,1344
4568,1304,4579,1304,4579,1344,4568,1344
4581,1304,4675,1304,4675,1344,4581,1344
1224,1345,1224,1351,1201,1351,1201,1345
1224,1381,1224,1387,1201,1387,1201,1381
1215,1407,1219,1407,1219,1424,1215,1424
1249,1408,1253,1408,1253,1425,1249,1425
1283,1409,1287,1409,1287,1426,1283,1426
1224,1420,1224,1426,1201,1426,1201,1420
1423,1414,1425,1414,1425,1426,1423,1426
1459,1414,1461,1414,1461,1426,1459,1426
1128,1466,1168,1462,1172,1502,1132,1506
1832,1468,1881,1468,1881,1502,1832,1502
2585,1473,2628,1473,2628,1503,2585,1503
1011,1562,1253,1562,1253,1620,1011,1620
1277,1562,1293,1562,1293,1620,1277,1620
1690,1567,1934,1567,1934,1615,1690,1615
1956,1567,1969,1567,1969,1615,1956,1615
1503,1599,1503,1601,1492,1601,1492,1599
771,1644,771,1595,799,1595,799,1644
2054,1642,2054,1597,2092,1597,2092,1642
1503,1634,1503,1636,1492,1636,1492,1634
1503,1670,1503,1672,1492,1672,1492,1670
1503,1704,1503,1706,1492,1706,1492,1704
1352,1743,1354,1743,1354,1754,1352,1754
1387,1742,1389,1742,1389,1753,1387,1753
1422,1741,1424,1741,1424,1752,1422,1752
1456,1740,1458,1740,1458,1751,1456,1751
1458,1740,1462,1740,1462,1751,1458,1751
1182,1800,1230,1808,1226,1833,1178,1825
1174,1835,1234,1843,1231,1869,1171,1861
782,1953,786,1953,786,1970,782,1970
845,1953,849,1953,849,1970,845,1970
881,1954,885,1954,885,1971,881,1971
917,1954,921,1954,921,1971,917,1971
951,1954,955,1954,955,1971,951,1971
987,1954,991,1954,991,1971,987,1971
1023,1954,1027,1954,1027,1971,1023,1971
1057,1955,1061,1955,1061,1972,1057,1972
1093,1955,1097,1955,1097,1972,1093,1972
1196,1971,1200,1971,1199,1988,1195,1988
1216,1972,1220,1972,1219,1989,1215,1989
1234,1973,1238,1973,1237,1990,1233,1990
2652,1957,2661,1957,2662,1991,2653,1991
2704,1956,2713,1956,2714,1990,2705,1990
3717,1547,3980,1547,3980,1632,3717,1632
4035,1547,4238,1547,4238,1632,4035,1632
4302,1547,4380,1547,4380,1632,4302,1632
4399,1547,4463,1547,4463,1632,4399,1632
4481,1547,4565,1547,4565,1632,4481,1632
4666,1547,4797,1547,4797,1632,4666,1632
3769,1669,3874,1669,3874,1743,3769,1743
3866,1669,3887,1669,3887,1743,3866,1743
3896,1669,3917,1669,3917,1743,3896,1743
4087,1690,4107,1689,4109,1758,4089,1759
4136,1689,4156,1688,4158,1757,4138,1758
4171,1688,4191,1687,4193,1756,4173,1757
4384,1680,4492,1677,4494,1747,4386,1750
4706,1670,4769,1668,4771,1737,4708,1739
4064,1795,4283,1792,4284,1865,4065,1868
4302,1791,4572,1787,4573,1860,4303,1864
3851,1882,4043,1882,4043,1936,3851,1936
4080,1882,4095,1882,4095,1936,4080,1936
4126,1882,4323,1882,4323,1936,4126,1936
4522,1885,4566,1885,4566,1933,4522,1933
4578,1885,4591,1885,4591,1933,4578,1933
4593,1885,4645,1885,4645,1933,4593,1933
4656,1885,4735,1885,4735,1933,4656,1933
3842,1959,4096,1959,4096,2007,3842,2007
4128,1959,4141,1959,4141,2007,4128,2007
4525,1959,4575,1959,4575,2005,4525,2005
4576,1959,4589,1959,4589,2005,4576,2005
4589,1959,4648,1959,4648,2005,4589,2005
4656,1959,4731,1959,4731,2005,4656,2005
3846,2033,4093,2033,4093,2077,3846,2077
4127,2033,4139,2033,4139,2077,4127,2077
4525,2029,4539,2029,4539,2079,4525,2079
4546,2029,4560,2029,4560,2079,4546,2079
4570,2029,4607,2029,4607,2079,4570,2079
4628,2029,4702,2029,4702,2079,4628,2079
3845,2103,3947,2103,3947,2149,3845,2149
3978,2103,4028,2103,4028,2149,3978,2149
4042,2103,4171,2103,4171,2149,4042,2149
4523,2102,4536,2102,4536,2149,4523,2149
4547,2102,4560,2102,4560,2149,4547,2149
4563,2102,4606,2102,4606,2149,4563,2149
4628,2102,4705,2102,4705,2149,4628,2149
3843,2170,4145,2170,4145,2232,3843,2232
4525,2172,4539,2172,4539,2221,4525,2221
4550,2172,4564,2172,4564,2221,4550,2221
4567,2172,4612,2172,4612,2221,4567,2221
4631,2172,4703,2172,4703,2221,4631,2221
3839,2242,3928,2242,3928,2296,3839,2296
4529,2247,4542,2247,4542,2293,4529,2293
4548,2247,4561,2247,4561,2293,4548,2293
4562,2247,4613,2247,4613,2293,4562,2293
4627,2247,4703,2247,4703,2293,4627,2293
4517,2314,4576,2314,4576,2368,4517,2368
4577,2314,4592,2314,4592,2368,4577,2368
4596,2314,4646,2314,4646,2368,4596,2368
4655,2314,4734,2314,4734,2368,4655,2368
2753,1955,2762,1955,2763,1989,2754,1989
2797,1953,2828,1952,2829,1987,2798,1988
1264,1974,1268,1974,1267,1991,1263,1991
1288,1975,1292,1975,1291,1992,1287,1992
1309,1976,1313,1976,1312,1993,1308,1993
1592,1981,1593,1981,1593,1989,1592,1989
1615,1981,1616,1981,1616,1989,1615,1989
2283,1980,2285,1980,2285,1991,2283,1991
2303,1980,2305,1980,2305,1991,2303,1991
2327,1980,2329,1980,2329,1991,2327,1991
2351,1980,2353,1980,2353,1991,2351,1991
2375,1980,2377,1980,2377,1991,2375,1991
2399,1980,2401,1980,2401,1991,2399,1991
2422,1980,2424,1980,2424,1991,2422,1991
2446,1980,2448,1980,2448,1991,2446,1991
2470,1980,2472,1980,2472,1991,2470,1991
2493,1980,2495,1980,2495,1991,2493,1991
2516,1980,2518,1980,2518,1991,2516,1991
2540,1980,2542,1980,2542,1991,2540,1991
2563,1980,2565,1980,2565,1991,2563,1991
2587,1980,2589,1980,2589,1991,2587,1991
1215,2002,1254,2000,1254,2009,1215,2011
1661,1995,1698,2005,1692,2027,1655,2017
2535,2009,2575,2004,2577,2018,2537,2023
2159,2031,2223,2034,2222,2044,2159,2041
2946,2117,2983,2118,2982,2147,2945,2146
2995,2118,3081,2121,3080,2150,2994,2147
3065,2164,3065,2166,3055,2166,3055,2164
3065,2191,3065,2193,3055,2193,3055,2191
3065,2229,3065,2231,3055,2231,3055,2229
3065,2266,3065,2268,3055,2268,3055,2266
3065,2305,3065,2307,3055,2307,3055,2305
1429,2345,1433,2308,1467,2312,1463,2349
1552,2110,1552,2592,1504,2592,1504,2110
2070,2302,2086,2302,2087,2360,2071,2360
2167,2300,2421,2295,2422,2354,2168,2359
3037,2262,3037,2326,3004,2326,3004,2262
3037,2330,3037,2339,3004,2339,3004,2330
3037,2342,3037,2389,3004,2389,3004,2342
3065,2342,3065,2344,3055,2344,3055,2342
3065,2380,3065,2382,3055,2382,3055,2380
3065,2418,3065,2420,3055,2420,3055,2418
3065,2455,3065,2457,3055,2457,3055,2455
3517,2437,3528,2445,3500,2483,3489,2475
3556,2465,3567,2473,3539,2511,3528,2503
3065,2493,3065,2495,3055,2495,3055,2493
3719,2482,3807,2482,3807,2518,3719,2518
3823,2482,3833,2482,3833,2518,3823,2518
3839,2482,3878,2482,3878,2518,3839,2518
3893,2482,3999,2482,3999,2518,3893,2518
4009,2482,4060,2482,4060,2518,4009,2518
4073,2482,4199,2482,4199,2518,4073,2518
4214,2482,4260,2482,4260,2518,4214,2518
4265,2482,4367,2482,4367,2518,4265,2518
4384,2482,4455,2482,4455,2518,4384,2518
4465,2482,4529,2482,4529,2518,4465,2518
4547,2482,4598,2482,4598,2518,4547,2518
4610,2482,4706,2482,4706,2518,4610,2518
4718,2482,4871,2482,4871,2518,4718,2518
3065,2531,3065,2533,3055,2533,3055,2531
3848,2545,4117,2545,4117,2591,3848,2591
4533,2533,4574,2533,4574,2607,4533,2607
4584,2533,4665,2533,4665,2607,4584,2607
3903,2746,4061,2750,4060,2782,3902,2778
3766,2818,3806,2818,3806,2854,3766,2854
3767,2854,3827,2855,3827,2891,3767,2890
3767,2894,3831,2895,3831,2929,3767,2928
3767,2937,3803,2935,3804,2960,3768,2962
3769,2973,3803,2973,3803,3004,3769,3004
3885,2818,3895,2818,3895,2854,3885,2854
3903,2818,3980,2818,3980,2854,3903,2854
3997,2818,4106,2818,4106,2854,3997,2854
3883,2855,3892,2855,3892,2890,3883,2890
3897,2855,4011,2856,4011,2892,3897,2891
4023,2856,4114,2857,4114,2893,4023,2892
4134,2857,4215,2858,4215,2894,4134,2893
3883,2895,3892,2895,3892,2929,3883,2929
3906,2895,4011,2896,4011,2931,3906,2930
4032,2896,4134,2897,4134,2932,4032,2931
4144,2897,4259,2898,4259,2932,4144,2931
3881,2938,3889,2938,3889,2969,3881,2969
3899,2938,3978,2938,3978,2969,3899,2969
3985,2938,4103,2938,4103,2969,3985,2969
3877,2972,3886,2972,3886,3006,3877,3006
3899,2972,4011,2972,4011,3006,3899,3006
4029,2972,4174,2972,4174,3006,4029,3006
3879,3010,3888,3010,3888,3045,3879,3045
3901,3010,4010,3010,4010,3045,3901,3045
4019,3010,4028,3010,4028,3045,4019,3045
4031,3010,4081,3010,4081,3045,4031,3045
4095,3010,4358,3010,4358,3045,4095,3045
3881,3050,3889,3050,3889,3081,3881,3081
3899,3050,3973,3051,3973,3083,3899,3082
3990,3052,4024,3052,4024,3083,3990,3083
4036,3052,4176,3054,4176,3086,4036,3084
3878,3088,3887,3088,3887,3122,3878,3122
3899,3088,3993,3088,3993,3122,3899,3122
4006,3088,4125,3088,4125,3122,4006,3122
3878,3128,3886,3128,3886,3160,3878,3160
3898,3128,3968,3128,3968,3160,3898,3160
3978,3128,3986,3128,3986,3160,3978,3160
3985,3128,4065,3128,4065,3160,3985,3160
3875,3164,3885,3164,3885,3200,3875,3200
3889,3164,3981,3164,3981,3200,3889,3200
3986,3164,3996,3164,3996,3200,3986,3200
3996,3164,4077,3164,4077,3200,3996,3200
3766,3014,3807,3011,3809,3042,3768,3045
3764,3046,3809,3046,3809,3086,3764,3086
3766,3084,3811,3084,3811,3124,3766,3124
3764,3122,3809,3122,3809,3162,3764,3162
3761,3164,3814,3164,3814,3200,3761,3200
4307,3129,4308,3129,4308,3136,4307,3136
4331,3129,4332,3129,4332,3136,4331,3136
4355,3129,4356,3129,4356,3136,4355,3136
2448,3058,2513,3058,2513,3093,2448,3093
2525,3058,2551,3058,2551,3093,2525,3093
2572,3057,2736,3056,2736,3092,2572,3093
2742,3057,2783,3057,2783,3092,2742,3092
2799,3056,3031,3055,3031,3091,2799,3092
3046,3055,3218,3054,3218,3090,3046,3091
3233,3055,3265,3055,3265,3090,3233,3090
3276,3055,3332,3055,3332,3090,3276,3090
3343,3055,3352,3055,3352,3090,3343,3090
3361,3055,3381,3055,3381,3090,3361,3090
3400,3054,3502,3054,3502,3089,3400,3089
3514,3054,3546,3054,3546,3089,3514,3089
2440,3096,2553,3096,2553,3128,2440,3128
2564,3096,2587,3096,2587,3128,2564,3128
2601,3096,2745,3096,2745,3128,2601,3128
2767,3096,2775,3096,2775,3128,2767,3128
2780,3096,2788,3096,2788,3128,2780,3128
2790,3096,2798,3096,2798,3128,2790,3128
2812,3096,2938,3096,2938,3128,2812,3128
2947,3096,2998,3096,2998,3128,2947,3128
3006,3096,3208,3096,3208,3128,3006,3128
3223,3096,3288,3096,3288,3128,3223,3128
3297,3096,3348,3096,3348,3128,3297,3128
3364,3096,3468,3096,3468,3128,3364,3128
3479,3096,3515,3096,3515,3128,3479,3128
2442,3134,2621,3134,2621,3166,2442,3166
2638,3134,2667,3134,2667,3166,2638,3166
2686,3134,2694,3134,2694,3166,2686,3166
2699,3134,2707,3134,2707,3166,2699,3166
2710,3134,2889,3134,2889,3166,2710,3166
2894,3134,2902,3134,2902,3166,2894,3166
2440,3174,2494,3174,2494,3205,2440,3205
2508,3174,2664,3174,2664,3205,2508,3205
2679,3174,2738,3174,2738,3205,2679,3205
2750,3174,2875,3174,2875,3205,2750,3205
2880,3174,2888,3174,2888,3205,2880,3205
2901,3174,3002,3174,3002,3205,2901,3205
3019,3174,3047,3174,3047,3205,3019,3205
3056,3174,3064,3174,3064,3205,3056,3205
3063,3174,3071,3174,3071,3205,3063,3205
3073,3174,3275,3174,3275,3205,3073,3205
3283,3174,3332,3174,3332,3205,3283,3205
3347,3174,3536,3174,3536,3205,3347,3205
2444,3210,2511,3210,2511,3242,2444,3242
2519,3210,2615,3210,2615,3242,2519,3242
2631,3210,2639,3210,2639,3242,2631,3242
2658,3210,2707,3210,2707,3242,2658,3242
2724,3210,2836,3210,2836,3242,2724,3242
2839,3210,2847,3210,2847,3242,2839,3242
2864,3210,2936,3210,2936,3242,2864,3242
2947,3210,3127,3210,3127,3242,2947,3242
3142,3210,3178,3210,3178,3242,3142,3242
3188,3210,3280,3210,3280,3242,3188,3242
3299,3210,3350,3210,3350,3242,3299,3242
3365,3210,3472,3210,3472,3242,3365,3242
3487,3210,3533,3210,3533,3242,3487,3242
3551,3210,3574,3210,3574,3242,3551,3242
2446,3250,2492,3250,2492,3285,2446,3285
2507,3249,2633,3248,2633,3284,2507,3285
2644,3248,2684,3248,2684,3284,2644,3284
2695,3248,2808,3247,2808,3283,2695,3284
2825,3247,2834,3247,2834,3282,2825,3282
2839,3247,2848,3247,2848,3282,2839,3282
2848,3247,3024,3246,3024,3282,2848,3283
3032,3246,3041,3246,3041,3281,3032,3281
4379,3129,4380,3129,4380,3136,4379,3136
4490,3159,4499,3159,4499,3193,4490,3193
4504,3159,4679,3159,4679,3193,4504,3193
4695,3159,4720,3159,4720,3193,4695,3193
4732,3159,4854,3159,4854,3193,4732,3193
4488,3226,4496,3226,4496,3258,4488,3258
4507,3226,4619,3226,4619,3258,4507,3258
4630,3226,4660,3226,4660,3258,4630,3258
4669,3226,4728,3226,4728,3258,4669,3258
4732,3226,4740,3226,4740,3258,4732,3258
4743,3226,4869,3226,4869,3258,4743,3258
4503,3258,4594,3258,4594,3292,4503,3292
4611,3258,4620,3258,4620,3292,4611,3292
4639,3258,4648,3258,4648,3292,4639,3292
4653,3258,4662,3258,4662,3292,4653,3292
4665,3258,4696,3258,4696,3292,4665,3292
4713,3258,4722,3258,4722,3292,4713,3292
3582,3373,3626,3373,3626,3407,3582,3407
3997,3362,4097,3362,4097,3408,3997,3408
4107,3362,4120,3362,4120,3408,4107,3408
4286,3363,4343,3363,4343,3407,4286,3407
4346,3363,4358,3363,4358,3407,4346,3407
4362,3363,4419,3363,4419,3407,4362,3407
4418,3363,4430,3363,4430,3407,4418,3407
4432,3363,4532,3363,4532,3407,4432,3407
