3801,177,4449,177,4449,324,3801,324
3803,314,4442,314,4442,453,3803,453
4060,594,4517,594,4517,723,4060,723
1604,762,1854,762,1854,824,1604,824
1198,859,1198,812,1230,812,1230,859
4130,808,4214,808,4214,840,4130,840
4232,808,4273,808,4273,840,4232,840
4288,808,4472,808,4472,840,4288,840
2865,821,2865,887,2829,887,2829,821
2865,891,2865,901,2829,901,2829,891
2865,905,2865,951,2829,951,2829,905
2768,1035,2804,1035,2804,1074,2768,1074
2835,1035,2846,1035,2846,1074,2835,1074
4532,1040,4654,1040,4654,1074,4532,1074
2612,1161,2650,1159,2651,1183,2613,1185
1770,1195,1774,1195,1774,1212,1770,1212
1794,1195,1798,1195,1798,1212,1794,1212
1819,1195,1823,1195,1823,1212,1819,1212
1842,1195,1846,1195,1846,1212,1842,1212
2150,1197,2152,1197,2152,1208,2150,1208
2173,1197,2175,1197,2175,1208,2173,1208
2196,1197,2198,1197,2198,1208,2196,1208
2220,1197,2222,1197,2222,1208,2220,1208
2244,1197,2246,1197,2246,1208,2244,1208
2266,1197,2268,1197,2268,1208,2266,1208
2290,1197,2292,1197,2292,1208,2290,1208
2314,1197,2316,1197,2316,1208,2314,1208
2457,1193,2461,1193,2461,1210,2457,1210
2480,1194,2484,1194,2484,1211,2480,1211
2504,1194,2508,1194,2508,1211,2504,1211
2361,1197,2363,1197,2363,1208,2361,1208
2385,1197,2387,1197,2387,1208,2385,1208
2335,1212,2391,1212,2391,1226,2335,1226
2525,1195,2529,1195,2529,1212,2525,1212
2552,1195,2556,1195,2556,1212,2552,1212
2576,1195,2580,1195,2580,1212,2576,1212
2599,1196,2603,1196,2603,1213,2599,1213
2623,1196,2627,1196,2627,1213,2623,1213
2646,1197,2650,1197,2650,1214,2646,1214
2669,1197,2673,1197,2673,1214,2669,1214
1613,1233,1622,1227,1644,1263,1635,1269
1643,1215,1696,1183,1718,1219,1665,1251
1733,1160,1759,1144,1780,1180,1755,1196
4209,1241,4246,1241,4246,1270,4209,1270
4286,1241,4378,1241,4378,1270,4286,1270
4345,1304,4545,1304,4545,1344,4345,1344
4568,1304,4579,1304,4579,1344,4568,1344
4581,1304,4675,1304,4675,1344,4581,1344
1706,1341,1712,1341,1711,1365,1705,1365
1738,1343,1744,1343,1743,1367,1737,1367
1773,1345,1779,1345,1778,1369,1772,1369
1468,1472,1707,1476,1706,1519,1467,1515
1746,1477,1757,1477,1756,1519,1745,1519
1784,1477,1826,1478,1825,1520,1783,1519
2229,1471,2410,1471,2410,1519,2229,1519
2444,1471,2457,1471,2457,1519,2444,1519
2488,1471,2675,1471,2675,1519,2488,1519
1198,1553,1198,1507,1230,1507,1230,1553
1548,1551,1596,1551,1596,1593,1548,1593
1924,1433,1924,1441,1895,1440,1895,1432
1922,1469,1922,1477,1893,1476,1893,1468
1921,1505,1921,1513,1892,1512,1892,1504
1919,1541,1919,1549,1890,1548,1890,1540
1918,1574,1918,1582,1889,1581,1889,1573
1916,1610,1916,1618,1887,1617,1887,1609
1915,1646,1915,1654,1886,1653,1886,1645
1913,1682,1913,1690,1884,1689,1884,1681
2404,1564,2450,1564,2450,1587,2404,1587
4666,1547,4799,1547,4799,1632,4666,1632
4705,1663,4767,1663,4767,1748,4705,1748
1651,1671,1657,1671,1657,1696,1651,1696
1687,1671,1693,1671,1693,1696,1687,1696
1724,1671,1730,1671,1730,1696,1724,1696
1758,1671,1764,1671,1764,1696,1758,1696
1794,1671,1800,1671,1800,1696,1794,1696
1828,1671,1834,1671,1834,1696,1828,1696
3717,1547,3980,1547,3980,1632,3717,1632
4035,1547,4238,1547,4238,1632,4035,1632
4302,1547,4380,1547,4380,1632,4302,1632
4388,1547,4466,1547,4466,1632,4388,1632
4481,1547,4565,1547,4565,1632,4481,1632
3769,1669,3874,1669,3874,1743,3769,1743
3866,1669,3887,1669,3887,1743,3866,1743
3896,1669,3917,1669,3917,1743,3896,1743
4089,1664,4114,1664,4114,1751,4089,1751
4133,1664,4158,1664,4158,1751,4133,1751
4168,1664,4193,1664,4193,1751,4168,1751
4387,1663,4483,1663,4483,1748,4387,1748
4061,1795,4279,1795,4279,1876,4061,1876
4307,1795,4572,1795,4572,1876,4307,1876
1864,1671,1870,1671,1870,1696,1864,1696
1607,1762,1607,1758,1624,1758,1624,1762
1608,1798,1608,1794,1625,1794,1625,1798
1608,1834,1608,1830,1625,1830,1625,1834
1608,1868,1608,1864,1625,1864,1625,1868
2056,1903,2056,1847,2088,1847,2088,1903
1609,1900,1609,1896,1626,1896,1626,1900
1271,1960,1277,1960,1278,1985,1272,1985
1302,1959,1308,1959,1309,1984,1303,1984
1339,1957,1345,1957,1346,1982,1340,1982
1372,1955,1378,1955,1379,1980,1373,1980
2639,2060,2645,2060,2646,2083,2640,2083
2673,2059,2679,2059,2680,2082,2674,2082
2709,2057,2715,2057,2716,2080,2710,2080
1442,2066,1492,2066,1492,2098,1442,2098
2745,2056,2751,2056,2752,2079,2746,2079
2778,2066,2780,2066,2780,2077,2778,2077
3847,1975,4043,1975,4043,2021,3847,2021
4078,1975,4091,1975,4091,2021,4078,2021
4119,1975,4327,1975,4327,2021,4119,2021
3840,2047,4095,2047,4095,2093,3840,2093
3845,2119,3947,2119,3947,2165,3845,2165
3978,2119,4028,2119,4028,2165,3978,2165
4042,2119,4171,2119,4171,2165,4042,2165
4194,2119,4207,2119,4207,2165,4194,2165
4210,2119,4294,2119,4294,2165,4210,2165
2003,2080,2009,2080,2009,2103,2003,2103
2039,2079,2045,2079,2045,2102,2039,2102
2075,2078,2081,2078,2081,2101,2075,2101
2109,2078,2115,2078,2115,2101,2109,2101
2145,2077,2151,2077,2151,2100,2145,2100
2181,2077,2187,2077,2187,2100,2181,2100
2217,2076,2223,2076,2223,2099,2217,2099
2298,2074,2347,2073,2347,2097,2298,2098
4526,1977,4566,1977,4566,2021,4526,2021
4578,1977,4590,1977,4590,2021,4578,2021
4603,1977,4643,1977,4643,2021,4603,2021
4656,1977,4737,1977,4737,2021,4656,2021
4527,2046,4570,2046,4570,2093,4527,2093
4578,2046,4591,2046,4591,2093,4578,2093
4590,2046,4650,2046,4650,2093,4590,2093
4659,2046,4736,2046,4736,2093,4659,2093
4522,2119,4535,2119,4535,2167,4522,2167
4551,2119,4564,2119,4564,2167,4551,2167
4561,2119,4613,2119,4613,2167,4561,2167
4628,2119,4707,2119,4707,2167,4628,2167
4518,2191,4580,2191,4580,2239,4518,2239
4578,2191,4591,2191,4591,2239,4578,2239
4593,2191,4645,2191,4645,2239,4593,2239
4656,2191,4735,2191,4735,2239,4656,2239
2595,2109,2595,2113,2577,2113,2577,2109
2256,2131,2256,2125,2279,2125,2279,2131
2595,2146,2595,2150,2577,2150,2577,2146
2256,2167,2256,2161,2279,2161,2279,2167
1370,2145,1378,2145,1378,2174,1370,2174
1406,2145,1414,2145,1414,2174,1406,2174
1442,2145,1450,2145,1450,2174,1442,2174
1478,2145,1486,2145,1486,2174,1478,2174
1514,2145,1522,2145,1522,2174,1514,2174
1547,2145,1555,2145,1555,2174,1547,2174
1583,2145,1591,2145,1591,2174,1583,2174
1619,2145,1627,2145,1627,2174,1619,2174
1326,2181,1362,2181,1362,2222,1326,2222
1387,2181,1432,2181,1432,2222,1387,2222
1454,2181,1568,2181,1568,2222,1454,2222
1593,2181,1604,2181,1604,2222,1593,2222
1605,2181,1689,2181,1689,2222,1605,2222
2595,2181,2595,2185,2577,2185,2577,2181
2256,2203,2256,2197,2279,2197,2279,2203
2595,2217,2595,2221,2577,2221,2577,2217
2256,2236,2256,2230,2279,2230,2279,2236
1427,2232,1431,2232,1432,2249,1428,2249
1462,2231,1466,2231,1467,2248,1463,2248
1500,2232,1504,2232,1504,2250,1500,2250
1534,2231,1538,2231,1538,2249,1534,2249
1570,2230,1574,2230,1574,2248,1570,2248
2595,2253,2595,2257,2577,2257,2577,2253
1334,2266,1334,2271,1315,2271,1315,2266
2256,2272,2256,2266,2279,2266,2279,2272
2595,2287,2595,2291,2577,2291,2577,2287
2256,2308,2256,2302,2279,2302,2279,2308
1334,2302,1334,2307,1315,2307,1315,2302
1334,2324,1334,2329,1315,2329,1315,2324
1328,2293,1339,2292,1342,2334,1331,2335
1353,2291,1364,2290,1367,2332,1356,2333
1388,2288,1399,2287,1402,2329,1391,2330
1422,2286,1433,2285,1436,2327,1425,2328
2595,2323,2595,2327,2577,2327,2577,2323
2256,2344,2256,2338,2279,2338,2279,2344
2595,2359,2595,2363,2577,2363,2577,2359
2256,2380,2256,2374,2279,2374,2279,2380
2256,2414,2256,2408,2279,2408,2279,2414
1951,2433,1961,2433,1960,2471,1950,2471
1986,2434,1996,2434,1995,2472,1985,2472
2022,2435,2032,2435,2031,2473,2021,2473
2057,2435,2067,2435,2066,2473,2056,2473
2060,2442,2065,2442,2065,2505,2060,2505
2127,2437,2137,2437,2136,2475,2126,2475
2162,2437,2172,2437,2171,2475,2161,2475
2197,2438,2242,2439,2241,2477,2196,2476
2210,2500,2210,2505,2188,2505,2188,2500
3719,2482,3807,2482,3807,2518,3719,2518
3823,2482,3833,2482,3833,2518,3823,2518
3839,2482,3878,2482,3878,2518,3839,2518
3893,2482,3999,2482,3999,2518,3893,2518
4009,2482,4060,2482,4060,2518,4009,2518
4073,2482,4199,2482,4199,2518,4073,2518
4214,2482,4260,2482,4260,2518,4214,2518
4265,2482,4367,2482,4367,2518,4265,2518
4384,2482,4455,2482,4455,2518,4384,2518
4465,2482,4529,2482,4529,2518,4465,2518
4547,2482,4598,2482,4598,2518,4547,2518
4610,2482,4706,2482,4706,2518,4610,2518
4718,2482,4871,2482,4871,2518,4718,2518
2052,2483,2065,2481,2072,2527,2060,2529
2542,2509,2542,2504,2593,2504,2593,2509
1957,2498,1989,2493,1996,2539,1965,2544
1959,2513,1963,2513,1964,2530,1960,2530
2573,2569,2577,2569,2576,2587,2572,2587
2617,2572,2621,2572,2620,2590,2616,2590
2671,2575,2675,2575,2674,2593,2670,2593
3852,2553,4116,2553,4116,2597,3852,2597
2705,2577,2709,2577,2708,2595,2704,2595
4530,2541,4571,2541,4571,2615,4530,2615
4592,2541,4660,2541,4660,2615,4592,2615
2741,2579,2745,2579,2744,2597,2740,2597
2775,2581,2779,2581,2778,2599,2774,2599
2812,2584,2816,2584,2815,2602,2811,2602
3900,2746,4056,2746,4056,2777,3900,2777
3766,2818,3806,2818,3806,2854,3766,2854
3767,2854,3827,2855,3827,2891,3767,2890
3767,2894,3831,2895,3831,2929,3767,2928
3767,2937,3803,2935,3804,2960,3768,2962
3769,2973,3803,2973,3803,3004,3769,3004
3885,2818,3895,2818,3895,2854,3885,2854
3903,2818,3980,2818,3980,2854,3903,2854
3997,2818,4106,2818,4106,2854,3997,2854
3883,2855,3892,2855,3892,2890,3883,2890
3897,2855,4011,2856,4011,2892,3897,2891
4023,2856,4114,2857,4114,2893,4023,2892
4134,2857,4215,2858,4215,2894,4134,2893
3883,2895,3892,2895,3892,2929,3883,2929
3906,2895,4011,2896,4011,2931,3906,2930
4032,2896,4134,2897,4134,2932,4032,2931
4144,2897,4259,2898,4259,2932,4144,2931
3881,2938,3889,2938,3889,2969,3881,2969
3899,2938,3978,2938,3978,2969,3899,2969
3985,2938,4103,2938,4103,2969,3985,2969
3877,2972,3886,2972,3886,3006,3877,3006
3899,2972,4011,2972,4011,3006,3899,3006
4029,2972,4174,2972,4174,3006,4029,3006
3879,3010,3888,3010,3888,3045,3879,3045
3901,3010,4010,3010,4010,3045,3901,3045
4019,3010,4028,3010,4028,3045,4019,3045
4031,3010,4081,3010,4081,3045,4031,3045
4095,3010,4358,3010,4358,3045,4095,3045
3881,3050,3889,3050,3889,3081,3881,3081
3899,3050,3973,3051,3973,3083,3899,3082
3990,3052,4024,3052,4024,3083,3990,3083
4036,3052,4176,3054,4176,3086,4036,3084
3878,3088,3887,3088,3887,3122,3878,3122
3899,3088,3993,3088,3993,3122,3899,3122
4006,3088,4125,3088,4125,3122,4006,3122
3878,3128,3886,3128,3886,3160,3878,3160
3898,3128,3968,3128,3968,3160,3898,3160
3978,3128,3986,3128,3986,3160,3978,3160
3985,3128,4065,3128,4065,3160,3985,3160
3875,3164,3885,3164,3885,3200,3875,3200
3889,3164,3981,3164,3981,3200,3889,3200
3986,3164,3996,3164,3996,3200,3986,3200
3996,3164,4077,3164,4077,3200,3996,3200
3766,3014,3807,3011,3809,3042,3768,3045
2448,3058,2513,3058,2513,3093,2448,3093
2525,3058,2551,3058,2551,3093,2525,3093
2572,3057,2736,3056,2736,3092,2572,3093
2742,3057,2783,3057,2783,3092,2742,3092
2799,3056,3031,3055,3031,3091,2799,3092
3046,3055,3218,3054,3218,3090,3046,3091
3233,3055,3265,3055,3265,3090,3233,3090
3276,3055,3332,3055,3332,3090,3276,3090
3343,3055,3352,3055,3352,3090,3343,3090
3361,3055,3381,3055,3381,3090,3361,3090
3400,3054,3502,3054,3502,3089,3400,3089
3514,3054,3546,3054,3546,3089,3514,3089
2440,3096,2553,3096,2553,3128,2440,3128
2564,3096,2587,3096,2587,3128,2564,3128
2601,3096,2745,3096,2745,3128,2601,3128
2767,3096,2775,3096,2775,3128,2767,3128
2780,3096,2788,3096,2788,3128,2780,3128
2790,3096,2798,3096,2798,3128,2790,3128
2812,3096,2938,3096,2938,3128,2812,3128
2947,3096,2998,3096,2998,3128,2947,3128
3006,3096,3208,3096,3208,3128,3006,3128
3223,3096,3288,3096,3288,3128,3223,3128
3297,3096,3348,3096,3348,3128,3297,3128
3364,3096,3468,3096,3468,3128,3364,3128
3479,3096,3515,3096,3515,3128,3479,3128
2442,3134,2621,3134,2621,3166,2442,3166
2638,3134,2667,3134,2667,3166,2638,3166
2686,3134,2694,3134,2694,3166,2686,3166
2699,3134,2707,3134,2707,3166,2699,3166
2710,3134,2889,3134,2889,3166,2710,3166
2894,3134,2902,3134,2902,3166,2894,3166
2440,3174,2494,3174,2494,3205,2440,3205
2508,3174,2664,3174,2664,3205,2508,3205
2679,3174,2738,3174,2738,3205,2679,3205
2750,3174,2875,3174,2875,3205,2750,3205
2880,3174,2888,3174,2888,3205,2880,3205
2901,3174,3002,3174,3002,3205,2901,3205
3019,3174,3047,3174,3047,3205,3019,3205
3056,3174,3064,3174,3064,3205,3056,3205
3063,3174,3071,3174,3071,3205,3063,3205
3073,3174,3275,3174,3275,3205,3073,3205
3283,3174,3332,3174,3332,3205,3283,3205
3347,3174,3536,3174,3536,3205,3347,3205
2444,3210,2511,3210,2511,3242,2444,3242
2519,3210,2615,3210,2615,3242,2519,3242
2631,3210,2639,3210,2639,3242,2631,3242
2658,3210,2707,3210,2707,3242,2658,3242
2724,3210,2836,3210,2836,3242,2724,3242
2839,3210,2847,3210,2847,3242,2839,3242
2864,3210,2936,3210,2936,3242,2864,3242
2947,3210,3127,3210,3127,3242,2947,3242
3142,3210,3178,3210,3178,3242,3142,3242
3188,3210,3280,3210,3280,3242,3188,3242
3299,3210,3350,3210,3350,3242,3299,3242
3365,3210,3472,3210,3472,3242,3365,3242
3487,3210,3533,3210,3533,3242,3487,3242
3551,3210,3574,3210,3574,3242,3551,3242
2446,3250,2492,3250,2492,3285,2446,3285
2507,3249,2633,3248,2633,3284,2507,3285
2644,3248,2684,3248,2684,3284,2644,3284
2695,3248,2808,3247,2808,3283,2695,3284
2825,3247,2834,3247,2834,3282,2825,3282
2839,3247,2848,3247,2848,3282,2839,3282
2848,3247,3024,3246,3024,3282,2848,3283
3032,3246,3041,3246,3041,3281,3032,3281
3764,3046,3809,3046,3809,3086,3764,3086
3766,3084,3811,3084,3811,3124,3766,3124
3764,3122,3809,3122,3809,3162,3764,3162
3761,3164,3814,3164,3814,3200,3761,3200
4480,3156,4489,3156,4489,3190,4480,3190
4494,3156,4669,3156,4669,3190,4494,3190
4685,3156,4710,3156,4710,3190,4685,3190
4722,3156,4844,3156,4844,3190,4722,3190
4480,3222,4490,3222,4490,3258,4480,3258
4500,3222,4611,3222,4611,3258,4500,3258
4623,3222,4650,3222,4650,3258,4623,3258
4658,3222,4718,3222,4718,3258,4658,3258
4724,3222,4734,3222,4734,3258,4724,3258
4734,3222,4859,3222,4859,3258,4734,3258
4496,3258,4581,3258,4581,3289,4496,3289
4601,3258,4609,3258,4609,3289,4601,3289
4630,3258,4638,3258,4638,3289,4630,3289
4646,3258,4654,3258,4654,3289,4646,3289
4657,3258,4685,3258,4685,3289,4657,3289
4703,3258,4711,3258,4711,3289,4703,3289
3582,3373,3626,3373,3626,3407,3582,3407
3997,3362,4097,3362,4097,3408,3997,3408
4107,3362,4120,3362,4120,3408,4107,3408
4286,3363,4343,3363,4343,3407,4286,3407
4346,3363,4358,3363,4358,3407,4346,3407
4362,3363,4419,3363,4419,3407,4362,3407
4418,3363,4430,3363,4430,3407,4418,3407
4432,3363,4532,3363,4532,3407,4432,3407
