3801,177,4449,177,4449,324,3801,324
3803,314,4442,314,4442,453,3803,453
4060,594,4517,594,4517,723,4060,723
1532,798,1779,798,1779,860,1532,860
4130,808,4214,808,4214,840,4130,840
4232,808,4273,808,4273,840,4232,840
4288,808,4472,808,4472,840,4288,840
1336,915,1336,867,1373,867,1373,915
3812,1040,4098,1040,4098,1080,3812,1080
934,1083,966,1082,968,1125,936,1126
992,1081,1004,1081,1006,1124,994,1124
1425,1207,1425,1178,1456,1178,1456,1207
1631,1207,1666,1214,1660,1243,1625,1235
1690,1219,1698,1221,1692,1249,1684,1247
1079,1247,1083,1247,1083,1263,1079,1263
1113,1247,1117,1247,1117,1263,1113,1263
1149,1247,1153,1247,1153,1263,1149,1263
1185,1247,1189,1247,1189,1263,1185,1263
1220,1247,1224,1247,1224,1263,1220,1263
1256,1247,1260,1247,1260,1263,1256,1263
1635,1243,1638,1243,1638,1257,1635,1257
1659,1244,1662,1244,1662,1258,1659,1258
1683,1245,1686,1245,1686,1259,1683,1259
2284,1245,2286,1245,2286,1256,2284,1256
2307,1245,2309,1245,2309,1256,2307,1256
2332,1245,2334,1245,2334,1256,2332,1256
2355,1245,2357,1245,2357,1256,2355,1256
2378,1245,2380,1245,2380,1256,2378,1256
2402,1245,2404,1245,2404,1256,2402,1256
2426,1245,2428,1245,2428,1256,2426,1256
2449,1245,2451,1245,2451,1256,2449,1256
2473,1245,2475,1245,2475,1256,2473,1256
2497,1245,2499,1245,2499,1256,2497,1256
2518,1245,2520,1245,2520,1256,2518,1256
1546,1247,1595,1247,1595,1278,1546,1278
4209,1241,4246,1241,4246,1270,4209,1270
4286,1241,4378,1241,4378,1270,4286,1270
4345,1304,4545,1304,4545,1344,4345,1344
4581,1304,4675,1304,4675,1344,4581,1344
1425,1438,1425,1430,1456,1430,1456,1438
1425,1400,1425,1392,1456,1392,1456,1400
1425,1365,1425,1357,1456,1357,1456,1365
1425,1333,1425,1325,1456,1325,1456,1333
1444,1459,1448,1459,1448,1476,1444,1476
1480,1459,1484,1459,1484,1476,1480,1476
1516,1459,1520,1459,1520,1476,1516,1476
1550,1459,1554,1459,1554,1476,1550,1476
1586,1459,1590,1459,1590,1476,1586,1476
1622,1459,1626,1459,1626,1476,1622,1476
1657,1459,1661,1459,1661,1476,1657,1476
1411,1542,1652,1542,1652,1614,1411,1614
1742,1580,1742,1586,1719,1586,1719,1580
1986,1554,2175,1551,2176,1610,1987,1613
2203,1551,2219,1551,2220,1609,2204,1609
2246,1549,2431,1546,2432,1605,2247,1608
1742,1616,1742,1622,1719,1622,1719,1616
1742,1649,1742,1655,1719,1655,1719,1649
2185,1632,2228,1638,2222,1674,2180,1668
3717,1547,3980,1547,3980,1632,3717,1632
4035,1547,4238,1547,4238,1632,4035,1632
4302,1547,4380,1547,4380,1632,4302,1632
4388,1547,4466,1547,4466,1632,4388,1632
4481,1547,4565,1547,4565,1632,4481,1632
3769,1669,3874,1669,3874,1743,3769,1743
3866,1669,3887,1669,3887,1743,3866,1743
3896,1669,3917,1669,3917,1743,3896,1743
4086,1667,4109,1667,4109,1747,4086,1747
4135,1667,4158,1667,4158,1747,4135,1747
4168,1667,4191,1667,4191,1747,4168,1747
4397,1663,4494,1663,4494,1747,4397,1747
4061,1795,4279,1795,4279,1876,4061,1876
4307,1795,4572,1795,4572,1876,4307,1876
4666,1547,4799,1547,4799,1632,4666,1632
4702,1663,4766,1663,4766,1747,4702,1747
1742,1721,1742,1727,1719,1727,1719,1721
1485,1781,1493,1781,1493,1812,1485,1812
1517,1781,1525,1781,1525,1812,1517,1812
1553,1781,1561,1781,1561,1812,1553,1812
1588,1781,1596,1781,1596,1812,1588,1812
1623,1781,1631,1781,1631,1812,1623,1812
1658,1781,1666,1781,1666,1812,1658,1812
1693,1781,1701,1781,1701,1812,1693,1812
1457,1799,1457,1803,1440,1803,1440,1799
1457,1833,1457,1837,1440,1837,1440,1833
1457,1869,1457,1873,1440,1873,1440,1869
1842,1908,1842,1855,1879,1855,1879,1908
1457,1903,1457,1907,1440,1907,1440,1903
1457,1939,1457,1943,1440,1943,1440,1939
1109,1995,1117,1995,1116,2024,1108,2024
1145,1997,1153,1997,1152,2026,1144,2026
1181,1998,1189,1998,1188,2027,1180,2027
1217,1999,1225,1999,1224,2028,1216,2028
1253,2000,1261,2000,1260,2029,1252,2029
1304,2002,1312,2002,1311,2031,1303,2031
1612,2051,1616,2051,1616,2068,1612,2068
1646,2051,1650,2051,1650,2068,1646,2068
1680,2050,1684,2050,1684,2067,1680,2067
1752,2050,1756,2050,1756,2067,1752,2067
1787,2050,1791,2050,1791,2067,1787,2067
1823,2049,1827,2049,1827,2066,1823,2066
1859,2049,1863,2049,1863,2066,1859,2066
1929,2048,1933,2048,1933,2065,1929,2065
1965,2048,1969,2048,1969,2065,1965,2065
2001,2048,2005,2048,2005,2065,2001,2065
2035,2048,2039,2048,2039,2065,2035,2065
2071,2047,2075,2047,2075,2064,2071,2064
2107,2047,2111,2047,2111,2064,2107,2064
3875,1993,4071,1993,4071,2039,3875,2039
4106,1993,4119,1993,4119,2039,4106,2039
4147,1993,4355,1993,4355,2039,4147,2039
3874,2063,4128,2063,4128,2111,3874,2111
3874,2137,3979,2137,3979,2181,3874,2181
4006,2137,4055,2137,4055,2181,4006,2181
4072,2137,4196,2137,4196,2181,4072,2181
4227,2137,4239,2137,4239,2181,4227,2181
4236,2137,4325,2137,4325,2181,4236,2181
1615,2109,1650,2105,1656,2152,1621,2157
4554,1993,4598,1993,4598,2041,4554,2041
4605,1993,4618,1993,4618,2041,4605,2041
4620,1993,4672,1993,4672,2041,4620,2041
4690,1993,4760,1993,4760,2041,4690,2041
4558,2063,4603,2063,4603,2111,4558,2111
4605,2063,4618,2063,4618,2111,4605,2111
4627,2063,4670,2063,4670,2111,4627,2111
4690,2063,4760,2063,4760,2111,4690,2111
4550,2134,4563,2134,4563,2181,4550,2181
4579,2134,4592,2134,4592,2181,4579,2181
4595,2134,4638,2134,4638,2181,4595,2181
4654,2134,4732,2134,4732,2181,4654,2181
4552,2202,4605,2202,4605,2260,4552,2260
4609,2202,4625,2202,4625,2260,4609,2260
4625,2202,4668,2202,4668,2260,4625,2260
4689,2202,4763,2202,4763,2260,4689,2260
1299,2154,1304,2155,1302,2175,1297,2175
1339,2158,1344,2159,1342,2179,1337,2179
2341,2194,2341,2198,2324,2198,2324,2194
1146,2152,1160,2153,1158,2202,1144,2201
1191,2154,1205,2155,1203,2204,1189,2203
1255,2157,1304,2159,1302,2208,1253,2206
1059,2223,1161,2223,1161,2304,1059,2304
1185,2223,1231,2223,1231,2304,1185,2304
1248,2223,1361,2223,1361,2304,1248,2304
1391,2223,1494,2223,1494,2304,1391,2304
2341,2228,2341,2232,2324,2232,2324,2228
2136,2241,2136,2238,2150,2238,2150,2241
2341,2264,2341,2268,2324,2268,2324,2264
2136,2275,2136,2272,2150,2272,2150,2275
2341,2300,2341,2304,2324,2304,2324,2300
2136,2311,2136,2308,2150,2308,2150,2311
1034,2338,1042,2338,1043,2367,1035,2367
1097,2336,1105,2336,1106,2365,1098,2365
1145,2334,1195,2332,1196,2362,1146,2364
1574,2372,1733,2372,1733,2419,1574,2419
3719,2482,3807,2482,3807,2518,3719,2518
3823,2482,3833,2482,3833,2518,3823,2518
3839,2482,3878,2482,3878,2518,3839,2518
3893,2482,3999,2482,3999,2518,3893,2518
4009,2482,4060,2482,4060,2518,4009,2518
4073,2482,4199,2482,4199,2518,4073,2518
4214,2482,4260,2482,4260,2518,4214,2518
4265,2482,4367,2482,4367,2518,4265,2518
4384,2482,4455,2482,4455,2518,4384,2518
4465,2482,4529,2482,4529,2518,4465,2518
4547,2482,4598,2482,4598,2518,4547,2518
4610,2482,4706,2482,4706,2518,4610,2518
4718,2482,4871,2482,4871,2518,4718,2518
3882,2538,4145,2538,4145,2600,3882,2600
4555,2537,4606,2537,4606,2606,4555,2606
4610,2537,4699,2537,4699,2606,4610,2606
2517,2632,2521,2632,2523,2649,2519,2649
2551,2628,2555,2628,2557,2645,2553,2645
2585,2625,2589,2625,2591,2642,2587,2642
3903,2746,4061,2750,4060,2782,3902,2778
3766,2818,3806,2818,3806,2854,3766,2854
3767,2854,3827,2855,3827,2891,3767,2890
3767,2894,3831,2895,3831,2929,3767,2928
3767,2937,3803,2935,3804,2960,3768,2962
3769,2973,3803,2973,3803,3004,3769,3004
3767,3009,3805,3004,3810,3044,3772,3049
3885,2818,3895,2818,3895,2854,3885,2854
3903,2818,3980,2818,3980,2854,3903,2854
3997,2818,4106,2818,4106,2854,3997,2854
3883,2855,3892,2855,3892,2890,3883,2890
3897,2855,4011,2856,4011,2892,3897,2891
4023,2856,4114,2857,4114,2893,4023,2892
4134,2857,4215,2858,4215,2894,4134,2893
3883,2895,3892,2895,3892,2929,3883,2929
3906,2895,4011,2896,4011,2931,3906,2930
4032,2896,4134,2897,4134,2932,4032,2931
4144,2897,4259,2898,4259,2932,4144,2931
3881,2938,3889,2938,3889,2969,3881,2969
3899,2938,3978,2938,3978,2969,3899,2969
3985,2938,4103,2938,4103,2969,3985,2969
3877,2972,3886,2972,3886,3006,3877,3006
3899,2972,4011,2972,4011,3006,3899,3006
4029,2972,4174,2972,4174,3006,4029,3006
3879,3010,3888,3010,3888,3045,3879,3045
3901,3010,4010,3010,4010,3045,3901,3045
4019,3010,4028,3010,4028,3045,4019,3045
4031,3010,4081,3010,4081,3045,4031,3045
4095,3010,4358,3010,4358,3045,4095,3045
3881,3050,3889,3050,3889,3081,3881,3081
3899,3050,3973,3051,3973,3083,3899,3082
3990,3052,4024,3052,4024,3083,3990,3083
4036,3052,4176,3054,4176,3086,4036,3084
3878,3088,3887,3088,3887,3122,3878,3122
3899,3088,3993,3088,3993,3122,3899,3122
4006,3088,4125,3088,4125,3122,4006,3122
3878,3128,3886,3128,3886,3160,3878,3160
3898,3128,3968,3128,3968,3160,3898,3160
3978,3128,3986,3128,3986,3160,3978,3160
3985,3128,4065,3128,4065,3160,3985,3160
3875,3164,3885,3164,3885,3200,3875,3200
3889,3164,3981,3164,3981,3200,3889,3200
3986,3164,3996,3164,3996,3200,3986,3200
3996,3164,4077,3164,4077,3200,3996,3200
3764,3046,3809,3046,3809,3086,3764,3086
3763,3090,3807,3081,3815,3120,3771,3129
2448,3058,2513,3058,2513,3093,2448,3093
2525,3058,2551,3058,2551,3093,2525,3093
2572,3057,2736,3056,2736,3092,2572,3093
2742,3057,2783,3057,2783,3092,2742,3092
2799,3056,3031,3055,3031,3091,2799,3092
3046,3055,3218,3054,3218,3090,3046,3091
3233,3055,3265,3055,3265,3090,3233,3090
3276,3055,3332,3055,3332,3090,3276,3090
3343,3055,3352,3055,3352,3090,3343,3090
3361,3055,3381,3055,3381,3090,3361,3090
3400,3054,3502,3054,3502,3089,3400,3089
3514,3054,3546,3054,3546,3089,3514,3089
2440,3096,2553,3096,2553,3128,2440,3128
2564,3096,2587,3096,2587,3128,2564,3128
2601,3096,2745,3096,2745,3128,2601,3128
2767,3096,2775,3096,2775,3128,2767,3128
2780,3096,2788,3096,2788,3128,2780,3128
2790,3096,2798,3096,2798,3128,2790,3128
2812,3096,2938,3096,2938,3128,2812,3128
2947,3096,2998,3096,2998,3128,2947,3128
3006,3096,3208,3096,3208,3128,3006,3128
3223,3096,3288,3096,3288,3128,3223,3128
3297,3096,3348,3096,3348,3128,3297,3128
3364,3096,3468,3096,3468,3128,3364,3128
3479,3096,3515,3096,3515,3128,3479,3128
2442,3134,2621,3134,2621,3166,2442,3166
2638,3134,2667,3134,2667,3166,2638,3166
2686,3134,2694,3134,2694,3166,2686,3166
2699,3134,2707,3134,2707,3166,2699,3166
2710,3134,2889,3134,2889,3166,2710,3166
2894,3134,2902,3134,2902,3166,2894,3166
2440,3174,2494,3174,2494,3205,2440,3205
2508,3174,2664,3174,2664,3205,2508,3205
2679,3174,2738,3174,2738,3205,2679,3205
2750,3174,2875,3174,2875,3205,2750,3205
2880,3174,2888,3174,2888,3205,2880,3205
2901,3174,3002,3174,3002,3205,2901,3205
3019,3174,3047,3174,3047,3205,3019,3205
3056,3174,3064,3174,3064,3205,3056,3205
3063,3174,3071,3174,3071,3205,3063,3205
3073,3174,3275,3174,3275,3205,3073,3205
3283,3174,3332,3174,3332,3205,3283,3205
3347,3174,3536,3174,3536,3205,3347,3205
2444,3210,2511,3210,2511,3242,2444,3242
2519,3210,2615,3210,2615,3242,2519,3242
2631,3210,2639,3210,2639,3242,2631,3242
2658,3210,2707,3210,2707,3242,2658,3242
2724,3210,2836,3210,2836,3242,2724,3242
2839,3210,2847,3210,2847,3242,2839,3242
2864,3210,2936,3210,2936,3242,2864,3242
2947,3210,3127,3210,3127,3242,2947,3242
3142,3210,3178,3210,3178,3242,3142,3242
3188,3210,3280,3210,3280,3242,3188,3242
3299,3210,3350,3210,3350,3242,3299,3242
3365,3210,3472,3210,3472,3242,3365,3242
3487,3210,3533,3210,3533,3242,3487,3242
3551,3210,3574,3210,3574,3242,3551,3242
2446,3250,2492,3250,2492,3285,2446,3285
2507,3249,2633,3248,2633,3284,2507,3285
2644,3248,2684,3248,2684,3284,2644,3284
2695,3248,2808,3247,2808,3283,2695,3284
2825,3247,2834,3247,2834,3282,2825,3282
2839,3247,2848,3247,2848,3282,2839,3282
2848,3247,3024,3246,3024,3282,2848,3283
3032,3246,3041,3246,3041,3281,3032,3281
3764,3122,3809,3122,3809,3162,3764,3162
3761,3164,3814,3164,3814,3200,3761,3200
4491,3160,4500,3160,4500,3194,4491,3194
4505,3159,4681,3157,4681,3192,4505,3194
4696,3158,4721,3158,4721,3192,4696,3192
4732,3157,4856,3156,4856,3191,4732,3192
4490,3226,4498,3226,4498,3258,4490,3258
4509,3226,4621,3226,4621,3258,4509,3258
4632,3226,4662,3226,4662,3258,4632,3258
4671,3226,4728,3226,4728,3258,4671,3258
4734,3226,4742,3226,4742,3258,4734,3258
4745,3226,4871,3226,4871,3258,4745,3258
4506,3258,4589,3258,4589,3292,4506,3292
4613,3258,4622,3258,4622,3292,4613,3292
4641,3258,4650,3258,4650,3292,4641,3292
4655,3258,4664,3258,4664,3292,4655,3292
4667,3258,4698,3258,4698,3292,4667,3292
4715,3258,4724,3258,4724,3292,4715,3292
3582,3373,3626,3373,3626,3407,3582,3407
3999,3363,4098,3366,4097,3408,3998,3405
4112,3367,4123,3367,4122,3408,4111,3408
4286,3363,4343,3363,4343,3407,4286,3407
4346,3363,4358,3363,4358,3407,4346,3407
4362,3363,4419,3363,4419,3407,4362,3407
4418,3363,4430,3363,4430,3407,4418,3407
4432,3363,4532,3363,4532,3407,4432,3407
