3801,177,4449,177,4449,324,3801,324
3803,314,4442,314,4442,453,3803,453
1010,541,1013,541,1013,555,1010,555
824,601,824,607,801,607,801,601
1221,600,1221,604,1203,604,1203,600
771,629,771,602,800,602,800,629
1668,556,1668,650,1646,650,1646,556
1699,675,1699,670,1720,670,1720,675
1699,638,1699,633,1720,633,1720,638
1699,606,1699,567,1720,567,1720,606
825,635,825,641,802,641,802,635
1221,634,1221,638,1203,638,1203,634
1574,634,1574,638,1556,638,1556,634
1600,546,1600,761,1577,761,1577,546
1574,670,1574,674,1556,674,1556,670
1774,639,1810,637,1812,669,1776,671
1839,636,1856,635,1858,667,1841,668
1221,670,1221,674,1203,674,1203,670
4060,594,4517,594,4517,723,4060,723
1289,671,1289,674,1274,674,1274,671
1620,647,1628,647,1630,679,1622,679
1653,645,1661,645,1663,677,1655,677
1683,644,1691,644,1693,676,1685,676
1586,694,1596,694,1596,730,1586,730
1597,694,1607,694,1607,730,1597,730
1619,694,1629,694,1629,730,1619,730
1630,694,1640,694,1640,730,1630,730
1652,694,1662,694,1662,730,1652,730
1667,694,1677,694,1677,730,1667,730
826,673,827,714,803,714,802,673
2131,658,2445,649,2447,719,2133,728
1221,706,1221,710,1203,710,1203,706
1758,709,1755,735,1732,732,1735,706
1909,723,1909,726,1874,726,1874,723
1918,710,1926,710,1924,739,1917,739
1954,712,1962,712,1960,741,1953,741
826,743,826,749,803,749,803,743
1203,694,1390,694,1390,730,1203,730
1385,694,1395,694,1395,730,1385,730
1253,751,1308,749,1310,792,1255,794
1221,757,1221,761,1203,761,1203,757
2071,718,2103,720,2101,749,2070,747
2068,762,2107,762,2107,804,2068,804
1915,762,1946,762,1946,804,1915,804
827,779,827,785,804,785,804,779
2780,755,2825,760,2821,795,2776,790
2845,762,2855,763,2851,798,2841,797
2180,762,2302,762,2302,804,2180,804
2308,762,2319,762,2319,804,2308,804
2338,762,2380,762,2380,804,2338,804
1221,797,1221,801,1203,801,1203,797
827,813,827,819,804,819,804,813
1840,942,1837,873,1878,871,1881,940
1836,834,1836,823,1875,821,1876,832
1835,801,1835,790,1874,788,1875,799
1833,764,1833,753,1872,751,1873,762
1832,727,1832,716,1871,714,1872,725
4130,808,4214,808,4214,840,4130,840
4232,808,4273,808,4273,840,4232,840
4288,808,4472,808,4472,840,4288,840
1221,829,1221,833,1203,833,1203,829
828,849,828,855,805,855,805,849
1221,864,1221,868,1203,868,1203,864
1915,860,1916,860,1916,868,1915,868
1950,861,1951,861,1951,869,1950,869
1985,861,1986,861,1986,869,1985,869
828,885,828,891,805,891,805,885
2148,909,2146,867,2161,866,2163,908
1221,900,1221,904,1203,904,1203,900
3015,871,3015,950,2986,950,2986,871
828,918,828,924,805,924,805,918
1221,936,1221,940,1203,940,1203,936
829,954,829,960,806,960,806,954
2449,929,2538,928,2539,997,2450,998
2581,926,2685,924,2686,994,2582,996
2710,924,2761,923,2762,992,2711,993
2773,923,2884,921,2885,991,2774,993
1221,970,1221,974,1203,974,1203,970
829,990,829,996,806,996,806,990
1221,1006,1221,1010,1203,1010,1203,1006
1987,1152,1987,1144,2016,1144,2016,1152
1987,1116,1987,1108,2016,1108,2016,1116
1987,1083,1987,1075,2016,1075,2016,1083
1987,1047,1987,1039,2016,1039,2016,1047
1987,1011,1987,1003,2016,1003,2016,1011
1987,975,1987,967,2016,967,2016,975
1987,942,1987,934,2016,934,2016,942
1987,906,1987,898,2016,898,2016,906
830,1026,830,1032,807,1032,807,1026
1221,1042,1221,1046,1203,1046,1203,1042
1846,1062,1846,1054,1886,1052,1886,1060
817,1055,821,1055,821,1072,817,1072
850,1055,854,1055,854,1072,850,1072
886,1054,890,1054,890,1071,886,1071
920,1054,924,1054,924,1071,920,1071
956,1054,960,1054,960,1071,956,1071
991,1054,995,1054,995,1071,991,1071
1028,1054,1032,1054,1032,1071,1028,1071
1062,1053,1066,1053,1066,1070,1062,1070
3812,1040,4098,1040,4098,1080,3812,1080
4532,1040,4654,1040,4654,1074,4532,1074
1221,1075,1221,1079,1203,1079,1203,1075
1213,1067,1217,1067,1217,1084,1213,1084
1245,1067,1249,1067,1249,1084,1245,1084
1281,1068,1285,1068,1285,1085,1281,1085
1315,1068,1319,1068,1319,1085,1315,1085
1386,1068,1390,1068,1390,1085,1386,1085
1422,1069,1426,1069,1426,1086,1422,1086
1456,1069,1460,1069,1460,1086,1456,1086
1563,1073,1565,1073,1565,1084,1563,1084
2087,1063,2376,1063,2376,1111,2087,1111
878,1082,1060,1082,1060,1144,878,1144
1096,1082,1113,1082,1113,1144,1096,1144
1136,1082,1325,1082,1325,1144,1136,1144
2115,1178,2118,1178,2118,1193,2115,1193
2150,1178,2153,1178,2153,1193,2150,1193
2591,1184,2590,1205,2567,1204,2568,1183
2589,1232,2589,1238,2566,1237,2566,1231
4209,1241,4246,1241,4246,1270,4209,1270
4286,1241,4378,1241,4378,1270,4286,1270
2587,1268,2587,1274,2564,1273,2564,1267
1322,1336,1322,1280,1357,1280,1357,1336
2585,1304,2585,1310,2562,1309,2562,1303
2584,1337,2584,1343,2561,1342,2561,1336
2582,1373,2582,1379,2559,1378,2559,1372
2394,1403,2397,1403,2397,1418,2394,1418
2430,1403,2433,1403,2433,1418,2430,1418
1071,1403,1124,1403,1124,1434,1071,1434
1915,1400,1962,1400,1962,1437,1915,1437
2619,1404,2661,1404,2661,1441,2619,1441
1821,1489,2061,1489,2061,1535,1821,1535
2086,1489,2099,1489,2099,1535,2086,1535
2468,1482,2713,1482,2713,1544,2468,1544
2740,1482,2757,1482,2757,1544,2740,1544
2295,1520,2295,1524,2278,1524,2278,1520
2296,1556,2296,1560,2279,1560,2279,1556
2296,1590,2296,1594,2279,1594,2279,1590
1852,1635,1852,1588,1884,1588,1884,1635
2724,1635,2724,1587,2754,1587,2754,1635
2297,1626,2297,1630,2280,1630,2280,1626
2298,1662,2298,1666,2281,1666,2281,1662
2298,1696,2298,1700,2281,1700,2281,1696
2290,1726,2296,1726,2296,1750,2290,1750
2325,1725,2331,1725,2331,1749,2325,1749
2360,1725,2366,1725,2366,1749,2360,1749
2395,1724,2401,1724,2401,1748,2395,1748
2430,1724,2436,1724,2436,1748,2430,1748
2465,1723,2471,1723,2471,1747,2465,1747
2503,1723,2509,1723,2509,1747,2503,1747
2538,1722,2544,1722,2544,1746,2538,1746
2571,1870,2577,1868,2585,1891,2579,1893
802,1946,834,1946,834,1971,802,1971
2033,1939,2069,1951,2059,1984,2022,1972
2081,1954,2090,1957,2079,1990,2070,1987
2506,1934,2514,1934,2513,1964,2505,1964
2577,1935,2585,1935,2584,1965,2576,1965
2436,1951,2468,1954,2466,1979,2434,1976
2486,1956,2492,1956,2490,1981,2484,1981
2502,1957,2508,1957,2506,1982,2500,1982
2525,1959,2531,1959,2529,1984,2523,1984
2554,1962,2560,1962,2558,1987,2552,1987
2571,1963,2577,1963,2575,1988,2569,1988
2595,1965,2601,1965,2599,1990,2593,1990
2618,1967,2624,1967,2622,1992,2616,1992
2620,1936,2628,1936,2627,1966,2619,1966
2654,1937,2662,1937,2661,1967,2653,1967
2692,1938,2700,1938,2699,1968,2691,1968
2726,1939,2734,1939,2733,1969,2725,1969
2760,1939,2768,1939,2767,1969,2759,1969
2797,1940,2805,1940,2804,1970,2796,1970
2834,1941,2842,1941,2841,1971,2833,1971
2868,1942,2876,1942,2875,1972,2867,1972
2902,1942,2910,1942,2909,1972,2901,1972
2940,1943,2948,1943,2947,1973,2939,1973
3717,1547,3980,1547,3980,1632,3717,1632
4035,1547,4238,1547,4238,1632,4035,1632
4302,1547,4380,1547,4380,1632,4302,1632
4388,1547,4466,1547,4466,1632,4388,1632
4481,1547,4565,1547,4565,1632,4481,1632
4666,1547,4799,1547,4799,1632,4666,1632
3769,1669,3874,1669,3874,1743,3769,1743
3866,1669,3887,1669,3887,1743,3866,1743
3896,1669,3917,1669,3917,1743,3896,1743
4088,1667,4111,1667,4111,1747,4088,1747
4137,1667,4160,1667,4160,1747,4137,1747
4178,1667,4201,1667,4201,1747,4178,1747
4386,1667,4490,1667,4490,1747,4386,1747
4709,1667,4769,1667,4769,1747,4709,1747
4063,1793,4278,1793,4278,1867,4063,1867
4300,1793,4568,1793,4568,1867,4300,1867
3894,1886,4084,1886,4084,1948,3894,1948
4116,1886,4133,1886,4133,1948,4116,1948
4160,1886,4366,1886,4366,1948,4160,1948
4564,1896,4618,1896,4618,1944,4564,1944
4618,1896,4631,1896,4631,1944,4618,1944
4633,1896,4685,1896,4685,1944,4633,1944
4696,1896,4775,1896,4775,1944,4696,1944
3884,1969,4138,1969,4138,2017,3884,2017
4170,1969,4183,1969,4183,2017,4170,2017
4564,1968,4618,1968,4618,2016,4564,2016
4618,1968,4631,1968,4631,2016,4618,2016
4631,1968,4692,1968,4692,2016,4631,2016
4696,1968,4775,1968,4775,2016,4696,2016
3880,2041,4136,2041,4136,2089,3880,2089
4163,2041,4176,2041,4176,2089,4163,2089
4564,2041,4576,2041,4576,2085,4564,2085
4591,2041,4603,2041,4603,2085,4591,2085
4605,2041,4653,2041,4653,2085,4605,2085
4671,2041,4744,2041,4744,2085,4671,2085
3892,2110,3992,2110,3992,2164,3892,2164
4019,2110,4069,2110,4069,2164,4019,2164
4083,2110,4214,2110,4214,2164,4083,2164
4563,2111,4576,2111,4576,2159,4563,2159
4587,2111,4600,2111,4600,2159,4587,2159
4610,2111,4646,2111,4646,2159,4610,2159
4671,2111,4741,2111,4741,2159,4671,2159
3886,2186,4186,2186,4186,2236,3886,2236
4566,2182,4580,2182,4580,2234,4566,2234
4588,2182,4602,2182,4602,2234,4588,2234
4600,2182,4647,2182,4647,2234,4600,2234
4668,2182,4745,2182,4745,2234,4668,2234
3880,2257,3961,2257,3961,2301,3880,2301
4569,2257,4581,2257,4581,2301,4569,2301
4587,2257,4599,2257,4599,2301,4587,2301
4605,2257,4653,2257,4653,2301,4605,2301
4665,2257,4746,2257,4746,2301,4665,2301
4553,2326,4617,2326,4617,2376,4553,2376
4617,2326,4631,2326,4631,2376,4617,2376
4638,2326,4685,2326,4685,2376,4638,2376
4698,2326,4772,2326,4772,2376,4698,2376
1021,1969,1025,1969,1025,1986,1021,1986
1044,1969,1048,1969,1048,1986,1044,1986
1069,1969,1073,1969,1073,1986,1069,1986
1093,1968,1097,1968,1097,1985,1093,1985
1116,1968,1120,1968,1120,1985,1116,1985
1140,1968,1144,1968,1144,1985,1140,1985
1186,1968,1190,1968,1190,1985,1186,1985
1210,1968,1214,1968,1214,1985,1210,1985
1235,1968,1239,1968,1239,1985,1235,1985
1258,1967,1262,1967,1262,1984,1258,1984
1282,1967,1286,1967,1286,1984,1282,1984
1305,1967,1309,1967,1309,1984,1305,1984
1329,1967,1333,1967,1333,1984,1329,1984
2501,1985,2559,1982,2560,2011,2502,2014
539,2109,610,2111,609,2154,538,2152
629,2111,669,2112,668,2155,628,2154
576,2390,578,2325,617,2326,615,2391
578,2320,578,2310,616,2311,616,2321
579,2311,580,2262,618,2263,617,2312
1124,2286,1370,2286,1370,2344,1124,2344
1848,2362,1844,2312,1879,2309,1883,2359
2162,2339,2160,2301,2199,2299,2202,2336
2284,2098,2284,2584,2238,2584,2238,2098
2166,2401,2165,2390,2205,2387,2206,2398
3719,2482,3806,2482,3806,2516,3719,2516
3823,2482,3832,2482,3832,2516,3823,2516
3840,2482,3878,2482,3878,2516,3840,2516
3892,2482,3994,2482,3994,2516,3892,2516
4013,2482,4061,2482,4061,2516,4013,2516
4072,2482,4198,2482,4198,2516,4072,2516
4211,2482,4260,2482,4260,2516,4211,2516
4269,2482,4369,2482,4369,2516,4269,2516
4384,2482,4455,2482,4455,2516,4384,2516
4464,2482,4528,2482,4528,2516,4464,2516
4544,2482,4597,2482,4597,2516,4544,2516
4608,2482,4707,2482,4707,2516,4608,2516
4716,2482,4870,2482,4870,2516,4716,2516
3894,2561,4157,2561,4157,2607,3894,2607
4571,2554,4605,2554,4605,2617,4571,2617
4633,2554,4651,2554,4651,2617,4633,2617
4678,2554,4696,2554,4696,2617,4678,2617
3903,2746,4061,2750,4060,2782,3902,2778
3766,2818,3806,2818,3806,2854,3766,2854
3767,2854,3827,2855,3827,2891,3767,2890
3767,2894,3831,2895,3831,2929,3767,2928
3767,2937,3803,2935,3804,2960,3768,2962
3769,2973,3803,2973,3803,3004,3769,3004
3885,2818,3895,2818,3895,2854,3885,2854
3903,2818,3980,2818,3980,2854,3903,2854
3997,2818,4106,2818,4106,2854,3997,2854
3883,2855,3892,2855,3892,2890,3883,2890
3897,2855,4011,2856,4011,2892,3897,2891
4023,2856,4114,2857,4114,2893,4023,2892
4134,2857,4215,2858,4215,2894,4134,2893
3883,2895,3892,2895,3892,2929,3883,2929
3906,2895,4011,2896,4011,2931,3906,2930
4032,2896,4134,2897,4134,2932,4032,2931
4144,2897,4259,2898,4259,2932,4144,2931
3881,2938,3889,2938,3889,2969,3881,2969
3899,2938,3978,2938,3978,2969,3899,2969
3985,2938,4103,2938,4103,2969,3985,2969
3877,2972,3886,2972,3886,3006,3877,3006
3899,2972,4011,2972,4011,3006,3899,3006
4029,2972,4174,2972,4174,3006,4029,3006
3879,3010,3888,3010,3888,3045,3879,3045
3901,3010,4010,3010,4010,3045,3901,3045
4019,3010,4028,3010,4028,3045,4019,3045
4031,3010,4081,3010,4081,3045,4031,3045
4095,3010,4358,3010,4358,3045,4095,3045
3881,3050,3889,3050,3889,3081,3881,3081
3899,3050,3973,3051,3973,3083,3899,3082
3990,3052,4024,3052,4024,3083,3990,3083
4036,3052,4176,3054,4176,3086,4036,3084
3878,3088,3887,3088,3887,3122,3878,3122
3899,3088,3993,3088,3993,3122,3899,3122
4006,3088,4125,3088,4125,3122,4006,3122
3878,3128,3886,3128,3886,3160,3878,3160
3898,3128,3968,3128,3968,3160,3898,3160
3978,3128,3986,3128,3986,3160,3978,3160
3985,3128,4065,3128,4065,3160,3985,3160
3875,3164,3885,3164,3885,3200,3875,3200
3889,3164,3981,3164,3981,3200,3889,3200
3986,3164,3996,3164,3996,3200,3986,3200
3996,3164,4077,3164,4077,3200,3996,3200
3766,3014,3807,3011,3809,3042,3768,3045
3764,3046,3809,3046,3809,3086,3764,3086
3763,3090,3807,3081,3815,3120,3771,3129
2448,3058,2513,3058,2513,3093,2448,3093
2525,3058,2551,3058,2551,3093,2525,3093
2572,3057,2736,3056,2736,3092,2572,3093
2742,3057,2783,3057,2783,3092,2742,3092
2799,3056,3031,3055,3031,3091,2799,3092
3046,3055,3218,3054,3218,3090,3046,3091
3233,3055,3265,3055,3265,3090,3233,3090
3276,3055,3332,3055,3332,3090,3276,3090
3343,3055,3352,3055,3352,3090,3343,3090
3361,3055,3381,3055,3381,3090,3361,3090
3400,3054,3502,3054,3502,3089,3400,3089
3514,3054,3546,3054,3546,3089,3514,3089
2440,3096,2553,3096,2553,3128,2440,3128
2564,3096,2587,3096,2587,3128,2564,3128
2601,3096,2745,3096,2745,3128,2601,3128
2767,3096,2775,3096,2775,3128,2767,3128
2780,3096,2788,3096,2788,3128,2780,3128
2790,3096,2798,3096,2798,3128,2790,3128
2812,3096,2938,3096,2938,3128,2812,3128
2947,3096,2998,3096,2998,3128,2947,3128
3006,3096,3208,3096,3208,3128,3006,3128
3223,3096,3288,3096,3288,3128,3223,3128
3297,3096,3348,3096,3348,3128,3297,3128
3364,3096,3468,3096,3468,3128,3364,3128
3479,3096,3515,3096,3515,3128,3479,3128
2442,3134,2621,3134,2621,3166,2442,3166
2638,3134,2667,3134,2667,3166,2638,3166
2686,3134,2694,3134,2694,3166,2686,3166
2699,3134,2707,3134,2707,3166,2699,3166
2710,3134,2889,3134,2889,3166,2710,3166
2894,3134,2902,3134,2902,3166,2894,3166
2440,3174,2494,3174,2494,3205,2440,3205
2508,3174,2664,3174,2664,3205,2508,3205
2679,3174,2738,3174,2738,3205,2679,3205
2750,3174,2875,3174,2875,3205,2750,3205
2880,3174,2888,3174,2888,3205,2880,3205
2901,3174,3002,3174,3002,3205,2901,3205
3019,3174,3047,3174,3047,3205,3019,3205
3056,3174,3064,3174,3064,3205,3056,3205
3063,3174,3071,3174,3071,3205,3063,3205
3073,3174,3275,3174,3275,3205,3073,3205
3283,3174,3332,3174,3332,3205,3283,3205
3347,3174,3536,3174,3536,3205,3347,3205
2444,3210,2511,3210,2511,3242,2444,3242
2519,3210,2615,3210,2615,3242,2519,3242
2631,3210,2639,3210,2639,3242,2631,3242
2658,3210,2707,3210,2707,3242,2658,3242
2724,3210,2836,3210,2836,3242,2724,3242
2839,3210,2847,3210,2847,3242,2839,3242
2864,3210,2936,3210,2936,3242,2864,3242
2947,3210,3127,3210,3127,3242,2947,3242
3142,3210,3178,3210,3178,3242,3142,3242
3188,3210,3280,3210,3280,3242,3188,3242
3299,3210,3350,3210,3350,3242,3299,3242
3365,3210,3472,3210,3472,3242,3365,3242
3487,3210,3533,3210,3533,3242,3487,3242
3551,3210,3574,3210,3574,3242,3551,3242
2446,3250,2492,3250,2492,3285,2446,3285
2507,3249,2633,3248,2633,3284,2507,3285
2644,3248,2684,3248,2684,3284,2644,3284
2695,3248,2808,3247,2808,3283,2695,3284
2825,3247,2834,3247,2834,3282,2825,3282
2839,3247,2848,3247,2848,3282,2839,3282
2848,3247,3024,3246,3024,3282,2848,3283
3032,3246,3041,3246,3041,3281,3032,3281
3764,3122,3809,3122,3809,3162,3764,3162
3761,3164,3814,3164,3814,3200,3761,3200
4488,3154,4498,3154,4498,3191,4488,3191
4500,3154,4680,3154,4680,3191,4500,3191
4693,3154,4721,3154,4721,3191,4693,3191
4729,3154,4855,3154,4855,3191,4729,3191
4490,3222,4499,3222,4499,3256,4490,3256
4508,3222,4617,3222,4617,3256,4508,3256
4633,3222,4658,3222,4658,3256,4633,3256
4669,3222,4729,3222,4729,3256,4669,3256
4732,3222,4741,3222,4741,3256,4732,3256
4745,3222,4871,3222,4871,3256,4745,3256
4507,3254,4590,3254,4590,3289,4507,3289
4613,3254,4622,3254,4622,3289,4613,3289
4642,3254,4651,3254,4651,3289,4642,3289
4656,3254,4665,3254,4665,3289,4656,3289
4664,3254,4696,3254,4696,3289,4664,3289
4714,3254,4723,3254,4723,3289,4714,3289
3582,3373,3626,3373,3626,3407,3582,3407
3997,3362,4097,3362,4097,3408,3997,3408
4107,3362,4120,3362,4120,3408,4107,3408
4286,3363,4343,3363,4343,3407,4286,3407
4346,3363,4358,3363,4358,3407,4346,3407
4362,3363,4419,3363,4419,3407,4362,3407
4418,3363,4430,3363,4430,3407,4418,3407
4432,3363,4532,3363,4532,3407,4432,3407
