2717,165,3036,165,3036,239,2717,239
2717,233,3062,233,3062,302,2717,302
1184,237,1191,237,1191,264,1184,264
1218,237,1225,237,1225,264,1218,264
1232,237,1239,237,1239,264,1232,264
1244,237,1269,237,1269,264,1244,264
1045,287,1045,291,1027,292,1027,288
809,368,809,361,835,361,835,368
809,352,809,345,835,345,835,352
809,343,809,315,835,315,835,343
1060,417,1195,417,1195,459,1060,459
1213,417,1224,417,1224,459,1213,459
1036,464,1046,464,1046,500,1036,500
1069,464,1079,464,1079,500,1069,500
1099,464,1109,464,1109,500,1099,500
1132,464,1142,464,1142,500,1132,500
1165,464,1175,464,1175,500,1165,500
1206,464,1216,464,1216,500,1206,500
1239,464,1249,464,1249,500,1239,500
1273,464,1283,464,1283,500,1273,500
1306,464,1316,464,1316,500,1306,500
1713,527,1713,519,1742,519,1742,527
1713,500,1713,492,1742,492,1742,500
1713,468,1713,396,1742,396,1742,468
1713,371,1713,363,1742,363,1742,371
1713,338,1713,330,1742,330,1742,338
1713,311,1713,303,1742,303,1742,311
1341,490,1341,481,1375,480,1375,489
1340,451,1340,442,1374,441,1374,450
1340,441,1340,432,1374,431,1374,440
1339,424,1338,399,1372,398,1373,423
2807,389,3145,389,3145,485,2807,485
3170,389,3198,389,3198,485,3170,485
1537,465,1570,464,1572,501,1539,502
1587,463,1628,461,1630,498,1589,500
809,664,857,664,857,698,809,698
2786,668,3096,657,3097,681,2787,692
1219,724,1228,724,1228,758,1219,758
1233,724,1242,724,1242,758,1233,758
1246,724,1271,724,1271,758,1246,758
1632,713,1643,713,1642,753,1631,753
1661,714,1683,714,1682,754,1660,754
1737,714,1803,715,1802,756,1736,755
1804,716,1815,716,1814,756,1803,756
1813,716,1867,717,1866,758,1812,757
2781,728,2892,728,2892,747,2781,747
1071,874,1201,874,1201,912,1071,912
1223,874,1233,874,1233,912,1223,912
1336,918,1336,908,1373,908,1373,918
1336,903,1336,893,1373,893,1373,903
1336,894,1336,860,1373,860,1373,894
1709,1011,1708,958,1744,957,1745,1010
1707,946,1707,936,1743,935,1743,945
1706,912,1705,838,1741,837,1743,911
1705,820,1705,810,1741,809,1741,819
458,990,458,991,450,991,450,990
458,1008,458,1009,450,1009,450,1008
458,1026,458,1027,450,1027,450,1026
458,1045,458,1046,450,1046,450,1045
458,1063,458,1064,450,1064,450,1063
458,1081,458,1082,450,1082,450,1081
458,1099,458,1100,450,1100,450,1099
641,1162,647,1162,647,1185,641,1185
672,1162,678,1162,678,1185,672,1185
544,1197,543,1189,575,1186,576,1194
1918,1291,1920,1221,1955,1222,1953,1292
1920,1217,1920,1208,1954,1209,1954,1218
1920,1210,1922,1155,1957,1156,1955,1211
870,1224,870,1228,853,1228,853,1224
3139,1146,3193,1147,3192,1182,3138,1181
3207,1147,3244,1148,3243,1183,3206,1182
3252,1148,3371,1150,3370,1185,3251,1183
3216,1201,3292,1201,3292,1235,3216,1235
3243,1252,3277,1252,3277,1289,3243,1289
2666,1196,2780,1196,2780,1239,2666,1239
2695,1254,2704,1254,2704,1289,2695,1289
2717,1254,2726,1254,2726,1289,2717,1289
2735,1254,2744,1254,2744,1289,2735,1289
549,1250,548,1242,580,1239,581,1247
2911,1196,2958,1196,2958,1239,2911,1239
2970,1196,3009,1196,3009,1239,2970,1239
3022,1196,3064,1196,3064,1239,3022,1239
2960,1254,3006,1254,3006,1289,2960,1289
870,1256,870,1260,853,1260,853,1256
2861,1254,2870,1254,2870,1289,2861,1289
869,1288,869,1292,852,1292,852,1288
1743,1199,1743,1207,1714,1207,1714,1199
1743,1220,1743,1228,1714,1228,1714,1220
1743,1256,1743,1264,1714,1264,1714,1256
1743,1295,1743,1303,1714,1303,1714,1295
1743,1319,1743,1327,1714,1327,1714,1319
1743,1353,1743,1421,1714,1421,1714,1353
869,1323,869,1327,852,1327,852,1323
1036,1325,1134,1325,1134,1367,1036,1367
1143,1325,1154,1325,1154,1367,1143,1367
1161,1325,1267,1325,1267,1367,1161,1367
1796,1332,1920,1332,1920,1368,1796,1368
869,1355,869,1359,852,1359,852,1355
600,1438,601,1333,619,1333,618,1438
869,1386,869,1390,852,1390,852,1386
521,1395,521,1397,511,1397,511,1395
868,1418,868,1422,851,1422,851,1418
1338,1446,1338,1437,1373,1437,1373,1446
1338,1432,1338,1423,1373,1423,1373,1432
1338,1419,1338,1393,1373,1393,1373,1419
521,1423,521,1425,511,1425,511,1423
520,1442,520,1444,510,1444,510,1442
868,1450,868,1454,851,1454,851,1450
520,1460,520,1462,510,1462,510,1460
1535,1515,1535,1511,1552,1511,1552,1515
1535,1497,1535,1493,1552,1493,1552,1497
1534,1479,1534,1475,1551,1475,1551,1479
1534,1461,1534,1457,1551,1457,1551,1461
1534,1443,1534,1439,1551,1439,1551,1443
1533,1425,1533,1421,1550,1421,1550,1425
520,1478,520,1480,510,1480,510,1478
576,1548,572,1506,604,1503,608,1545
571,1496,570,1488,602,1485,603,1493
568,1470,566,1452,598,1449,600,1467
2648,1340,2741,1340,2741,1378,2648,1378
2748,1340,2758,1340,2758,1378,2748,1378
2768,1340,2870,1340,2870,1378,2768,1378
2642,1386,2835,1386,2835,1424,2642,1424
2849,1386,2859,1386,2859,1424,2849,1424
2860,1386,2889,1386,2889,1424,2860,1424
2899,1386,3000,1386,3000,1424,2899,1424
3013,1386,3055,1386,3055,1424,3013,1424
3060,1386,3070,1386,3070,1424,3060,1424
2648,1434,2775,1434,2775,1470,2648,1470
2790,1434,2800,1434,2800,1470,2790,1470
2646,1486,2775,1486,2775,1520,2646,1520
2793,1486,2802,1486,2802,1520,2793,1520
2648,1533,2709,1533,2709,1571,2648,1571
2725,1533,2761,1533,2761,1571,2725,1571
2768,1533,2822,1533,2822,1571,2768,1571
2639,1587,2694,1587,2694,1620,2639,1620
868,1483,868,1487,851,1487,851,1483
3191,1338,3223,1338,3223,1373,3191,1373
3226,1338,3235,1338,3235,1373,3226,1373
3234,1338,3266,1338,3266,1373,3234,1373
3274,1338,3323,1338,3323,1373,3274,1373
3215,1381,3226,1381,3226,1421,3215,1421
3227,1381,3238,1381,3238,1421,3227,1421
3243,1381,3266,1381,3266,1421,3243,1421
3279,1381,3324,1381,3324,1421,3279,1421
3197,1433,3223,1432,3224,1467,3198,1468
3223,1433,3232,1433,3233,1468,3224,1468
3236,1432,3262,1431,3263,1466,3237,1467
3274,1431,3320,1430,3321,1465,3275,1466
3211,1483,3222,1483,3223,1523,3212,1523
3223,1483,3234,1483,3235,1523,3224,1523
3234,1482,3264,1481,3265,1522,3235,1523
3276,1481,3321,1479,3322,1519,3277,1521
3207,1531,3219,1531,3219,1574,3207,1574
3225,1531,3237,1531,3237,1574,3225,1574
3238,1531,3262,1531,3262,1574,3238,1574
3271,1531,3327,1531,3327,1574,3271,1574
3211,1582,3222,1582,3222,1622,3211,1622
3224,1582,3235,1582,3235,1622,3224,1622
3235,1582,3264,1582,3264,1622,3235,1622
3276,1582,3321,1582,3321,1622,3276,1622
520,1496,520,1498,510,1498,510,1496
1743,1468,1743,1564,1714,1564,1714,1468
520,1513,520,1515,510,1515,510,1513
868,1515,868,1519,851,1519,851,1515
519,1532,519,1534,509,1534,509,1532
867,1548,867,1552,850,1552,850,1548
519,1551,519,1553,509,1553,509,1551
1537,1587,1537,1583,1554,1583,1554,1587
1537,1571,1537,1567,1554,1567,1554,1571
867,1580,867,1584,850,1584,850,1580
516,1582,519,1582,518,1596,515,1596
537,1583,540,1583,539,1597,536,1597
555,1584,558,1584,557,1598,554,1598
574,1584,577,1584,576,1598,573,1598
591,1585,594,1585,593,1599,590,1599
867,1611,867,1615,850,1615,850,1611
557,1602,603,1605,601,1634,555,1631
526,1637,528,1637,528,1646,526,1646
545,1637,547,1637,547,1646,545,1646
562,1637,564,1637,564,1646,562,1646
581,1637,583,1637,583,1646,581,1646
599,1637,601,1637,601,1646,599,1646
651,1636,653,1636,653,1645,651,1645
1004,1625,1012,1625,1012,1656,1004,1656
1023,1625,1031,1625,1031,1656,1023,1656
1031,1625,1070,1625,1070,1656,1031,1656
1714,1627,1722,1627,1722,1656,1714,1656
1759,1627,1767,1627,1767,1656,1759,1656
1774,1627,1782,1627,1782,1656,1774,1656
1784,1627,1811,1627,1811,1656,1784,1656
597,1668,597,1648,614,1648,614,1668
613,1666,616,1666,615,1680,612,1680
651,1668,654,1668,653,1682,650,1682
686,1691,695,1656,714,1661,704,1696
867,1746,988,1746,988,1761,867,1761
1263,1747,1355,1747,1355,1762,1263,1762
1454,1748,1491,1748,1491,1760,1454,1760
863,1806,867,1806,867,1824,863,1824
887,1806,910,1806,910,1824,887,1824
2613,1790,2754,1791,2754,1827,2613,1826
2766,1790,2929,1791,2929,1827,2766,1826
2948,1791,3059,1792,3059,1828,2948,1827
3073,1793,3082,1793,3082,1828,3073,1828
3193,1793,3225,1793,3225,1828,3193,1828
3227,1793,3236,1793,3236,1828,3227,1828
3244,1794,3270,1794,3270,1829,3244,1829
3278,1794,3329,1794,3329,1829,3278,1829
2613,1863,2725,1863,2725,1892,2613,1892
2739,1863,2747,1863,2747,1892,2739,1892
3201,1855,3226,1856,3225,1890,3200,1889
3234,1856,3243,1856,3242,1890,3233,1890
3242,1855,3273,1856,3272,1891,3241,1890
3280,1857,3330,1858,3329,1892,3279,1891
1085,1885,1159,1885,1159,1907,1085,1907
1301,1937,1367,1939,1366,1965,1300,1963
1379,1939,1435,1941,1434,1967,1378,1965
2680,2036,2685,2036,2685,2057,2680,2057
2686,2036,2691,2036,2691,2057,2686,2057
2658,2073,2701,2073,2701,2096,2658,2096
2749,2036,2809,2036,2809,2059,2749,2059
2751,2074,2810,2074,2810,2099,2751,2099
2820,2074,2865,2074,2865,2099,2820,2099
2875,2074,2915,2074,2915,2099,2875,2099
3178,2050,3219,2050,3219,2072,3178,2072
3222,2050,3227,2050,3227,2072,3222,2072
3225,2050,3283,2050,3283,2072,3225,2072
3179,2077,3247,2077,3247,2100,3179,2100
3251,2077,3281,2077,3281,2100,3251,2100
3296,2077,3302,2077,3302,2100,3296,2100
3312,2077,3318,2077,3318,2100,3312,2100
3322,2077,3328,2077,3328,2100,3322,2100
3332,2077,3344,2077,3344,2100,3332,2100
3356,2077,3362,2077,3362,2100,3356,2100
2671,2113,2699,2116,2697,2136,2669,2133
2749,2116,2788,2116,2788,2137,2749,2137
2798,2116,2857,2116,2857,2137,2798,2137
2749,2153,2792,2153,2792,2174,2749,2174
2797,2153,2854,2153,2854,2174,2797,2174
3081,2122,3118,2122,3118,2145,3081,2145
3178,2123,3254,2123,3254,2144,3178,2144
3264,2123,3300,2123,3300,2144,3264,2144
3305,2123,3376,2123,3376,2144,3305,2144
2676,2151,2697,2154,2695,2172,2674,2170
1646,2146,1662,2146,1662,2204,1646,2204
1808,2146,1830,2146,1830,2204,1808,2204
1965,2146,1998,2146,1998,2204,1965,2204
2130,2146,2163,2146,2163,2204,2130,2204
2296,2146,2327,2146,2327,2204,2296,2204
2461,2146,2493,2146,2493,2204,2461,2204
3074,2165,3082,2165,3082,2194,3074,2194
3182,2167,3233,2168,3233,2198,3182,2197
3240,2168,3307,2169,3306,2199,3240,2198
3181,2213,3242,2214,3242,2237,3181,2236
3254,2214,3327,2215,3327,2238,3254,2237
2751,2208,2797,2208,2797,2229,2751,2229
2808,2208,2813,2208,2813,2229,2808,2229
2817,2208,2822,2208,2822,2229,2817,2229
2820,2208,2846,2208,2846,2229,2820,2229
2856,2208,2913,2208,2913,2229,2856,2229
170,2289,218,2289,218,2312,170,2312
223,2289,244,2289,244,2312,223,2312
257,2289,380,2289,380,2312,257,2312
386,2289,416,2289,416,2312,386,2312
425,2289,596,2289,596,2312,425,2312
607,2289,733,2289,733,2312,607,2312
741,2289,766,2289,766,2312,741,2312
775,2289,819,2289,819,2312,775,2312
822,2289,828,2289,828,2312,822,2312
837,2289,849,2289,849,2312,837,2312
864,2289,937,2289,937,2312,864,2312
950,2289,971,2289,971,2312,950,2312
982,2289,1060,2289,1060,2312,982,2312
1072,2289,1085,2289,1085,2312,1072,2312
1099,2289,1204,2289,1204,2312,1099,2312
1218,2289,1224,2289,1224,2312,1218,2312
1228,2289,1234,2289,1234,2312,1228,2312
1235,2289,1241,2289,1241,2312,1235,2312
1253,2289,1343,2289,1343,2312,1253,2312
1353,2289,1389,2289,1389,2312,1353,2312
1395,2289,1542,2289,1542,2312,1395,2312
1549,2289,1600,2289,1600,2312,1549,2312
1607,2289,1647,2289,1647,2312,1607,2312
1655,2289,1734,2289,1734,2312,1655,2312
1741,2289,1767,2289,1767,2312,1741,2312
1779,2289,1906,2289,1906,2312,1779,2312
1918,2289,1939,2289,1939,2312,1918,2312
1955,2289,1961,2289,1961,2312,1955,2312
1965,2289,1971,2289,1971,2312,1965,2312
1969,2289,2099,2289,2099,2312,1969,2312
2106,2289,2112,2289,2112,2312,2106,2312
166,2317,208,2317,208,2346,166,2346
216,2317,329,2317,329,2346,216,2346
339,2317,385,2317,385,2346,339,2346
387,2317,395,2317,395,2346,387,2346
395,2317,487,2317,487,2346,395,2346
489,2317,497,2317,497,2346,489,2346
503,2317,578,2317,578,2346,503,2346
591,2317,607,2317,607,2346,591,2346
615,2317,623,2317,623,2346,615,2346
621,2317,629,2317,629,2346,621,2346
626,2317,778,2317,778,2346,626,2346
781,2317,818,2317,818,2346,781,2346
829,2317,967,2317,967,2346,829,2346
981,2317,1025,2317,1025,2346,981,2346
1034,2317,1103,2317,1103,2346,1034,2346
1116,2317,1124,2317,1124,2346,1116,2346
1136,2317,1171,2317,1171,2346,1136,2346
1182,2317,1266,2317,1266,2346,1182,2346
1266,2317,1274,2317,1274,2346,1266,2346
1286,2317,1339,2317,1339,2346,1286,2346
1346,2317,1475,2317,1475,2346,1346,2346
1489,2317,1516,2317,1516,2346,1489,2346
1522,2317,1591,2317,1591,2346,1522,2346
1604,2317,1643,2317,1643,2346,1604,2346
1652,2317,1727,2317,1727,2346,1652,2346
1739,2317,1777,2317,1777,2346,1739,2346
1788,2317,1804,2317,1804,2346,1788,2346
1815,2317,1846,2317,1846,2346,1815,2346
1857,2317,1948,2317,1948,2346,1857,2346
1959,2317,1988,2317,1988,2346,1959,2346
1996,2317,2078,2317,2078,2346,1996,2346
2091,2317,2099,2317,2099,2346,2091,2346
2100,2317,2108,2317,2108,2346,2100,2346
2108,2317,2236,2317,2236,2346,2108,2346
2241,2317,2249,2317,2249,2346,2241,2346
2614,2300,2676,2300,2676,2339,2614,2339
2690,2300,2701,2300,2701,2339,2690,2339
2733,2300,2762,2300,2762,2339,2733,2339
2774,2300,2886,2300,2886,2339,2774,2339
2901,2300,2966,2300,2966,2339,2901,2339
