3801,177,4449,177,4449,324,3801,324
3803,314,4442,314,4442,453,3803,453
2119,620,2197,622,2196,669,2118,667
4060,594,4517,594,4517,723,4060,723
2162,681,2162,675,2186,675,2186,681
2238,633,2238,639,2215,639,2215,633
2238,681,2238,687,2215,687,2215,681
2238,705,2238,711,2215,711,2215,705
2238,729,2238,735,2215,735,2215,729
2238,751,2238,757,2215,757,2215,751
2274,633,2274,639,2250,639,2250,633
2274,658,2274,664,2250,664,2250,658
2274,680,2274,686,2250,686,2250,680
2274,705,2274,711,2250,711,2250,705
2274,728,2274,734,2250,734,2250,728
2274,753,2274,759,2250,759,2250,753
2307,679,2307,674,2328,674,2328,679
2515,672,2518,672,2523,714,2520,715
2307,715,2307,710,2328,710,2328,715
2046,712,2046,718,2021,718,2021,712
2162,716,2162,710,2186,710,2186,716
1997,750,2002,750,2003,771,1998,771
1997,758,2000,758,2000,773,1997,773
1961,758,1964,758,1964,773,1961,773
2046,748,2046,754,2021,754,2021,748
2046,764,2046,770,2021,770,2021,764
2063,748,2068,748,2069,769,2064,769
2137,745,2142,745,2143,766,2138,766
2102,747,2107,747,2108,768,2103,768
2162,766,2162,760,2186,760,2186,766
2352,744,2360,744,2359,773,2351,773
2388,745,2396,745,2395,774,2387,774
2460,748,2468,748,2467,777,2459,777
2493,749,2501,749,2500,778,2492,778
2529,750,2537,750,2536,779,2528,779
2565,751,2573,751,2572,780,2564,780
2607,753,2615,753,2614,782,2606,782
2046,800,2046,806,2021,806,2021,800
2703,817,2703,820,2688,820,2688,817
4130,808,4214,808,4214,840,4130,840
4232,808,4273,808,4273,840,4232,840
4288,808,4472,808,4472,840,4288,840
2046,837,2046,843,2021,843,2021,837
2703,853,2703,856,2688,856,2688,853
1783,841,1822,845,1818,887,1779,884
2046,871,2046,877,2021,877,2021,871
2703,888,2703,891,2688,891,2688,888
1082,876,1204,862,1208,898,1086,912
2492,874,2543,874,2543,910,2492,910
2046,941,2046,947,2021,947,2021,941
878,984,878,927,903,927,903,984
1261,982,1261,935,1284,935,1284,982
1962,970,1965,970,1964,985,1961,985
1997,972,2000,972,1999,987,1996,987
953,962,1056,962,1056,1024,953,1024
1074,962,1131,962,1131,1024,1074,1024
1137,962,1263,962,1263,1024,1137,1024
2702,995,2702,999,2685,999,2685,995
2046,1014,2046,1020,2021,1020,2021,1014
2703,1031,2703,1035,2686,1035,2686,1031
2590,1040,2590,1036,2607,1036,2607,1040
2046,1047,2046,1053,2021,1053,2021,1047
1088,1050,1092,1050,1093,1067,1089,1067
1122,1048,1126,1048,1127,1065,1123,1065
1158,1045,1162,1045,1163,1062,1159,1062
3917,1041,4026,1041,4026,1079,3917,1079
4532,1040,4654,1040,4654,1074,4532,1074
2704,1065,2704,1069,2687,1069,2687,1065
2590,1076,2590,1072,2607,1072,2607,1076
1479,1085,1765,1085,1765,1131,1479,1131
2068,1113,2071,1113,2071,1128,2068,1128
2103,1113,2106,1113,2106,1128,2103,1128
2138,1114,2142,1114,2142,1132,2138,1132
2174,1113,2178,1113,2178,1131,2174,1131
2210,1112,2214,1112,2214,1130,2210,1130
2246,1112,2250,1112,2250,1130,2246,1130
2280,1111,2284,1111,2284,1129,2280,1129
2316,1111,2320,1111,2320,1129,2316,1129
2353,1110,2357,1110,2357,1128,2353,1128
2590,1121,2590,1117,2607,1117,2607,1121
2387,1110,2391,1110,2391,1128,2387,1128
2459,1108,2463,1108,2463,1126,2459,1126
2493,1108,2497,1108,2497,1126,2493,1126
2529,1107,2533,1107,2533,1125,2529,1125
2565,1107,2569,1107,2569,1125,2565,1125
2598,1106,2602,1106,2602,1124,2598,1124
2696,1125,2704,1125,2704,1156,2696,1156
2731,1125,2739,1125,2739,1156,2731,1156
2766,1125,2774,1125,2774,1156,2766,1156
2801,1125,2809,1125,2809,1156,2801,1156
2837,1125,2845,1125,2845,1156,2837,1156
2872,1125,2880,1125,2880,1156,2872,1156
2907,1125,2915,1125,2915,1156,2907,1156
2942,1125,2950,1125,2950,1156,2942,1156
1026,1129,1029,1134,1009,1148,1006,1143
1047,1158,1050,1163,1030,1177,1027,1172
1066,1186,1069,1191,1049,1205,1046,1200
1199,1192,1230,1192,1230,1235,1199,1235
1783,1250,1789,1250,1790,1273,1784,1273
1812,1249,1818,1249,1819,1272,1813,1272
4209,1241,4246,1241,4246,1270,4209,1270
4286,1241,4378,1241,4378,1270,4286,1270
2436,1254,2619,1254,2619,1316,2436,1316
2654,1254,2671,1254,2671,1316,2654,1316
2693,1254,2883,1254,2883,1316,2693,1316
4345,1304,4545,1304,4545,1344,4345,1344
4568,1304,4579,1304,4579,1344,4568,1344
4581,1304,4675,1304,4675,1344,4581,1344
2378,1394,2378,1336,2412,1336,2412,1394
1314,1382,1314,1379,1328,1379,1328,1382
1314,1418,1314,1415,1328,1415,1328,1418
1314,1453,1314,1450,1328,1450,1328,1453
1353,1476,1357,1476,1357,1492,1353,1492
1389,1475,1393,1475,1393,1491,1389,1491
1425,1474,1429,1474,1429,1490,1425,1490
1461,1473,1465,1473,1465,1489,1461,1489
1496,1472,1500,1472,1500,1488,1496,1488
1234,1532,1277,1532,1277,1575,1234,1575
1943,1534,1987,1534,1987,1568,1943,1568
2691,1537,2735,1537,2735,1568,2691,1568
1119,1626,1361,1626,1361,1684,1119,1684
1385,1626,1401,1626,1401,1684,1385,1684
1800,1623,2041,1632,2039,1691,1798,1682
2066,1633,2082,1634,2080,1692,2064,1691
876,1708,876,1661,906,1661,906,1708
2178,1637,2194,1638,2192,1696,2176,1695
1445,1738,1449,1738,1449,1754,1445,1754
1480,1738,1484,1738,1484,1754,1480,1754
1388,1805,1392,1805,1392,1822,1388,1822
1424,1805,1428,1805,1428,1822,1424,1822
1460,1805,1464,1805,1464,1822,1460,1822
1497,1804,1501,1804,1502,1821,1498,1821
1531,1803,1535,1803,1536,1820,1532,1820
1567,1802,1571,1802,1572,1819,1568,1819
1289,1863,1341,1879,1333,1902,1282,1886
3717,1547,3980,1547,3980,1632,3717,1632
4035,1547,4238,1547,4238,1632,4035,1632
4302,1547,4380,1547,4380,1632,4302,1632
4399,1547,4463,1547,4463,1632,4399,1632
4481,1547,4565,1547,4565,1632,4481,1632
4666,1547,4797,1547,4797,1632,4666,1632
3769,1669,3874,1669,3874,1743,3769,1743
3866,1669,3887,1669,3887,1743,3866,1743
3896,1669,3917,1669,3917,1743,3896,1743
4002,1666,4022,1667,4020,1736,4000,1735
4086,1669,4106,1670,4104,1739,4084,1738
4135,1670,4155,1671,4153,1740,4133,1739
4170,1671,4190,1672,4188,1741,4168,1740
4384,1668,4494,1666,4496,1744,4386,1746
4707,1662,4764,1661,4765,1738,4709,1739
4064,1795,4283,1792,4284,1865,4065,1868
4302,1791,4572,1787,4573,1860,4303,1864
3851,1882,4043,1882,4043,1936,3851,1936
4080,1882,4095,1882,4095,1936,4080,1936
4126,1882,4323,1882,4323,1936,4126,1936
4522,1885,4566,1885,4566,1933,4522,1933
4578,1885,4591,1885,4591,1933,4578,1933
4593,1885,4645,1885,4645,1933,4593,1933
4656,1885,4735,1885,4735,1933,4656,1933
3842,1959,4096,1959,4096,2007,3842,2007
4128,1959,4141,1959,4141,2007,4128,2007
4525,1959,4575,1959,4575,2005,4525,2005
4576,1959,4589,1959,4589,2005,4576,2005
4589,1959,4648,1959,4648,2005,4589,2005
4656,1959,4731,1959,4731,2005,4656,2005
3846,2033,4093,2033,4093,2077,3846,2077
4127,2033,4139,2033,4139,2077,4127,2077
4525,2029,4539,2029,4539,2079,4525,2079
4546,2029,4560,2029,4560,2079,4546,2079
4570,2029,4607,2029,4607,2079,4570,2079
4628,2029,4702,2029,4702,2079,4628,2079
3845,2103,3947,2103,3947,2149,3845,2149
3978,2103,4028,2103,4028,2149,3978,2149
4042,2103,4171,2103,4171,2149,4042,2149
4523,2102,4536,2102,4536,2149,4523,2149
4547,2102,4560,2102,4560,2149,4547,2149
4563,2102,4606,2102,4606,2149,4563,2149
4628,2102,4705,2102,4705,2149,4628,2149
3843,2170,4145,2170,4145,2232,3843,2232
4525,2172,4539,2172,4539,2221,4525,2221
4550,2172,4564,2172,4564,2221,4550,2221
4567,2172,4612,2172,4612,2221,4567,2221
4631,2172,4703,2172,4703,2221,4631,2221
3839,2242,3928,2242,3928,2296,3839,2296
4529,2247,4542,2247,4542,2293,4529,2293
4548,2247,4561,2247,4561,2293,4548,2293
4562,2247,4613,2247,4613,2293,4562,2293
4627,2247,4703,2247,4703,2293,4627,2293
4517,2319,4568,2319,4568,2365,4517,2365
4578,2319,4591,2319,4591,2365,4578,2365
4593,2319,4643,2319,4643,2365,4593,2365
4658,2319,4733,2319,4733,2365,4658,2365
1831,2025,1866,2022,1868,2043,1833,2046
2900,2019,2933,2019,2933,2045,2900,2045
2390,2045,2392,2045,2392,2057,2390,2057
2435,2045,2437,2045,2437,2057,2435,2057
2459,2045,2461,2045,2461,2057,2459,2057
2482,2045,2484,2045,2484,2057,2482,2057
2506,2045,2508,2045,2508,2057,2506,2057
2529,2045,2531,2045,2531,2057,2529,2057
2552,2045,2554,2045,2554,2057,2552,2057
2577,2045,2579,2045,2579,2057,2577,2057
2600,2045,2602,2045,2602,2056,2600,2056
2623,2045,2625,2045,2625,2056,2623,2056
2647,2045,2649,2045,2649,2056,2647,2056
2671,2045,2673,2045,2673,2056,2671,2056
1370,2036,1375,2036,1375,2057,1370,2057
1394,2036,1399,2036,1399,2057,1394,2057
1414,2036,1419,2036,1419,2057,1414,2057
1250,2054,1259,2054,1259,2089,1250,2089
1279,2054,1288,2054,1288,2089,1279,2089
1325,2054,1385,2054,1385,2089,1325,2089
1764,2065,1803,2065,1803,2086,1764,2086
3052,2185,3090,2184,3091,2218,3053,2219
3101,2183,3189,2180,3190,2215,3102,2218
2174,2370,2190,2370,2191,2428,2175,2428
2276,2368,2525,2363,2526,2421,2277,2426
3143,2327,3143,2393,3107,2393,3107,2327
3143,2397,3143,2407,3107,2407,3107,2397
3143,2405,3143,2457,3107,2457,3107,2405
3719,2482,3807,2482,3807,2518,3719,2518
3823,2482,3833,2482,3833,2518,3823,2518
3839,2482,3878,2482,3878,2518,3839,2518
3893,2482,3999,2482,3999,2518,3893,2518
4009,2482,4060,2482,4060,2518,4009,2518
4073,2482,4199,2482,4199,2518,4073,2518
4214,2482,4260,2482,4260,2518,4214,2518
4265,2482,4367,2482,4367,2518,4265,2518
4384,2482,4455,2482,4455,2518,4384,2518
4465,2482,4529,2482,4529,2518,4465,2518
4547,2482,4598,2482,4598,2518,4547,2518
4610,2482,4706,2482,4706,2518,4610,2518
4718,2482,4871,2482,4871,2518,4718,2518
3848,2545,4117,2545,4117,2591,3848,2591
4533,2533,4574,2533,4574,2607,4533,2607
4584,2533,4665,2533,4665,2607,4584,2607
3903,2746,4061,2750,4060,2782,3902,2778
3766,2818,3806,2818,3806,2854,3766,2854
3767,2854,3827,2855,3827,2891,3767,2890
3767,2894,3831,2895,3831,2929,3767,2928
3767,2937,3803,2935,3804,2960,3768,2962
3769,2973,3803,2973,3803,3004,3769,3004
3885,2818,3895,2818,3895,2854,3885,2854
3903,2818,3980,2818,3980,2854,3903,2854
3997,2818,4106,2818,4106,2854,3997,2854
3883,2855,3892,2855,3892,2890,3883,2890
3897,2855,4011,2856,4011,2892,3897,2891
4023,2856,4114,2857,4114,2893,4023,2892
4134,2857,4215,2858,4215,2894,4134,2893
3883,2895,3892,2895,3892,2929,3883,2929
3906,2895,4011,2896,4011,2931,3906,2930
4032,2896,4134,2897,4134,2932,4032,2931
4144,2897,4259,2898,4259,2932,4144,2931
3881,2938,3889,2938,3889,2969,3881,2969
3899,2938,3978,2938,3978,2969,3899,2969
3985,2938,4103,2938,4103,2969,3985,2969
3877,2972,3886,2972,3886,3006,3877,3006
3899,2972,4011,2972,4011,3006,3899,3006
4029,2972,4174,2972,4174,3006,4029,3006
3879,3010,3888,3010,3888,3045,3879,3045
3901,3010,4010,3010,4010,3045,3901,3045
4019,3010,4028,3010,4028,3045,4019,3045
4031,3010,4081,3010,4081,3045,4031,3045
4095,3010,4358,3010,4358,3045,4095,3045
3881,3050,3889,3050,3889,3081,3881,3081
3899,3050,3973,3051,3973,3083,3899,3082
3990,3052,4024,3052,4024,3083,3990,3083
4036,3052,4176,3054,4176,3086,4036,3084
3878,3088,3887,3088,3887,3122,3878,3122
3899,3088,3993,3088,3993,3122,3899,3122
4006,3088,4125,3088,4125,3122,4006,3122
3878,3128,3886,3128,3886,3160,3878,3160
3898,3128,3968,3128,3968,3160,3898,3160
3978,3128,3986,3128,3986,3160,3978,3160
3985,3128,4065,3128,4065,3160,3985,3160
3875,3164,3885,3164,3885,3200,3875,3200
3889,3164,3981,3164,3981,3200,3889,3200
3986,3164,3996,3164,3996,3200,3986,3200
3996,3164,4077,3164,4077,3200,3996,3200
3766,3014,3807,3011,3809,3042,3768,3045
2448,3058,2513,3058,2513,3093,2448,3093
2525,3058,2551,3058,2551,3093,2525,3093
2572,3057,2736,3056,2736,3092,2572,3093
2742,3057,2783,3057,2783,3092,2742,3092
2799,3056,3031,3055,3031,3091,2799,3092
3046,3055,3218,3054,3218,3090,3046,3091
3233,3055,3265,3055,3265,3090,3233,3090
3276,3055,3332,3055,3332,3090,3276,3090
3343,3055,3352,3055,3352,3090,3343,3090
3361,3055,3381,3055,3381,3090,3361,3090
3400,3054,3502,3054,3502,3089,3400,3089
3514,3054,3546,3054,3546,3089,3514,3089
2440,3096,2553,3096,2553,3128,2440,3128
2564,3096,2587,3096,2587,3128,2564,3128
2601,3096,2745,3096,2745,3128,2601,3128
2767,3096,2775,3096,2775,3128,2767,3128
2780,3096,2788,3096,2788,3128,2780,3128
2790,3096,2798,3096,2798,3128,2790,3128
2812,3096,2938,3096,2938,3128,2812,3128
2947,3096,2998,3096,2998,3128,2947,3128
3006,3096,3208,3096,3208,3128,3006,3128
3223,3096,3288,3096,3288,3128,3223,3128
3297,3096,3348,3096,3348,3128,3297,3128
3364,3096,3468,3096,3468,3128,3364,3128
3479,3096,3515,3096,3515,3128,3479,3128
2442,3134,2621,3134,2621,3166,2442,3166
2638,3134,2667,3134,2667,3166,2638,3166
2686,3134,2694,3134,2694,3166,2686,3166
2699,3134,2707,3134,2707,3166,2699,3166
2710,3134,2889,3134,2889,3166,2710,3166
2894,3134,2902,3134,2902,3166,2894,3166
2440,3174,2494,3174,2494,3205,2440,3205
2508,3174,2664,3174,2664,3205,2508,3205
2679,3174,2738,3174,2738,3205,2679,3205
2750,3174,2875,3174,2875,3205,2750,3205
2880,3174,2888,3174,2888,3205,2880,3205
2901,3174,3002,3174,3002,3205,2901,3205
3019,3174,3047,3174,3047,3205,3019,3205
3056,3174,3064,3174,3064,3205,3056,3205
3063,3174,3071,3174,3071,3205,3063,3205
3073,3174,3275,3174,3275,3205,3073,3205
3283,3174,3332,3174,3332,3205,3283,3205
3347,3174,3536,3174,3536,3205,3347,3205
2444,3210,2511,3210,2511,3242,2444,3242
2519,3210,2615,3210,2615,3242,2519,3242
2631,3210,2639,3210,2639,3242,2631,3242
2658,3210,2707,3210,2707,3242,2658,3242
2724,3210,2836,3210,2836,3242,2724,3242
2839,3210,2847,3210,2847,3242,2839,3242
2864,3210,2936,3210,2936,3242,2864,3242
2947,3210,3127,3210,3127,3242,2947,3242
3142,3210,3178,3210,3178,3242,3142,3242
3188,3210,3280,3210,3280,3242,3188,3242
3299,3210,3350,3210,3350,3242,3299,3242
3365,3210,3472,3210,3472,3242,3365,3242
3487,3210,3533,3210,3533,3242,3487,3242
3551,3210,3574,3210,3574,3242,3551,3242
2446,3250,2492,3250,2492,3285,2446,3285
2507,3249,2633,3248,2633,3284,2507,3285
2644,3248,2684,3248,2684,3284,2644,3284
2695,3248,2808,3247,2808,3283,2695,3284
2825,3247,2834,3247,2834,3282,2825,3282
2839,3247,2848,3247,2848,3282,2839,3282
2848,3247,3024,3246,3024,3282,2848,3283
3032,3246,3041,3246,3041,3281,3032,3281
3764,3046,3809,3046,3809,3086,3764,3086
3766,3084,3811,3084,3811,3124,3766,3124
3764,3122,3809,3122,3809,3162,3764,3162
3761,3164,3814,3164,3814,3200,3761,3200
4483,3150,4494,3150,4494,3192,4483,3192
4497,3150,4676,3150,4676,3192,4497,3192
4688,3150,4719,3150,4719,3192,4688,3192
4724,3150,4854,3150,4854,3192,4724,3192
4486,3218,4495,3218,4495,3252,4486,3252
4508,3218,4612,3218,4612,3252,4508,3252
4628,3218,4653,3218,4653,3252,4628,3252
4665,3218,4726,3218,4726,3252,4665,3252
4727,3218,4736,3218,4736,3252,4727,3252
4740,3218,4866,3218,4866,3252,4740,3252
4501,3252,4586,3252,4586,3286,4501,3286
4608,3252,4617,3252,4617,3286,4608,3286
4636,3252,4645,3252,4645,3286,4636,3286
4650,3252,4659,3252,4659,3286,4650,3286
4663,3252,4688,3252,4688,3286,4663,3286
4710,3252,4719,3252,4719,3286,4710,3286
3582,3373,3626,3373,3626,3407,3582,3407
3999,3363,4098,3366,4097,3408,3998,3405
4112,3367,4123,3367,4122,3408,4111,3408
4290,3363,4338,3363,4338,3407,4290,3407
4348,3363,4360,3363,4360,3407,4348,3407
4366,3363,4415,3363,4415,3407,4366,3407
4420,3363,4432,3363,4432,3407,4420,3407
4434,3363,4534,3363,4534,3407,4434,3407
