181,150,197,150,197,208,181,208
345,150,365,150,365,208,345,208
501,150,534,150,534,208,501,208
666,150,699,150,699,208,666,208
831,150,864,150,864,208,831,208
997,150,1028,150,1028,208,997,208
2178,194,2214,187,2216,198,2180,205
2717,165,3036,165,3036,239,2717,239
2717,233,3062,233,3062,302,2717,302
1619,255,1625,255,1625,278,1619,278
1636,255,1642,255,1642,278,1636,278
1641,255,1676,255,1676,278,1641,278
1757,386,1757,380,1780,380,1780,386
2807,389,3145,389,3145,485,2807,485
3170,389,3198,389,3198,485,3170,485
2111,450,2198,448,2198,465,2111,467
1571,438,1707,435,1708,478,1572,481
1725,435,1736,435,1737,477,1726,477
1715,488,1723,487,1725,516,1717,517
1736,486,1744,485,1746,514,1738,515
1778,483,1786,482,1788,511,1780,512
1811,481,1819,480,1821,509,1813,510
1844,478,1852,477,1854,506,1846,507
1877,476,1885,475,1887,504,1879,505
2276,598,2318,598,2318,630,2276,630
2795,697,2840,697,2840,707,2795,707
1449,730,1449,732,1437,731,1437,729
2784,727,2893,727,2893,746,2784,746
3084,810,3080,775,3098,773,3102,808
3061,812,3061,945,3044,945,3044,812
1407,951,1408,942,1441,944,1441,953
1408,934,1409,925,1442,927,1442,936
1409,925,1411,894,1445,896,1443,927
1203,927,1251,927,1251,948,1203,948
1260,927,1287,927,1287,948,1260,948
1568,921,1707,918,1708,959,1569,962
1724,918,1735,918,1736,958,1725,958
2100,933,2154,940,2148,987,2094,981
1622,1045,1630,1045,1630,1075,1622,1075
1634,1045,1642,1045,1642,1075,1634,1075
1642,1045,1676,1045,1676,1075,1642,1075
976,1149,1042,1149,1042,1176,976,1176
1045,1149,1052,1149,1052,1176,1045,1176
1056,1149,1108,1149,1108,1176,1056,1176
824,1255,824,1202,858,1202,858,1255
824,1202,824,1193,858,1193,858,1202
824,1191,824,1157,858,1157,858,1191
3139,1146,3193,1147,3192,1182,3138,1181
3207,1147,3244,1148,3243,1183,3206,1182
3252,1148,3371,1150,3370,1185,3251,1183
3218,1196,3295,1196,3295,1239,3218,1239
2666,1196,2780,1196,2780,1239,2666,1239
2694,1254,2703,1254,2703,1288,2694,1288
2719,1254,2728,1254,2728,1288,2719,1288
2736,1254,2745,1254,2745,1288,2736,1288
2911,1196,2958,1196,2958,1239,2911,1239
2970,1196,3009,1196,3009,1239,2970,1239
3022,1196,3064,1196,3064,1239,3022,1239
2963,1253,3001,1253,3001,1291,2963,1291
3244,1255,3269,1251,3274,1285,3249,1289
1416,1379,1415,1373,1439,1371,1440,1377
1414,1364,1413,1358,1437,1356,1438,1362
1414,1358,1411,1327,1436,1325,1439,1356
1569,1340,1704,1340,1704,1387,1569,1387
1721,1340,1734,1340,1734,1387,1721,1387
1621,1456,1629,1456,1629,1486,1621,1486
1636,1456,1644,1456,1644,1486,1636,1486
1641,1456,1675,1456,1675,1486,1641,1486
2371,1575,2366,1437,2396,1436,2401,1574
2367,1441,2367,1433,2396,1432,2396,1440
2393,1530,2393,1525,2414,1525,2414,1530
2393,1565,2393,1560,2414,1560,2414,1565
2646,1339,2740,1339,2740,1375,2646,1375
2749,1339,2759,1339,2759,1375,2749,1375
2765,1339,2874,1339,2874,1375,2765,1375
2642,1386,2835,1386,2835,1424,2642,1424
2842,1386,2852,1386,2852,1424,2842,1424
2852,1386,2881,1386,2881,1424,2852,1424
2891,1386,2994,1386,2994,1424,2891,1424
3005,1386,3048,1386,3048,1424,3005,1424
3052,1386,3062,1386,3062,1424,3052,1424
2646,1436,2793,1436,2793,1470,2646,1470
2643,1486,2776,1486,2776,1524,2643,1524
2791,1486,2801,1486,2801,1524,2791,1524
2649,1533,2777,1533,2777,1573,2649,1573
2794,1533,2805,1533,2805,1573,2794,1573
2648,1586,2708,1586,2708,1621,2648,1621
2727,1586,2759,1586,2759,1621,2727,1621
2770,1586,2825,1586,2825,1621,2770,1621
2641,1634,2817,1638,2816,1674,2640,1670
2637,1688,2697,1688,2697,1720,2637,1720
3192,1339,3225,1339,3225,1375,3192,1375
3227,1339,3237,1339,3237,1375,3227,1375
3237,1339,3263,1339,3263,1375,3237,1375
3277,1339,3324,1339,3324,1375,3277,1375
3208,1385,3218,1385,3219,1423,3209,1423
3228,1385,3238,1385,3239,1423,3229,1423
3239,1384,3266,1383,3267,1421,3240,1422
3276,1383,3326,1381,3327,1419,3277,1421
3194,1431,3219,1432,3218,1467,3193,1466
3227,1432,3236,1432,3235,1467,3226,1467
3237,1432,3263,1433,3262,1468,3236,1467
3275,1433,3321,1434,3320,1469,3274,1468
3195,1484,3225,1483,3226,1523,3196,1524
3225,1483,3236,1483,3237,1523,3226,1523
3236,1482,3266,1481,3267,1522,3237,1523
3279,1481,3322,1480,3323,1520,3280,1521
3196,1532,3226,1532,3226,1572,3196,1572
3226,1532,3237,1532,3237,1572,3226,1572
3237,1532,3267,1532,3267,1572,3237,1572
3280,1532,3323,1532,3323,1572,3280,1572
3211,1586,3220,1586,3220,1621,3211,1621
3225,1586,3234,1586,3234,1621,3225,1621
3243,1586,3263,1586,3263,1621,3243,1621
3277,1586,3322,1586,3322,1621,3277,1621
3211,1634,3221,1634,3221,1672,3211,1672
3226,1634,3236,1634,3236,1672,3226,1672
3243,1634,3263,1634,3263,1672,3243,1672
3276,1634,3324,1634,3324,1672,3276,1672
3211,1685,3221,1685,3221,1723,3211,1723
3226,1685,3236,1685,3236,1723,3226,1723
3243,1685,3263,1685,3263,1723,3243,1723
3276,1685,3324,1685,3324,1723,3276,1723
822,1668,824,1620,854,1621,852,1669
824,1617,824,1609,853,1610,853,1618
825,1604,826,1571,855,1572,854,1605
1841,1606,1850,1606,1850,1640,1841,1640
1855,1606,1864,1606,1864,1640,1855,1640
1868,1606,1893,1606,1893,1640,1868,1640
2418,1642,2424,1587,2444,1590,2438,1644
2341,1676,2427,1676,2427,1701,2341,1701
2368,1722,2411,1722,2411,1740,2368,1740
2616,1792,2753,1792,2753,1826,2616,1826
2768,1792,2929,1792,2929,1826,2768,1826
2947,1792,3061,1792,3061,1826,2947,1826
3072,1792,3081,1792,3081,1826,3072,1826
880,1948,880,1881,921,1881,921,1948
880,1878,880,1867,921,1867,921,1878
880,1870,880,1813,921,1813,921,1870
3191,1796,3227,1796,3227,1834,3191,1834
3230,1796,3240,1796,3240,1834,3230,1834
3240,1796,3269,1796,3269,1834,3240,1834
3279,1796,3327,1796,3327,1834,3279,1834
3199,1856,3225,1856,3225,1892,3199,1892
3229,1856,3239,1856,3239,1892,3229,1892
3238,1856,3271,1856,3271,1892,3238,1892
3278,1856,3331,1856,3331,1892,3278,1892
984,1851,1111,1851,1111,1893,984,1893
1408,1904,1408,1895,1443,1895,1443,1904
1408,1890,1408,1881,1443,1881,1443,1890
1408,1881,1408,1855,1443,1855,1443,1881
1576,1849,1668,1849,1668,1897,1576,1897
1679,1849,1692,1849,1692,1897,1679,1897
1696,1849,1807,1849,1807,1897,1696,1897
2613,1863,2725,1863,2725,1892,2613,1892
2739,1863,2747,1863,2747,1892,2739,1892
2381,1980,2381,1982,2370,1982,2370,1980
2381,1998,2381,2000,2370,2000,2370,1998
2381,2016,2381,2018,2370,2018,2370,2016
2381,2034,2381,2036,2370,2036,2370,2034
2381,2052,2381,2054,2370,2054,2370,2052
2680,2036,2685,2036,2685,2057,2680,2057
2686,2036,2691,2036,2691,2057,2686,2057
2658,2073,2701,2073,2701,2096,2658,2096
2749,2036,2809,2036,2809,2059,2749,2059
2751,2074,2810,2074,2810,2099,2751,2099
2820,2074,2865,2074,2865,2099,2820,2099
2875,2074,2915,2074,2915,2099,2875,2099
2381,2070,2381,2072,2370,2072,2370,2070
3050,2053,3054,2053,3060,2110,3057,2111
3092,2048,3096,2048,3102,2105,3099,2106
3178,2050,3219,2050,3219,2072,3178,2072
3222,2050,3227,2050,3227,2072,3222,2072
3225,2050,3283,2050,3283,2072,3225,2072
3179,2077,3247,2077,3247,2100,3179,2100
3251,2077,3281,2077,3281,2100,3251,2100
3296,2077,3302,2077,3302,2100,3296,2100
3312,2077,3318,2077,3318,2100,3312,2100
3322,2077,3328,2077,3328,2100,3322,2100
3332,2077,3344,2077,3344,2100,3332,2100
3356,2077,3362,2077,3362,2100,3356,2100
3179,2037,3219,2033,3225,2091,3186,2096
3212,2035,3228,2033,3234,2091,3219,2093
3229,2032,3289,2025,3295,2084,3236,2091
2381,2087,2381,2089,2370,2089,2370,2087
2671,2113,2699,2116,2697,2136,2669,2133
2749,2116,2788,2116,2788,2137,2749,2137
2798,2116,2857,2116,2857,2137,2798,2137
2749,2153,2792,2153,2792,2174,2749,2174
2797,2153,2854,2153,2854,2174,2797,2174
3081,2122,3118,2122,3118,2145,3081,2145
3178,2123,3254,2123,3254,2144,3178,2144
3264,2123,3300,2123,3300,2144,3264,2144
3305,2123,3376,2123,3376,2144,3305,2144
2676,2151,2697,2154,2695,2172,2674,2170
1157,2158,1198,2152,1202,2182,1161,2188
3074,2165,3082,2165,3082,2194,3074,2194
993,2180,1100,2165,1104,2196,997,2211
3182,2167,3233,2168,3233,2198,3182,2197
3240,2168,3307,2169,3306,2199,3240,2198
3181,2213,3242,2214,3242,2237,3181,2236
3254,2214,3327,2215,3327,2238,3254,2237
2751,2208,2797,2208,2797,2229,2751,2229
2808,2208,2813,2208,2813,2229,2808,2229
2817,2208,2822,2208,2822,2229,2817,2229
2820,2208,2846,2208,2846,2229,2820,2229
2856,2208,2913,2208,2913,2229,2856,2229
170,2289,218,2289,218,2312,170,2312
223,2289,244,2289,244,2312,223,2312
257,2289,380,2289,380,2312,257,2312
386,2289,416,2289,416,2312,386,2312
425,2289,596,2289,596,2312,425,2312
607,2289,733,2289,733,2312,607,2312
741,2289,766,2289,766,2312,741,2312
775,2289,819,2289,819,2312,775,2312
822,2289,828,2289,828,2312,822,2312
837,2289,849,2289,849,2312,837,2312
864,2289,937,2289,937,2312,864,2312
950,2289,971,2289,971,2312,950,2312
982,2289,1060,2289,1060,2312,982,2312
1072,2289,1085,2289,1085,2312,1072,2312
1099,2289,1204,2289,1204,2312,1099,2312
1218,2289,1224,2289,1224,2312,1218,2312
1228,2289,1234,2289,1234,2312,1228,2312
1235,2289,1241,2289,1241,2312,1235,2312
1253,2289,1343,2289,1343,2312,1253,2312
1353,2289,1389,2289,1389,2312,1353,2312
1395,2289,1542,2289,1542,2312,1395,2312
1549,2289,1600,2289,1600,2312,1549,2312
1607,2289,1647,2289,1647,2312,1607,2312
1655,2289,1734,2289,1734,2312,1655,2312
1741,2289,1767,2289,1767,2312,1741,2312
1779,2289,1906,2289,1906,2312,1779,2312
1918,2289,1939,2289,1939,2312,1918,2312
1955,2289,1961,2289,1961,2312,1955,2312
1965,2289,1971,2289,1971,2312,1965,2312
1969,2289,2099,2289,2099,2312,1969,2312
2106,2289,2112,2289,2112,2312,2106,2312
166,2317,208,2317,208,2346,166,2346
216,2317,329,2317,329,2346,216,2346
339,2317,385,2317,385,2346,339,2346
387,2317,395,2317,395,2346,387,2346
395,2317,487,2317,487,2346,395,2346
489,2317,497,2317,497,2346,489,2346
503,2317,578,2317,578,2346,503,2346
591,2317,607,2317,607,2346,591,2346
615,2317,623,2317,623,2346,615,2346
621,2317,629,2317,629,2346,621,2346
626,2317,778,2317,778,2346,626,2346
781,2317,818,2317,818,2346,781,2346
829,2317,967,2317,967,2346,829,2346
981,2317,1025,2317,1025,2346,981,2346
1034,2317,1103,2317,1103,2346,1034,2346
1116,2317,1124,2317,1124,2346,1116,2346
1136,2317,1171,2317,1171,2346,1136,2346
1182,2317,1266,2317,1266,2346,1182,2346
1266,2317,1274,2317,1274,2346,1266,2346
1286,2317,1339,2317,1339,2346,1286,2346
1346,2317,1475,2317,1475,2346,1346,2346
1489,2317,1516,2317,1516,2346,1489,2346
1522,2317,1591,2317,1591,2346,1522,2346
1604,2317,1643,2317,1643,2346,1604,2346
1652,2317,1727,2317,1727,2346,1652,2346
1739,2317,1777,2317,1777,2346,1739,2346
1788,2317,1804,2317,1804,2346,1788,2346
1815,2317,1846,2317,1846,2346,1815,2346
1857,2317,1948,2317,1948,2346,1857,2346
1959,2317,1988,2317,1988,2346,1959,2346
1996,2317,2078,2317,2078,2346,1996,2346
2091,2317,2099,2317,2099,2346,2091,2346
2100,2317,2108,2317,2108,2346,2100,2346
2108,2317,2236,2317,2236,2346,2108,2346
2241,2317,2249,2317,2249,2346,2241,2346
2614,2300,2676,2300,2676,2339,2614,2339
2690,2300,2701,2300,2701,2339,2690,2339
2733,2300,2762,2300,2762,2339,2733,2339
2774,2300,2886,2300,2886,2339,2774,2339
2901,2300,2966,2300,2966,2339,2901,2339
