798,140,856,140,856,191,798,191
1156,140,1215,140,1215,191,1156,191
1194,172,1204,172,1204,208,1194,208
1215,172,1225,172,1225,208,1215,208
1248,172,1281,172,1281,208,1248,208
1770,133,1821,144,1811,190,1760,179
1859,152,1890,159,1880,205,1849,198
839,180,842,180,842,193,839,193
862,180,865,180,865,193,862,193
886,180,889,180,889,193,886,193
689,248,689,245,702,245,702,248
689,283,689,280,702,280,702,283
606,275,656,277,655,307,605,305
696,279,704,279,703,308,695,308
1297,272,1345,272,1345,309,1297,309
1901,274,1946,274,1946,306,1901,306
3801,177,4449,177,4449,324,3801,324
3803,314,4442,314,4442,453,3803,453
801,341,804,341,804,356,801,356
836,341,839,341,839,356,836,356
985,388,985,392,967,392,967,388
985,424,985,428,967,428,967,424
985,459,985,463,967,463,967,459
985,495,985,499,967,499,967,495
487,490,726,490,726,532,487,532
758,490,769,490,769,532,758,532
1185,489,1424,489,1424,535,1185,535
1449,489,1462,489,1462,535,1449,535
291,561,288,513,322,511,325,559
1790,482,2023,482,2023,544,1790,544
2052,482,2069,482,2069,544,2052,544
985,531,985,535,967,535,967,531
1546,585,1546,537,1583,537,1583,585
2106,584,2106,537,2138,537,2138,584
985,565,985,569,967,569,967,565
985,601,985,605,967,605,967,601
992,637,991,645,962,642,963,634
4060,594,4517,594,4517,723,4060,723
703,699,700,703,682,692,685,688
684,731,681,735,663,724,666,720
4129,808,4214,808,4214,840,4129,840
4232,808,4273,808,4273,840,4232,840
4288,808,4472,808,4472,840,4288,840
1014,864,1010,869,991,853,994,849
997,887,993,892,974,876,977,872
293,878,299,878,299,903,293,903
332,878,338,878,338,903,332,903
365,878,371,878,371,903,365,903
399,878,405,878,405,903,399,903
436,878,442,878,442,903,436,903
469,878,475,878,475,903,469,903
506,878,512,878,512,903,506,903
542,878,548,878,548,903,542,903
576,878,582,878,582,903,576,903
612,878,618,878,618,903,612,903
649,878,655,878,655,903,649,903
974,915,970,920,951,904,954,900
709,978,673,871,703,861,738,968
953,942,949,947,930,931,933,927
560,953,566,953,564,976,558,976
596,955,602,955,600,978,594,978
632,958,638,958,636,981,630,981
466,986,501,986,501,1018,466,1018
487,1052,535,1054,533,1088,485,1086
4532,1040,4654,1040,4654,1074,4532,1074
422,1086,430,1087,426,1116,418,1115
372,1124,376,1124,376,1142,372,1142
408,1123,412,1123,412,1141,408,1141
443,1122,447,1122,447,1140,443,1140
477,1122,481,1122,481,1140,477,1140
513,1121,517,1121,517,1139,513,1139
548,1120,552,1120,552,1138,548,1138
372,1146,465,1146,465,1204,372,1204
489,1146,543,1146,543,1204,489,1204
554,1146,671,1146,671,1204,554,1204
1180,1130,1471,1130,1471,1184,1180,1184
667,1267,660,1222,695,1216,702,1262
3791,1306,3801,1306,3801,1342,3791,1342
3915,1306,4000,1306,4000,1342,3915,1342
4009,1306,4019,1306,4019,1342,4009,1342
4055,1306,4121,1306,4121,1342,4055,1342
4336,1306,4677,1306,4677,1344,4336,1344
4682,1306,4692,1306,4692,1344,4682,1344
1218,1438,1220,1469,1177,1472,1175,1441
1766,1433,1775,1433,1777,1468,1768,1468
1918,1427,1927,1427,1929,1462,1920,1462
1961,1365,1961,1533,1939,1533,1939,1365
2031,1377,2031,1517,2002,1517,2002,1377
1366,1500,1372,1500,1372,1524,1366,1524
1401,1500,1407,1500,1407,1524,1401,1524
1438,1499,1444,1499,1444,1523,1438,1523
1473,1499,1479,1499,1479,1523,1473,1523
1508,1499,1514,1499,1514,1523,1508,1523
1543,1498,1549,1498,1549,1522,1543,1522
1578,1498,1584,1498,1584,1522,1578,1522
1616,1497,1622,1497,1622,1521,1616,1521
1651,1497,1657,1497,1657,1521,1651,1521
1686,1497,1692,1497,1692,1521,1686,1521
1721,1496,1727,1496,1727,1520,1721,1520
1758,1496,1764,1496,1764,1520,1758,1520
1827,1492,1833,1493,1831,1515,1825,1515
1863,1495,1869,1496,1867,1518,1861,1518
1917,1501,1923,1502,1921,1524,1915,1524
2112,1583,2155,1583,2155,1601,2112,1601
773,1617,773,1619,761,1619,761,1617
773,1650,773,1652,761,1652,761,1650
773,1685,773,1687,761,1687,761,1685
555,1709,555,1669,586,1669,586,1709
1201,1698,1272,1702,1271,1727,1200,1723
2030,1794,2030,1789,2051,1790,2051,1795
2031,1765,2031,1760,2052,1761,2052,1766
2032,1732,2032,1727,2053,1728,2053,1733
2034,1698,2035,1663,2056,1664,2055,1699
750,1763,750,1758,771,1758,771,1763
750,1798,750,1793,771,1793,771,1798
690,1820,694,1820,694,1837,690,1837
750,1831,750,1826,771,1826,771,1831
1665,1855,1671,1855,1671,1878,1665,1878
1701,1855,1707,1855,1707,1878,1701,1878
1737,1855,1743,1855,1743,1878,1737,1878
1773,1855,1779,1855,1779,1878,1773,1878
1809,1855,1815,1855,1815,1878,1809,1878
1843,1855,1849,1855,1849,1878,1843,1878
1879,1855,1885,1855,1885,1878,1879,1878
1951,1855,1957,1855,1957,1878,1951,1878
1984,1855,1990,1855,1990,1878,1984,1878
2023,1855,2029,1855,2029,1878,2023,1878
1876,2025,1876,1972,1910,1972,1910,2025
3720,1547,3980,1547,3980,1632,3720,1632
4035,1547,4238,1547,4238,1632,4035,1632
4302,1547,4380,1547,4380,1632,4302,1632
4399,1547,4463,1547,4463,1632,4399,1632
4481,1547,4565,1547,4565,1632,4481,1632
4666,1547,4797,1547,4797,1632,4666,1632
3771,1676,3871,1676,3871,1732,3771,1732
3867,1676,3883,1676,3883,1732,3867,1732
3895,1676,3911,1676,3911,1732,3895,1732
4090,1665,4113,1666,4109,1746,4086,1745
4139,1667,4162,1668,4158,1748,4135,1747
4172,1669,4195,1670,4191,1750,4168,1749
4387,1666,4487,1666,4487,1744,4387,1744
4706,1666,4764,1666,4764,1744,4706,1744
4063,1795,4279,1795,4279,1872,4063,1872
4305,1795,4564,1795,4564,1872,4305,1872
3881,1898,4074,1898,4074,1956,3881,1956
4110,1898,4126,1898,4126,1956,4110,1956
4151,1898,4359,1898,4359,1956,4151,1956
4556,1898,4603,1898,4603,1961,4556,1961
4609,1898,4627,1898,4627,1961,4609,1961
4633,1898,4679,1898,4679,1961,4633,1961
4689,1898,4770,1898,4770,1961,4689,1961
3874,1979,4127,1979,4127,2025,3874,2025
4162,1979,4175,1979,4175,2025,4162,2025
4560,1976,4605,1976,4605,2026,4560,2026
4609,1976,4623,1976,4623,2026,4609,2026
4630,1976,4677,1976,4677,2026,4630,2026
4690,1976,4764,1976,4764,2026,4690,2026
3875,2050,4130,2050,4130,2097,3875,2097
4161,2050,4174,2050,4174,2097,4161,2097
4552,2050,4565,2050,4565,2097,4552,2097
4581,2050,4594,2050,4594,2097,4581,2097
4597,2050,4640,2050,4640,2097,4597,2097
4656,2050,4734,2050,4734,2097,4656,2097
3875,2123,4129,2123,4129,2169,3875,2169
4159,2123,4172,2123,4172,2169,4159,2169
4552,2120,4566,2120,4566,2170,4552,2170
4578,2120,4592,2120,4592,2170,4578,2170
4602,2120,4639,2120,4639,2170,4602,2170
4660,2120,4734,2120,4734,2170,4660,2170
3873,2198,4180,2198,4180,2246,3873,2246
4554,2194,4568,2194,4568,2243,4554,2243
4579,2194,4593,2194,4593,2243,4579,2243
4587,2194,4650,2194,4650,2243,4587,2243
4658,2194,4739,2194,4739,2243,4658,2243
3878,2266,3981,2266,3981,2315,3878,2315
4008,2266,4062,2266,4062,2315,4008,2315
4071,2266,4202,2266,4202,2315,4071,2315
4557,2264,4570,2264,4570,2312,4557,2312
4581,2264,4594,2264,4594,2312,4581,2312
4596,2264,4649,2264,4649,2312,4596,2312
4658,2264,4737,2264,4737,2312,4658,2312
3869,2326,3962,2326,3962,2389,3869,2389
4559,2337,4572,2337,4572,2385,4559,2385
4578,2337,4591,2337,4591,2385,4578,2385
4593,2337,4645,2337,4645,2385,4593,2385
4660,2337,4739,2337,4739,2385,4660,2385
4550,2409,4603,2409,4603,2457,4550,2457
4608,2409,4621,2409,4621,2457,4608,2457
4623,2409,4675,2409,4675,2457,4623,2457
4692,2409,4764,2409,4764,2457,4692,2457
1372,2054,1422,2054,1422,2089,1372,2089
1187,2109,1375,2109,1375,2157,1187,2157
1407,2109,1420,2109,1420,2157,1407,2157
1446,2109,1640,2109,1640,2157,1446,2157
3521,2433,3533,2443,3495,2487,3483,2477
3565,2472,3577,2482,3539,2526,3527,2516
3719,2482,3807,2482,3807,2518,3719,2518
3823,2482,3833,2482,3833,2518,3823,2518
3839,2482,3878,2482,3878,2518,3839,2518
3893,2482,3999,2482,3999,2518,3893,2518
4009,2482,4060,2482,4060,2518,4009,2518
4073,2482,4199,2482,4199,2518,4073,2518
4214,2482,4260,2482,4260,2518,4214,2518
4265,2482,4367,2482,4367,2518,4265,2518
4384,2482,4455,2482,4455,2518,4384,2518
4465,2482,4529,2482,4529,2518,4465,2518
4547,2482,4598,2482,4598,2518,4547,2518
4610,2482,4706,2482,4706,2518,4610,2518
4718,2482,4871,2482,4871,2518,4718,2518
1231,2535,1263,2536,1262,2571,1230,2570
1026,2564,1028,2564,1028,2575,1026,2575
1048,2564,1050,2564,1050,2575,1048,2575
1071,2564,1073,2564,1073,2575,1071,2575
1095,2564,1097,2564,1097,2575,1095,2575
1119,2564,1121,2564,1121,2575,1119,2575
1143,2564,1145,2564,1145,2575,1143,2575
1166,2564,1168,2564,1168,2575,1166,2575
1190,2564,1192,2564,1192,2575,1190,2575
1236,2564,1238,2564,1238,2575,1236,2575
1260,2564,1262,2564,1262,2575,1260,2575
1284,2564,1286,2564,1286,2575,1284,2575
1308,2563,1311,2563,1311,2578,1308,2578
1332,2563,1335,2563,1335,2578,1332,2578
1355,2563,1358,2563,1358,2578,1355,2578
1379,2563,1382,2563,1382,2578,1379,2578
1399,2563,1402,2563,1402,2578,1399,2578
1427,2563,1430,2563,1430,2578,1427,2578
1451,2563,1454,2563,1454,2578,1451,2578
1473,2563,1476,2563,1476,2578,1473,2578
1545,2563,1548,2563,1548,2578,1545,2578
1569,2563,1572,2563,1572,2578,1569,2578
1615,2563,1618,2563,1618,2578,1615,2578
1639,2563,1642,2563,1642,2578,1639,2578
1662,2563,1665,2563,1665,2578,1662,2578
1686,2563,1689,2563,1689,2578,1686,2578
1710,2563,1713,2563,1713,2578,1710,2578
1734,2563,1737,2563,1737,2578,1734,2578
1756,2563,1759,2563,1759,2578,1756,2578
1497,2563,1500,2563,1500,2578,1497,2578
1521,2563,1524,2563,1524,2578,1521,2578
1489,2585,1525,2586,1524,2610,1488,2609
1591,2563,1594,2563,1594,2578,1591,2578
1592,2587,1598,2587,1597,2611,1591,2611
3882,2551,4150,2551,4150,2595,3882,2595
4558,2551,4598,2551,4598,2595,4558,2595
4617,2551,4690,2551,4690,2595,4617,2595
1591,2618,1614,2619,1614,2630,1591,2629
2112,2704,2149,2704,2149,2738,2112,2738
3903,2746,4061,2750,4060,2782,3902,2778
2205,2793,2205,2861,2173,2861,2173,2793
2205,2868,2205,2876,2173,2876,2173,2868
2205,2880,2205,2926,2173,2926,2173,2880
1319,2869,1574,2869,1574,2915,1319,2915
3766,2818,3806,2818,3806,2854,3766,2854
3766,2858,3829,2858,3829,2892,3766,2892
3767,2894,3831,2895,3831,2929,3767,2928
3768,2936,3802,2936,3802,2963,3768,2963
3769,2973,3803,2973,3803,3004,3769,3004
1881,3004,1881,2955,1912,2955,1912,3004
3885,2818,3895,2818,3895,2854,3885,2854
3903,2818,3980,2818,3980,2854,3903,2854
3997,2818,4106,2818,4106,2854,3997,2854
3882,2858,3891,2858,3891,2892,3882,2892
3899,2858,4011,2858,4011,2892,3899,2892
4026,2858,4113,2858,4113,2892,4026,2892
4131,2858,4211,2858,4211,2892,4131,2892
3883,2895,3892,2895,3892,2929,3883,2929
3906,2895,4012,2896,4012,2931,3906,2930
4032,2896,4134,2897,4134,2932,4032,2931
4144,2897,4259,2898,4259,2932,4144,2931
3881,2938,3889,2938,3889,2969,3881,2969
3899,2938,3978,2938,3978,2969,3899,2969
3985,2938,4103,2938,4103,2969,3985,2969
3877,2972,3886,2972,3886,3006,3877,3006
3899,2972,4011,2972,4011,3006,3899,3006
4029,2972,4174,2972,4174,3006,4029,3006
3879,3010,3888,3010,3888,3045,3879,3045
3901,3010,4010,3010,4010,3045,3901,3045
4019,3010,4028,3010,4028,3045,4019,3045
4031,3010,4081,3010,4081,3045,4031,3045
4095,3010,4358,3010,4358,3045,4095,3045
3881,3050,3889,3050,3889,3081,3881,3081
3899,3050,3973,3051,3973,3083,3899,3082
3990,3052,4024,3052,4024,3083,3990,3083
4036,3052,4176,3054,4176,3086,4036,3084
3878,3088,3887,3088,3887,3122,3878,3122
3899,3088,3993,3088,3993,3122,3899,3122
4006,3088,4125,3088,4125,3122,4006,3122
3878,3126,3887,3126,3887,3160,3878,3160
3900,3126,3969,3126,3969,3160,3900,3160
3976,3126,3985,3126,3985,3160,3976,3160
3989,3126,4065,3126,4065,3160,3989,3160
3875,3164,3885,3164,3885,3200,3875,3200
3889,3164,3981,3164,3981,3200,3889,3200
3986,3164,3996,3164,3996,3200,3986,3200
3996,3164,4077,3164,4077,3200,3996,3200
3766,3014,3807,3011,3809,3042,3768,3045
3764,3046,3809,3046,3809,3086,3764,3086
3763,3090,3807,3081,3815,3120,3771,3129
2448,3056,2516,3056,2516,3090,2448,3090
2522,3056,2553,3056,2553,3090,2522,3090
2567,3056,2735,3056,2735,3090,2567,3090
2740,3056,2784,3056,2784,3090,2740,3090
2800,3056,3029,3056,3029,3090,2800,3090
3043,3056,3218,3056,3218,3090,3043,3090
3232,3056,3263,3056,3263,3090,3232,3090
3279,3056,3332,3056,3332,3090,3279,3090
3343,3056,3352,3056,3352,3090,3343,3090
3361,3056,3380,3056,3380,3090,3361,3090
3397,3056,3500,3056,3500,3090,3397,3090
3517,3056,3542,3056,3542,3090,3517,3090
2443,3094,2553,3094,2553,3130,2443,3130
2567,3094,2587,3094,2587,3130,2567,3130
2601,3094,2746,3094,2746,3130,2601,3130
2766,3094,2776,3094,2776,3130,2766,3130
2781,3094,2791,3094,2791,3130,2781,3130
2792,3094,2802,3094,2802,3130,2792,3130
2817,3094,2940,3094,2940,3130,2817,3130
2949,3094,3000,3094,3000,3130,2949,3130
3007,3094,3208,3094,3208,3130,3007,3130
3223,3094,3289,3094,3289,3130,3223,3130
3294,3094,3346,3094,3346,3130,3294,3130
3362,3094,3471,3094,3471,3130,3362,3130
3481,3094,3515,3094,3515,3130,3481,3130
2442,3134,2621,3134,2621,3166,2442,3166
2638,3134,2667,3134,2667,3166,2638,3166
2686,3134,2694,3134,2694,3166,2686,3166
2699,3134,2707,3134,2707,3166,2699,3166
2710,3134,2889,3134,2889,3166,2710,3166
2894,3134,2902,3134,2902,3166,2894,3166
2440,3174,2494,3174,2494,3205,2440,3205
2508,3174,2664,3174,2664,3205,2508,3205
2679,3174,2738,3174,2738,3205,2679,3205
2750,3174,2875,3174,2875,3205,2750,3205
2880,3174,2888,3174,2888,3205,2880,3205
2901,3174,3002,3174,3002,3205,2901,3205
3019,3174,3047,3174,3047,3205,3019,3205
3056,3174,3064,3174,3064,3205,3056,3205
3063,3174,3071,3174,3071,3205,3063,3205
3073,3174,3275,3174,3275,3205,3073,3205
3283,3174,3332,3174,3332,3205,3283,3205
3352,3174,3536,3174,3536,3205,3352,3205
2444,3210,2511,3210,2511,3242,2444,3242
2519,3210,2615,3210,2615,3242,2519,3242
2631,3210,2639,3210,2639,3242,2631,3242
2658,3210,2707,3210,2707,3242,2658,3242
2726,3210,2836,3210,2836,3242,2726,3242
2839,3210,2847,3210,2847,3242,2839,3242
2864,3210,2936,3210,2936,3242,2864,3242
2947,3210,3127,3210,3127,3242,2947,3242
3142,3210,3178,3210,3178,3242,3142,3242
3188,3210,3280,3210,3280,3242,3188,3242
3299,3210,3350,3210,3350,3242,3299,3242
3365,3210,3467,3210,3467,3242,3365,3242
3488,3210,3534,3210,3534,3242,3488,3242
3551,3210,3574,3210,3574,3242,3551,3242
2446,3250,2492,3250,2492,3285,2446,3285
2507,3249,2633,3248,2633,3284,2507,3285
2644,3248,2684,3248,2684,3284,2644,3284
2695,3248,2808,3247,2808,3283,2695,3284
2825,3247,2834,3247,2834,3282,2825,3282
2839,3247,2848,3247,2848,3282,2839,3282
2848,3247,3024,3246,3024,3282,2848,3283
3034,3246,3043,3246,3043,3281,3034,3281
3764,3122,3809,3122,3809,3162,3764,3162
3761,3164,3814,3164,3814,3200,3761,3200
4478,3151,4488,3151,4488,3187,4478,3187
4493,3151,4671,3151,4671,3187,4493,3187
4684,3151,4711,3151,4711,3187,4684,3187
4723,3151,4844,3151,4844,3187,4723,3187
4482,3216,4491,3216,4491,3250,4482,3250
4504,3216,4608,3216,4608,3250,4504,3250
4624,3216,4649,3216,4649,3250,4624,3250
4661,3216,4722,3216,4722,3250,4661,3250
4723,3216,4732,3216,4732,3250,4723,3250
4736,3216,4862,3216,4862,3250,4736,3250
4499,3250,4582,3251,4581,3284,4498,3283
4603,3252,4611,3252,4610,3284,4602,3284
4633,3253,4641,3253,4640,3285,4632,3285
4646,3253,4654,3253,4653,3285,4645,3285
4661,3253,4685,3253,4684,3285,4660,3285
4706,3254,4714,3254,4713,3286,4705,3286
3582,3373,3626,3373,3626,3407,3582,3407
3999,3363,4100,3366,4099,3408,3998,3405
4112,3367,4123,3367,4122,3408,4111,3408
4286,3363,4343,3363,4343,3407,4286,3407
4346,3363,4358,3363,4358,3407,4346,3407
4362,3363,4419,3363,4419,3407,4362,3407
4418,3363,4430,3363,4430,3407,4418,3407
4432,3363,4532,3363,4532,3407,4432,3407
