2717,165,3036,165,3036,239,2717,239
2710,236,3062,236,3062,308,2710,308
448,334,451,334,451,348,448,348
464,334,467,334,467,348,464,348
502,333,505,333,505,347,502,347
1427,330,1429,330,1428,340,1426,340
543,332,561,332,561,346,543,346
1243,336,1244,336,1245,344,1244,344
1441,332,1443,332,1442,342,1440,342
1386,338,1410,334,1412,345,1388,350
1965,330,2023,333,2022,349,1964,346
2024,333,2028,333,2027,349,2023,349
766,356,823,356,823,373,766,373
1364,362,1366,362,1364,374,1363,374
1619,360,1624,360,1624,377,1619,377
1691,358,1734,357,1734,375,1691,376
1876,364,1894,364,1894,375,1876,375
832,375,894,353,900,369,838,391
794,387,890,389,890,407,794,405
1354,390,1413,390,1413,401,1354,401
1803,389,1813,390,1812,400,1802,399
1229,416,1274,416,1274,433,1229,433
2803,381,3150,381,3150,489,2803,489
3116,549,3264,597,3260,611,3111,563
2307,567,2337,628,2328,633,2298,571
174,727,174,665,196,665,196,727
2738,698,2887,698,2887,723,2738,723
2977,698,3064,698,3064,723,2977,723
2703,614,2703,834,2688,834,2688,614
2801,758,2963,754,2963,766,2801,770
3032,785,3032,839,3009,839,3009,785
3032,853,3032,859,3009,859,3009,853
1581,840,1612,840,1612,856,1581,856
1614,840,1618,840,1618,856,1614,856
1621,840,1642,840,1642,856,1621,856
2956,838,2956,892,2945,892,2945,838
1255,955,1255,949,1278,947,1278,953
1255,945,1255,939,1278,937,1278,943
1254,937,1251,894,1275,892,1278,935
3142,946,3141,842,3155,842,3156,946
3032,931,3032,937,3009,937,3009,931
3236,970,3236,956,3245,956,3245,970
3236,956,3236,955,3244,955,3244,956
987,973,987,1008,966,1008,966,973
1260,1016,1260,1010,1283,1008,1283,1014
3143,1032,3148,987,3160,988,3155,1033
339,1021,346,1021,346,1047,339,1047
358,1021,365,1021,365,1047,358,1047
374,1021,381,1021,381,1047,374,1047
387,1021,417,1021,417,1047,387,1047
431,1021,438,1021,438,1047,431,1047
444,1021,451,1021,451,1047,444,1047
737,1019,745,1018,747,1048,739,1049
750,1018,758,1017,760,1047,752,1048
762,1017,796,1015,798,1045,764,1047
730,1051,739,1051,741,1085,732,1085
740,1050,749,1050,751,1084,742,1084
754,1050,763,1050,765,1084,756,1084
768,1049,787,1048,789,1083,770,1084
796,1048,805,1048,807,1082,798,1082
2401,1036,2397,1061,2385,1059,2389,1034
1263,1067,1263,1061,1286,1059,1286,1065
1802,1114,1802,1080,1819,1080,1819,1114
1802,1078,1802,1074,1819,1074,1819,1078
1802,1073,1802,1051,1819,1051,1819,1073
2365,1132,2358,1034,2366,1034,2373,1131
399,1105,407,1105,407,1136,399,1136
409,1105,417,1105,417,1136,409,1136
417,1105,475,1105,475,1136,417,1136
760,1107,768,1107,768,1136,760,1136
772,1107,780,1107,780,1136,772,1136
779,1107,806,1107,806,1136,779,1136
1189,1104,1197,1105,1193,1134,1185,1133
1201,1105,1209,1106,1205,1135,1197,1134
1210,1106,1229,1109,1225,1138,1206,1136
233,1164,237,1164,238,1182,234,1182
258,1162,262,1162,263,1180,259,1180
281,1161,285,1161,286,1179,282,1179
307,1159,311,1159,312,1177,308,1177
332,1157,336,1157,337,1175,333,1175
385,1162,391,1162,391,1185,385,1185
411,1162,417,1162,417,1185,411,1185
435,1162,441,1162,441,1185,435,1185
462,1162,494,1162,494,1185,462,1185
2663,1196,2780,1196,2780,1236,2663,1236
2693,1252,2751,1252,2751,1292,2693,1292
2910,1196,2960,1196,2960,1236,2910,1236
2964,1196,3009,1196,3009,1236,2964,1236
3024,1196,3064,1196,3064,1236,3024,1236
2960,1256,3008,1256,3008,1289,2960,1289
3141,1148,3196,1148,3196,1185,3141,1185
3208,1148,3242,1148,3242,1185,3208,1185
3253,1148,3375,1148,3375,1185,3253,1185
3216,1196,3296,1196,3296,1236,3216,1236
3245,1258,3273,1258,3273,1289,3245,1289
306,1280,411,1282,410,1321,305,1319
425,1283,435,1283,434,1321,424,1321
698,1282,804,1282,804,1322,698,1322
796,1282,801,1282,801,1322,796,1322
865,1282,892,1282,892,1322,865,1322
1058,1287,1132,1285,1133,1320,1059,1322
1141,1286,1150,1286,1151,1320,1142,1320
1156,1285,1243,1283,1244,1318,1157,1320
1597,1293,1694,1293,1694,1322,1597,1322
2087,1293,2147,1293,2147,1320,2087,1320
1458,1320,1458,1321,1450,1321,1450,1320
1458,1335,1458,1336,1450,1336,1450,1335
402,1341,410,1343,402,1371,394,1369
425,1347,433,1349,425,1377,417,1375
1459,1363,1459,1364,1451,1364,1451,1363
1459,1376,1459,1377,1451,1377,1451,1376
1802,1432,1802,1400,1820,1400,1820,1432
1802,1399,1802,1395,1820,1395,1820,1399
1802,1392,1802,1371,1820,1371,1820,1392
2328,1424,2328,1379,2346,1379,2346,1424
1254,1505,1254,1500,1276,1500,1276,1505
1254,1491,1254,1486,1276,1486,1276,1491
1254,1485,1254,1461,1276,1461,1276,1485
2362,1661,2361,1594,2369,1594,2370,1661
2361,1591,2361,1590,2369,1590,2369,1591
2360,1547,2359,1492,2367,1492,2368,1547
2650,1355,2741,1355,2741,1397,2650,1397
2746,1355,2757,1355,2757,1397,2746,1397
2771,1355,2870,1355,2870,1397,2771,1397
2642,1402,2832,1402,2832,1444,2642,1444
2841,1402,2852,1402,2852,1444,2841,1444
2854,1402,2877,1402,2877,1444,2854,1444
2891,1402,2993,1402,2993,1444,2891,1444
3010,1402,3049,1402,3049,1444,3010,1444
3051,1402,3062,1402,3062,1444,3051,1444
2648,1452,2775,1452,2775,1488,2648,1488
2794,1452,2804,1452,2804,1488,2794,1488
2647,1504,2775,1504,2775,1539,2647,1539
2790,1504,2799,1504,2799,1539,2790,1539
2646,1556,2711,1556,2711,1588,2646,1588
2725,1556,2761,1556,2761,1588,2725,1588
2768,1556,2821,1556,2821,1588,2768,1588
2641,1606,2693,1606,2693,1637,2641,1637
3194,1356,3222,1355,3223,1393,3195,1394
3227,1356,3237,1356,3238,1394,3228,1394
3242,1355,3263,1354,3264,1392,3243,1393
3275,1354,3325,1353,3326,1391,3276,1392
3210,1402,3220,1402,3220,1440,3210,1440
3226,1402,3236,1402,3236,1440,3226,1440
3237,1402,3264,1402,3264,1440,3237,1440
3276,1402,3324,1402,3324,1440,3276,1440
3195,1452,3225,1451,3226,1491,3196,1492
3225,1451,3236,1451,3237,1491,3226,1491
3236,1450,3266,1449,3267,1490,3237,1491
3272,1449,3324,1447,3325,1487,3273,1489
3211,1500,3222,1500,3222,1540,3211,1540
3228,1500,3239,1500,3239,1540,3228,1540
3239,1500,3269,1500,3269,1540,3239,1540
3275,1500,3327,1500,3327,1540,3275,1540
3209,1551,3220,1551,3220,1592,3209,1592
3226,1551,3237,1551,3237,1592,3226,1592
3237,1551,3267,1551,3267,1592,3237,1592
3273,1551,3327,1551,3327,1592,3273,1592
3213,1603,3223,1603,3224,1641,3214,1641
3224,1603,3234,1603,3235,1641,3225,1641
3238,1602,3266,1601,3267,1640,3239,1641
3277,1601,3325,1599,3326,1637,3278,1639
293,1603,398,1621,392,1656,287,1637
1067,1615,1071,1615,1071,1632,1067,1632
1090,1615,1094,1615,1094,1632,1090,1632
1116,1615,1120,1615,1120,1632,1116,1632
1143,1615,1147,1615,1147,1632,1143,1632
1168,1615,1172,1615,1172,1632,1168,1632
1193,1615,1197,1615,1197,1632,1193,1632
1218,1615,1222,1615,1222,1632,1218,1632
1243,1615,1247,1615,1247,1632,1243,1632
1267,1615,1271,1615,1271,1632,1267,1632
1294,1615,1298,1615,1298,1632,1294,1632
1321,1615,1325,1615,1325,1632,1321,1632
1339,1615,1343,1615,1343,1632,1339,1632
350,1664,355,1663,358,1685,353,1686
359,1663,364,1662,367,1684,362,1685
365,1663,390,1660,392,1683,368,1686
340,1700,344,1700,345,1718,341,1718
360,1699,364,1699,365,1717,361,1717
385,1698,389,1698,390,1716,386,1716
410,1696,414,1696,415,1714,411,1714
434,1694,438,1694,439,1712,435,1712
261,1710,264,1737,252,1738,249,1711
1438,1737,1440,1737,1440,1746,1438,1746
1452,1738,1454,1738,1454,1747,1452,1747
1467,1739,1469,1739,1469,1748,1467,1748
525,1756,549,1761,543,1790,519,1784
1802,1812,1802,1780,1820,1780,1820,1812
1802,1779,1802,1775,1820,1775,1820,1779
1802,1772,1802,1751,1820,1751,1820,1772
2350,1878,2350,1732,2359,1732,2359,1878
2613,1792,2752,1791,2752,1830,2613,1831
2768,1792,2933,1791,2933,1830,2768,1831
2949,1791,3061,1790,3061,1828,2949,1829
3072,1790,3082,1790,3082,1828,3072,1828
3196,1790,3223,1790,3223,1828,3196,1828
3228,1789,3238,1789,3238,1827,3228,1827
3237,1789,3271,1789,3271,1827,3237,1827
3280,1789,3330,1789,3330,1827,3280,1827
1066,1821,1065,1829,1036,1824,1037,1816
1515,1814,1554,1809,1556,1829,1517,1834
1119,1831,1147,1830,1147,1849,1119,1850
1161,1831,1174,1831,1174,1849,1161,1849
1267,1847,1269,1847,1270,1858,1268,1858
1059,1859,1058,1867,1029,1862,1030,1854
1296,1829,1296,1831,1284,1831,1284,1829
1296,1839,1296,1841,1284,1841,1284,1839
1296,1846,1296,1848,1284,1848,1284,1846
1296,1854,1296,1856,1284,1856,1284,1854
1296,1862,1296,1864,1284,1864,1284,1862
1296,1870,1296,1872,1284,1872,1284,1870
1296,1878,1296,1880,1284,1880,1284,1878
1296,1885,1296,1887,1284,1887,1284,1885
1579,1858,1611,1858,1611,1873,1579,1873
1615,1858,1618,1858,1618,1873,1615,1873
1620,1858,1647,1858,1647,1873,1620,1873
2063,1872,2107,1872,2107,1890,2063,1890
2615,1861,2726,1861,2726,1892,2615,1892
2739,1861,2747,1861,2747,1892,2739,1892
1162,1891,1164,1891,1164,1902,1162,1902
1183,1891,1185,1891,1185,1902,1183,1902
1198,1891,1200,1891,1200,1902,1198,1902
1212,1891,1214,1891,1214,1902,1212,1902
1227,1891,1229,1891,1229,1902,1227,1902
1241,1891,1243,1891,1243,1902,1241,1902
1255,1891,1257,1891,1257,1902,1255,1902
1299,1891,1301,1891,1301,1902,1299,1902
1484,1878,1668,1900,1663,1935,1480,1913
1510,1899,1724,1930,1719,1963,1505,1933
3198,1859,3225,1859,3225,1895,3198,1895
3229,1859,3239,1859,3239,1895,3229,1895
3243,1859,3269,1859,3269,1895,3243,1895
3277,1859,3331,1859,3331,1895,3277,1895
3197,1916,3226,1916,3226,1955,3197,1955
3230,1916,3241,1916,3241,1955,3230,1955
3241,1916,3270,1916,3270,1955,3241,1955
3280,1916,3330,1916,3330,1955,3280,1955
2613,1917,2683,1914,2684,1950,2615,1953
2697,1914,2706,1914,2708,1949,2699,1949
1513,1937,1634,1937,1634,1968,1513,1968
1640,1937,1742,1937,1742,1968,1640,1968
2678,2036,2683,2036,2683,2058,2678,2058
2658,2073,2701,2073,2701,2096,2658,2096
2749,2036,2809,2036,2809,2059,2749,2059
2752,2074,2810,2074,2810,2099,2752,2099
2820,2074,2866,2074,2866,2099,2820,2099
2876,2074,2915,2074,2915,2099,2876,2099
3180,2050,3219,2050,3219,2073,3180,2073
3219,2050,3225,2050,3225,2073,3219,2073
3226,2050,3284,2050,3284,2073,3226,2073
3179,2077,3247,2077,3247,2100,3179,2100
3251,2077,3281,2077,3281,2100,3251,2100
3296,2077,3302,2077,3302,2100,3296,2100
3312,2077,3318,2077,3318,2100,3312,2100
3322,2077,3328,2077,3328,2100,3322,2100
3332,2077,3344,2077,3344,2100,3332,2100
3356,2077,3362,2077,3362,2100,3356,2100
2671,2113,2699,2116,2697,2136,2669,2133
2749,2116,2788,2116,2788,2137,2749,2137
2798,2116,2857,2116,2857,2137,2798,2137
2749,2153,2792,2153,2792,2174,2749,2174
2797,2153,2854,2153,2854,2174,2797,2174
2676,2151,2697,2154,2695,2172,2674,2170
3085,2119,3119,2119,3119,2150,3085,2150
3074,2165,3082,2165,3082,2194,3074,2194
1854,2158,1871,2158,1871,2220,1854,2220
1964,2158,1987,2158,1987,2220,1964,2220
2096,2158,2119,2158,2119,2220,2096,2220
2220,2158,2255,2158,2255,2220,2220,2220
2347,2158,2381,2158,2381,2220,2347,2220
2479,2158,2513,2158,2513,2220,2479,2220
2604,2158,2621,2158,2621,2220,2604,2220
3182,2119,3258,2119,3258,2150,3182,2150
3263,2119,3304,2119,3304,2150,3263,2150
3307,2119,3379,2119,3379,2150,3307,2150
3182,2167,3233,2168,3233,2198,3182,2197
3240,2168,3307,2169,3306,2199,3240,2198
3181,2213,3242,2214,3242,2237,3181,2236
3254,2214,3327,2215,3327,2238,3254,2237
2751,2208,2797,2208,2797,2229,2751,2229
2808,2208,2813,2208,2813,2229,2808,2229
2817,2208,2822,2208,2822,2229,2817,2229
2820,2208,2846,2208,2846,2229,2820,2229
2856,2208,2913,2208,2913,2229,2856,2229
170,2289,218,2289,218,2312,170,2312
223,2289,244,2289,244,2312,223,2312
257,2289,380,2289,380,2312,257,2312
386,2289,416,2289,416,2312,386,2312
425,2289,596,2289,596,2312,425,2312
607,2289,733,2289,733,2312,607,2312
741,2289,766,2289,766,2312,741,2312
775,2289,819,2289,819,2312,775,2312
822,2289,828,2289,828,2312,822,2312
837,2289,849,2289,849,2312,837,2312
864,2289,937,2289,937,2312,864,2312
950,2289,971,2289,971,2312,950,2312
982,2289,1060,2289,1060,2312,982,2312
1072,2289,1085,2289,1085,2312,1072,2312
1099,2289,1204,2289,1204,2312,1099,2312
1218,2289,1224,2289,1224,2312,1218,2312
1228,2289,1234,2289,1234,2312,1228,2312
1235,2289,1241,2289,1241,2312,1235,2312
1253,2289,1343,2289,1343,2312,1253,2312
1353,2289,1389,2289,1389,2312,1353,2312
1395,2289,1542,2289,1542,2312,1395,2312
1549,2289,1600,2289,1600,2312,1549,2312
1607,2289,1647,2289,1647,2312,1607,2312
1655,2289,1734,2289,1734,2312,1655,2312
1741,2289,1767,2289,1767,2312,1741,2312
1779,2289,1906,2289,1906,2312,1779,2312
1918,2289,1939,2289,1939,2312,1918,2312
1955,2289,1961,2289,1961,2312,1955,2312
1965,2289,1971,2289,1971,2312,1965,2312
1969,2289,2099,2289,2099,2312,1969,2312
2106,2289,2112,2289,2112,2312,2106,2312
166,2317,208,2317,208,2346,166,2346
216,2317,329,2317,329,2346,216,2346
339,2317,385,2317,385,2346,339,2346
387,2317,395,2317,395,2346,387,2346
395,2317,487,2317,487,2346,395,2346
489,2317,497,2317,497,2346,489,2346
503,2317,578,2317,578,2346,503,2346
591,2317,607,2317,607,2346,591,2346
615,2317,623,2317,623,2346,615,2346
621,2317,629,2317,629,2346,621,2346
626,2317,778,2317,778,2346,626,2346
781,2317,818,2317,818,2346,781,2346
829,2317,967,2317,967,2346,829,2346
981,2317,1025,2317,1025,2346,981,2346
1034,2317,1103,2317,1103,2346,1034,2346
1116,2317,1124,2317,1124,2346,1116,2346
1136,2317,1171,2317,1171,2346,1136,2346
1182,2317,1266,2317,1266,2346,1182,2346
1266,2317,1274,2317,1274,2346,1266,2346
1286,2317,1339,2317,1339,2346,1286,2346
1346,2317,1475,2317,1475,2346,1346,2346
1489,2317,1516,2317,1516,2346,1489,2346
1522,2317,1591,2317,1591,2346,1522,2346
1604,2317,1643,2317,1643,2346,1604,2346
1652,2317,1727,2317,1727,2346,1652,2346
1739,2317,1777,2317,1777,2346,1739,2346
1788,2317,1804,2317,1804,2346,1788,2346
1815,2317,1846,2317,1846,2346,1815,2346
1857,2317,1948,2317,1948,2346,1857,2346
1959,2317,1988,2317,1988,2346,1959,2346
1996,2317,2078,2317,2078,2346,1996,2346
2091,2317,2099,2317,2099,2346,2091,2346
2100,2317,2108,2317,2108,2346,2100,2346
2108,2317,2236,2317,2236,2346,2108,2346
2241,2317,2249,2317,2249,2346,2241,2346
2614,2300,2676,2300,2676,2339,2614,2339
2690,2300,2701,2300,2701,2339,2690,2339
2733,2300,2762,2300,2762,2339,2733,2339
2774,2300,2886,2300,2886,2339,2774,2339
2901,2300,2966,2300,2966,2339,2901,2339
