608,146,734,146,734,209,608,209
730,146,748,146,748,209,730,209
757,146,907,146,907,209,757,209
943,146,1095,146,1095,209,943,209
1152,146,1170,146,1170,209,1152,209
1184,146,1202,146,1202,209,1184,209
1218,146,1253,146,1253,209,1218,209
588,233,587,205,598,205,599,232
899,205,953,207,952,226,898,224
2717,165,3036,165,3036,239,2717,239
2710,236,3062,236,3062,308,2710,308
1521,241,1527,241,1527,266,1521,266
1532,241,1538,241,1538,266,1532,266
1540,241,1563,241,1563,266,1540,266
1607,241,1613,241,1613,266,1607,266
1920,243,1960,243,1960,260,1920,260
1414,299,1414,297,1425,297,1425,299
1875,292,1930,292,1930,315,1875,315
1925,292,1931,292,1931,315,1925,315
1928,292,1981,292,1981,315,1928,315
593,258,591,337,581,337,583,258
598,302,599,387,590,387,589,302
1824,277,1824,283,1801,284,1801,278
1826,301,1826,307,1803,308,1803,302
1827,317,1829,354,1805,355,1803,318
1828,361,1828,367,1805,368,1805,362
1828,339,1828,346,1805,347,1805,340
1912,340,1912,342,1902,342,1902,340
1912,362,1912,364,1902,364,1902,362
616,369,616,399,513,399,513,369
1911,386,1911,388,1901,388,1901,386
1383,411,1383,406,1404,405,1404,410
1383,400,1383,395,1404,394,1404,399
1382,388,1381,369,1403,368,1404,387
1910,409,1910,411,1900,411,1900,409
1269,408,1321,414,1319,431,1267,425
1831,418,1831,425,1808,426,1808,419
1315,450,1315,417,1332,417,1332,450
2798,389,3152,389,3152,482,2798,482
3172,389,3199,389,3199,482,3172,482
1519,472,1612,472,1612,493,1519,493
1628,472,1633,472,1633,493,1628,493
567,549,565,537,574,536,576,547
1827,551,1861,546,1865,581,1832,586
2778,562,2967,562,2967,575,2778,575
2984,563,3080,563,3080,575,2984,575
3135,558,3176,571,3172,582,3131,569
562,607,573,719,558,721,547,608
580,580,583,766,566,766,563,580
593,597,593,600,578,600,578,597
593,615,593,681,578,681,578,615
593,694,593,756,578,756,578,694
3008,669,3071,669,3071,682,3008,682
2997,677,3000,677,3000,692,2997,692
3032,677,3103,677,3103,692,3032,692
1382,744,1382,739,1404,739,1404,744
1382,732,1382,727,1404,727,1404,732
1382,726,1382,702,1404,702,1404,726
2915,677,2918,677,2918,692,2915,692
2741,697,2922,700,2922,722,2741,719
2831,725,2871,724,2871,738,2831,739
1518,709,1614,709,1614,738,1518,738
1625,709,1633,709,1633,738,1625,738
2703,614,2703,834,2688,834,2688,614
2803,733,2803,735,2794,733,2794,731
2802,757,2877,762,2876,774,2801,769
2884,754,2905,754,2905,765,2884,765
2912,754,3001,754,3001,765,2912,765
3130,766,3129,762,3147,759,3148,763
3134,791,3133,787,3151,784,3152,788
594,793,591,815,577,813,580,791
1522,811,1529,811,1529,838,1522,838
1533,811,1540,811,1540,838,1533,838
1542,811,1561,811,1561,838,1542,838
3143,841,3142,837,3160,834,3161,838
561,907,569,836,581,838,573,908
3035,791,3031,960,3005,959,3009,790
1818,875,1818,878,1804,879,1804,876
1819,893,1819,896,1805,897,1805,894
3140,987,3140,834,3158,834,3158,987
2956,904,2959,942,2941,943,2938,905
1832,931,1836,931,1837,948,1833,948
1888,911,1896,947,1874,952,1866,916
1855,930,1859,930,1860,947,1856,947
1902,928,1906,928,1907,945,1903,945
1926,926,1930,926,1931,943,1927,943
1947,925,1951,925,1952,942,1948,942
1822,940,1822,943,1808,944,1808,941
1823,962,1823,965,1809,966,1809,963
3236,973,3236,956,3245,956,3245,973
3236,956,3236,955,3244,955,3244,956
1825,985,1825,988,1811,989,1811,986
570,1043,566,997,577,996,581,1042
590,993,592,1034,580,1034,578,994
591,1042,591,1044,580,1044,580,1042
1317,1043,1317,1041,1328,1042,1328,1044
1495,1034,1561,1034,1561,1066,1495,1066
1569,1034,1577,1034,1577,1066,1569,1066
1585,1034,1662,1034,1662,1066,1585,1066
2017,1052,2015,1094,2003,1094,2005,1052
1826,964,1826,970,1803,970,1803,964
1826,985,1826,991,1803,991,1803,985
1826,1009,1826,1015,1803,1015,1803,1009
1826,1033,1826,1039,1803,1039,1803,1033
1826,1055,1826,1061,1803,1061,1803,1055
1826,1079,1826,1085,1803,1085,1803,1079
1826,1101,1826,1107,1803,1107,1803,1101
1826,1125,1826,1131,1803,1131,1803,1125
1826,1149,1826,1155,1803,1155,1803,1149
1826,1170,1826,1176,1803,1176,1803,1170
1826,1194,1826,1200,1803,1200,1803,1194
1384,1122,1384,1118,1402,1118,1402,1122
1384,1108,1384,1104,1402,1104,1402,1108
1384,1102,1384,1078,1402,1078,1402,1102
600,1140,600,1089,618,1089,618,1140
1154,1189,1160,1189,1161,1212,1155,1212
1185,1187,1191,1187,1192,1210,1186,1210
1195,1186,1201,1186,1202,1209,1196,1209
1203,1185,1224,1184,1225,1208,1204,1209
1668,1188,1673,1188,1674,1209,1669,1209
1681,1187,1686,1187,1687,1208,1682,1208
1688,1187,1719,1186,1720,1207,1689,1208
3141,1148,3196,1148,3196,1185,3141,1185
3208,1148,3242,1148,3242,1185,3208,1185
3253,1148,3375,1148,3375,1185,3253,1185
3218,1196,3297,1196,3297,1239,3218,1239
592,1156,592,1243,579,1243,579,1156
598,1211,597,1293,589,1293,590,1211
567,1194,576,1280,557,1282,548,1196
2003,1232,2033,1231,2034,1249,2004,1250
2666,1196,2780,1196,2780,1239,2666,1239
2688,1252,2751,1252,2751,1289,2688,1289
2911,1196,2958,1196,2958,1239,2911,1239
2970,1196,3009,1196,3009,1239,2970,1239
3022,1196,3064,1196,3064,1239,3022,1239
2960,1253,3012,1253,3012,1293,2960,1293
3241,1256,3275,1252,3279,1287,3245,1291
1793,1329,1796,1329,1796,1343,1793,1343
1807,1329,1810,1329,1810,1343,1807,1343
1820,1329,1823,1329,1823,1343,1820,1343
1834,1329,1837,1329,1837,1343,1834,1343
1847,1329,1850,1329,1850,1343,1847,1343
1861,1329,1864,1329,1864,1343,1861,1343
1874,1329,1877,1329,1877,1343,1874,1343
1888,1329,1891,1329,1891,1343,1888,1343
1901,1329,1904,1329,1904,1343,1901,1343
1915,1329,1918,1329,1918,1343,1915,1343
590,1321,590,1399,582,1399,582,1321
590,1397,590,1398,582,1398,582,1397
2109,1371,2109,1575,2102,1575,2102,1371
1414,1521,1414,1516,1435,1516,1435,1521
1414,1510,1414,1505,1435,1505,1435,1510
1414,1502,1414,1479,1435,1479,1435,1502
2645,1340,2737,1340,2737,1378,2645,1378
2746,1340,2756,1340,2756,1378,2746,1378
2766,1340,2872,1340,2872,1378,2766,1378
2642,1386,2835,1386,2835,1424,2642,1424
2849,1386,2859,1386,2859,1424,2849,1424
2860,1386,2889,1386,2889,1424,2860,1424
2899,1386,3000,1386,3000,1424,2899,1424
3013,1386,3055,1386,3055,1424,3013,1424
3060,1386,3070,1386,3070,1424,3060,1424
2648,1434,2775,1434,2775,1470,2648,1470
2790,1434,2800,1434,2800,1470,2790,1470
2646,1486,2775,1486,2775,1520,2646,1520
2793,1486,2802,1486,2802,1520,2793,1520
2648,1533,2709,1533,2709,1571,2648,1571
2725,1533,2761,1533,2761,1571,2725,1571
2768,1533,2822,1533,2822,1571,2768,1571
2639,1587,2694,1587,2694,1620,2639,1620
3192,1339,3225,1339,3225,1375,3192,1375
3227,1339,3237,1339,3237,1375,3227,1375
3236,1339,3268,1339,3268,1375,3236,1375
3277,1339,3324,1339,3324,1375,3277,1375
3212,1381,3223,1381,3223,1423,3212,1423
3225,1381,3236,1381,3236,1423,3225,1423
3242,1381,3265,1381,3265,1423,3242,1423
3274,1381,3328,1381,3328,1423,3274,1423
3197,1433,3226,1433,3226,1471,3197,1471
3222,1433,3232,1433,3232,1471,3222,1471
3236,1433,3265,1433,3265,1471,3236,1471
3274,1433,3324,1433,3324,1471,3274,1471
3211,1481,3222,1481,3222,1523,3211,1523
3224,1481,3235,1481,3235,1523,3224,1523
3236,1481,3267,1481,3267,1523,3236,1523
3275,1481,3321,1481,3321,1523,3275,1523
3207,1531,3218,1531,3218,1572,3207,1572
3224,1531,3235,1531,3235,1572,3224,1572
3235,1531,3265,1531,3265,1572,3235,1572
3271,1531,3325,1531,3325,1572,3271,1572
3211,1581,3222,1581,3222,1621,3211,1621
3224,1581,3235,1581,3235,1621,3224,1621
3235,1581,3264,1581,3264,1621,3235,1621
3276,1581,3321,1581,3321,1621,3276,1621
861,1503,913,1503,913,1530,861,1530
1556,1506,1645,1506,1645,1529,1556,1529
616,1534,616,1564,513,1564,513,1534
616,1575,616,1605,513,1605,513,1575
597,1532,592,1635,577,1634,582,1531
592,1644,589,1734,578,1734,581,1644
1358,1634,1395,1634,1395,1652,1358,1652
1397,1634,1401,1634,1401,1652,1397,1652
1401,1634,1427,1634,1427,1652,1401,1652
1879,1634,1914,1634,1914,1652,1879,1652
1919,1634,1923,1634,1923,1652,1919,1652
1923,1634,1949,1634,1949,1652,1923,1652
2616,1792,2753,1792,2753,1826,2616,1826
2768,1792,2929,1792,2929,1826,2768,1826
2947,1792,3061,1792,3061,1826,2947,1826
3072,1792,3081,1792,3081,1826,3072,1826
616,1705,616,1735,513,1735,513,1705
616,1752,616,1782,513,1782,513,1752
616,1887,616,1917,513,1917,513,1887
616,1929,616,1959,513,1959,513,1929
2117,1890,2117,1841,2135,1841,2135,1890
2615,1861,2726,1861,2726,1892,2615,1892
2739,1861,2747,1861,2747,1892,2739,1892
3194,1793,3225,1793,3225,1835,3194,1835
3230,1793,3241,1793,3241,1835,3230,1835
3243,1793,3266,1793,3266,1835,3243,1835
3281,1793,3328,1793,3328,1835,3281,1835
3194,1856,3229,1856,3229,1894,3194,1894
3232,1856,3242,1856,3242,1894,3232,1894
3242,1856,3271,1856,3271,1894,3242,1894
3281,1856,3329,1856,3329,1894,3281,1894
3179,1913,3225,1913,3225,1953,3179,1953
3230,1913,3241,1913,3241,1953,3230,1953
3241,1913,3270,1913,3270,1953,3241,1953
3282,1913,3327,1913,3327,1953,3282,1953
2616,1917,2681,1917,2681,1948,2616,1948
2697,1917,2705,1917,2705,1948,2697,1948
1223,2027,1274,2027,1274,2045,1223,2045
1773,2045,1830,2045,1830,2053,1773,2053
1911,2044,1929,2044,1929,2052,1911,2052
2678,2036,2683,2036,2683,2058,2678,2058
2658,2073,2701,2073,2701,2096,2658,2096
1793,2050,1909,2050,1909,2073,1793,2073
1751,2070,1943,2065,1943,2086,1752,2091
1849,2095,1915,2095,1915,2108,1849,2108
2749,2036,2809,2036,2809,2059,2749,2059
2752,2074,2810,2074,2810,2099,2752,2099
2820,2074,2866,2074,2866,2099,2820,2099
2876,2074,2915,2074,2915,2099,2876,2099
1434,2070,1462,2073,1461,2084,1433,2081
3044,2053,3048,2052,3056,2110,3052,2111
3175,2036,3220,2030,3227,2089,3183,2094
3224,2029,3284,2021,3292,2080,3232,2087
3091,2047,3095,2046,3103,2104,3099,2105
3181,2048,3220,2048,3220,2073,3181,2073
3221,2048,3227,2048,3227,2073,3221,2073
3228,2048,3286,2048,3286,2073,3228,2073
3179,2077,3247,2077,3247,2100,3179,2100
3251,2077,3281,2077,3281,2100,3251,2100
3296,2077,3302,2077,3302,2100,3296,2100
3312,2077,3318,2077,3318,2100,3312,2100
3322,2077,3328,2077,3328,2100,3322,2100
3332,2077,3344,2077,3344,2100,3332,2100
3356,2077,3362,2077,3362,2100,3356,2100
570,2093,576,2091,578,2100,573,2102
2671,2113,2699,2116,2697,2136,2669,2133
2749,2116,2788,2116,2788,2137,2749,2137
2798,2116,2857,2116,2857,2137,2798,2137
2749,2153,2792,2153,2792,2174,2749,2174
2797,2153,2854,2153,2854,2174,2797,2174
2676,2151,2697,2154,2695,2172,2674,2170
3085,2119,3119,2119,3119,2150,3085,2150
3074,2165,3082,2165,3082,2194,3074,2194
1941,2166,1957,2166,1957,2224,1941,2224
2037,2166,2068,2166,2068,2224,2037,2224
2163,2166,2184,2166,2184,2224,2163,2224
2273,2166,2304,2166,2304,2224,2273,2224
2391,2166,2422,2166,2422,2224,2391,2224
2509,2166,2540,2166,2540,2224,2509,2224
2577,2166,2585,2166,2585,2224,2577,2224
2660,2166,2668,2166,2668,2224,2660,2224
3182,2119,3258,2119,3258,2150,3182,2150
3263,2119,3304,2119,3304,2150,3263,2150
3307,2119,3379,2119,3379,2150,3307,2150
3182,2167,3233,2168,3233,2198,3182,2197
3240,2168,3307,2169,3306,2199,3240,2198
3181,2213,3242,2214,3242,2237,3181,2236
3254,2214,3327,2215,3327,2238,3254,2237
2751,2208,2797,2208,2797,2229,2751,2229
2808,2208,2813,2208,2813,2229,2808,2229
2817,2208,2822,2208,2822,2229,2817,2229
2820,2208,2846,2208,2846,2229,2820,2229
2856,2208,2913,2208,2913,2229,2856,2229
170,2289,218,2289,218,2312,170,2312
223,2289,244,2289,244,2312,223,2312
257,2289,380,2289,380,2312,257,2312
383,2289,416,2289,416,2312,383,2312
425,2289,596,2289,596,2312,425,2312
604,2289,733,2289,733,2312,604,2312
741,2289,766,2289,766,2312,741,2312
775,2289,819,2289,819,2312,775,2312
822,2289,828,2289,828,2312,822,2312
837,2289,849,2289,849,2312,837,2312
864,2289,937,2289,937,2312,864,2312
950,2289,971,2289,971,2312,950,2312
982,2289,1060,2289,1060,2312,982,2312
1072,2289,1085,2289,1085,2312,1072,2312
1099,2289,1204,2289,1204,2312,1099,2312
1218,2289,1224,2289,1224,2312,1218,2312
1228,2289,1234,2289,1234,2312,1228,2312
1235,2289,1241,2289,1241,2312,1235,2312
1253,2289,1343,2289,1343,2312,1253,2312
1353,2289,1389,2289,1389,2312,1353,2312
1395,2289,1542,2289,1542,2312,1395,2312
1549,2289,1602,2289,1602,2312,1549,2312
1607,2289,1643,2289,1643,2312,1607,2312
1655,2289,1734,2289,1734,2312,1655,2312
1741,2289,1767,2289,1767,2312,1741,2312
1779,2289,1906,2289,1906,2312,1779,2312
1918,2289,1939,2289,1939,2312,1918,2312
1955,2289,1961,2289,1961,2312,1955,2312
1965,2289,1971,2289,1971,2312,1965,2312
1969,2289,2099,2289,2099,2312,1969,2312
2106,2289,2112,2289,2112,2312,2106,2312
166,2317,208,2317,208,2346,166,2346
216,2317,329,2317,329,2346,216,2346
339,2317,385,2317,385,2346,339,2346
387,2317,395,2317,395,2346,387,2346
395,2317,487,2317,487,2346,395,2346
489,2317,497,2317,497,2346,489,2346
503,2317,578,2317,578,2346,503,2346
591,2317,607,2317,607,2346,591,2346
615,2317,623,2317,623,2346,615,2346
621,2317,629,2317,629,2346,621,2346
626,2317,778,2317,778,2346,626,2346
781,2317,818,2317,818,2346,781,2346
829,2317,967,2317,967,2346,829,2346
981,2317,1025,2317,1025,2346,981,2346
1034,2317,1103,2317,1103,2346,1034,2346
1116,2317,1124,2317,1124,2346,1116,2346
1136,2317,1171,2317,1171,2346,1136,2346
1182,2317,1266,2317,1266,2346,1182,2346
1266,2317,1274,2317,1274,2346,1266,2346
1286,2317,1339,2317,1339,2346,1286,2346
1346,2317,1475,2317,1475,2346,1346,2346
1489,2317,1516,2317,1516,2346,1489,2346
1522,2317,1591,2317,1591,2346,1522,2346
1604,2317,1643,2317,1643,2346,1604,2346
1652,2317,1727,2317,1727,2346,1652,2346
1739,2317,1777,2317,1777,2346,1739,2346
1788,2317,1804,2317,1804,2346,1788,2346
1815,2317,1846,2317,1846,2346,1815,2346
1857,2317,1948,2317,1948,2346,1857,2346
1959,2317,1988,2317,1988,2346,1959,2346
1996,2317,2078,2317,2078,2346,1996,2346
2091,2317,2099,2317,2099,2346,2091,2346
2100,2317,2108,2317,2108,2346,2100,2346
2108,2317,2236,2317,2236,2346,2108,2346
2241,2317,2249,2317,2249,2346,2241,2346
2614,2300,2676,2300,2676,2339,2614,2339
2690,2300,2701,2300,2701,2339,2690,2339
2733,2300,2762,2300,2762,2339,2733,2339
2774,2300,2886,2300,2886,2339,2774,2339
2901,2300,2966,2300,2966,2339,2901,2339
