874,218,926,216,927,235,875,237
1245,203,1369,248,1355,288,1230,243
1840,208,1900,208,1900,255,1840,255
1198,248,1202,248,1201,265,1197,265
1222,250,1226,250,1225,267,1221,267
1825,249,1828,249,1828,263,1825,263
1849,248,1852,248,1852,262,1849,262
1873,248,1876,248,1876,262,1873,262
1897,247,1900,247,1900,261,1897,261
767,260,775,259,780,287,772,289
802,253,833,247,839,276,807,282
1926,247,1960,245,1962,275,1928,277
777,311,777,313,765,313,765,311
1978,299,2027,299,2027,330,1978,330
3801,177,4449,177,4449,324,3801,324
3803,314,4442,314,4442,453,3803,453
778,345,778,347,766,347,766,345
684,343,729,343,729,379,684,379
1373,344,1423,344,1423,379,1373,379
773,411,777,411,777,428,773,428
805,411,809,411,809,428,805,428
841,411,845,411,845,428,841,428
877,411,881,411,881,428,877,428
913,411,917,411,917,428,913,428
948,411,952,411,952,428,948,428
984,411,988,411,988,428,984,428
1020,411,1024,411,1024,428,1020,428
1066,459,1066,465,1043,465,1043,459
1066,495,1066,501,1043,501,1043,495
1066,531,1066,537,1043,537,1043,531
1066,567,1066,573,1043,573,1043,567
416,631,416,581,452,581,452,631
564,561,810,561,810,607,564,607
840,561,853,561,853,607,840,607
1262,561,1500,561,1500,605,1262,605
1529,561,1541,561,1541,605,1529,605
1858,559,2104,559,2104,605,1858,605
2129,559,2142,559,2142,605,2129,605
1066,601,1066,607,1043,607,1043,601
2178,653,2178,606,2215,606,2215,653
4060,594,4517,594,4517,723,4060,723
797,763,797,699,828,699,828,763
780,785,780,790,760,790,760,785
780,818,780,823,760,823,760,818
4129,808,4214,808,4214,840,4129,840
4232,808,4273,808,4273,840,4232,840
4288,808,4472,808,4472,840,4288,840
780,854,780,859,760,859,760,854
780,890,780,895,760,895,760,890
405,950,411,950,411,975,405,975
441,950,447,950,447,975,441,975
475,950,481,950,481,975,475,975
512,950,518,950,518,975,512,975
548,950,554,950,554,975,548,975
582,950,588,950,588,975,582,975
618,950,624,950,624,975,618,975
655,950,661,950,661,975,655,975
688,950,694,950,694,975,688,975
725,950,731,950,731,975,725,975
1033,971,1038,968,1052,988,1047,992
1003,992,1008,989,1022,1009,1017,1013
536,1022,542,1022,542,1047,536,1047
637,1022,643,1022,643,1047,637,1047
671,1022,677,1022,677,1047,671,1047
973,1012,978,1009,992,1029,987,1033
945,1032,950,1029,964,1049,959,1053
4532,1040,4654,1040,4654,1074,4532,1074
539,1061,574,1054,580,1083,544,1089
563,1103,609,1106,606,1141,561,1138
500,1127,506,1127,506,1150,500,1150
2043,1156,2137,1156,2137,1207,2043,1207
486,1191,492,1191,492,1214,486,1214
519,1191,525,1191,525,1214,519,1214
555,1192,561,1192,561,1215,555,1215
589,1192,595,1192,595,1215,589,1215
625,1192,631,1192,631,1215,625,1215
661,1193,667,1193,667,1216,661,1216
697,1193,703,1193,703,1216,697,1216
475,1218,576,1218,576,1276,475,1276
600,1218,643,1218,643,1276,600,1276
662,1218,781,1218,781,1276,662,1276
1260,1198,1551,1198,1551,1256,1260,1256
3791,1306,3801,1306,3801,1342,3791,1342
3915,1306,4000,1306,4000,1342,3915,1342
4009,1306,4019,1306,4019,1342,4009,1342
4055,1306,4121,1306,4121,1342,4055,1342
4336,1306,4677,1306,4677,1344,4336,1344
4682,1306,4692,1306,4692,1344,4682,1344
597,1373,598,1377,581,1381,581,1377
602,1392,603,1396,586,1400,586,1396
588,1377,592,1377,591,1395,587,1395
658,1380,662,1380,661,1398,657,1398
693,1382,697,1382,696,1400,692,1400
1954,1461,1954,1470,1921,1470,1921,1461
1251,1438,1254,1438,1257,1512,1254,1512
1615,1496,1794,1496,1794,1539,1615,1539
2038,1454,2038,1460,2015,1460,2015,1454
2072,1431,2072,1566,2050,1566,2050,1431
2038,1502,2038,1508,2015,1508,2015,1502
2038,1526,2038,1532,2015,1532,2015,1526
1442,1573,1448,1573,1448,1598,1442,1598
1479,1572,1485,1572,1485,1597,1479,1597
2092,1556,2098,1556,2099,1579,2093,1579
1513,1572,1519,1572,1519,1597,1513,1597
1549,1571,1555,1571,1555,1596,1549,1596
1585,1570,1591,1570,1591,1595,1585,1595
1619,1570,1625,1570,1625,1595,1619,1595
1656,1569,1662,1569,1662,1594,1656,1594
1692,1569,1698,1569,1698,1594,1692,1594
1726,1568,1732,1568,1732,1593,1726,1593
1762,1568,1768,1568,1768,1593,1762,1593
2025,1560,2031,1560,2032,1583,2026,1583
1796,1567,1802,1567,1802,1592,1796,1592
1866,1566,1872,1566,1872,1591,1866,1591
1903,1566,1909,1566,1909,1591,1903,1591
1939,1565,1945,1565,1945,1590,1939,1590
835,1655,835,1651,852,1651,852,1655
1345,1680,1345,1684,1327,1684,1327,1680
835,1691,835,1687,852,1687,852,1691
1345,1714,1345,1718,1327,1718,1327,1714
834,1727,834,1723,851,1723,851,1727
1345,1751,1345,1755,1327,1755,1327,1751
627,1782,631,1736,660,1738,656,1784
833,1762,833,1757,852,1757,852,1762
1345,1785,1345,1789,1327,1789,1327,1785
832,1798,832,1793,851,1793,851,1798
1345,1821,1345,1825,1327,1825,1327,1821
831,1834,831,1829,850,1829,850,1834
2105,1836,2105,1832,2122,1831,2122,1835
1345,1857,1345,1861,1327,1861,1327,1857
830,1868,830,1863,849,1863,849,1868
2107,1872,2107,1868,2124,1867,2124,1871
1345,1891,1345,1895,1327,1895,1327,1891
695,1891,701,1891,702,1914,696,1914
829,1902,829,1897,848,1897,848,1902
731,1890,737,1890,738,1913,732,1913
765,1889,771,1889,772,1912,766,1912
801,1888,807,1888,808,1911,802,1911
1339,1926,1345,1926,1345,1951,1339,1951
1391,1926,1397,1926,1397,1951,1391,1951
1425,1926,1431,1926,1431,1951,1425,1951
1461,1926,1467,1926,1467,1951,1461,1951
1495,1926,1501,1926,1501,1951,1495,1951
1531,1926,1537,1926,1537,1951,1531,1951
1568,1926,1574,1926,1574,1951,1568,1951
1601,1926,1607,1926,1607,1951,1601,1951
1638,1926,1644,1926,1644,1951,1638,1951
1674,1926,1680,1926,1680,1951,1674,1951
1708,1926,1714,1926,1714,1951,1708,1951
1744,1926,1750,1926,1750,1951,1744,1951
1778,1926,1784,1926,1784,1951,1778,1951
1815,1926,1821,1926,1821,1951,1815,1951
1848,1926,1854,1926,1854,1951,1848,1951
1885,1926,1891,1926,1891,1951,1885,1951
1921,1926,1927,1926,1927,1951,1921,1951
1958,1926,1964,1926,1964,1951,1958,1951
1991,1926,1997,1926,1997,1951,1991,1951
2028,1926,2034,1926,2034,1951,2028,1951
2064,1926,2070,1926,2070,1951,2064,1951
3720,1547,3980,1547,3980,1632,3720,1632
4035,1547,4238,1547,4238,1632,4035,1632
4302,1547,4380,1547,4380,1632,4302,1632
4399,1547,4463,1547,4463,1632,4399,1632
4481,1547,4565,1547,4565,1632,4481,1632
4666,1547,4797,1547,4797,1632,4666,1632
3771,1676,3871,1676,3871,1732,3771,1732
3867,1676,3883,1676,3883,1732,3867,1732
3895,1676,3911,1676,3911,1732,3895,1732
4087,1667,4110,1667,4110,1747,4087,1747
4136,1667,4159,1667,4159,1747,4136,1747
4169,1667,4192,1667,4192,1747,4169,1747
4386,1667,4501,1667,4501,1747,4386,1747
4706,1667,4766,1667,4766,1747,4706,1747
4067,1797,4284,1797,4284,1866,4067,1866
4302,1797,4565,1797,4565,1866,4302,1866
3881,1898,4074,1898,4074,1956,3881,1956
4110,1898,4126,1898,4126,1956,4110,1956
4151,1898,4359,1898,4359,1956,4151,1956
4552,1898,4605,1898,4605,1956,4552,1956
4609,1898,4625,1898,4625,1956,4609,1956
4622,1898,4676,1898,4676,1956,4622,1956
4689,1898,4763,1898,4763,1956,4689,1956
3874,1979,4127,1979,4127,2025,3874,2025
4162,1979,4175,1979,4175,2025,4162,2025
4558,1978,4608,1978,4608,2032,4558,2032
4611,1978,4626,1978,4626,2032,4611,2032
4631,1978,4671,1978,4671,2032,4631,2032
4689,1978,4768,1978,4768,2032,4689,2032
3875,2050,4130,2050,4130,2097,3875,2097
4161,2050,4174,2050,4174,2097,4161,2097
4556,2051,4569,2051,4569,2098,4556,2098
4580,2051,4593,2051,4593,2098,4580,2098
4592,2051,4653,2051,4653,2098,4592,2098
4661,2051,4738,2051,4738,2098,4661,2098
3875,2123,4129,2123,4129,2169,3875,2169
4159,2123,4172,2123,4172,2169,4159,2169
4557,2120,4571,2120,4571,2169,4557,2169
4582,2120,4596,2120,4596,2169,4582,2169
4597,2120,4651,2120,4651,2169,4597,2169
4663,2120,4735,2120,4735,2169,4663,2169
3873,2198,4180,2198,4180,2246,3873,2246
4552,2191,4566,2191,4566,2241,4552,2241
4583,2191,4597,2191,4597,2241,4583,2241
4592,2191,4648,2191,4648,2241,4592,2241
4660,2191,4734,2191,4734,2241,4660,2241
3878,2266,3981,2266,3981,2315,3878,2315
4008,2266,4062,2266,4062,2315,4008,2315
4071,2266,4202,2266,4202,2315,4071,2315
4554,2266,4569,2266,4569,2320,4554,2320
4582,2266,4597,2266,4597,2320,4582,2320
4600,2266,4650,2266,4650,2320,4600,2320
4660,2266,4739,2266,4739,2320,4660,2320
3869,2326,3962,2326,3962,2389,3869,2389
4560,2339,4572,2339,4572,2383,4560,2383
4583,2339,4595,2339,4595,2383,4583,2383
4596,2339,4645,2339,4645,2383,4596,2383
4656,2339,4737,2339,4737,2383,4656,2383
4550,2409,4600,2409,4600,2455,4550,2455
4611,2409,4624,2409,4624,2455,4611,2455
4619,2409,4678,2409,4678,2455,4619,2455
4690,2409,4766,2409,4766,2455,4690,2455
1803,2096,1803,2042,1832,2042,1832,2096
1444,2126,1498,2126,1498,2160,1444,2160
1268,2174,1450,2174,1450,2236,1268,2236
1484,2174,1501,2174,1501,2236,1484,2236
1524,2174,1716,2174,1716,2236,1524,2236
3521,2433,3533,2443,3495,2487,3483,2477
3565,2472,3577,2482,3539,2526,3527,2516
3719,2482,3807,2482,3807,2518,3719,2518
3823,2482,3833,2482,3833,2518,3823,2518
3839,2482,3878,2482,3878,2518,3839,2518
3893,2482,3999,2482,3999,2518,3893,2518
4009,2482,4060,2482,4060,2518,4009,2518
4073,2482,4199,2482,4199,2518,4073,2518
4214,2482,4260,2482,4260,2518,4214,2518
4265,2482,4367,2482,4367,2518,4265,2518
4384,2482,4455,2482,4455,2518,4384,2518
4465,2482,4529,2482,4529,2518,4465,2518
4547,2482,4598,2482,4598,2518,4547,2518
4610,2482,4706,2482,4706,2518,4610,2518
4718,2482,4871,2482,4871,2518,4718,2518
3882,2551,4150,2551,4150,2595,3882,2595
4558,2551,4598,2551,4598,2595,4558,2595
4617,2551,4690,2551,4690,2595,4617,2595
1124,2635,1127,2635,1127,2650,1124,2650
1148,2635,1151,2635,1151,2650,1148,2650
1172,2635,1175,2635,1175,2650,1172,2650
1195,2635,1198,2635,1198,2650,1195,2650
1219,2635,1222,2635,1222,2650,1219,2650
1243,2635,1246,2635,1246,2650,1243,2650
1267,2635,1270,2635,1270,2650,1267,2650
1313,2635,1316,2635,1316,2650,1313,2650
1433,2635,1436,2635,1436,2649,1433,2649
1455,2635,1458,2635,1458,2649,1455,2649
1476,2635,1479,2635,1479,2649,1476,2649
1503,2635,1506,2635,1506,2649,1503,2649
1526,2635,1529,2635,1529,2649,1526,2649
1550,2635,1553,2635,1553,2649,1550,2649
1574,2635,1577,2635,1577,2649,1574,2649
1598,2635,1601,2635,1601,2649,1598,2649
1620,2635,1623,2635,1623,2650,1620,2650
1644,2635,1647,2635,1647,2650,1644,2650
1668,2635,1671,2635,1671,2650,1668,2650
1691,2635,1694,2635,1694,2650,1691,2650
1715,2635,1718,2635,1718,2650,1715,2650
1739,2635,1742,2635,1742,2650,1739,2650
1763,2635,1766,2635,1766,2650,1763,2650
1787,2635,1790,2635,1790,2650,1787,2650
1809,2635,1812,2635,1812,2650,1809,2650
1099,2667,1099,2665,1108,2665,1108,2667
1561,2663,1603,2660,1604,2681,1563,2684
3903,2746,4061,2750,4060,2782,3902,2778
3766,2818,3806,2818,3806,2854,3766,2854
3766,2858,3829,2858,3829,2892,3766,2892
3767,2894,3831,2895,3831,2929,3767,2928
3768,2936,3802,2936,3802,2963,3768,2963
3769,2973,3803,2973,3803,3004,3769,3004
1400,2934,1648,2934,1648,2988,1400,2988
2283,2868,2283,2931,2251,2931,2251,2868
2283,2938,2283,2946,2251,2946,2251,2938
2283,2949,2283,3000,2251,3000,2251,2949
3885,2818,3895,2818,3895,2854,3885,2854
3903,2818,3980,2818,3980,2854,3903,2854
3997,2818,4106,2818,4106,2854,3997,2854
3882,2858,3891,2858,3891,2892,3882,2892
3899,2858,4011,2858,4011,2892,3899,2892
4026,2858,4113,2858,4113,2892,4026,2892
4131,2858,4211,2858,4211,2892,4131,2892
3883,2895,3892,2895,3892,2929,3883,2929
3906,2895,4012,2896,4012,2931,3906,2930
4032,2896,4134,2897,4134,2932,4032,2931
4144,2897,4259,2898,4259,2932,4144,2931
3881,2938,3889,2938,3889,2969,3881,2969
3899,2938,3978,2938,3978,2969,3899,2969
3985,2938,4103,2938,4103,2969,3985,2969
3875,2972,3884,2972,3884,3006,3875,3006
3897,2972,4014,2972,4014,3006,3897,3006
4026,2972,4175,2972,4175,3006,4026,3006
3879,3010,3888,3010,3888,3045,3879,3045
3901,3010,4010,3010,4010,3045,3901,3045
4019,3010,4028,3010,4028,3045,4019,3045
4031,3010,4081,3010,4081,3045,4031,3045
4095,3010,4358,3010,4358,3045,4095,3045
3881,3050,3889,3050,3889,3081,3881,3081
3899,3050,3973,3051,3973,3083,3899,3082
3990,3052,4024,3052,4024,3083,3990,3083
4036,3052,4176,3054,4176,3086,4036,3084
3878,3088,3887,3088,3887,3122,3878,3122
3899,3088,3993,3088,3993,3122,3899,3122
4006,3088,4125,3088,4125,3122,4006,3122
3878,3126,3887,3126,3887,3160,3878,3160
3900,3126,3969,3126,3969,3160,3900,3160
3976,3126,3985,3126,3985,3160,3976,3160
3989,3126,4065,3126,4065,3160,3989,3160
3875,3164,3885,3164,3885,3200,3875,3200
3889,3164,3981,3164,3981,3200,3889,3200
3986,3164,3996,3164,3996,3200,3986,3200
3996,3164,4077,3164,4077,3200,3996,3200
1794,3073,1800,3019,1833,3023,1828,3076
3766,3014,3807,3011,3809,3042,3768,3045
3764,3046,3809,3046,3809,3086,3764,3086
3763,3090,3807,3081,3815,3120,3771,3129
2448,3056,2516,3056,2516,3090,2448,3090
2522,3056,2553,3056,2553,3090,2522,3090
2567,3056,2735,3056,2735,3090,2567,3090
2740,3056,2784,3056,2784,3090,2740,3090
2800,3056,3029,3056,3029,3090,2800,3090
3043,3056,3218,3056,3218,3090,3043,3090
3232,3056,3263,3056,3263,3090,3232,3090
3279,3056,3332,3056,3332,3090,3279,3090
3343,3056,3352,3056,3352,3090,3343,3090
3361,3056,3380,3056,3380,3090,3361,3090
3397,3056,3500,3056,3500,3090,3397,3090
3517,3056,3542,3056,3542,3090,3517,3090
2443,3094,2553,3094,2553,3130,2443,3130
2567,3094,2587,3094,2587,3130,2567,3130
2601,3094,2746,3094,2746,3130,2601,3130
2766,3094,2776,3094,2776,3130,2766,3130
2781,3094,2791,3094,2791,3130,2781,3130
2792,3094,2802,3094,2802,3130,2792,3130
2817,3094,2940,3094,2940,3130,2817,3130
2949,3094,3000,3094,3000,3130,2949,3130
3007,3094,3208,3094,3208,3130,3007,3130
3223,3094,3289,3094,3289,3130,3223,3130
3294,3094,3346,3094,3346,3130,3294,3130
3362,3094,3471,3094,3471,3130,3362,3130
3481,3094,3515,3094,3515,3130,3481,3130
2442,3134,2621,3134,2621,3166,2442,3166
2638,3134,2667,3134,2667,3166,2638,3166
2686,3134,2694,3134,2694,3166,2686,3166
2699,3134,2707,3134,2707,3166,2699,3166
2710,3134,2889,3134,2889,3166,2710,3166
2894,3134,2902,3134,2902,3166,2894,3166
2439,3174,2493,3174,2493,3205,2439,3205
2507,3174,2662,3174,2662,3205,2507,3205
2678,3174,2737,3174,2737,3205,2678,3205
2749,3174,2874,3174,2874,3205,2749,3205
2879,3174,2887,3174,2887,3205,2879,3205
2900,3174,3002,3174,3002,3205,2900,3205
3018,3174,3046,3174,3046,3205,3018,3205
3055,3174,3063,3174,3063,3205,3055,3205
3062,3174,3070,3174,3070,3205,3062,3205
3073,3174,3274,3174,3274,3205,3073,3205
3282,3174,3335,3174,3335,3205,3282,3205
3351,3174,3534,3174,3534,3205,3351,3205
2447,3208,2512,3208,2512,3244,2447,3244
2519,3208,2614,3208,2614,3244,2519,3244
2633,3208,2643,3208,2643,3244,2633,3244
2660,3208,2710,3208,2710,3244,2660,3244
2722,3208,2836,3208,2836,3244,2722,3244
2840,3208,2850,3208,2850,3244,2840,3244
2865,3208,2938,3208,2938,3244,2865,3244
2947,3208,3130,3208,3130,3244,2947,3244
3145,3208,3178,3208,3178,3244,3145,3244
3193,3208,3284,3208,3284,3244,3193,3244
3301,3208,3350,3208,3350,3244,3301,3244
3368,3208,3470,3208,3470,3244,3368,3244
3486,3208,3538,3208,3538,3244,3486,3244
3549,3208,3576,3208,3576,3244,3549,3244
2446,3250,2492,3250,2492,3285,2446,3285
2507,3249,2633,3248,2633,3284,2507,3285
2644,3248,2684,3248,2684,3284,2644,3284
2695,3248,2808,3247,2808,3283,2695,3284
2825,3247,2834,3247,2834,3282,2825,3282
2839,3247,2848,3247,2848,3282,2839,3282
2848,3247,3024,3246,3024,3282,2848,3283
3034,3246,3043,3246,3043,3281,3034,3281
3764,3122,3809,3122,3809,3162,3764,3162
3761,3164,3814,3164,3814,3200,3761,3200
4480,3151,4489,3151,4489,3185,4480,3185
4494,3151,4669,3151,4669,3185,4494,3185
4685,3151,4710,3151,4710,3185,4685,3185
4722,3151,4844,3151,4844,3185,4722,3185
4480,3216,4489,3216,4489,3250,4480,3250
4497,3216,4606,3216,4606,3250,4497,3250
4622,3216,4647,3216,4647,3250,4622,3250
4659,3216,4718,3216,4718,3250,4659,3250
4721,3216,4730,3216,4730,3250,4721,3250
4734,3216,4860,3216,4860,3250,4734,3250
4495,3246,4582,3247,4581,3283,4494,3282
4602,3248,4611,3248,4610,3283,4601,3283
4631,3249,4640,3249,4639,3284,4630,3284
4645,3249,4654,3249,4653,3284,4644,3284
4659,3249,4685,3249,4684,3284,4658,3284
4703,3250,4712,3250,4711,3285,4702,3285
3582,3373,3626,3373,3626,3407,3582,3407
3999,3363,4100,3366,4099,3408,3998,3405
4112,3367,4123,3367,4122,3408,4111,3408
4286,3363,4343,3363,4343,3407,4286,3407
4346,3363,4358,3363,4358,3407,4346,3407
4362,3363,4419,3363,4419,3407,4362,3407
4418,3363,4430,3363,4430,3407,4418,3407
4432,3363,4532,3363,4532,3407,4432,3407
