2717,165,3036,165,3036,239,2717,239
2717,233,3062,233,3062,302,2717,302
1228,242,1234,242,1234,267,1228,267
1243,242,1249,242,1249,267,1243,267
1252,242,1275,242,1275,267,1252,267
1667,317,1667,310,1694,310,1694,317
1082,371,1082,361,1118,361,1118,371
1082,342,1082,332,1118,332,1118,342
1082,312,1082,302,1118,302,1118,312
1082,290,1082,280,1118,280,1118,290
1626,307,1626,355,1600,355,1600,307
1626,372,1626,379,1600,379,1600,372
1626,389,1626,396,1600,396,1600,389
1626,402,1626,409,1600,409,1600,402
1626,429,1626,436,1600,436,1600,429
1626,459,1626,466,1600,466,1600,459
2807,389,3145,389,3145,485,2807,485
3170,389,3198,389,3198,485,3170,485
1166,470,1175,470,1176,505,1167,505
1195,469,1204,469,1205,504,1196,504
1224,468,1233,468,1234,503,1225,503
1256,468,1265,468,1266,503,1257,503
1285,467,1294,467,1295,502,1286,502
1324,466,1333,466,1334,501,1325,501
1082,619,1082,609,1118,609,1118,619
1082,590,1082,580,1118,580,1118,590
1082,560,1082,550,1118,550,1118,560
1082,530,1082,520,1118,520,1118,530
1082,493,1082,483,1118,483,1118,493
1082,460,1082,450,1118,450,1118,460
1082,445,1082,435,1118,435,1118,445
1082,429,1082,410,1118,410,1118,429
1224,537,1343,534,1344,570,1225,573
1363,534,1372,534,1373,569,1364,569
1424,638,1440,638,1440,696,1424,696
1625,638,1675,638,1675,696,1625,696
2786,668,3096,657,3097,681,2787,692
2781,728,2892,728,2892,747,2781,747
896,833,974,833,974,850,896,850
1222,846,1346,846,1346,886,1222,886
1361,846,1372,846,1372,886,1361,886
3063,875,3063,933,3045,933,3045,875
1105,1057,1095,926,1121,924,1131,1055
1091,877,1091,871,1115,869,1116,875
1089,868,1086,836,1112,834,1115,866
3106,948,3107,985,3092,985,3091,948
1227,981,1235,981,1235,1012,1227,1012
1243,981,1251,981,1251,1012,1243,1012
1251,981,1279,981,1279,1012,1251,1012
788,1089,838,1089,838,1115,788,1115
837,1089,844,1089,844,1115,837,1115
848,1089,881,1089,881,1115,848,1115
776,1139,841,1141,840,1167,775,1165
843,1141,849,1141,848,1166,842,1166
850,1141,899,1142,898,1168,849,1167
1849,1162,1849,1167,1828,1167,1828,1162
1849,1183,1849,1188,1828,1188,1828,1183
1850,1205,1850,1210,1829,1210,1829,1205
3139,1146,3193,1147,3192,1182,3138,1181
3207,1147,3244,1148,3243,1183,3206,1182
3252,1148,3376,1150,3375,1185,3251,1183
3218,1196,3297,1196,3297,1239,3218,1239
2911,1196,2958,1196,2958,1239,2911,1239
2970,1196,3009,1196,3009,1239,2970,1239
3022,1196,3064,1196,3064,1239,3022,1239
2666,1196,2780,1196,2780,1239,2666,1239
2692,1254,2701,1254,2701,1288,2692,1288
2717,1254,2726,1254,2726,1288,2717,1288
2738,1254,2747,1254,2747,1288,2738,1288
1850,1271,1850,1276,1829,1276,1829,1271
1191,1269,1280,1269,1280,1309,1191,1309
1289,1269,1300,1269,1300,1309,1289,1309
1306,1269,1403,1269,1403,1309,1306,1309
2958,1256,3005,1252,3008,1289,2961,1293
3242,1256,3273,1253,3277,1287,3246,1291
1851,1302,1851,1307,1830,1307,1830,1302
1082,1379,1082,1369,1119,1369,1119,1379
1082,1367,1082,1357,1119,1357,1119,1367
1082,1358,1082,1324,1119,1324,1119,1358
1851,1359,1851,1364,1830,1364,1830,1359
750,1451,751,1389,775,1390,774,1452
752,1388,752,1382,775,1383,775,1389
751,1379,752,1326,776,1327,775,1380
1421,1472,1426,1472,1426,1493,1421,1493
1436,1472,1441,1472,1441,1493,1436,1493
1441,1472,1480,1472,1480,1493,1441,1493
2648,1340,2741,1340,2741,1378,2648,1378
2748,1340,2758,1340,2758,1378,2748,1378
2768,1340,2870,1340,2870,1378,2768,1378
2642,1386,2835,1386,2835,1424,2642,1424
2849,1386,2859,1386,2859,1424,2849,1424
2860,1386,2889,1386,2889,1424,2860,1424
2899,1386,3000,1386,3000,1424,2899,1424
3013,1386,3055,1386,3055,1424,3013,1424
3060,1386,3070,1386,3070,1424,3060,1424
2648,1434,2775,1434,2775,1470,2648,1470
2790,1434,2800,1434,2800,1470,2790,1470
2646,1486,2775,1486,2775,1520,2646,1520
2793,1486,2802,1486,2802,1520,2793,1520
2648,1533,2709,1533,2709,1571,2648,1571
2725,1533,2761,1533,2761,1571,2725,1571
2768,1533,2822,1533,2822,1571,2768,1571
2639,1587,2694,1587,2694,1620,2639,1620
3192,1339,3225,1339,3225,1375,3192,1375
3227,1339,3237,1339,3237,1375,3227,1375
3236,1339,3268,1339,3268,1375,3236,1375
3277,1339,3324,1339,3324,1375,3277,1375
3212,1381,3223,1381,3223,1423,3212,1423
3225,1381,3236,1381,3236,1423,3225,1423
3242,1381,3265,1381,3265,1423,3242,1423
3274,1381,3328,1381,3328,1423,3274,1423
3197,1433,3223,1432,3224,1467,3198,1468
3223,1433,3232,1433,3233,1468,3224,1468
3236,1432,3262,1431,3263,1466,3237,1467
3274,1431,3320,1430,3321,1465,3275,1466
3211,1481,3222,1481,3222,1523,3211,1523
3224,1481,3235,1481,3235,1523,3224,1523
3236,1481,3267,1481,3267,1523,3236,1523
3275,1481,3321,1481,3321,1523,3275,1523
3207,1531,3218,1531,3218,1572,3207,1572
3224,1531,3235,1531,3235,1572,3224,1572
3235,1531,3265,1531,3265,1572,3235,1572
3271,1531,3325,1531,3325,1572,3271,1572
3211,1581,3222,1581,3222,1621,3211,1621
3224,1581,3235,1581,3235,1621,3224,1621
3235,1581,3264,1581,3264,1621,3235,1621
3276,1581,3321,1581,3321,1621,3276,1621
1836,1529,1842,1529,1843,1552,1837,1552
1852,1528,1891,1526,1892,1549,1853,1551
1773,1577,1772,1622,1752,1621,1753,1576
1165,1685,1191,1681,1193,1698,1168,1702
1996,1858,1996,1812,2017,1812,2017,1858
1996,1807,1996,1802,2017,1802,2017,1807
1996,1799,1996,1769,2017,1769,2017,1799
2613,1790,2754,1791,2754,1827,2613,1826
2766,1790,2929,1791,2929,1827,2766,1826
2948,1791,3059,1792,3059,1828,2948,1827
3073,1793,3082,1793,3082,1828,3073,1828
696,1892,696,1843,718,1843,718,1892
696,1840,696,1835,718,1835,718,1840
696,1832,696,1798,718,1798,718,1832
3193,1793,3225,1793,3225,1828,3193,1828
3227,1793,3236,1793,3236,1828,3227,1828
3239,1794,3271,1794,3271,1829,3239,1829
3278,1794,3329,1794,3329,1829,3278,1829
1085,1881,1086,1872,1121,1875,1120,1884
1086,1867,1087,1858,1122,1861,1121,1870
1087,1857,1089,1831,1124,1834,1122,1860
1932,1942,1932,1877,1968,1877,1968,1942
1932,1877,1932,1867,1968,1867,1968,1877
1932,1869,1932,1819,1968,1819,1968,1869
2613,1863,2725,1863,2725,1892,2613,1892
2739,1863,2747,1863,2747,1892,2739,1892
3201,1855,3226,1856,3225,1890,3200,1889
3234,1856,3243,1856,3242,1890,3233,1890
3242,1855,3273,1856,3272,1891,3241,1890
3280,1857,3330,1858,3329,1892,3279,1891
1274,1884,1388,1884,1388,1918,1274,1918
1271,1985,1333,1985,1333,2009,1271,2009
1335,1985,1341,1985,1341,2009,1335,2009
1344,1985,1395,1985,1395,2009,1344,2009
969,2048,1014,2048,1014,2069,969,2069
1022,2048,1027,2048,1027,2069,1022,2069
1027,2048,1060,2048,1060,2069,1027,2069
1790,2047,1837,2047,1837,2074,1790,2074
1837,2047,1844,2047,1844,2074,1837,2074
1849,2047,1880,2047,1880,2074,1849,2074
2680,2036,2685,2036,2685,2057,2680,2057
2686,2036,2691,2036,2691,2057,2686,2057
2658,2073,2701,2073,2701,2096,2658,2096
2749,2036,2809,2036,2809,2059,2749,2059
2751,2074,2810,2074,2810,2099,2751,2099
2820,2074,2865,2074,2865,2099,2820,2099
2875,2074,2915,2074,2915,2099,2875,2099
3050,2053,3054,2053,3060,2110,3057,2111
3092,2048,3096,2048,3102,2105,3099,2106
3180,2050,3219,2050,3219,2073,3180,2073
3219,2050,3225,2050,3225,2073,3219,2073
3226,2050,3284,2050,3284,2073,3226,2073
3179,2077,3247,2077,3247,2100,3179,2100
3251,2077,3281,2077,3281,2100,3251,2100
3296,2077,3302,2077,3302,2100,3296,2100
3312,2077,3318,2077,3318,2100,3312,2100
3322,2077,3328,2077,3328,2100,3322,2100
3332,2077,3344,2077,3344,2100,3332,2100
3356,2077,3362,2077,3362,2100,3356,2100
3179,2037,3219,2033,3225,2091,3186,2096
3212,2035,3228,2033,3234,2091,3219,2093
3229,2032,3289,2025,3295,2084,3236,2091
2671,2113,2699,2116,2697,2136,2669,2133
2749,2116,2788,2116,2788,2137,2749,2137
2798,2116,2857,2116,2857,2137,2798,2137
2749,2153,2792,2153,2792,2174,2749,2174
2797,2153,2854,2153,2854,2174,2797,2174
3081,2122,3118,2122,3118,2145,3081,2145
3177,2122,3255,2122,3255,2145,3177,2145
3263,2122,3299,2122,3299,2145,3263,2145
3306,2122,3378,2122,3378,2145,3306,2145
2676,2151,2697,2154,2695,2172,2674,2170
1642,2150,1658,2150,1658,2208,1642,2208
1792,2150,1814,2150,1814,2208,1792,2208
1946,2150,1967,2150,1967,2208,1946,2208
2099,2150,2121,2150,2121,2208,2099,2208
2252,2150,2274,2150,2274,2208,2252,2208
2406,2150,2427,2150,2427,2208,2406,2208
3074,2165,3082,2165,3082,2194,3074,2194
3182,2167,3233,2168,3233,2198,3182,2197
3240,2168,3307,2169,3306,2199,3240,2198
3181,2213,3242,2214,3242,2237,3181,2236
3254,2214,3327,2215,3327,2238,3254,2237
2751,2208,2797,2208,2797,2229,2751,2229
2808,2208,2813,2208,2813,2229,2808,2229
2817,2208,2822,2208,2822,2229,2817,2229
2820,2208,2846,2208,2846,2229,2820,2229
2856,2208,2913,2208,2913,2229,2856,2229
170,2289,218,2289,218,2312,170,2312
223,2289,244,2289,244,2312,223,2312
257,2289,380,2289,380,2312,257,2312
386,2289,416,2289,416,2312,386,2312
425,2289,596,2289,596,2312,425,2312
607,2289,733,2289,733,2312,607,2312
741,2289,766,2289,766,2312,741,2312
775,2289,819,2289,819,2312,775,2312
822,2289,828,2289,828,2312,822,2312
837,2289,849,2289,849,2312,837,2312
864,2289,937,2289,937,2312,864,2312
950,2289,971,2289,971,2312,950,2312
982,2289,1060,2289,1060,2312,982,2312
1072,2289,1085,2289,1085,2312,1072,2312
1099,2289,1204,2289,1204,2312,1099,2312
1218,2289,1224,2289,1224,2312,1218,2312
1228,2289,1234,2289,1234,2312,1228,2312
1235,2289,1241,2289,1241,2312,1235,2312
1253,2289,1343,2289,1343,2312,1253,2312
1353,2289,1389,2289,1389,2312,1353,2312
1395,2289,1542,2289,1542,2312,1395,2312
1549,2289,1600,2289,1600,2312,1549,2312
1607,2289,1647,2289,1647,2312,1607,2312
1655,2289,1734,2289,1734,2312,1655,2312
1741,2289,1767,2289,1767,2312,1741,2312
1779,2289,1906,2289,1906,2312,1779,2312
1918,2289,1939,2289,1939,2312,1918,2312
1955,2289,1961,2289,1961,2312,1955,2312
1965,2289,1971,2289,1971,2312,1965,2312
1969,2289,2099,2289,2099,2312,1969,2312
2106,2289,2112,2289,2112,2312,2106,2312
166,2317,208,2317,208,2346,166,2346
216,2317,329,2317,329,2346,216,2346
339,2317,385,2317,385,2346,339,2346
387,2317,395,2317,395,2346,387,2346
395,2317,487,2317,487,2346,395,2346
489,2317,497,2317,497,2346,489,2346
503,2317,578,2317,578,2346,503,2346
591,2317,607,2317,607,2346,591,2346
615,2317,623,2317,623,2346,615,2346
621,2317,629,2317,629,2346,621,2346
626,2317,778,2317,778,2346,626,2346
781,2317,818,2317,818,2346,781,2346
829,2317,967,2317,967,2346,829,2346
981,2317,1025,2317,1025,2346,981,2346
1034,2317,1103,2317,1103,2346,1034,2346
1116,2317,1124,2317,1124,2346,1116,2346
1136,2317,1171,2317,1171,2346,1136,2346
1182,2317,1266,2317,1266,2346,1182,2346
1266,2317,1274,2317,1274,2346,1266,2346
1286,2317,1339,2317,1339,2346,1286,2346
1346,2317,1475,2317,1475,2346,1346,2346
1489,2317,1516,2317,1516,2346,1489,2346
1522,2317,1591,2317,1591,2346,1522,2346
1604,2317,1643,2317,1643,2346,1604,2346
1652,2317,1727,2317,1727,2346,1652,2346
1739,2317,1777,2317,1777,2346,1739,2346
1788,2317,1804,2317,1804,2346,1788,2346
1815,2317,1846,2317,1846,2346,1815,2346
1857,2317,1948,2317,1948,2346,1857,2346
1959,2317,1988,2317,1988,2346,1959,2346
1996,2317,2078,2317,2078,2346,1996,2346
2091,2317,2099,2317,2099,2346,2091,2346
2100,2317,2108,2317,2108,2346,2100,2346
2108,2317,2236,2317,2236,2346,2108,2346
2241,2317,2249,2317,2249,2346,2241,2346
2614,2300,2676,2300,2676,2339,2614,2339
2690,2300,2701,2300,2701,2339,2690,2339
2733,2300,2762,2300,2762,2339,2733,2339
2774,2300,2886,2300,2886,2339,2774,2339
2901,2300,2966,2300,2966,2339,2901,2339
