3801,177,4449,177,4449,324,3801,324
3803,314,4442,314,4442,453,3803,453
1359,658,1354,696,1320,691,1324,654
4060,594,4517,594,4517,723,4060,723
1724,780,1980,780,1980,847,1724,847
4130,808,4214,808,4214,840,4130,840
4232,808,4273,808,4273,840,4232,840
4288,808,4472,808,4472,840,4288,840
1532,898,1532,851,1569,851,1569,898
3812,1040,4098,1040,4098,1080,3812,1080
1125,1063,1165,1062,1166,1105,1126,1106
1194,1061,1206,1061,1207,1104,1195,1104
2422,1194,2459,1191,2461,1209,2424,1212
1834,1188,1839,1188,1839,1242,1834,1242
1852,1195,1857,1195,1857,1214,1852,1214
1854,1223,1857,1223,1857,1238,1854,1238
1832,1223,1835,1223,1835,1238,1832,1238
1878,1223,1881,1223,1881,1238,1878,1238
2480,1228,2482,1228,2482,1238,2480,1238
2503,1228,2505,1228,2505,1238,2503,1238
2550,1228,2552,1228,2552,1238,2550,1238
2574,1228,2576,1228,2576,1238,2574,1238
2600,1226,2603,1226,2603,1240,2600,1240
2622,1225,2625,1225,2625,1239,2622,1239
2646,1225,2649,1225,2649,1239,2646,1239
2670,1225,2673,1225,2673,1239,2670,1239
2693,1224,2696,1224,2696,1238,2693,1238
1635,1229,1641,1229,1641,1252,1635,1252
1743,1230,1790,1231,1790,1255,1743,1254
4209,1241,4246,1241,4246,1270,4209,1270
4286,1241,4378,1241,4378,1270,4286,1270
4345,1304,4545,1304,4545,1344,4345,1344
4581,1304,4675,1304,4675,1344,4581,1344
1618,1371,1624,1370,1628,1392,1622,1394
1639,1436,1645,1436,1645,1459,1639,1459
1678,1436,1684,1436,1684,1459,1678,1459
1714,1436,1720,1436,1720,1459,1714,1459
1747,1436,1753,1436,1753,1459,1747,1459
1783,1436,1789,1436,1789,1459,1783,1459
1819,1436,1825,1436,1825,1459,1819,1459
1855,1436,1861,1436,1861,1459,1855,1459
1605,1539,1847,1527,1850,1586,1608,1598
2177,1534,2363,1534,2363,1588,2177,1588
2397,1534,2412,1534,2412,1588,2397,1588
2443,1534,2627,1534,2627,1588,2443,1588
1562,1621,1606,1617,1609,1652,1565,1656
2380,1621,2423,1621,2423,1655,2380,1655
3717,1547,3980,1547,3980,1632,3717,1632
4035,1547,4238,1547,4238,1632,4035,1632
4302,1547,4380,1547,4380,1632,4302,1632
4388,1547,4466,1547,4466,1632,4388,1632
4481,1547,4565,1547,4565,1632,4481,1632
3769,1669,3874,1669,3874,1743,3769,1743
3866,1669,3887,1669,3887,1743,3866,1743
3896,1669,3917,1669,3917,1743,3896,1743
4089,1664,4114,1664,4114,1751,4089,1751
4133,1664,4158,1664,4158,1751,4133,1751
4168,1664,4193,1664,4193,1751,4168,1751
4399,1664,4497,1664,4497,1751,4399,1751
4062,1791,4283,1791,4283,1876,4062,1876
4301,1791,4571,1791,4571,1876,4301,1876
4666,1547,4799,1547,4799,1632,4666,1632
4703,1664,4767,1664,4767,1751,4703,1751
1642,1766,1648,1766,1648,1791,1642,1791
1679,1766,1685,1766,1685,1791,1679,1791
1712,1766,1718,1766,1718,1791,1712,1791
1749,1766,1755,1766,1755,1791,1749,1791
1785,1766,1791,1766,1791,1791,1785,1791
1819,1766,1825,1766,1825,1791,1819,1791
1855,1766,1861,1766,1861,1791,1855,1791
1892,1766,1898,1766,1898,1791,1892,1791
2041,1891,2038,1837,2072,1835,2075,1889
1299,2028,1310,2029,1307,2071,1296,2070
1333,2031,1344,2032,1341,2074,1330,2073
1368,2033,1379,2034,1376,2076,1365,2075
1402,2036,1413,2037,1410,2079,1399,2078
1435,2039,1446,2040,1443,2082,1432,2081
1772,2028,1778,2028,1778,2051,1772,2051
1805,2028,1811,2028,1811,2051,1805,2051
1841,2028,1847,2028,1847,2051,1841,2051
1877,2028,1883,2028,1883,2051,1877,2051
1913,2028,1919,2028,1919,2051,1913,2051
1947,2028,1953,2028,1953,2051,1947,2051
1983,2028,1989,2028,1989,2051,1983,2051
2019,2028,2025,2028,2025,2051,2019,2051
2055,2028,2061,2028,2061,2051,2055,2051
2088,2028,2094,2028,2094,2051,2088,2051
2124,2028,2130,2028,2130,2051,2124,2051
2160,2028,2166,2028,2166,2051,2160,2051
1558,2048,1660,2056,1656,2099,1554,2091
1924,2073,1924,2078,1905,2078,1905,2073
3875,1993,4071,1993,4071,2039,3875,2039
4106,1993,4119,1993,4119,2039,4106,2039
4147,1993,4355,1993,4355,2039,4147,2039
3874,2063,4128,2063,4128,2111,3874,2111
3874,2137,3979,2137,3979,2181,3874,2181
4006,2137,4055,2137,4055,2181,4006,2181
4072,2137,4196,2137,4196,2181,4072,2181
4227,2137,4239,2137,4239,2181,4227,2181
4236,2137,4325,2137,4325,2181,4236,2181
2563,2093,2567,2093,2567,2110,2563,2110
2597,2092,2601,2092,2601,2109,2597,2109
2541,2101,2541,2105,2524,2104,2524,2100
2633,2092,2637,2092,2637,2109,2633,2109
2669,2091,2673,2091,2673,2108,2669,2108
2704,2091,2708,2091,2708,2108,2704,2108
2740,2090,2744,2090,2744,2107,2740,2107
2776,2089,2780,2089,2780,2106,2776,2106
2806,2089,2810,2089,2810,2106,2806,2106
1814,2087,1848,2083,1854,2129,1820,2134
1924,2109,1924,2114,1905,2114,1905,2109
4554,1993,4598,1993,4598,2041,4554,2041
4605,1993,4618,1993,4618,2041,4605,2041
4620,1993,4672,1993,4672,2041,4620,2041
4690,1993,4760,1993,4760,2041,4690,2041
4558,2063,4603,2063,4603,2111,4558,2111
4605,2063,4618,2063,4618,2111,4605,2111
4627,2063,4670,2063,4670,2111,4627,2111
4690,2063,4760,2063,4760,2111,4690,2111
4550,2134,4563,2134,4563,2181,4550,2181
4579,2134,4592,2134,4592,2181,4579,2181
4595,2134,4638,2134,4638,2181,4595,2181
4654,2134,4732,2134,4732,2181,4654,2181
4554,2207,4600,2207,4600,2257,4554,2257
4609,2207,4623,2207,4623,2257,4609,2257
4628,2207,4664,2207,4664,2257,4628,2257
4683,2207,4766,2207,4766,2257,4683,2257
2539,2141,2539,2145,2522,2144,2522,2140
1922,2146,1922,2150,1906,2149,1906,2145
2538,2175,2538,2179,2521,2178,2521,2174
1920,2182,1918,2218,1901,2217,1903,2181
1437,2129,1499,2129,1499,2203,1437,2203
1263,2205,1356,2205,1356,2279,1263,2279
1386,2205,1427,2205,1427,2279,1386,2279
1443,2205,1565,2205,1565,2279,1443,2279
1599,2205,1694,2205,1694,2279,1599,2279
2536,2211,2536,2215,2519,2214,2519,2210
2535,2240,2535,2244,2518,2243,2518,2239
1916,2244,1921,2244,1920,2263,1915,2263
3719,2482,3807,2482,3807,2518,3719,2518
3823,2482,3833,2482,3833,2518,3823,2518
3839,2482,3878,2482,3878,2518,3839,2518
3893,2482,3999,2482,3999,2518,3893,2518
4009,2482,4060,2482,4060,2518,4009,2518
4073,2482,4199,2482,4199,2518,4073,2518
4214,2482,4260,2482,4260,2518,4214,2518
4265,2482,4367,2482,4367,2518,4265,2518
4384,2482,4455,2482,4455,2518,4384,2518
4465,2482,4529,2482,4529,2518,4465,2518
4547,2482,4598,2482,4598,2518,4547,2518
4610,2482,4706,2482,4706,2518,4610,2518
4718,2482,4871,2482,4871,2518,4718,2518
3882,2538,4145,2538,4145,2600,3882,2600
4555,2537,4606,2537,4606,2606,4555,2606
4610,2537,4699,2537,4699,2606,4610,2606
3903,2746,4061,2750,4060,2782,3902,2778
3766,2818,3806,2818,3806,2854,3766,2854
3767,2854,3827,2855,3827,2891,3767,2890
3767,2894,3831,2895,3831,2929,3767,2928
3767,2937,3803,2935,3804,2960,3768,2962
3769,2973,3803,2973,3803,3004,3769,3004
3885,2818,3895,2818,3895,2854,3885,2854
3903,2818,3980,2818,3980,2854,3903,2854
3997,2818,4106,2818,4106,2854,3997,2854
3883,2855,3892,2855,3892,2890,3883,2890
3897,2855,4011,2856,4011,2892,3897,2891
4023,2856,4114,2857,4114,2893,4023,2892
4134,2857,4215,2858,4215,2894,4134,2893
3883,2895,3892,2895,3892,2929,3883,2929
3906,2895,4011,2896,4011,2931,3906,2930
4032,2896,4134,2897,4134,2932,4032,2931
4144,2897,4259,2898,4259,2932,4144,2931
3881,2938,3889,2938,3889,2969,3881,2969
3899,2938,3978,2938,3978,2969,3899,2969
3985,2938,4103,2938,4103,2969,3985,2969
3877,2972,3886,2972,3886,3006,3877,3006
3899,2972,4011,2972,4011,3006,3899,3006
4029,2972,4174,2972,4174,3006,4029,3006
3879,3010,3888,3010,3888,3045,3879,3045
3901,3010,4010,3010,4010,3045,3901,3045
4019,3010,4028,3010,4028,3045,4019,3045
4031,3010,4081,3010,4081,3045,4031,3045
4095,3010,4358,3010,4358,3045,4095,3045
3881,3050,3889,3050,3889,3081,3881,3081
3899,3050,3973,3051,3973,3083,3899,3082
3990,3052,4024,3052,4024,3083,3990,3083
4036,3052,4176,3054,4176,3086,4036,3084
3878,3088,3887,3088,3887,3122,3878,3122
3899,3088,3993,3088,3993,3122,3899,3122
4006,3088,4125,3088,4125,3122,4006,3122
3878,3128,3886,3128,3886,3160,3878,3160
3898,3128,3968,3128,3968,3160,3898,3160
3978,3128,3986,3128,3986,3160,3978,3160
3985,3128,4065,3128,4065,3160,3985,3160
3875,3164,3885,3164,3885,3200,3875,3200
3889,3164,3981,3164,3981,3200,3889,3200
3986,3164,3996,3164,3996,3200,3986,3200
3996,3164,4077,3164,4077,3200,3996,3200
3766,3014,3807,3011,3809,3042,3768,3045
2448,3058,2513,3058,2513,3093,2448,3093
2525,3058,2551,3058,2551,3093,2525,3093
2572,3057,2736,3056,2736,3092,2572,3093
2742,3057,2783,3057,2783,3092,2742,3092
2799,3056,3031,3055,3031,3091,2799,3092
3046,3055,3218,3054,3218,3090,3046,3091
3233,3055,3265,3055,3265,3090,3233,3090
3276,3055,3332,3055,3332,3090,3276,3090
3343,3055,3352,3055,3352,3090,3343,3090
3361,3055,3381,3055,3381,3090,3361,3090
3400,3054,3502,3054,3502,3089,3400,3089
3514,3054,3546,3054,3546,3089,3514,3089
2440,3096,2553,3096,2553,3128,2440,3128
2564,3096,2587,3096,2587,3128,2564,3128
2601,3096,2745,3096,2745,3128,2601,3128
2767,3096,2775,3096,2775,3128,2767,3128
2780,3096,2788,3096,2788,3128,2780,3128
2790,3096,2798,3096,2798,3128,2790,3128
2812,3096,2938,3096,2938,3128,2812,3128
2947,3096,2998,3096,2998,3128,2947,3128
3006,3096,3208,3096,3208,3128,3006,3128
3223,3096,3288,3096,3288,3128,3223,3128
3297,3096,3348,3096,3348,3128,3297,3128
3364,3096,3468,3096,3468,3128,3364,3128
3479,3096,3515,3096,3515,3128,3479,3128
2442,3134,2621,3134,2621,3166,2442,3166
2638,3134,2667,3134,2667,3166,2638,3166
2686,3134,2694,3134,2694,3166,2686,3166
2699,3134,2707,3134,2707,3166,2699,3166
2710,3134,2889,3134,2889,3166,2710,3166
2894,3134,2902,3134,2902,3166,2894,3166
2440,3174,2494,3174,2494,3205,2440,3205
2508,3174,2664,3174,2664,3205,2508,3205
2679,3174,2738,3174,2738,3205,2679,3205
2750,3174,2875,3174,2875,3205,2750,3205
2880,3174,2888,3174,2888,3205,2880,3205
2901,3174,3002,3174,3002,3205,2901,3205
3019,3174,3047,3174,3047,3205,3019,3205
3056,3174,3064,3174,3064,3205,3056,3205
3063,3174,3071,3174,3071,3205,3063,3205
3073,3174,3275,3174,3275,3205,3073,3205
3283,3174,3332,3174,3332,3205,3283,3205
3347,3174,3536,3174,3536,3205,3347,3205
2444,3210,2511,3210,2511,3242,2444,3242
2519,3210,2615,3210,2615,3242,2519,3242
2631,3210,2639,3210,2639,3242,2631,3242
2658,3210,2707,3210,2707,3242,2658,3242
2724,3210,2836,3210,2836,3242,2724,3242
2839,3210,2847,3210,2847,3242,2839,3242
2864,3210,2936,3210,2936,3242,2864,3242
2947,3210,3127,3210,3127,3242,2947,3242
3142,3210,3178,3210,3178,3242,3142,3242
3188,3210,3280,3210,3280,3242,3188,3242
3299,3210,3350,3210,3350,3242,3299,3242
3365,3210,3472,3210,3472,3242,3365,3242
3487,3210,3533,3210,3533,3242,3487,3242
3551,3210,3574,3210,3574,3242,3551,3242
2446,3250,2492,3250,2492,3285,2446,3285
2507,3249,2633,3248,2633,3284,2507,3285
2644,3248,2684,3248,2684,3284,2644,3284
2695,3248,2808,3247,2808,3283,2695,3284
2825,3247,2834,3247,2834,3282,2825,3282
2839,3247,2848,3247,2848,3282,2839,3282
2848,3247,3024,3246,3024,3282,2848,3283
3032,3246,3041,3246,3041,3281,3032,3281
3764,3046,3809,3046,3809,3086,3764,3086
3766,3084,3811,3084,3811,3124,3766,3124
3764,3122,3809,3122,3809,3162,3764,3162
3761,3164,3814,3164,3814,3200,3761,3200
4486,3156,4496,3156,4496,3192,4486,3192
4501,3156,4680,3156,4680,3192,4501,3192
4692,3156,4719,3156,4719,3192,4692,3192
4727,3156,4854,3156,4854,3192,4727,3192
4488,3226,4496,3226,4496,3258,4488,3258
4507,3226,4614,3226,4614,3258,4507,3258
4632,3226,4656,3226,4656,3258,4632,3258
4665,3226,4728,3226,4728,3258,4665,3258
4732,3226,4740,3226,4740,3258,4732,3258
4740,3226,4864,3226,4864,3258,4740,3258
4503,3259,4589,3259,4589,3289,4503,3289
4611,3259,4619,3259,4619,3289,4611,3289
4639,3259,4647,3259,4647,3289,4639,3289
4654,3259,4662,3259,4662,3289,4654,3289
4665,3259,4692,3259,4692,3289,4665,3289
4710,3259,4718,3259,4718,3289,4710,3289
3582,3373,3626,3373,3626,3407,3582,3407
3997,3362,4097,3362,4097,3408,3997,3408
4107,3362,4120,3362,4120,3408,4107,3408
4286,3363,4343,3363,4343,3407,4286,3407
4346,3363,4358,3363,4358,3407,4346,3407
4362,3363,4419,3363,4419,3407,4362,3407
4418,3363,4430,3363,4430,3407,4418,3407
4432,3363,4532,3363,4532,3407,4432,3407
