1361,167,1413,167,1413,188,1361,188
1724,167,1779,167,1779,188,1724,188
1428,199,1432,199,1432,216,1428,216
1449,198,1453,198,1453,215,1449,215
1475,198,1479,198,1479,215,1475,215
1527,198,1530,203,1510,214,1507,209
1655,199,1690,199,1690,226,1655,226
1543,227,1546,232,1526,243,1523,238
1560,259,1563,264,1543,275,1540,270
1887,297,1935,297,1935,328,1887,328
3801,177,4449,177,4449,324,3801,324
3803,314,4442,314,4442,453,3803,453
1571,368,1571,372,1554,372,1554,368
1571,417,1566,423,1544,403,1550,397
1549,441,1544,447,1522,427,1528,421
1307,421,1316,421,1315,455,1306,455
1342,422,1351,422,1350,456,1341,456
1377,423,1386,423,1385,457,1376,457
1412,424,1421,424,1420,458,1411,458
1441,450,1441,445,1460,445,1460,450
1524,468,1519,474,1497,454,1503,448
1500,494,1495,500,1473,480,1479,474
1441,486,1441,481,1460,481,1460,486
1441,522,1441,517,1460,517,1460,522
1318,474,1332,473,1334,525,1320,526
1344,472,1358,471,1360,523,1346,524
1381,471,1395,470,1397,522,1383,523
1413,469,1427,468,1429,520,1415,521
1073,523,1322,516,1324,588,1075,595
1340,516,1360,515,1362,587,1342,588
1790,506,2033,506,2033,560,1790,560
2054,506,2069,506,2069,560,2054,560
1441,556,1441,551,1460,551,1460,556
1441,592,1441,587,1460,587,1460,592
1935,632,1935,582,1964,582,1964,632
4071,583,4532,583,4532,728,4071,728
4539,583,4581,583,4581,728,4539,728
1441,697,1441,694,1455,694,1455,697
1440,733,1440,730,1454,730,1454,733
1304,766,1307,766,1307,779,1304,779
1439,770,1439,767,1453,767,1453,770
1341,758,1347,758,1348,781,1342,781
1377,756,1383,756,1384,779,1378,779
1413,755,1419,755,1420,778,1414,778
1218,810,1218,804,1241,804,1241,810
4129,808,4214,808,4214,840,4129,840
4232,808,4273,808,4273,840,4232,840
4288,808,4472,808,4472,840,4288,840
1219,846,1219,840,1242,840,1242,846
1221,951,1221,945,1244,945,1244,951
1223,1068,1223,1047,1246,1047,1246,1068
1223,1023,1223,1017,1246,1017,1246,1023
3812,1040,4098,1040,4098,1080,3812,1080
4532,1040,4654,1040,4654,1074,4532,1074
1008,1078,1057,1077,1058,1136,1009,1137
1083,1077,1099,1077,1100,1135,1084,1135
1120,1075,1151,1074,1152,1133,1121,1134
1025,1185,1124,1185,1124,1250,1025,1250
1144,1185,1204,1185,1204,1250,1144,1250
1210,1185,1333,1185,1333,1250,1210,1250
1379,1185,1397,1185,1397,1250,1379,1250
1517,1174,1807,1174,1807,1236,1517,1236
1366,1310,1363,1315,1342,1304,1345,1298
1349,1341,1346,1346,1325,1335,1328,1329
1332,1372,1329,1377,1308,1366,1311,1360
1315,1402,1312,1407,1291,1396,1294,1390
988,1416,988,1410,1013,1409,1013,1415
990,1453,990,1447,1015,1446,1015,1452
1010,1490,1013,1490,1013,1504,1010,1504
1039,1490,1042,1490,1042,1504,1039,1504
1601,1506,1601,1498,1630,1499,1630,1507
1602,1470,1602,1462,1631,1463,1631,1471
1073,1490,1076,1490,1076,1504,1073,1504
1280,1422,1285,1564,1273,1564,1268,1422
1109,1490,1112,1490,1112,1504,1109,1504
1591,1479,1591,1507,1560,1507,1560,1479
1591,1555,1591,1563,1560,1563,1560,1555
1953,1559,1952,1567,1923,1564,1924,1556
1598,1578,1598,1570,1627,1571,1627,1579
966,1594,975,1595,973,1627,964,1627
983,1594,1006,1595,1004,1628,981,1627
1478,1585,1605,1585,1605,1621,1478,1621
1275,1635,1399,1634,1399,1681,1275,1682
1507,1679,1507,1684,1486,1683,1486,1678
1572,1678,1572,1681,1558,1681,1558,1678
806,1640,819,1640,819,1687,806,1687
844,1639,942,1638,942,1686,844,1687
1047,1637,1168,1636,1168,1683,1047,1684
778,1682,935,1682,935,1740,778,1740
963,1682,979,1682,979,1740,963,1740
992,1682,1008,1682,1008,1740,992,1740
1107,1713,1115,1713,1115,1744,1107,1744
1139,1713,1147,1713,1147,1744,1139,1744
1949,1604,1948,1612,1919,1609,1920,1601
1946,1640,1945,1648,1916,1645,1917,1637
1943,1675,1942,1683,1913,1680,1914,1672
1939,1711,1938,1719,1909,1716,1910,1708
1936,1747,1935,1755,1906,1752,1907,1744
1933,1780,1932,1788,1903,1785,1904,1777
1506,1717,1506,1722,1485,1721,1485,1716
1212,1713,1220,1713,1220,1744,1212,1744
1247,1713,1255,1713,1255,1744,1247,1744
1283,1713,1291,1713,1291,1744,1283,1744
1318,1713,1326,1713,1326,1744,1318,1744
1353,1713,1361,1713,1361,1744,1353,1744
1388,1713,1396,1713,1396,1744,1388,1744
1423,1713,1431,1713,1431,1744,1423,1744
1573,1734,1573,1737,1559,1737,1559,1734
1573,1783,1573,1786,1559,1786,1559,1783
1920,1929,1919,1921,1948,1919,1949,1926
1917,1893,1916,1885,1945,1883,1946,1890
1914,1857,1913,1849,1942,1847,1943,1854
1911,1821,1910,1813,1939,1811,1940,1818
1908,1785,1907,1777,1936,1775,1937,1782
1905,1752,1904,1744,1933,1742,1934,1749
1902,1716,1901,1708,1930,1706,1931,1713
1574,1819,1574,1822,1560,1822,1560,1819
1574,1854,1574,1857,1560,1857,1560,1854
1574,1890,1574,1893,1560,1893,1560,1890
1575,1926,1575,1929,1561,1929,1561,1926
3720,1547,3980,1547,3980,1632,3720,1632
4035,1547,4238,1547,4238,1632,4035,1632
4302,1547,4380,1547,4380,1632,4302,1632
4388,1547,4466,1547,4466,1632,4388,1632
4481,1547,4565,1547,4565,1632,4481,1632
4666,1547,4799,1547,4799,1632,4666,1632
3775,1669,3870,1669,3870,1743,3775,1743
3870,1669,3891,1669,3891,1743,3870,1743
3892,1669,3913,1669,3913,1743,3892,1743
4088,1667,4111,1667,4111,1747,4088,1747
4137,1667,4160,1667,4160,1747,4137,1747
4078,1667,4096,1667,4096,1747,4078,1747
4359,1667,4485,1667,4485,1747,4359,1747
4709,1667,4769,1667,4769,1747,4709,1747
4064,1795,4283,1792,4284,1865,4065,1868
4305,1792,4562,1788,4563,1860,4306,1864
3899,1899,4095,1899,4095,1945,3899,1945
4130,1899,4143,1899,4143,1945,4130,1945
4171,1899,4379,1899,4379,1945,4171,1945
4578,1897,4622,1897,4622,1945,4578,1945
4629,1897,4642,1897,4642,1945,4629,1945
4644,1897,4696,1897,4696,1945,4644,1945
4707,1897,4786,1897,4786,1945,4707,1945
3898,1962,4153,1962,4153,2020,3898,2020
4181,1962,4197,1962,4197,2020,4181,2020
4580,1969,4625,1969,4625,2017,4580,2017
4632,1969,4645,1969,4645,2017,4632,2017
4640,1969,4701,1969,4701,2017,4640,2017
4710,1969,4789,1969,4789,2017,4710,2017
3896,2041,4150,2041,4150,2089,3896,2089
4177,2041,4190,2041,4190,2089,4177,2089
4579,2038,4593,2038,4593,2087,4579,2087
4599,2038,4613,2038,4613,2087,4599,2087
4614,2038,4668,2038,4668,2087,4614,2087
4678,2038,4759,2038,4759,2087,4678,2087
3899,2113,4000,2113,4000,2161,3899,2161
4026,2113,4078,2113,4078,2161,4026,2161
4092,2113,4222,2113,4222,2161,4092,2161
4577,2111,4590,2111,4590,2159,4577,2159
4601,2111,4614,2111,4614,2159,4601,2159
4611,2111,4663,2111,4663,2159,4611,2159
4678,2111,4757,2111,4757,2159,4678,2159
3895,2182,4201,2182,4201,2240,3895,2240
4576,2183,4589,2183,4589,2231,4576,2231
4600,2183,4613,2183,4613,2231,4600,2231
4617,2183,4660,2183,4660,2231,4617,2231
4677,2183,4756,2183,4756,2231,4677,2231
3887,2257,3976,2257,3976,2301,3887,2301
4581,2255,4594,2255,4594,2303,4581,2303
4600,2255,4613,2255,4613,2303,4600,2303
4615,2255,4667,2255,4667,2303,4615,2303
4677,2255,4756,2255,4756,2303,4677,2303
4565,2329,4624,2329,4624,2375,4565,2375
4628,2329,4641,2329,4641,2375,4628,2375
4649,2329,4691,2329,4691,2375,4649,2375
4712,2329,4788,2329,4788,2375,4712,2375
1931,2051,1927,2001,1957,1999,1961,2048
1995,2070,1999,2070,1999,2086,1995,2086
2031,2068,2034,2068,2034,2082,2031,2082
2031,2070,2035,2070,2035,2086,2031,2086
2063,2070,2067,2070,2067,2086,2063,2086
2066,2068,2069,2068,2069,2082,2066,2082
2102,2068,2105,2068,2105,2082,2102,2082
808,2079,811,2079,811,2094,808,2094
2136,2068,2139,2068,2139,2082,2136,2082
846,2079,849,2079,849,2094,846,2094
881,2079,884,2079,884,2094,881,2094
917,2079,920,2079,920,2094,917,2094
952,2079,955,2079,955,2094,952,2094
1415,2067,1423,2067,1424,2098,1416,2098
1450,2066,1458,2066,1459,2097,1451,2097
1485,2065,1493,2065,1494,2096,1486,2096
1520,2063,1528,2063,1529,2094,1521,2094
987,2079,990,2079,990,2094,987,2094
1022,2079,1025,2079,1025,2094,1022,2094
1057,2079,1060,2079,1060,2094,1057,2094
1094,2079,1097,2079,1097,2094,1094,2094
1200,2073,1208,2073,1209,2104,1201,2104
1235,2072,1243,2072,1244,2103,1236,2103
1271,2071,1279,2071,1280,2102,1272,2102
1306,2070,1314,2070,1315,2101,1307,2101
1341,2069,1349,2069,1350,2100,1342,2100
1376,2068,1384,2068,1385,2099,1377,2099
1137,2143,1137,2090,1168,2090,1168,2143
1321,2121,1505,2121,1505,2189,1321,2189
1529,2121,1548,2121,1548,2189,1529,2189
1584,2121,1767,2121,1767,2189,1584,2189
1473,2301,1527,2301,1527,2332,1473,2332
3719,2482,3807,2482,3807,2518,3719,2518
3823,2482,3833,2482,3833,2518,3823,2518
3839,2482,3878,2482,3878,2518,3839,2518
3893,2482,3999,2482,3999,2518,3893,2518
4009,2482,4060,2482,4060,2518,4009,2518
4073,2482,4199,2482,4199,2518,4073,2518
4214,2482,4260,2482,4260,2518,4214,2518
4265,2482,4367,2482,4367,2518,4265,2518
4384,2482,4455,2482,4455,2518,4384,2518
4465,2482,4529,2482,4529,2518,4465,2518
4547,2482,4598,2482,4598,2518,4547,2518
4610,2482,4706,2482,4706,2518,4610,2518
4718,2482,4871,2482,4871,2518,4718,2518
1336,2561,1342,2562,1339,2586,1333,2585
3900,2550,4173,2550,4173,2612,3900,2612
1203,2584,1205,2584,1205,2596,1203,2596
1226,2584,1228,2584,1228,2596,1226,2596
1250,2584,1252,2584,1252,2596,1250,2596
1273,2584,1275,2584,1275,2596,1273,2596
1296,2584,1298,2584,1298,2596,1296,2596
1321,2584,1323,2584,1323,2596,1321,2596
1507,2584,1509,2584,1509,2596,1507,2596
1533,2584,1535,2584,1535,2596,1533,2596
1556,2584,1558,2584,1558,2596,1556,2596
1651,2584,1653,2584,1653,2596,1651,2596
1674,2584,1676,2584,1676,2596,1674,2596
1699,2584,1701,2584,1701,2596,1699,2596
1721,2584,1723,2584,1723,2596,1721,2596
1746,2584,1748,2584,1748,2596,1746,2596
1769,2584,1771,2584,1771,2596,1769,2596
1793,2584,1795,2584,1795,2596,1793,2596
1816,2584,1818,2584,1818,2596,1816,2596
1839,2584,1841,2584,1841,2596,1839,2596
1864,2584,1866,2584,1866,2596,1864,2596
4582,2553,4618,2553,4618,2618,4582,2618
4640,2553,4711,2553,4711,2618,4640,2618
805,2733,814,2732,818,2767,810,2768
847,2728,885,2723,889,2758,852,2763
3903,2746,4061,2750,4060,2782,3902,2778
804,2995,804,2933,828,2933,828,2995
804,2923,804,2917,828,2917,828,2923
804,2913,804,2865,828,2865,828,2913
1402,2889,1648,2889,1648,2935,1402,2935
3766,2818,3806,2818,3806,2854,3766,2854
3766,2858,3829,2858,3829,2892,3766,2892
3767,2894,3831,2895,3831,2929,3767,2928
3768,2936,3802,2936,3802,2963,3768,2963
3769,2973,3803,2973,3803,3004,3769,3004
1134,3023,1134,2972,1166,2972,1166,3023
3885,2818,3895,2818,3895,2854,3885,2854
3903,2818,3980,2818,3980,2854,3903,2854
3997,2818,4106,2818,4106,2854,3997,2854
3882,2858,3891,2858,3891,2892,3882,2892
3899,2858,4011,2858,4011,2892,3899,2892
4026,2858,4113,2858,4113,2892,4026,2892
4131,2858,4211,2858,4211,2892,4131,2892
3883,2895,3892,2895,3892,2929,3883,2929
3906,2895,4012,2896,4012,2931,3906,2930
4032,2896,4134,2897,4134,2932,4032,2931
4144,2897,4259,2898,4259,2932,4144,2931
3881,2938,3889,2938,3889,2969,3881,2969
3899,2938,3978,2938,3978,2969,3899,2969
3985,2938,4103,2938,4103,2969,3985,2969
3877,2972,3886,2972,3886,3006,3877,3006
3899,2972,4011,2972,4011,3006,3899,3006
4029,2972,4174,2972,4174,3006,4029,3006
3879,3010,3888,3010,3888,3045,3879,3045
3901,3010,4010,3010,4010,3045,3901,3045
4019,3010,4028,3010,4028,3045,4019,3045
4031,3010,4081,3010,4081,3045,4031,3045
4095,3010,4358,3010,4358,3045,4095,3045
3881,3050,3889,3050,3889,3081,3881,3081
3899,3050,3973,3051,3973,3083,3899,3082
3990,3052,4024,3052,4024,3083,3990,3083
4036,3052,4176,3054,4176,3086,4036,3084
3878,3088,3887,3088,3887,3122,3878,3122
3899,3088,3993,3088,3993,3122,3899,3122
4006,3088,4125,3088,4125,3122,4006,3122
3878,3126,3887,3126,3887,3160,3878,3160
3900,3126,3969,3126,3969,3160,3900,3160
3976,3126,3985,3126,3985,3160,3976,3160
3989,3126,4065,3126,4065,3160,3989,3160
3875,3164,3885,3164,3885,3200,3875,3200
3889,3164,3981,3164,3981,3200,3889,3200
3986,3164,3996,3164,3996,3200,3986,3200
3996,3164,4077,3164,4077,3200,3996,3200
3766,3014,3807,3011,3809,3042,3768,3045
777,2856,777,3316,760,3316,760,2856
2448,3056,2516,3056,2516,3090,2448,3090
2522,3056,2553,3056,2553,3090,2522,3090
2567,3056,2735,3056,2735,3090,2567,3090
2740,3056,2784,3056,2784,3090,2740,3090
2800,3056,3029,3056,3029,3090,2800,3090
3043,3056,3218,3056,3218,3090,3043,3090
3232,3056,3263,3056,3263,3090,3232,3090
3279,3056,3332,3056,3332,3090,3279,3090
3343,3056,3352,3056,3352,3090,3343,3090
3361,3056,3380,3056,3380,3090,3361,3090
3397,3056,3500,3056,3500,3090,3397,3090
3517,3056,3542,3056,3542,3090,3517,3090
2443,3094,2553,3094,2553,3130,2443,3130
2567,3094,2587,3094,2587,3130,2567,3130
2601,3094,2746,3094,2746,3130,2601,3130
2766,3094,2776,3094,2776,3130,2766,3130
2781,3094,2791,3094,2791,3130,2781,3130
2792,3094,2802,3094,2802,3130,2792,3130
2817,3094,2940,3094,2940,3130,2817,3130
2949,3094,3000,3094,3000,3130,2949,3130
3007,3094,3208,3094,3208,3130,3007,3130
3223,3094,3289,3094,3289,3130,3223,3130
3294,3094,3346,3094,3346,3130,3294,3130
3362,3094,3471,3094,3471,3130,3362,3130
3481,3094,3515,3094,3515,3130,3481,3130
2442,3134,2621,3134,2621,3166,2442,3166
2638,3134,2667,3134,2667,3166,2638,3166
2686,3134,2694,3134,2694,3166,2686,3166
2699,3134,2707,3134,2707,3166,2699,3166
2710,3134,2889,3134,2889,3166,2710,3166
2894,3134,2902,3134,2902,3166,2894,3166
2440,3174,2494,3174,2494,3205,2440,3205
2508,3174,2664,3174,2664,3205,2508,3205
2679,3174,2738,3174,2738,3205,2679,3205
2750,3174,2875,3174,2875,3205,2750,3205
2880,3174,2888,3174,2888,3205,2880,3205
2901,3174,3002,3174,3002,3205,2901,3205
3019,3174,3047,3174,3047,3205,3019,3205
3056,3174,3064,3174,3064,3205,3056,3205
3063,3174,3071,3174,3071,3205,3063,3205
3073,3174,3275,3174,3275,3205,3073,3205
3283,3174,3332,3174,3332,3205,3283,3205
3352,3174,3536,3174,3536,3205,3352,3205
2447,3208,2512,3208,2512,3244,2447,3244
2519,3208,2614,3208,2614,3244,2519,3244
2633,3208,2643,3208,2643,3244,2633,3244
2660,3208,2710,3208,2710,3244,2660,3244
2722,3208,2836,3208,2836,3244,2722,3244
2840,3208,2850,3208,2850,3244,2840,3244
2865,3208,2938,3208,2938,3244,2865,3244
2947,3208,3130,3208,3130,3244,2947,3244
3145,3208,3178,3208,3178,3244,3145,3244
3193,3208,3284,3208,3284,3244,3193,3244
3301,3208,3350,3208,3350,3244,3301,3244
3368,3208,3470,3208,3470,3244,3368,3244
3486,3208,3538,3208,3538,3244,3486,3244
3549,3208,3576,3208,3576,3244,3549,3244
2446,3250,2492,3250,2492,3285,2446,3285
2507,3249,2633,3248,2633,3284,2507,3285
2644,3248,2684,3248,2684,3284,2644,3284
2695,3248,2808,3247,2808,3283,2695,3284
2825,3247,2834,3247,2834,3282,2825,3282
2839,3247,2848,3247,2848,3282,2839,3282
2848,3247,3024,3246,3024,3282,2848,3283
3034,3246,3043,3246,3043,3281,3034,3281
3764,3046,3809,3046,3809,3086,3764,3086
3766,3084,3811,3084,3811,3124,3766,3124
3764,3122,3809,3122,3809,3162,3764,3162
3761,3164,3814,3164,3814,3200,3761,3200
4482,3148,4491,3148,4491,3183,4482,3183
4493,3148,4670,3148,4670,3183,4493,3183
4686,3148,4712,3148,4712,3183,4686,3183
4720,3148,4846,3148,4846,3183,4720,3183
1353,3240,1399,3240,1399,3271,1353,3271
4481,3216,4489,3216,4489,3248,4481,3248
4500,3216,4607,3216,4607,3248,4500,3248
4625,3216,4649,3216,4649,3248,4625,3248
4659,3216,4716,3216,4716,3248,4659,3248
4722,3216,4730,3216,4730,3248,4722,3248
4733,3216,4859,3216,4859,3248,4733,3248
4497,3248,4582,3248,4582,3282,4497,3282
4604,3248,4613,3248,4613,3282,4604,3282
4632,3248,4641,3248,4641,3282,4632,3282
4646,3248,4655,3248,4655,3282,4646,3282
4659,3248,4684,3248,4684,3282,4659,3282
4705,3248,4714,3248,4714,3282,4705,3282
3582,3373,3626,3373,3626,3407,3582,3407
3999,3363,4100,3366,4099,3408,3998,3405
4112,3367,4123,3367,4122,3408,4111,3408
4288,3361,4338,3361,4338,3407,4288,3407
4349,3361,4362,3361,4362,3407,4349,3407
4363,3361,4414,3361,4414,3407,4363,3407
4419,3361,4432,3361,4432,3407,4419,3407
4435,3361,4534,3361,4534,3407,4435,3407
