3801,177,4449,177,4449,324,3801,324
3803,314,4442,314,4442,453,3803,453
2620,588,3000,588,3000,631,2620,631
2811,649,2802,682,2789,678,2797,645
4060,594,4517,594,4517,723,4060,723
2030,783,2284,783,2284,829,2030,829
4130,808,4214,808,4214,840,4130,840
4232,808,4273,808,4273,840,4232,840
4288,808,4472,808,4472,840,4288,840
2838,890,2838,843,2875,843,2875,890
3812,1040,4098,1040,4098,1080,3812,1080
746,1186,755,1186,755,1221,746,1221
782,1186,791,1186,791,1221,782,1221
818,1186,827,1186,827,1221,818,1221
850,1186,859,1186,859,1221,850,1221
886,1186,895,1186,895,1221,886,1221
922,1186,931,1186,931,1221,922,1221
958,1186,967,1186,967,1221,958,1221
994,1186,1003,1186,1003,1221,994,1221
1092,1186,1148,1186,1148,1221,1092,1221
1178,1186,1187,1186,1187,1221,1178,1221
1101,1174,1232,1210,1219,1257,1088,1220
1540,1174,1570,1178,1565,1214,1535,1210
1304,1216,1300,1211,1319,1196,1323,1201
1054,1206,1054,1232,1031,1232,1031,1206
1054,1243,1054,1249,1031,1249,1031,1243
1057,1220,1060,1220,1059,1235,1056,1235
1081,1222,1084,1222,1083,1237,1080,1237
2511,1215,2515,1215,2515,1231,2511,1231
2535,1216,2539,1216,2539,1232,2535,1232
2557,1216,2561,1216,2561,1232,2557,1232
2581,1216,2585,1216,2585,1232,2581,1232
2601,1217,2605,1217,2605,1233,2601,1233
2628,1217,2632,1217,2632,1233,2628,1233
2652,1218,2656,1218,2656,1234,2652,1234
2674,1218,2678,1218,2678,1234,2674,1234
2698,1219,2702,1219,2702,1235,2698,1235
2723,1219,2727,1219,2727,1235,2723,1235
1600,1224,1638,1224,1638,1247,1600,1247
2415,1219,2468,1221,2467,1255,2414,1253
1325,1244,1321,1239,1340,1224,1344,1229
4209,1241,4246,1241,4246,1270,4209,1270
4286,1241,4378,1241,4378,1270,4286,1270
1347,1271,1343,1266,1362,1251,1366,1256
1054,1279,1054,1285,1031,1285,1031,1279
1054,1312,1054,1318,1031,1318,1031,1312
1054,1348,1054,1354,1031,1354,1031,1348
1054,1384,1054,1390,1031,1390,1031,1384
1054,1420,1054,1426,1031,1426,1031,1420
1110,1412,1113,1412,1113,1427,1110,1427
1148,1405,1156,1405,1155,1436,1147,1436
1183,1406,1191,1406,1190,1437,1182,1437
1218,1408,1226,1408,1225,1439,1217,1439
1253,1409,1261,1409,1260,1440,1252,1440
1289,1411,1297,1411,1296,1442,1288,1442
1324,1412,1332,1412,1331,1443,1323,1443
1365,1414,1373,1414,1372,1445,1364,1445
1312,1463,1312,1457,1335,1457,1335,1463
1312,1492,1312,1486,1335,1486,1335,1492
1312,1533,1312,1527,1335,1527,1335,1533
863,1529,1108,1529,1108,1575,863,1575
1133,1529,1146,1529,1146,1575,1133,1575
1578,1529,1815,1529,1815,1577,1578,1577
1844,1529,1857,1529,1857,1577,1844,1577
2286,1518,2468,1518,2468,1580,2286,1580
2504,1518,2521,1518,2521,1580,2504,1580
2544,1518,2733,1518,2733,1580,2544,1580
1311,1569,1311,1563,1334,1563,1334,1569
625,1618,625,1567,661,1567,661,1618
1961,1593,1961,1542,2001,1542,2001,1593
1311,1605,1311,1599,1334,1599,1334,1605
968,1610,1013,1610,1013,1645,968,1645
1692,1609,1741,1609,1741,1643,1692,1643
2485,1610,2529,1610,2529,1644,2485,1644
1310,1643,1310,1637,1333,1637,1333,1643
1310,1677,1310,1671,1333,1671,1333,1677
1310,1710,1310,1704,1333,1704,1333,1710
1309,1749,1309,1743,1332,1743,1332,1749
1076,1744,1080,1744,1081,1760,1077,1760
1111,1742,1115,1742,1116,1758,1112,1758
1666,1910,1667,1875,1714,1876,1713,1911
2836,1902,2836,1849,2873,1849,2873,1902
1281,1970,1283,1970,1283,1979,1281,1979
1494,1968,1497,1968,1497,1982,1494,1982
3717,1547,3980,1547,3980,1632,3717,1632
4035,1547,4238,1547,4238,1632,4035,1632
4302,1547,4380,1547,4380,1632,4302,1632
4399,1547,4463,1547,4463,1632,4399,1632
4481,1547,4565,1547,4565,1632,4481,1632
4666,1547,4797,1547,4797,1632,4666,1632
3768,1676,3871,1676,3871,1732,3768,1732
3867,1676,3883,1676,3883,1732,3867,1732
3895,1676,3911,1676,3911,1732,3895,1732
4088,1667,4111,1667,4111,1747,4088,1747
4137,1667,4160,1667,4160,1747,4137,1747
4170,1667,4193,1667,4193,1747,4170,1747
4389,1667,4493,1667,4493,1747,4389,1747
4709,1667,4769,1667,4769,1747,4709,1747
4067,1795,4286,1795,4286,1872,4067,1872
4308,1795,4568,1795,4568,1872,4308,1872
3847,1913,4043,1913,4043,1961,3847,1961
4077,1913,4090,1913,4090,1961,4077,1961
4119,1913,4324,1913,4324,1961,4119,1961
4524,1906,4569,1906,4569,1968,4524,1968
4576,1906,4593,1906,4593,1968,4576,1968
4593,1906,4638,1906,4638,1968,4593,1968
4655,1906,4735,1906,4735,1968,4655,1968
3840,1985,4095,1985,4095,2031,3840,2031
4130,1985,4143,1985,4143,2031,4130,2031
4530,1978,4575,1978,4575,2040,4530,2040
4576,1978,4593,1978,4593,2040,4576,2040
4593,1978,4638,1978,4638,2040,4593,2040
4655,1978,4735,1978,4735,2040,4655,2040
3842,2057,4096,2057,4096,2105,3842,2105
4123,2057,4136,2057,4136,2105,4123,2105
4522,2054,4537,2054,4537,2108,4522,2108
4550,2054,4565,2054,4565,2108,4550,2108
4572,2054,4602,2054,4602,2108,4572,2108
4628,2054,4707,2054,4707,2108,4628,2108
3847,2127,4050,2127,4050,2175,3847,2175
4522,2126,4537,2126,4537,2180,4522,2180
4550,2126,4565,2126,4565,2180,4550,2180
4563,2126,4613,2126,4613,2180,4563,2180
4628,2126,4707,2126,4707,2180,4628,2180
3842,2199,3952,2199,3952,2247,3842,2247
3976,2199,4028,2199,4028,2247,3976,2247
4044,2199,4172,2199,4172,2247,4044,2247
4522,2198,4537,2198,4537,2252,4522,2252
4550,2198,4565,2198,4565,2252,4550,2252
4565,2198,4605,2198,4605,2252,4565,2252
4628,2198,4707,2198,4707,2252,4628,2252
4529,2271,4542,2271,4542,2319,4529,2319
4549,2271,4562,2271,4562,2319,4549,2319
4568,2271,4603,2271,4603,2319,4568,2319
4626,2271,4705,2271,4705,2319,4626,2319
4517,2342,4567,2342,4567,2396,4517,2396
4576,2342,4591,2342,4591,2396,4576,2396
4592,2342,4652,2342,4652,2396,4592,2396
4662,2342,4731,2342,4731,2396,4662,2396
968,2055,1000,2052,1003,2087,972,2090
2098,2074,2101,2074,2101,2089,2098,2089
2134,2074,2137,2074,2137,2089,2134,2089
2169,2075,2172,2075,2172,2088,2169,2088
2275,2075,2278,2075,2278,2088,2275,2088
2310,2075,2313,2075,2313,2088,2310,2088
2345,2075,2348,2075,2348,2088,2345,2088
2419,2074,2422,2074,2422,2089,2419,2089
2452,2074,2455,2074,2455,2089,2452,2089
2487,2075,2490,2075,2490,2088,2487,2088
2525,2073,2529,2074,2526,2090,2522,2090
2595,2074,2598,2074,2598,2089,2595,2089
2630,2074,2633,2074,2633,2089,2630,2089
2771,2075,2773,2075,2773,2087,2771,2087
2806,2075,2808,2075,2808,2087,2806,2087
2004,2083,2004,2086,1989,2086,1989,2083
1206,2081,1212,2081,1212,2104,1206,2104
726,2078,735,2077,738,2112,730,2113
769,2074,778,2073,781,2108,773,2109
811,2070,859,2065,862,2101,815,2106
1242,2081,1248,2081,1248,2104,1242,2104
1278,2080,1284,2080,1284,2103,1278,2103
1314,2080,1320,2080,1320,2103,1314,2103
2843,2077,2846,2077,2846,2092,2843,2092
1350,2079,1356,2079,1356,2102,1350,2102
1383,2079,1389,2079,1389,2102,1383,2102
1419,2078,1425,2078,1425,2101,1419,2101
2880,2078,2883,2078,2883,2093,2880,2093
2914,2079,2917,2079,2917,2094,2914,2094
1662,2133,1663,2093,1711,2094,1710,2134
2003,2115,2003,2118,1988,2118,1988,2115
2002,2150,2002,2153,1987,2153,1987,2150
736,2154,838,2154,838,2216,736,2216
857,2154,903,2154,903,2216,857,2216
918,2154,1035,2154,1035,2216,918,2216
1233,2129,1422,2129,1422,2194,1233,2194
2001,2187,2001,2190,1986,2190,1986,2187
2887,2261,2887,2253,2917,2254,2917,2262
2887,2249,2887,2241,2917,2242,2917,2250
2888,2219,2889,2180,2919,2181,2918,2220
2890,2153,2890,2145,2920,2146,2920,2154
2891,2119,2891,2111,2921,2112,2921,2120
2921,2310,2921,2252,2952,2252,2952,2310
2921,2220,2921,2212,2952,2212,2952,2220
2921,2211,2921,2166,2952,2166,2952,2211
652,2360,652,2351,685,2351,685,2360
652,2323,652,2314,685,2314,685,2323
652,2289,652,2280,685,2280,685,2289
652,2255,652,2246,685,2246,685,2255
1659,2323,1660,2241,1708,2242,1707,2324
3830,2278,3923,2270,3927,2317,3834,2325
1246,2325,1297,2323,1298,2350,1247,2352
1319,2322,1326,2322,1327,2348,1320,2348
1340,2321,1383,2319,1384,2345,1341,2347
1397,2319,1404,2319,1405,2345,1398,2345
2452,2320,2505,2320,2505,2357,2452,2357
1881,2387,1918,2384,1921,2424,1884,2427
2289,2436,2289,2441,2268,2441,2268,2436
2312,2425,2318,2425,2318,2448,2312,2448
2348,2425,2354,2425,2354,2448,2348,2448
2384,2425,2390,2425,2390,2448,2384,2448
2417,2425,2423,2425,2423,2448,2417,2448
2453,2425,2459,2425,2459,2448,2453,2448
2489,2425,2495,2425,2495,2448,2489,2448
2525,2425,2531,2425,2531,2448,2525,2448
2561,2425,2567,2425,2567,2448,2561,2448
2596,2428,2601,2428,2600,2449,2595,2449
2632,2430,2637,2430,2636,2451,2631,2451
2715,2436,2715,2442,2692,2442,2692,2436
2737,2431,2741,2431,2742,2448,2738,2448
2773,2429,2777,2429,2778,2446,2774,2446
2922,2435,2923,2473,2901,2474,2900,2436
2289,2469,2289,2474,2268,2474,2268,2469
2431,2470,2431,2476,2407,2476,2407,2470
2572,2469,2572,2474,2550,2474,2550,2469
2715,2470,2715,2476,2692,2476,2692,2470
2158,2484,2167,2484,2167,2518,2158,2518
2186,2484,2195,2484,2195,2518,2186,2518
2221,2484,2230,2484,2230,2518,2221,2518
2253,2484,2262,2484,2262,2518,2253,2518
2277,2484,2286,2484,2286,2518,2277,2518
2320,2484,2497,2484,2497,2518,2320,2518
2547,2484,2635,2484,2635,2518,2547,2518
2210,2521,2210,2516,2232,2516,2232,2521
2210,2498,2210,2493,2232,2493,2232,2498
2210,2475,2210,2470,2232,2470,2232,2475
2760,2484,2769,2484,2769,2518,2760,2518
3719,2482,3806,2482,3806,2516,3719,2516
3823,2482,3832,2482,3832,2516,3823,2516
3840,2482,3878,2482,3878,2516,3840,2516
3892,2482,3994,2482,3994,2516,3892,2516
4013,2482,4061,2482,4061,2516,4013,2516
4072,2482,4198,2482,4198,2516,4072,2516
4211,2482,4260,2482,4260,2516,4211,2516
4269,2482,4369,2482,4369,2516,4269,2516
4384,2482,4455,2482,4455,2516,4384,2516
4464,2482,4528,2482,4528,2516,4464,2516
4544,2482,4597,2482,4597,2516,4544,2516
4608,2482,4707,2482,4707,2516,4608,2516
4716,2482,4870,2482,4870,2516,4716,2516
2289,2505,2289,2510,2268,2510,2268,2505
2266,2498,2266,2504,2243,2504,2243,2498
2266,2522,2266,2528,2243,2528,2243,2522
2266,2546,2266,2552,2243,2552,2243,2546
2289,2540,2289,2545,2268,2545,2268,2540
2152,2541,2152,2538,2167,2538,2167,2541
2082,2542,2088,2542,2088,2565,2082,2565
2096,2542,2102,2542,2102,2565,2096,2565
2269,2579,2354,2584,2353,2595,2268,2590
1758,2590,1908,2597,1907,2607,1758,2600
2679,2577,2680,2601,2670,2601,2669,2577
2366,2606,2363,2583,2372,2582,2375,2605
2376,2594,2376,2593,2384,2594,2384,2595
2667,2584,2665,2608,2657,2607,2659,2583
3846,2569,4114,2569,4114,2613,3846,2613
2477,2593,2496,2594,2495,2604,2476,2603
4528,2561,4576,2561,4576,2626,4528,2626
4589,2561,4660,2561,4660,2626,4589,2626
1713,2603,1713,2602,1721,2602,1721,2603
2509,2597,2527,2593,2529,2600,2511,2605
3903,2746,4061,2750,4060,2782,3902,2778
3766,2818,3806,2818,3806,2854,3766,2854
3767,2854,3827,2855,3827,2891,3767,2890
3767,2894,3831,2895,3831,2929,3767,2928
3767,2937,3803,2935,3804,2960,3768,2962
3769,2973,3803,2973,3803,3004,3769,3004
3885,2818,3895,2818,3895,2854,3885,2854
3903,2818,3980,2818,3980,2854,3903,2854
3997,2818,4106,2818,4106,2854,3997,2854
3883,2855,3892,2855,3892,2890,3883,2890
3897,2855,4011,2856,4011,2892,3897,2891
4023,2856,4114,2857,4114,2893,4023,2892
4134,2857,4215,2858,4215,2894,4134,2893
3883,2895,3892,2895,3892,2929,3883,2929
3906,2895,4011,2896,4011,2931,3906,2930
4032,2896,4134,2897,4134,2932,4032,2931
4144,2897,4259,2898,4259,2932,4144,2931
3881,2938,3889,2938,3889,2969,3881,2969
3899,2938,3978,2938,3978,2969,3899,2969
3985,2938,4103,2938,4103,2969,3985,2969
3877,2972,3886,2972,3886,3006,3877,3006
3899,2972,4011,2972,4011,3006,3899,3006
4029,2972,4174,2972,4174,3006,4029,3006
3879,3010,3888,3010,3888,3045,3879,3045
3901,3010,4010,3010,4010,3045,3901,3045
4019,3010,4028,3010,4028,3045,4019,3045
4031,3010,4081,3010,4081,3045,4031,3045
4095,3010,4358,3010,4358,3045,4095,3045
3881,3050,3889,3050,3889,3081,3881,3081
3899,3050,3973,3051,3973,3083,3899,3082
3990,3052,4024,3052,4024,3083,3990,3083
4036,3052,4176,3054,4176,3086,4036,3084
3878,3088,3887,3088,3887,3122,3878,3122
3899,3088,3993,3088,3993,3122,3899,3122
4006,3088,4125,3088,4125,3122,4006,3122
3878,3128,3886,3128,3886,3160,3878,3160
3898,3128,3968,3128,3968,3160,3898,3160
3978,3128,3986,3128,3986,3160,3978,3160
3985,3128,4065,3128,4065,3160,3985,3160
3875,3164,3885,3164,3885,3200,3875,3200
3889,3164,3981,3164,3981,3200,3889,3200
3986,3164,3996,3164,3996,3200,3986,3200
3996,3164,4077,3164,4077,3200,3996,3200
3766,3014,3807,3011,3809,3042,3768,3045
2448,3058,2513,3058,2513,3093,2448,3093
2525,3058,2551,3058,2551,3093,2525,3093
2572,3057,2736,3056,2736,3092,2572,3093
2742,3057,2783,3057,2783,3092,2742,3092
2799,3056,3031,3055,3031,3091,2799,3092
3046,3055,3218,3054,3218,3090,3046,3091
3233,3055,3265,3055,3265,3090,3233,3090
3276,3055,3332,3055,3332,3090,3276,3090
3343,3055,3352,3055,3352,3090,3343,3090
3361,3055,3381,3055,3381,3090,3361,3090
3400,3054,3502,3054,3502,3089,3400,3089
3514,3054,3546,3054,3546,3089,3514,3089
2440,3096,2553,3096,2553,3128,2440,3128
2564,3096,2587,3096,2587,3128,2564,3128
2601,3096,2745,3096,2745,3128,2601,3128
2767,3096,2775,3096,2775,3128,2767,3128
2780,3096,2788,3096,2788,3128,2780,3128
2790,3096,2798,3096,2798,3128,2790,3128
2812,3096,2938,3096,2938,3128,2812,3128
2947,3096,2998,3096,2998,3128,2947,3128
3006,3096,3208,3096,3208,3128,3006,3128
3223,3096,3288,3096,3288,3128,3223,3128
3297,3096,3348,3096,3348,3128,3297,3128
3364,3096,3468,3096,3468,3128,3364,3128
3479,3096,3515,3096,3515,3128,3479,3128
2442,3134,2621,3134,2621,3166,2442,3166
2638,3134,2667,3134,2667,3166,2638,3166
2686,3134,2694,3134,2694,3166,2686,3166
2699,3134,2707,3134,2707,3166,2699,3166
2710,3134,2889,3134,2889,3166,2710,3166
2894,3134,2902,3134,2902,3166,2894,3166
2440,3174,2494,3174,2494,3205,2440,3205
2508,3174,2664,3174,2664,3205,2508,3205
2679,3174,2738,3174,2738,3205,2679,3205
2750,3174,2875,3174,2875,3205,2750,3205
2880,3174,2888,3174,2888,3205,2880,3205
2901,3174,3002,3174,3002,3205,2901,3205
3019,3174,3047,3174,3047,3205,3019,3205
3056,3174,3064,3174,3064,3205,3056,3205
3063,3174,3071,3174,3071,3205,3063,3205
3073,3174,3275,3174,3275,3205,3073,3205
3283,3174,3332,3174,3332,3205,3283,3205
3347,3174,3536,3174,3536,3205,3347,3205
2444,3210,2511,3210,2511,3242,2444,3242
2519,3210,2615,3210,2615,3242,2519,3242
2631,3210,2639,3210,2639,3242,2631,3242
2658,3210,2707,3210,2707,3242,2658,3242
2724,3210,2836,3210,2836,3242,2724,3242
2839,3210,2847,3210,2847,3242,2839,3242
2864,3210,2936,3210,2936,3242,2864,3242
2947,3210,3127,3210,3127,3242,2947,3242
3142,3210,3178,3210,3178,3242,3142,3242
3188,3210,3280,3210,3280,3242,3188,3242
3299,3210,3350,3210,3350,3242,3299,3242
3365,3210,3472,3210,3472,3242,3365,3242
3487,3210,3533,3210,3533,3242,3487,3242
3551,3210,3574,3210,3574,3242,3551,3242
2446,3250,2492,3250,2492,3285,2446,3285
2507,3249,2633,3248,2633,3284,2507,3285
2644,3248,2684,3248,2684,3284,2644,3284
2695,3248,2808,3247,2808,3283,2695,3284
2825,3247,2834,3247,2834,3282,2825,3282
2839,3247,2848,3247,2848,3282,2839,3282
2848,3247,3024,3246,3024,3282,2848,3283
3032,3246,3041,3246,3041,3281,3032,3281
3764,3046,3809,3046,3809,3086,3764,3086
3766,3084,3811,3084,3811,3124,3766,3124
3764,3122,3809,3122,3809,3162,3764,3162
3761,3164,3814,3164,3814,3200,3761,3200
4487,3154,4497,3154,4497,3192,4487,3192
4505,3154,4678,3154,4678,3192,4505,3192
4692,3154,4721,3154,4721,3192,4692,3192
4729,3154,4853,3154,4853,3192,4729,3192
4488,3222,4497,3222,4497,3256,4488,3256
4510,3222,4618,3222,4618,3256,4510,3256
4629,3222,4660,3222,4660,3256,4629,3256
4666,3222,4727,3222,4727,3256,4666,3256
4733,3222,4742,3222,4742,3256,4733,3256
4741,3222,4867,3222,4867,3256,4741,3256
4504,3254,4587,3254,4587,3288,4504,3288
4611,3254,4620,3254,4620,3288,4611,3288
4639,3254,4648,3254,4648,3288,4639,3288
4653,3254,4662,3254,4662,3288,4653,3288
4665,3254,4696,3254,4696,3288,4665,3288
4713,3254,4722,3254,4722,3288,4713,3288
3582,3373,3626,3373,3626,3407,3582,3407
3997,3362,4097,3362,4097,3408,3997,3408
4107,3362,4120,3362,4120,3408,4107,3408
4286,3363,4343,3363,4343,3407,4286,3407
4346,3363,4358,3363,4358,3407,4346,3407
4362,3363,4419,3363,4419,3407,4362,3407
4418,3363,4430,3363,4430,3407,4418,3407
4432,3363,4532,3363,4532,3407,4432,3407
