2717,165,3036,165,3036,239,2717,239
2717,233,3062,233,3062,302,2717,302
1173,385,1240,385,1240,425,1173,425
1242,385,1253,385,1253,425,1242,425
1256,385,1310,385,1310,425,1256,425
2797,381,3156,381,3156,481,2797,481
3168,381,3197,381,3197,481,3168,481
1190,465,1296,465,1296,507,1190,507
1621,490,1696,490,1696,512,1621,512
1789,517,1789,506,1829,506,1829,517
1789,504,1789,493,1829,493,1829,504
1789,493,1789,464,1829,464,1829,493
1866,567,1866,497,1898,497,1898,567
1866,497,1866,489,1898,489,1898,497
1866,487,1866,432,1898,432,1898,487
801,590,801,507,822,507,822,590
960,604,960,596,992,596,992,604
960,575,960,567,992,567,992,575
960,561,960,553,992,553,992,561
960,549,960,526,992,526,992,549
1403,637,1480,637,1480,652,1403,652
1649,651,1657,651,1657,680,1649,680
1683,651,1710,651,1710,680,1683,680
1719,651,1727,651,1727,680,1719,680
1736,651,1744,651,1744,680,1736,680
2907,668,3014,666,3014,679,2907,681
2780,694,2869,696,2869,708,2780,706
2784,727,2893,727,2893,746,2784,746
2900,721,2998,723,2998,740,2900,738
823,753,877,753,877,765,823,765
1351,757,1388,753,1389,764,1352,768
1097,843,1105,843,1105,872,1097,872
1109,843,1117,843,1117,872,1109,872
1115,843,1147,843,1147,872,1115,872
1572,840,1582,840,1582,876,1572,876
1469,889,1477,889,1477,921,1469,921
1502,889,1510,889,1510,921,1502,921
1535,889,1543,889,1543,921,1535,921
1571,889,1579,889,1579,921,1571,921
1631,840,1641,840,1641,876,1631,876
1642,840,1652,840,1652,876,1642,876
1649,840,1689,840,1689,876,1649,876
1617,889,1625,889,1625,921,1617,921
1650,889,1658,889,1658,921,1650,921
3059,815,3059,838,3042,838,3042,815
3060,850,3061,946,3044,946,3043,850
3209,960,3209,869,3226,869,3226,960
1561,1021,1561,1017,1577,1017,1577,1021
1562,1053,1562,1049,1578,1049,1578,1053
1093,1052,1176,1052,1176,1095,1093,1095
1183,1052,1195,1052,1195,1095,1183,1095
1205,1052,1297,1052,1297,1095,1205,1095
1628,1054,1741,1054,1741,1089,1628,1089
1563,1085,1563,1081,1579,1081,1579,1085
1581,1218,1581,1221,1566,1221,1566,1218
2666,1196,2780,1196,2780,1239,2666,1239
2694,1256,2702,1256,2702,1288,2694,1288
2721,1256,2729,1256,2729,1288,2721,1288
2737,1256,2745,1256,2745,1288,2737,1288
970,1294,970,1216,982,1216,982,1294
2911,1196,2958,1196,2958,1239,2911,1239
2970,1196,3009,1196,3009,1239,2970,1239
3022,1196,3064,1196,3064,1239,3022,1239
2961,1254,3004,1254,3004,1292,2961,1292
3139,1146,3193,1147,3192,1182,3138,1181
3212,1147,3243,1148,3242,1182,3211,1182
3252,1148,3376,1150,3375,1185,3251,1183
3218,1196,3297,1196,3297,1239,3218,1239
3246,1251,3277,1251,3277,1293,3246,1293
1581,1250,1581,1253,1566,1253,1566,1250
1581,1282,1581,1285,1566,1285,1566,1282
1305,1317,1313,1317,1313,1348,1305,1348
1329,1317,1365,1317,1365,1348,1329,1348
1309,1357,1365,1360,1363,1385,1308,1382
1433,1354,1499,1354,1499,1377,1433,1377
1507,1354,1600,1354,1600,1377,1507,1377
1279,1388,1413,1388,1413,1412,1279,1412
2648,1356,2741,1356,2741,1398,2648,1398
2746,1356,2757,1356,2757,1398,2746,1398
2767,1356,2868,1356,2868,1398,2767,1398
2879,1356,2890,1356,2890,1398,2879,1398
2887,1356,2918,1356,2918,1398,2887,1398
2931,1356,3027,1356,3027,1398,2931,1398
3044,1356,3083,1356,3083,1398,3044,1398
3090,1356,3101,1356,3101,1398,3090,1398
2647,1405,2771,1405,2771,1445,2647,1445
2644,1458,2709,1458,2709,1490,2644,1490
2728,1458,2758,1458,2758,1490,2728,1490
2772,1458,2825,1458,2825,1490,2772,1490
3192,1356,3222,1355,3223,1397,3193,1398
3227,1356,3238,1356,3239,1397,3228,1397
3232,1355,3270,1354,3271,1396,3233,1397
3277,1354,3322,1353,3323,1394,3278,1395
3197,1404,3220,1404,3220,1444,3197,1444
3222,1404,3233,1404,3233,1444,3222,1444
3231,1404,3269,1404,3269,1444,3231,1444
3273,1404,3325,1404,3325,1444,3273,1444
3210,1454,3220,1454,3220,1490,3210,1490
3224,1454,3234,1454,3234,1490,3224,1490
3238,1454,3265,1454,3265,1490,3238,1490
3278,1454,3325,1454,3325,1490,3278,1490
1557,1438,1563,1438,1562,1461,1556,1461
1589,1439,1595,1439,1594,1462,1588,1462
1620,1440,1626,1440,1625,1463,1619,1463
1656,1442,1662,1442,1661,1465,1655,1465
2613,1790,2754,1791,2754,1827,2613,1826
2765,1790,2929,1791,2929,1827,2765,1826
2948,1791,3060,1792,3060,1828,2948,1827
3069,1793,3078,1793,3078,1828,3069,1828
3198,1793,3224,1793,3224,1828,3198,1828
3231,1793,3240,1793,3240,1828,3231,1828
3244,1794,3270,1794,3270,1829,3244,1829
3278,1794,3329,1794,3329,1829,3278,1829
2614,1863,2729,1863,2729,1892,2614,1892
2739,1863,2747,1863,2747,1892,2739,1892
3198,1856,3226,1856,3226,1894,3198,1894
3230,1856,3240,1856,3240,1894,3230,1894
3240,1856,3269,1856,3269,1894,3240,1894
3278,1856,3328,1856,3328,1894,3278,1894
2678,2035,2684,2035,2684,2058,2678,2058
2657,2073,2695,2073,2695,2095,2657,2095
2748,2037,2812,2037,2812,2059,2748,2059
2751,2075,2810,2075,2810,2098,2751,2098
2819,2075,2867,2075,2867,2098,2819,2098
2874,2075,2917,2075,2917,2098,2874,2098
2842,2058,2866,2057,2867,2092,2843,2093
2875,2056,2917,2055,2918,2090,2876,2092
3182,2045,3219,2044,3220,2080,3183,2081
3218,2044,3227,2044,3228,2079,3219,2079
3230,2044,3282,2042,3283,2077,3231,2079
3177,2076,3248,2076,3248,2099,3177,2099
3253,2076,3283,2076,3283,2099,3253,2099
3297,2076,3303,2076,3303,2099,3297,2099
3313,2076,3319,2076,3319,2099,3313,2099
3323,2076,3329,2076,3329,2099,3323,2099
3333,2076,3345,2076,3345,2099,3333,2099
3357,2076,3363,2076,3363,2099,3357,2099
2669,2114,2698,2114,2698,2136,2669,2136
2749,2116,2788,2116,2788,2136,2749,2136
2799,2116,2859,2116,2859,2136,2799,2136
3180,2121,3255,2121,3255,2147,3180,2147
3265,2121,3302,2121,3302,2147,3265,2147
3308,2121,3377,2121,3377,2147,3308,2147
1680,2144,1694,2144,1694,2195,1680,2195
1825,2144,1849,2144,1849,2195,1825,2195
1977,2144,1984,2144,1984,2195,1977,2195
2019,2144,2031,2144,2031,2195,2019,2195
2172,2144,2191,2144,2191,2195,2172,2195
2330,2144,2359,2144,2359,2195,2330,2195
2484,2144,2510,2144,2510,2195,2484,2195
2645,2144,2652,2144,2652,2195,2645,2195
2690,2144,2702,2144,2702,2195,2690,2195
2746,2144,2794,2144,2794,2195,2746,2195
2796,2144,2856,2144,2856,2195,2796,2195
3084,2121,3117,2121,3117,2147,3084,2147
3074,2165,3082,2165,3082,2194,3074,2194
3182,2167,3233,2168,3233,2198,3182,2197
3240,2168,3307,2169,3306,2199,3240,2198
2751,2208,2797,2208,2797,2229,2751,2229
2808,2208,2813,2208,2813,2229,2808,2229
2817,2208,2822,2208,2822,2229,2817,2229
2823,2208,2846,2208,2846,2229,2823,2229
2859,2208,2916,2208,2916,2229,2859,2229
3181,2214,3242,2215,3242,2237,3181,2236
3253,2215,3328,2216,3328,2238,3253,2237
172,2288,217,2288,217,2313,172,2313
224,2288,242,2288,242,2313,224,2313
256,2288,381,2288,381,2313,256,2313
385,2288,414,2288,414,2313,385,2313
426,2288,596,2288,596,2313,426,2313
607,2288,734,2288,734,2313,607,2313
742,2288,765,2288,765,2313,742,2313
776,2288,820,2288,820,2313,776,2313
825,2288,831,2288,831,2313,825,2313
838,2288,852,2288,852,2313,838,2313
864,2288,941,2288,941,2313,864,2313
954,2288,972,2288,972,2313,954,2313
981,2288,1064,2288,1064,2313,981,2313
1071,2288,1089,2288,1089,2313,1071,2313
1101,2288,1206,2288,1206,2313,1101,2313
1220,2288,1226,2288,1226,2313,1220,2313
1230,2288,1236,2288,1236,2313,1230,2313
1236,2288,1242,2288,1242,2313,1236,2313
1254,2288,1347,2288,1347,2313,1254,2313
1356,2288,1392,2288,1392,2313,1356,2313
1397,2288,1546,2288,1546,2313,1397,2313
1553,2288,1602,2288,1602,2313,1553,2313
1610,2288,1649,2288,1649,2313,1610,2313
1659,2288,1736,2288,1736,2313,1659,2313
1746,2288,1769,2288,1769,2313,1746,2313
1781,2288,1909,2288,1909,2313,1781,2313
1924,2288,1942,2288,1942,2313,1924,2313
1958,2288,1964,2288,1964,2313,1958,2313
1969,2288,1975,2288,1975,2313,1969,2313
1975,2288,2104,2288,2104,2313,1975,2313
2112,2288,2118,2288,2118,2313,2112,2313
166,2317,208,2317,208,2346,166,2346
216,2317,329,2317,329,2346,216,2346
339,2317,383,2317,383,2346,339,2346
387,2317,395,2317,395,2346,387,2346
395,2317,485,2317,485,2346,395,2346
489,2317,497,2317,497,2346,489,2346
503,2317,578,2317,578,2346,503,2346
590,2317,611,2317,611,2346,590,2346
615,2317,623,2317,623,2346,615,2346
621,2317,629,2317,629,2346,621,2346
629,2317,776,2317,776,2346,629,2346
784,2317,821,2317,821,2346,784,2346
833,2317,970,2317,970,2346,833,2346
980,2317,1030,2317,1030,2346,980,2346
1037,2317,1106,2317,1106,2346,1037,2346
1119,2317,1127,2317,1127,2346,1119,2346
1139,2317,1175,2317,1175,2346,1139,2346
1187,2317,1269,2317,1269,2346,1187,2346
1269,2317,1277,2317,1277,2346,1269,2346
1287,2317,1339,2317,1339,2346,1287,2346
1344,2317,1478,2317,1478,2346,1344,2346
1488,2317,1520,2317,1520,2346,1488,2346
1526,2317,1595,2317,1595,2346,1526,2346
1608,2317,1646,2317,1646,2346,1608,2346
1655,2317,1730,2317,1730,2346,1655,2346
1742,2317,1780,2317,1780,2346,1742,2346
1791,2317,1807,2317,1807,2346,1791,2346
1818,2317,1849,2317,1849,2346,1818,2346
1859,2317,1951,2317,1951,2346,1859,2346
1962,2317,1991,2317,1991,2346,1962,2346
1999,2317,2081,2317,2081,2346,1999,2346
2094,2317,2102,2317,2102,2346,2094,2346
2103,2317,2111,2317,2111,2346,2103,2346
2111,2317,2243,2317,2243,2346,2111,2346
2244,2317,2252,2317,2252,2346,2244,2346
2614,2300,2676,2300,2676,2339,2614,2339
2690,2300,2701,2300,2701,2339,2690,2339
2733,2300,2762,2300,2762,2339,2733,2339
2774,2300,2884,2300,2884,2339,2774,2339
2901,2300,2966,2300,2966,2339,2901,2339
