2717,165,3036,165,3036,239,2717,239
2710,236,3062,236,3062,308,2710,308
411,249,417,249,419,272,413,272
444,246,450,246,452,269,446,269
476,244,482,244,484,267,478,267
536,240,542,240,544,263,538,263
510,246,593,246,593,286,510,286
1013,270,1094,270,1094,293,1013,293
1151,311,1195,311,1195,342,1151,342
815,407,815,356,838,356,838,407
815,352,815,346,838,346,838,352
815,346,815,309,838,309,838,346
2798,389,3152,389,3152,482,2798,482
3172,389,3199,389,3199,482,3172,482
2778,562,2967,562,2967,575,2778,575
207,585,209,558,226,559,224,586
2984,563,3080,563,3080,575,2984,575
3135,558,3176,571,3172,582,3131,569
247,564,249,606,237,607,235,565
185,574,185,660,174,660,174,574
519,582,593,582,593,620,519,620
982,582,1106,582,1106,622,982,622
1518,581,1613,581,1613,622,1518,622
1622,581,1633,581,1633,622,1622,622
1640,581,1749,581,1749,622,1640,622
1400,665,1399,656,1433,653,1434,662
1399,651,1398,642,1432,639,1433,648
1397,631,1395,606,1429,603,1431,628
202,663,203,654,221,655,220,664
203,651,203,647,220,648,220,652
3008,669,3071,669,3071,682,3008,682
2997,677,3000,677,3000,692,2997,692
3032,677,3103,677,3103,692,3032,692
2703,614,2703,834,2688,834,2688,614
2915,677,2918,677,2918,692,2915,692
2743,696,2935,699,2935,723,2743,720
2831,725,2871,724,2871,738,2831,739
2791,734,2791,732,2801,734,2801,736
2170,734,2180,734,2180,771,2170,771
2192,734,2235,734,2235,771,2192,771
2784,763,2784,761,2794,763,2794,765
2802,757,2877,762,2876,774,2801,769
2884,754,2905,754,2905,765,2884,765
2912,754,3001,754,3001,765,2912,765
2164,767,2265,789,2260,812,2159,789
1933,785,1933,789,1916,789,1916,785
1933,816,1933,820,1916,820,1916,816
1933,848,1933,852,1916,852,1916,848
3140,869,3140,837,3158,837,3158,869
1933,881,1933,885,1916,885,1916,881
1740,886,1750,886,1750,923,1740,923
1759,886,1769,886,1769,923,1759,923
1777,886,1804,886,1804,923,1777,923
3028,821,3034,948,3016,949,3010,822
3033,950,3033,954,3016,955,3016,951
1933,920,1933,924,1916,924,1916,920
2954,900,2953,944,2944,944,2945,900
2188,931,2284,931,2284,954,2188,954
3236,973,3236,956,3245,956,3245,973
3236,956,3236,955,3244,955,3244,956
203,1107,206,1010,229,1011,226,1108
234,1104,231,1040,248,1039,251,1103
264,1097,264,1023,287,1023,287,1097
2185,1068,2185,1071,2170,1071,2170,1068
2185,1099,2185,1102,2170,1102,2170,1099
183,1067,187,1158,175,1158,171,1068
1545,1123,1679,1123,1679,1163,1545,1163
1698,1123,1709,1123,1709,1163,1698,1163
1398,1210,1398,1200,1435,1200,1435,1210
1398,1195,1398,1185,1435,1185,1435,1195
1398,1187,1398,1147,1435,1147,1435,1187
813,1304,813,1257,844,1257,844,1304
813,1252,813,1244,844,1244,844,1252
813,1243,813,1208,844,1208,844,1243
2666,1196,2780,1196,2780,1239,2666,1239
2688,1252,2751,1252,2751,1289,2688,1289
2911,1196,2958,1196,2958,1239,2911,1239
2970,1196,3009,1196,3009,1239,2970,1239
3022,1196,3064,1196,3064,1239,3022,1239
2965,1254,3007,1254,3007,1291,2965,1291
3141,1148,3196,1148,3196,1185,3141,1185
3208,1148,3242,1148,3242,1185,3208,1185
3253,1148,3375,1148,3375,1185,3253,1185
3218,1196,3297,1196,3297,1239,3218,1239
3245,1253,3277,1253,3277,1288,3245,1288
237,1347,237,1307,250,1307,250,1347
1556,1304,1562,1304,1562,1328,1556,1328
1571,1304,1577,1304,1577,1328,1571,1328
1580,1304,1611,1304,1611,1328,1580,1328
1159,1325,1171,1325,1171,1342,1159,1342
1984,1359,2037,1364,2033,1412,1980,1407
1197,1441,1285,1441,1285,1458,1197,1458
2166,1473,2200,1488,2188,1515,2154,1499
2649,1339,2742,1339,2742,1375,2649,1375
2747,1339,2757,1339,2757,1375,2747,1375
2766,1339,2870,1339,2870,1375,2766,1375
2642,1386,2835,1386,2835,1424,2642,1424
2842,1386,2852,1386,2852,1424,2842,1424
2852,1386,2881,1386,2881,1424,2852,1424
2891,1386,2994,1386,2994,1424,2891,1424
3005,1386,3048,1386,3048,1424,3005,1424
3052,1386,3062,1386,3062,1424,3052,1424
2648,1434,2775,1434,2775,1470,2648,1470
2790,1434,2800,1434,2800,1470,2790,1470
2646,1486,2775,1486,2775,1520,2646,1520
2793,1486,2802,1486,2802,1520,2793,1520
2648,1533,2709,1533,2709,1571,2648,1571
2725,1533,2761,1533,2761,1571,2725,1571
2768,1533,2822,1533,2822,1571,2768,1571
2639,1587,2694,1587,2694,1620,2639,1620
3196,1340,3221,1340,3221,1374,3196,1374
3228,1340,3237,1340,3237,1374,3228,1374
3241,1340,3266,1340,3266,1374,3241,1374
3279,1340,3323,1340,3323,1374,3279,1374
3215,1383,3226,1383,3227,1423,3216,1423
3227,1383,3238,1383,3239,1423,3228,1423
3240,1382,3267,1381,3268,1422,3241,1423
3274,1381,3326,1379,3327,1419,3275,1421
3197,1433,3223,1432,3224,1467,3198,1468
3223,1433,3232,1433,3233,1468,3224,1468
3236,1432,3262,1431,3263,1466,3237,1467
3274,1431,3320,1430,3321,1465,3275,1466
3211,1483,3222,1483,3223,1523,3212,1523
3223,1483,3234,1483,3235,1523,3224,1523
3234,1482,3264,1481,3265,1522,3235,1523
3276,1481,3321,1479,3322,1519,3277,1521
3208,1530,3220,1530,3220,1574,3208,1574
3226,1530,3238,1530,3238,1574,3226,1574
3240,1530,3264,1530,3264,1574,3240,1574
3275,1530,3324,1530,3324,1574,3275,1574
3211,1583,3221,1583,3221,1621,3211,1621
3222,1583,3232,1583,3232,1621,3222,1621
3231,1583,3266,1583,3266,1621,3231,1621
3276,1583,3324,1583,3324,1621,3276,1621
1547,1496,1684,1496,1684,1547,1547,1547
1702,1496,1716,1496,1716,1547,1702,1547
1400,1674,1400,1666,1429,1666,1429,1674
1400,1656,1400,1648,1429,1648,1429,1656
1400,1643,1400,1616,1429,1616,1429,1643
1399,1587,1399,1579,1428,1579,1428,1587
1398,1551,1398,1543,1427,1543,1427,1551
1398,1518,1398,1510,1427,1510,1427,1518
1398,1485,1398,1477,1427,1477,1427,1485
1397,1452,1397,1444,1426,1444,1426,1452
207,1590,209,1542,228,1543,226,1591
1917,1581,1917,1579,1928,1579,1928,1581
187,1581,187,1602,173,1602,173,1581
243,1601,245,1601,248,1612,246,1613
206,1610,208,1610,211,1621,209,1622
1917,1623,1917,1621,1928,1621,1928,1623
2098,1642,2098,1646,2081,1647,2081,1643
204,1680,204,1672,222,1673,222,1681
2100,1676,2100,1680,2083,1681,2083,1677
2101,1709,2101,1713,2084,1714,2084,1710
2103,1739,2103,1743,2086,1744,2086,1740
1403,1845,1403,1837,1432,1837,1432,1845
1402,1815,1402,1807,1431,1807,1431,1815
1402,1782,1402,1774,1431,1774,1431,1782
1401,1749,1401,1741,1430,1741,1430,1749
1401,1719,1401,1711,1430,1711,1430,1719
1411,1790,1450,1791,1450,1826,1411,1825
1556,1792,1565,1792,1565,1827,1556,1827
1570,1792,1579,1792,1579,1827,1570,1827
1584,1793,1610,1793,1610,1828,1584,1828
1675,1794,1684,1794,1684,1829,1675,1829
2616,1792,2753,1792,2753,1826,2616,1826
2768,1792,2929,1792,2929,1826,2768,1826
2947,1792,3061,1792,3061,1826,2947,1826
3072,1792,3081,1792,3081,1826,3072,1826
1071,1873,1215,1884,1212,1915,1069,1904
2615,1861,2726,1861,2726,1892,2615,1892
2739,1861,2747,1861,2747,1892,2739,1892
3197,1793,3227,1793,3227,1835,3197,1835
3228,1793,3239,1793,3239,1835,3228,1835
3240,1793,3270,1793,3270,1835,3240,1835
3277,1793,3331,1793,3331,1835,3277,1835
3197,1856,3226,1855,3227,1893,3198,1894
3230,1855,3240,1855,3241,1893,3231,1893
3240,1855,3269,1854,3270,1892,3241,1893
3279,1854,3327,1853,3328,1891,3280,1892
3194,1916,3228,1915,3229,1953,3195,1954
3232,1914,3242,1914,3243,1952,3233,1952
3241,1914,3270,1913,3271,1951,3242,1952
3280,1913,3330,1911,3331,1949,3281,1951
707,1913,784,1913,784,1949,707,1949
2616,1917,2681,1917,2681,1948,2616,1948
2697,1917,2705,1917,2705,1948,2697,1948
2680,2036,2685,2036,2685,2057,2680,2057
2686,2036,2691,2036,2691,2057,2686,2057
2658,2073,2701,2073,2701,2096,2658,2096
2749,2036,2809,2036,2809,2059,2749,2059
2752,2074,2810,2074,2810,2099,2752,2099
2820,2074,2866,2074,2866,2099,2820,2099
2876,2074,2915,2074,2915,2099,2876,2099
3181,2048,3220,2048,3220,2073,3181,2073
3221,2048,3227,2048,3227,2073,3221,2073
3228,2048,3286,2048,3286,2073,3228,2073
3179,2077,3247,2077,3247,2100,3179,2100
3251,2077,3281,2077,3281,2100,3251,2100
3296,2077,3302,2077,3302,2100,3296,2100
3312,2077,3318,2077,3318,2100,3312,2100
3322,2077,3328,2077,3328,2100,3322,2100
3332,2077,3344,2077,3344,2100,3332,2100
3356,2077,3362,2077,3362,2100,3356,2100
2671,2113,2699,2116,2697,2136,2669,2133
1522,2110,1539,2110,1539,2172,1522,2172
1682,2110,1706,2110,1706,2172,1682,2172
1837,2110,1872,2110,1872,2172,1837,2172
2010,2110,2033,2110,2033,2172,2010,2172
2173,2110,2196,2110,2196,2172,2173,2172
2335,2110,2369,2110,2369,2172,2335,2172
2749,2116,2788,2116,2788,2137,2749,2137
2798,2116,2857,2116,2857,2137,2798,2137
2749,2153,2792,2153,2792,2174,2749,2174
2797,2153,2854,2153,2854,2174,2797,2174
3081,2122,3118,2122,3118,2145,3081,2145
3177,2122,3255,2122,3255,2145,3177,2145
3263,2122,3299,2122,3299,2145,3263,2145
3306,2122,3378,2122,3378,2145,3306,2145
2676,2151,2697,2154,2695,2172,2674,2170
3074,2165,3082,2165,3082,2194,3074,2194
3182,2167,3233,2168,3233,2198,3182,2197
3240,2168,3307,2169,3306,2199,3240,2198
3181,2213,3242,2214,3242,2237,3181,2236
3254,2214,3327,2215,3327,2238,3254,2237
2751,2208,2797,2208,2797,2229,2751,2229
2808,2208,2813,2208,2813,2229,2808,2229
2817,2208,2822,2208,2822,2229,2817,2229
2820,2208,2846,2208,2846,2229,2820,2229
2856,2208,2913,2208,2913,2229,2856,2229
170,2289,218,2289,218,2312,170,2312
223,2289,244,2289,244,2312,223,2312
257,2289,380,2289,380,2312,257,2312
386,2289,416,2289,416,2312,386,2312
425,2289,596,2289,596,2312,425,2312
607,2289,733,2289,733,2312,607,2312
741,2289,766,2289,766,2312,741,2312
775,2289,819,2289,819,2312,775,2312
822,2289,828,2289,828,2312,822,2312
837,2289,849,2289,849,2312,837,2312
864,2289,937,2289,937,2312,864,2312
950,2289,971,2289,971,2312,950,2312
982,2289,1060,2289,1060,2312,982,2312
1072,2289,1085,2289,1085,2312,1072,2312
1099,2289,1204,2289,1204,2312,1099,2312
1218,2289,1224,2289,1224,2312,1218,2312
1228,2289,1234,2289,1234,2312,1228,2312
1235,2289,1241,2289,1241,2312,1235,2312
1253,2289,1343,2289,1343,2312,1253,2312
1353,2289,1389,2289,1389,2312,1353,2312
1395,2289,1542,2289,1542,2312,1395,2312
1549,2289,1600,2289,1600,2312,1549,2312
1607,2289,1647,2289,1647,2312,1607,2312
1655,2289,1734,2289,1734,2312,1655,2312
1741,2289,1767,2289,1767,2312,1741,2312
1779,2289,1906,2289,1906,2312,1779,2312
1918,2289,1939,2289,1939,2312,1918,2312
1955,2289,1961,2289,1961,2312,1955,2312
1965,2289,1971,2289,1971,2312,1965,2312
1969,2289,2099,2289,2099,2312,1969,2312
2106,2289,2112,2289,2112,2312,2106,2312
166,2317,208,2317,208,2346,166,2346
216,2317,329,2317,329,2346,216,2346
339,2317,385,2317,385,2346,339,2346
387,2317,395,2317,395,2346,387,2346
395,2317,487,2317,487,2346,395,2346
489,2317,497,2317,497,2346,489,2346
503,2317,578,2317,578,2346,503,2346
591,2317,607,2317,607,2346,591,2346
615,2317,623,2317,623,2346,615,2346
621,2317,629,2317,629,2346,621,2346
626,2317,778,2317,778,2346,626,2346
781,2317,818,2317,818,2346,781,2346
829,2317,967,2317,967,2346,829,2346
981,2317,1025,2317,1025,2346,981,2346
1034,2317,1103,2317,1103,2346,1034,2346
1116,2317,1124,2317,1124,2346,1116,2346
1136,2317,1171,2317,1171,2346,1136,2346
1182,2317,1266,2317,1266,2346,1182,2346
1266,2317,1274,2317,1274,2346,1266,2346
1286,2317,1339,2317,1339,2346,1286,2346
1346,2317,1475,2317,1475,2346,1346,2346
1489,2317,1516,2317,1516,2346,1489,2346
1522,2317,1591,2317,1591,2346,1522,2346
1604,2317,1643,2317,1643,2346,1604,2346
1652,2317,1727,2317,1727,2346,1652,2346
1739,2317,1777,2317,1777,2346,1739,2346
1788,2317,1804,2317,1804,2346,1788,2346
1815,2317,1846,2317,1846,2346,1815,2346
1857,2317,1948,2317,1948,2346,1857,2346
1959,2317,1988,2317,1988,2346,1959,2346
1996,2317,2078,2317,2078,2346,1996,2346
2091,2317,2099,2317,2099,2346,2091,2346
2100,2317,2108,2317,2108,2346,2100,2346
2108,2317,2236,2317,2236,2346,2108,2346
2241,2317,2249,2317,2249,2346,2241,2346
2614,2300,2676,2300,2676,2339,2614,2339
2690,2300,2701,2300,2701,2339,2690,2339
2733,2300,2762,2300,2762,2339,2733,2339
2774,2300,2886,2300,2886,2339,2774,2339
2901,2300,2966,2300,2966,2339,2901,2339
