3801,177,4449,177,4449,324,3801,324
3803,314,4442,314,4442,453,3803,453
4072,592,4527,592,4527,727,4072,727
1388,786,1634,786,1634,844,1388,844
4130,808,4214,808,4214,840,4130,840
4232,808,4273,808,4273,840,4232,840
4288,808,4472,808,4472,840,4288,840
886,902,886,854,920,854,920,902
3838,995,3846,995,3846,1024,3838,1024
4065,1002,4074,1002,4073,1037,4064,1037
4072,1040,4082,1040,4082,1076,4072,1076
3996,1040,4006,1040,4006,1076,3996,1076
785,1060,874,1060,874,1111,785,1111
1363,1197,1411,1197,1411,1223,1363,1223
1486,1180,1646,1205,1639,1252,1479,1226
904,1235,907,1235,907,1249,904,1249
967,1235,970,1235,970,1249,967,1249
1002,1233,1006,1233,1006,1250,1002,1250
2208,1230,2210,1230,2210,1241,2208,1241
1488,1229,1491,1229,1491,1243,1488,1243
1038,1233,1042,1233,1042,1250,1038,1250
2231,1230,2233,1230,2233,1241,2231,1241
1510,1229,1513,1229,1513,1243,1510,1243
1074,1233,1078,1233,1078,1250,1074,1250
2255,1230,2257,1230,2257,1241,2255,1241
1534,1229,1537,1229,1537,1243,1534,1243
1109,1233,1113,1233,1113,1250,1109,1250
2279,1230,2281,1230,2281,1241,2279,1241
2066,1230,2068,1230,2068,1242,2066,1242
1145,1233,1149,1233,1149,1250,1145,1250
2302,1230,2304,1230,2304,1241,2302,1241
2089,1231,2091,1231,2091,1242,2089,1242
2089,1230,2091,1230,2091,1242,2089,1242
1181,1233,1185,1233,1185,1250,1181,1250
2326,1230,2328,1230,2328,1241,2326,1241
2113,1231,2115,1231,2115,1242,2113,1242
1215,1233,1219,1233,1219,1250,1215,1250
2350,1230,2352,1230,2352,1241,2350,1241
2137,1230,2139,1230,2139,1241,2137,1241
2137,1231,2139,1231,2139,1242,2137,1242
1251,1233,1255,1233,1255,1250,1251,1250
2160,1230,2162,1230,2162,1241,2160,1241
2161,1231,2163,1231,2163,1242,2161,1242
2185,1230,2187,1230,2187,1241,2185,1241
2185,1231,2187,1231,2187,1242,2185,1242
1419,1221,1469,1232,1458,1278,1409,1267
1278,1348,1278,1340,1309,1341,1309,1349
1279,1313,1279,1305,1310,1306,1310,1314
1281,1284,1281,1276,1312,1277,1312,1285
4396,1289,4606,1289,4606,1381,4396,1381
1298,1441,1303,1441,1303,1462,1298,1462
1333,1442,1338,1442,1338,1463,1333,1463
1371,1443,1376,1443,1376,1464,1371,1464
1406,1443,1411,1443,1411,1464,1406,1464
1441,1444,1446,1444,1446,1465,1441,1465
1476,1445,1481,1445,1481,1466,1476,1466
1264,1525,1512,1525,1512,1599,1264,1599
1840,1529,2023,1529,2023,1599,1840,1599
2048,1529,2068,1529,2068,1599,2048,1599
2093,1529,2285,1529,2285,1599,2093,1599
884,1618,884,1569,922,1569,922,1618
1599,1531,1599,1539,1568,1539,1568,1531
1599,1566,1599,1574,1568,1574,1568,1566
1599,1602,1599,1610,1568,1610,1568,1602
1599,1637,1599,1645,1568,1645,1568,1637
1599,1669,1599,1677,1568,1677,1568,1669
1221,1620,1266,1620,1266,1659,1221,1659
2033,1620,2079,1620,2079,1660,2033,1660
3717,1547,3980,1547,3980,1632,3717,1632
4035,1547,4238,1547,4238,1632,4035,1632
4302,1547,4380,1547,4380,1632,4302,1632
4388,1547,4466,1547,4466,1632,4388,1632
4481,1547,4565,1547,4565,1632,4481,1632
3769,1669,3874,1669,3874,1743,3769,1743
3866,1669,3887,1669,3887,1743,3866,1743
3896,1669,3917,1669,3917,1743,3896,1743
4062,1664,4198,1664,4198,1750,4062,1750
4399,1664,4497,1664,4497,1750,4399,1750
4061,1795,4279,1795,4279,1876,4061,1876
4307,1795,4572,1795,4572,1876,4307,1876
4666,1547,4799,1547,4799,1632,4666,1632
4703,1664,4767,1664,4767,1750,4703,1750
1599,1707,1599,1715,1568,1715,1568,1707
1599,1742,1599,1750,1568,1750,1568,1742
1339,1774,1345,1774,1345,1797,1339,1797
1371,1773,1377,1773,1377,1796,1371,1796
1404,1773,1410,1773,1410,1796,1404,1796
1440,1772,1446,1772,1446,1795,1440,1795
1476,1772,1482,1772,1482,1795,1476,1795
1512,1771,1518,1771,1518,1794,1512,1794
1546,1771,1552,1771,1552,1794,1546,1794
1282,1823,1282,1817,1305,1816,1305,1822
1283,1859,1283,1853,1306,1852,1306,1858
1284,1893,1284,1887,1307,1886,1307,1892
2378,1935,2378,1885,2413,1885,2413,1935
1286,1929,1286,1923,1309,1922,1309,1928
1287,1965,1287,1959,1310,1958,1310,1964
969,1978,977,1979,973,2010,965,2009
998,1981,1006,1982,1002,2013,994,2012
1035,1986,1043,1987,1039,2018,1031,2017
1070,1990,1078,1991,1074,2022,1066,2021
1536,2035,1540,2035,1539,2053,1535,2053
1571,2034,1575,2034,1575,2052,1571,2052
1605,2034,1609,2034,1609,2052,1605,2052
1639,2034,1643,2034,1643,2052,1639,2052
1675,2034,1679,2034,1679,2052,1675,2052
1711,2034,1715,2034,1715,2052,1711,2052
1745,2034,1749,2034,1749,2052,1745,2052
1782,2034,1786,2034,1786,2052,1782,2052
1816,2034,1820,2034,1820,2052,1816,2052
1852,2034,1856,2034,1856,2052,1852,2052
1888,2034,1892,2034,1892,2052,1888,2052
1922,2034,1926,2034,1926,2052,1922,2052
1958,2034,1962,2034,1962,2052,1958,2052
1580,2047,1580,2051,1563,2051,1563,2047
1580,2079,1580,2083,1563,2083,1563,2079
2002,2078,2002,2082,1984,2083,1984,2079
3875,1993,4071,1993,4071,2039,3875,2039
4106,1993,4119,1993,4119,2039,4106,2039
4147,1993,4355,1993,4355,2039,4147,2039
3874,2063,4128,2063,4128,2111,3874,2111
3874,2137,3979,2137,3979,2181,3874,2181
4006,2137,4055,2137,4055,2181,4006,2181
4072,2137,4196,2137,4196,2181,4072,2181
4227,2137,4239,2137,4239,2181,4227,2181
4236,2137,4325,2137,4325,2181,4236,2181
2180,2109,2180,2105,2198,2106,2198,2110
1579,2114,1579,2118,1562,2118,1562,2114
2004,2115,2004,2119,1986,2120,1986,2116
4554,1993,4598,1993,4598,2041,4554,2041
4605,1993,4618,1993,4618,2041,4605,2041
4620,1993,4672,1993,4672,2041,4620,2041
4690,1993,4760,1993,4760,2041,4690,2041
4558,2063,4603,2063,4603,2111,4558,2111
4605,2063,4618,2063,4618,2111,4605,2111
4627,2063,4670,2063,4670,2111,4627,2111
4690,2063,4760,2063,4760,2111,4690,2111
4550,2134,4563,2134,4563,2181,4550,2181
4579,2134,4592,2134,4592,2181,4579,2181
4595,2134,4638,2134,4638,2181,4595,2181
4654,2134,4732,2134,4732,2181,4654,2181
4554,2207,4600,2207,4600,2257,4554,2257
4609,2207,4623,2207,4623,2257,4609,2257
4628,2207,4664,2207,4664,2257,4628,2257
4683,2207,4766,2207,4766,2257,4683,2257
2177,2146,2177,2142,2195,2143,2195,2147
1154,2138,1160,2139,1157,2162,1151,2161
1183,2142,1228,2148,1224,2171,1180,2165
1579,2150,1579,2154,1562,2154,1562,2150
1120,2134,1171,2154,1152,2201,1101,2180
2006,2149,2006,2153,1988,2154,1988,2150
1922,2163,1973,2163,1973,2195,1922,2195
2175,2182,2175,2178,2193,2179,2193,2183
1174,2210,1178,2210,1178,2228,1174,2228
1210,2211,1214,2211,1214,2229,1210,2229
1243,2212,1247,2212,1247,2230,1243,2230
1578,2222,1578,2226,1561,2226,1561,2222
1578,2256,1578,2260,1561,2260,1561,2256
915,2212,1014,2212,1014,2284,915,2284
1032,2212,1085,2212,1085,2284,1032,2284
1095,2212,1224,2212,1224,2284,1095,2284
1239,2212,1259,2212,1259,2284,1239,2284
1260,2212,1340,2212,1340,2284,1260,2284
999,2295,1015,2296,1013,2354,997,2353
1040,2297,1056,2298,1054,2356,1038,2355
1081,2299,1097,2300,1095,2358,1079,2357
1111,2300,1127,2301,1125,2359,1109,2358
1182,2303,1198,2304,1196,2362,1180,2361
1223,2305,1239,2306,1237,2364,1221,2363
1252,2306,1268,2307,1266,2365,1250,2364
1268,2298,1268,2304,1243,2304,1243,2298
952,2325,957,2325,958,2346,953,2346
985,2324,1056,2322,1057,2343,986,2345
1463,2322,1472,2322,1472,2357,1463,2357
1492,2322,1501,2322,1501,2357,1492,2357
1513,2322,1522,2322,1522,2357,1513,2357
1535,2322,1544,2322,1544,2357,1535,2357
1463,2358,1472,2358,1472,2393,1463,2393
1492,2358,1501,2358,1501,2393,1492,2393
1513,2358,1522,2358,1522,2393,1513,2393
1268,2369,1268,2375,1243,2375,1243,2369
3719,2482,3806,2482,3806,2516,3719,2516
3823,2482,3832,2482,3832,2516,3823,2516
3840,2482,3878,2482,3878,2516,3840,2516
3892,2482,3994,2482,3994,2516,3892,2516
4013,2482,4061,2482,4061,2516,4013,2516
4072,2482,4198,2482,4198,2516,4072,2516
4211,2482,4260,2482,4260,2516,4211,2516
4269,2482,4369,2482,4369,2516,4269,2516
4384,2482,4455,2482,4455,2516,4384,2516
4464,2482,4528,2482,4528,2516,4464,2516
4544,2482,4597,2482,4597,2516,4544,2516
4608,2482,4707,2482,4707,2516,4608,2516
4716,2482,4870,2482,4870,2516,4716,2516
3876,2569,4146,2569,4146,2613,3876,2613
4553,2561,4601,2561,4601,2626,4553,2626
4611,2561,4694,2561,4694,2626,4611,2626
2295,2618,2297,2618,2298,2629,2296,2629
3905,2742,4056,2746,4055,2782,3904,2778
3766,2818,3806,2818,3806,2854,3766,2854
3767,2854,3827,2855,3827,2891,3767,2890
3767,2894,3831,2895,3831,2929,3767,2928
3767,2937,3803,2935,3804,2960,3768,2962
3769,2973,3803,2973,3803,3004,3769,3004
3885,2818,3895,2818,3895,2854,3885,2854
3903,2818,3980,2818,3980,2854,3903,2854
3997,2818,4106,2818,4106,2854,3997,2854
3883,2855,3892,2855,3892,2890,3883,2890
3897,2855,4011,2856,4011,2892,3897,2891
4023,2856,4114,2857,4114,2893,4023,2892
4134,2857,4215,2858,4215,2894,4134,2893
3883,2895,3892,2895,3892,2929,3883,2929
3906,2895,4011,2896,4011,2931,3906,2930
4032,2896,4134,2897,4134,2932,4032,2931
4144,2897,4259,2898,4259,2932,4144,2931
3881,2938,3889,2938,3889,2969,3881,2969
3899,2938,3978,2938,3978,2969,3899,2969
3985,2938,4103,2938,4103,2969,3985,2969
3877,2972,3886,2972,3886,3006,3877,3006
3899,2972,4011,2972,4011,3006,3899,3006
4029,2972,4174,2972,4174,3006,4029,3006
3879,3010,3888,3010,3888,3045,3879,3045
3901,3010,4010,3010,4010,3045,3901,3045
4019,3010,4028,3010,4028,3045,4019,3045
4031,3010,4081,3010,4081,3045,4031,3045
4095,3010,4358,3010,4358,3045,4095,3045
3881,3050,3889,3050,3889,3081,3881,3081
3899,3050,3973,3051,3973,3083,3899,3082
3990,3052,4024,3052,4024,3083,3990,3083
4036,3052,4176,3054,4176,3086,4036,3084
3878,3088,3887,3088,3887,3122,3878,3122
3899,3088,3993,3088,3993,3122,3899,3122
4006,3088,4125,3088,4125,3122,4006,3122
3878,3126,3887,3126,3887,3160,3878,3160
3900,3126,3969,3126,3969,3160,3900,3160
3976,3126,3985,3126,3985,3160,3976,3160
3989,3126,4065,3126,4065,3160,3989,3160
3875,3164,3885,3164,3885,3200,3875,3200
3889,3164,3981,3164,3981,3200,3889,3200
3986,3164,3996,3164,3996,3200,3986,3200
3996,3164,4077,3164,4077,3200,3996,3200
3766,3014,3807,3011,3809,3042,3768,3045
3764,3046,3809,3046,3809,3086,3764,3086
3763,3090,3807,3081,3815,3120,3771,3129
2448,3058,2513,3058,2513,3093,2448,3093
2525,3058,2551,3058,2551,3093,2525,3093
2572,3057,2736,3056,2736,3092,2572,3093
2742,3057,2783,3057,2783,3092,2742,3092
2799,3056,3031,3055,3031,3091,2799,3092
3046,3055,3218,3054,3218,3090,3046,3091
3233,3055,3265,3055,3265,3090,3233,3090
3276,3055,3332,3055,3332,3090,3276,3090
3343,3055,3352,3055,3352,3090,3343,3090
3361,3055,3381,3055,3381,3090,3361,3090
3400,3054,3502,3054,3502,3089,3400,3089
3514,3054,3546,3054,3546,3089,3514,3089
2440,3096,2553,3096,2553,3128,2440,3128
2564,3096,2587,3096,2587,3128,2564,3128
2601,3096,2745,3096,2745,3128,2601,3128
2767,3096,2775,3096,2775,3128,2767,3128
2780,3096,2788,3096,2788,3128,2780,3128
2790,3096,2798,3096,2798,3128,2790,3128
2812,3096,2938,3096,2938,3128,2812,3128
2947,3096,2998,3096,2998,3128,2947,3128
3006,3096,3208,3096,3208,3128,3006,3128
3223,3096,3288,3096,3288,3128,3223,3128
3297,3096,3348,3096,3348,3128,3297,3128
3364,3096,3468,3096,3468,3128,3364,3128
3479,3096,3515,3096,3515,3128,3479,3128
2442,3134,2621,3134,2621,3166,2442,3166
2638,3134,2667,3134,2667,3166,2638,3166
2686,3134,2694,3134,2694,3166,2686,3166
2699,3134,2707,3134,2707,3166,2699,3166
2710,3134,2889,3134,2889,3166,2710,3166
2894,3134,2902,3134,2902,3166,2894,3166
2440,3174,2494,3174,2494,3205,2440,3205
2508,3174,2664,3174,2664,3205,2508,3205
2679,3174,2738,3174,2738,3205,2679,3205
2750,3174,2875,3174,2875,3205,2750,3205
2880,3174,2888,3174,2888,3205,2880,3205
2901,3174,3002,3174,3002,3205,2901,3205
3019,3174,3047,3174,3047,3205,3019,3205
3056,3174,3064,3174,3064,3205,3056,3205
3063,3174,3071,3174,3071,3205,3063,3205
3073,3174,3275,3174,3275,3205,3073,3205
3283,3174,3332,3174,3332,3205,3283,3205
3347,3174,3536,3174,3536,3205,3347,3205
2444,3210,2511,3210,2511,3242,2444,3242
2519,3210,2615,3210,2615,3242,2519,3242
2631,3210,2639,3210,2639,3242,2631,3242
2658,3210,2707,3210,2707,3242,2658,3242
2724,3210,2836,3210,2836,3242,2724,3242
2839,3210,2847,3210,2847,3242,2839,3242
2864,3210,2936,3210,2936,3242,2864,3242
2947,3210,3127,3210,3127,3242,2947,3242
3142,3210,3178,3210,3178,3242,3142,3242
3188,3210,3280,3210,3280,3242,3188,3242
3299,3210,3350,3210,3350,3242,3299,3242
3365,3210,3472,3210,3472,3242,3365,3242
3487,3210,3533,3210,3533,3242,3487,3242
3551,3210,3574,3210,3574,3242,3551,3242
2446,3250,2492,3250,2492,3285,2446,3285
2507,3249,2633,3248,2633,3284,2507,3285
2644,3248,2684,3248,2684,3284,2644,3284
2695,3248,2808,3247,2808,3283,2695,3284
2825,3247,2834,3247,2834,3282,2825,3282
2839,3247,2848,3247,2848,3282,2839,3282
2848,3247,3024,3246,3024,3282,2848,3283
3032,3246,3041,3246,3041,3281,3032,3281
3764,3122,3809,3122,3809,3162,3764,3162
3761,3164,3814,3164,3814,3200,3761,3200
4474,3154,4483,3154,4483,3188,4474,3188
4489,3154,4664,3154,4664,3188,4489,3188
4678,3154,4709,3154,4709,3188,4678,3188
4716,3154,4839,3154,4839,3188,4716,3188
4474,3220,4483,3220,4483,3254,4474,3254
4495,3220,4604,3220,4604,3254,4495,3254
4615,3220,4646,3220,4646,3254,4615,3254
4653,3220,4713,3220,4713,3254,4653,3254
4719,3220,4728,3220,4728,3254,4719,3254
4727,3220,4853,3220,4853,3254,4727,3254
4490,3254,4578,3254,4578,3288,4490,3288
4597,3254,4606,3254,4606,3288,4597,3288
4625,3254,4634,3254,4634,3288,4625,3288
4642,3254,4651,3254,4651,3288,4642,3288
4650,3254,4681,3254,4681,3288,4650,3288
4698,3254,4707,3254,4707,3288,4698,3288
3582,3373,3626,3373,3626,3407,3582,3407
3999,3363,4098,3366,4097,3408,3998,3405
4112,3367,4123,3367,4122,3408,4111,3408
4286,3363,4343,3363,4343,3407,4286,3407
4346,3363,4358,3363,4358,3407,4346,3407
4362,3363,4419,3363,4419,3407,4362,3407
4418,3363,4430,3363,4430,3407,4418,3407
4432,3363,4532,3363,4532,3407,4432,3407
