2717,165,3036,165,3036,239,2717,239
2717,233,3062,233,3062,302,2717,302
1134,283,1136,283,1136,295,1134,295
1157,283,1159,283,1159,295,1157,295
1181,283,1183,283,1183,295,1181,295
1204,283,1206,283,1206,295,1204,295
1228,283,1230,283,1230,295,1228,295
1251,283,1253,283,1253,295,1251,295
1274,283,1276,283,1276,295,1274,295
2797,397,3152,390,3154,473,2799,480
1560,466,1570,466,1570,503,1560,503
1583,466,1593,466,1593,503,1583,503
1587,466,1642,466,1642,503,1587,503
916,543,916,547,899,547,899,543
949,549,952,549,952,563,949,563
963,549,966,549,966,563,963,563
975,549,978,549,978,563,975,563
987,549,990,549,990,563,987,563
1000,549,1003,549,1003,563,1000,563
1012,549,1015,549,1015,563,1012,563
898,567,1015,567,1015,586,898,586
915,570,915,574,898,574,898,570
890,570,890,613,878,613,878,570
915,593,915,597,898,597,898,593
915,617,915,621,898,621,898,617
914,640,914,644,897,644,897,640
914,663,914,667,897,667,897,663
2281,698,2281,701,2267,701,2267,698
2281,717,2281,720,2267,720,2267,717
1443,759,1443,746,1491,746,1491,759
1443,740,1443,727,1491,727,1491,740
1443,728,1443,685,1491,685,1491,728
2781,728,2892,728,2892,747,2781,747
2281,741,2281,744,2267,744,2267,741
2282,788,2282,791,2268,791,2268,788
1582,772,1712,772,1712,822,1582,822
1720,772,1734,772,1734,822,1720,822
1748,772,1885,772,1885,822,1748,822
2282,812,2282,815,2268,815,2268,812
2282,834,2282,837,2268,837,2268,834
3044,826,3045,871,3027,871,3026,826
921,851,926,850,929,870,924,871
960,845,1021,835,1024,855,963,865
2282,858,2282,861,2268,861,2268,858
2283,882,2283,885,2269,885,2269,882
2283,905,2283,908,2269,908,2269,905
3078,946,3078,943,3092,944,3092,947
965,946,1014,942,1017,977,968,981
2014,1084,2017,1084,2017,1099,2014,1099
2037,1084,2040,1084,2040,1099,2037,1099
2083,1084,2086,1084,2086,1099,2083,1099
2107,1084,2110,1084,2110,1099,2107,1099
2129,1084,2132,1084,2132,1099,2129,1099
2153,1084,2156,1084,2156,1099,2153,1099
1889,1092,1947,1085,1951,1118,1893,1126
1966,1082,1975,1081,1979,1115,1970,1116
1987,1079,1996,1078,2000,1112,1991,1113
2012,1076,2021,1075,2025,1109,2016,1110
2033,1073,2042,1072,2046,1106,2037,1107
1743,1121,1872,1118,1873,1142,1744,1145
1918,1159,1946,1159,1946,1190,1918,1190
384,1214,395,1214,395,1256,384,1256
401,1214,412,1214,412,1256,401,1256
448,1214,459,1214,459,1256,448,1256
466,1214,477,1214,477,1256,466,1256
478,1214,525,1214,525,1256,478,1256
381,1261,774,1279,770,1349,378,1331
2666,1196,2780,1196,2780,1239,2666,1239
2695,1254,2704,1254,2704,1289,2695,1289
2717,1254,2726,1254,2726,1289,2717,1289
2735,1254,2744,1254,2744,1289,2735,1289
2911,1196,2958,1196,2958,1239,2911,1239
2970,1196,3009,1196,3009,1239,2970,1239
3022,1196,3064,1196,3064,1239,3022,1239
2959,1254,3004,1254,3004,1289,2959,1289
3139,1146,3193,1147,3192,1182,3138,1181
3207,1147,3244,1148,3243,1183,3206,1182
3252,1148,3371,1150,3370,1185,3251,1183
3218,1196,3295,1196,3295,1239,3218,1239
3241,1251,3277,1251,3277,1290,3241,1290
344,1412,344,1403,378,1401,379,1410
343,1394,343,1385,377,1383,378,1392
342,1385,338,1310,374,1308,378,1383
385,1404,394,1307,418,1310,409,1406
352,1371,429,1379,424,1421,348,1413
435,1380,446,1381,442,1423,431,1422
474,1384,485,1385,481,1427,470,1426
513,1388,524,1389,520,1431,509,1430
1698,1375,1746,1375,1746,1417,1698,1417
1774,1375,1804,1375,1804,1417,1774,1417
1436,1472,1436,1458,1487,1458,1487,1472
1436,1451,1436,1437,1487,1437,1487,1451
1436,1437,1436,1399,1487,1399,1487,1437
1991,1400,2147,1400,2147,1447,1991,1447
2295,1525,2295,1440,2334,1440,2334,1525
2295,1437,2295,1426,2334,1426,2334,1437
2295,1424,2295,1357,2334,1357,2334,1424
2650,1355,2741,1355,2741,1397,2650,1397
2746,1355,2757,1355,2757,1397,2746,1397
2771,1355,2870,1355,2870,1397,2771,1397
2644,1401,2774,1401,2774,1443,2644,1443
2789,1401,2800,1401,2800,1443,2789,1443
2802,1401,2825,1401,2825,1443,2802,1443
2841,1401,2943,1401,2943,1443,2841,1443
2944,1401,2955,1401,2955,1443,2944,1443
2650,1452,2709,1452,2709,1492,2650,1492
2728,1452,2758,1452,2758,1492,2728,1492
2767,1452,2825,1452,2825,1492,2767,1492
2840,1452,2851,1452,2851,1492,2840,1492
2854,1452,2911,1452,2911,1492,2854,1492
2918,1452,2929,1452,2929,1492,2918,1492
2925,1452,2955,1452,2955,1492,2925,1492
2966,1452,3067,1452,3067,1492,2966,1492
3083,1452,3121,1452,3121,1492,3083,1492
3127,1452,3138,1452,3138,1492,3127,1492
3194,1353,3225,1353,3225,1395,3194,1395
3226,1353,3237,1353,3237,1395,3226,1395
3243,1353,3266,1353,3266,1395,3243,1395
3277,1353,3323,1353,3323,1395,3277,1395
3196,1399,3218,1399,3218,1441,3196,1441
3225,1399,3236,1399,3236,1441,3225,1441
3237,1399,3268,1399,3268,1441,3237,1441
3276,1399,3322,1399,3322,1441,3276,1441
3205,1452,3216,1452,3216,1492,3205,1492
3225,1452,3236,1452,3236,1492,3225,1492
3231,1452,3267,1452,3267,1492,3231,1492
3273,1452,3324,1452,3324,1492,3273,1492
469,1442,532,1442,532,1505,469,1505
545,1442,563,1442,563,1505,545,1505
570,1442,640,1442,640,1505,570,1505
1142,1453,1155,1453,1155,1499,1142,1499
1209,1453,1376,1453,1376,1499,1209,1499
2036,1588,2046,1588,2046,1626,2036,1626
2056,1588,2066,1588,2066,1626,2056,1626
2067,1588,2110,1588,2110,1626,2067,1626
2613,1792,2752,1791,2752,1830,2613,1831
2768,1792,2933,1791,2933,1830,2768,1831
2949,1791,3061,1790,3061,1829,2949,1830
3072,1790,3082,1790,3082,1828,3072,1828
3196,1790,3223,1790,3223,1828,3196,1828
3228,1790,3238,1790,3238,1828,3228,1828
3237,1789,3271,1789,3271,1827,3237,1827
3280,1789,3330,1789,3330,1827,3280,1827
2613,1863,2725,1863,2725,1892,2613,1892
2739,1863,2747,1863,2747,1892,2739,1892
3213,1858,3222,1858,3222,1892,3213,1892
3231,1858,3240,1858,3240,1892,3231,1892
3239,1858,3270,1858,3270,1892,3239,1892
3280,1858,3330,1858,3330,1892,3280,1892
2680,2036,2685,2036,2685,2057,2680,2057
2686,2036,2691,2036,2691,2057,2686,2057
2658,2073,2701,2073,2701,2096,2658,2096
2749,2036,2809,2036,2809,2059,2749,2059
2751,2074,2810,2074,2810,2099,2751,2099
2820,2074,2865,2074,2865,2099,2820,2099
2875,2074,2915,2074,2915,2099,2875,2099
3050,2053,3054,2053,3060,2110,3057,2111
3092,2048,3096,2048,3102,2105,3099,2106
3180,2050,3219,2050,3219,2073,3180,2073
3219,2050,3225,2050,3225,2073,3219,2073
3226,2050,3284,2050,3284,2073,3226,2073
3179,2077,3247,2077,3247,2100,3179,2100
3251,2077,3281,2077,3281,2100,3251,2100
3296,2077,3302,2077,3302,2100,3296,2100
3312,2077,3318,2077,3318,2100,3312,2100
3322,2077,3328,2077,3328,2100,3322,2100
3332,2077,3344,2077,3344,2100,3332,2100
3356,2077,3362,2077,3362,2100,3356,2100
3179,2037,3219,2033,3225,2091,3186,2096
3212,2035,3228,2033,3234,2091,3219,2093
3229,2032,3289,2025,3295,2084,3236,2091
2671,2113,2699,2116,2697,2136,2669,2133
3081,2122,3118,2122,3118,2145,3081,2145
3178,2123,3254,2123,3254,2144,3178,2144
3264,2123,3300,2123,3300,2144,3264,2144
3305,2123,3376,2123,3376,2144,3305,2144
1404,2096,1434,2096,1434,2199,1404,2199
1607,2096,1646,2096,1646,2199,1607,2199
1815,2096,1854,2096,1854,2199,1815,2199
2019,2096,2078,2096,2078,2199,2019,2199
2749,2116,2788,2116,2788,2137,2749,2137
2798,2116,2857,2116,2857,2137,2798,2137
2749,2153,2792,2153,2792,2174,2749,2174
2797,2153,2854,2153,2854,2174,2797,2174
2224,2096,2417,2096,2417,2199,2224,2199
2676,2151,2697,2154,2695,2172,2674,2170
3074,2165,3082,2165,3082,2194,3074,2194
3182,2167,3233,2168,3233,2198,3182,2197
3240,2168,3307,2169,3306,2199,3240,2198
3181,2213,3242,2214,3242,2237,3181,2236
3254,2214,3327,2215,3327,2238,3254,2237
2751,2208,2797,2208,2797,2229,2751,2229
2808,2208,2813,2208,2813,2229,2808,2229
2817,2208,2822,2208,2822,2229,2817,2229
2820,2208,2846,2208,2846,2229,2820,2229
2856,2208,2913,2208,2913,2229,2856,2229
170,2289,218,2289,218,2312,170,2312
223,2289,244,2289,244,2312,223,2312
257,2289,380,2289,380,2312,257,2312
386,2289,416,2289,416,2312,386,2312
425,2289,596,2289,596,2312,425,2312
607,2289,733,2289,733,2312,607,2312
741,2289,766,2289,766,2312,741,2312
775,2289,819,2289,819,2312,775,2312
822,2289,828,2289,828,2312,822,2312
837,2289,849,2289,849,2312,837,2312
864,2289,937,2289,937,2312,864,2312
950,2289,971,2289,971,2312,950,2312
982,2289,1060,2289,1060,2312,982,2312
1072,2289,1085,2289,1085,2312,1072,2312
1099,2289,1204,2289,1204,2312,1099,2312
1218,2289,1224,2289,1224,2312,1218,2312
1228,2289,1234,2289,1234,2312,1228,2312
1235,2289,1241,2289,1241,2312,1235,2312
1253,2289,1343,2289,1343,2312,1253,2312
1353,2289,1389,2289,1389,2312,1353,2312
1395,2289,1542,2289,1542,2312,1395,2312
1549,2289,1600,2289,1600,2312,1549,2312
1607,2289,1647,2289,1647,2312,1607,2312
1655,2289,1734,2289,1734,2312,1655,2312
1741,2289,1767,2289,1767,2312,1741,2312
1779,2289,1906,2289,1906,2312,1779,2312
1918,2289,1939,2289,1939,2312,1918,2312
1955,2289,1961,2289,1961,2312,1955,2312
1965,2289,1971,2289,1971,2312,1965,2312
1969,2289,2099,2289,2099,2312,1969,2312
2106,2289,2112,2289,2112,2312,2106,2312
166,2317,208,2317,208,2346,166,2346
216,2317,329,2317,329,2346,216,2346
339,2317,385,2317,385,2346,339,2346
387,2317,395,2317,395,2346,387,2346
395,2317,487,2317,487,2346,395,2346
489,2317,497,2317,497,2346,489,2346
503,2317,578,2317,578,2346,503,2346
591,2317,607,2317,607,2346,591,2346
615,2317,623,2317,623,2346,615,2346
621,2317,629,2317,629,2346,621,2346
626,2317,778,2317,778,2346,626,2346
781,2317,818,2317,818,2346,781,2346
829,2317,967,2317,967,2346,829,2346
981,2317,1025,2317,1025,2346,981,2346
1034,2317,1103,2317,1103,2346,1034,2346
1116,2317,1124,2317,1124,2346,1116,2346
1136,2317,1171,2317,1171,2346,1136,2346
1182,2317,1266,2317,1266,2346,1182,2346
1266,2317,1274,2317,1274,2346,1266,2346
1286,2317,1339,2317,1339,2346,1286,2346
1346,2317,1475,2317,1475,2346,1346,2346
1489,2317,1516,2317,1516,2346,1489,2346
1522,2317,1591,2317,1591,2346,1522,2346
1604,2317,1643,2317,1643,2346,1604,2346
1652,2317,1727,2317,1727,2346,1652,2346
1739,2317,1777,2317,1777,2346,1739,2346
1788,2317,1804,2317,1804,2346,1788,2346
1815,2317,1846,2317,1846,2346,1815,2346
1857,2317,1948,2317,1948,2346,1857,2346
1959,2317,1988,2317,1988,2346,1959,2346
1996,2317,2078,2317,2078,2346,1996,2346
2091,2317,2099,2317,2099,2346,2091,2346
2100,2317,2108,2317,2108,2346,2100,2346
2108,2317,2236,2317,2236,2346,2108,2346
2241,2317,2249,2317,2249,2346,2241,2346
2614,2300,2676,2300,2676,2339,2614,2339
2690,2300,2701,2300,2701,2339,2690,2339
2733,2300,2762,2300,2762,2339,2733,2339
2774,2300,2886,2300,2886,2339,2774,2339
2901,2300,2966,2300,2966,2339,2901,2339
