3801,177,4449,177,4449,324,3801,324
3803,314,4442,314,4442,453,3803,453
2683,560,2687,560,2687,577,2683,577
2719,560,2723,560,2723,577,2719,577
2755,560,2759,560,2759,577,2755,577
2789,560,2793,560,2793,577,2789,577
2247,577,2247,583,2223,583,2223,577
2044,579,2048,580,2045,596,2042,596
2064,582,2068,583,2065,599,2062,599
2928,613,2928,619,2905,619,2905,613
2248,626,2248,622,2265,622,2265,626
2297,624,2333,624,2333,656,2297,656
2928,649,2928,655,2905,655,2905,649
2248,660,2248,656,2265,656,2265,660
2112,622,2125,621,2127,667,2114,668
2135,621,2148,620,2150,666,2137,667
2163,620,2176,619,2178,665,2165,666
2196,618,2209,617,2211,663,2198,664
2234,616,2247,615,2249,661,2236,662
2114,686,2122,686,2123,717,2115,717
2149,684,2157,684,2158,715,2150,715
2165,684,2173,684,2174,715,2166,715
2185,683,2193,683,2194,714,2186,714
2201,682,2209,682,2210,713,2202,713
2213,682,2221,682,2222,713,2214,713
2247,627,2247,633,2223,633,2223,627
2247,649,2247,655,2223,655,2223,649
2247,672,2247,678,2223,678,2223,672
2247,697,2247,703,2223,703,2223,697
2247,707,2247,713,2223,713,2223,707
2576,726,2585,615,2620,618,2611,729
4060,594,4517,594,4517,723,4060,723
2928,685,2928,691,2905,691,2905,685
1866,702,1871,702,1872,723,1867,723
1901,700,1906,700,1907,721,1902,721
1937,699,1942,699,1943,720,1938,720
1970,691,1978,691,1979,722,1971,722
2005,690,2013,690,2014,721,2006,721
2041,689,2049,689,2050,720,2042,720
2076,687,2084,687,2085,718,2077,718
2329,696,2333,696,2332,713,2328,713
1981,710,1981,714,1963,714,1963,710
2401,701,2405,701,2404,718,2400,718
2928,719,2928,725,2905,725,2905,719
1981,744,1981,748,1963,748,1963,744
2928,755,2928,761,2905,761,2905,755
1365,748,1539,835,1521,871,1347,784
1981,780,1981,784,1963,784,1963,780
2928,791,2928,797,2905,797,2905,791
1981,814,1981,818,1963,818,1963,814
4130,808,4214,808,4214,840,4130,840
4232,808,4273,808,4273,840,4232,840
4288,808,4472,808,4472,840,4288,840
2928,827,2928,833,2905,833,2905,827
2643,833,2643,836,2629,836,2629,833
1981,852,1981,856,1963,856,1963,852
1981,887,1981,891,1963,891,1963,887
818,929,818,871,843,871,843,929
2928,897,2928,903,2905,903,2905,897
2643,903,2643,906,2629,906,2629,903
2532,916,2532,913,2547,913,2547,916
1813,904,1872,911,1868,936,1810,929
1303,918,1303,922,1286,922,1286,918
1901,912,1905,912,1905,929,1901,929
1937,912,1941,912,1941,929,1937,929
1981,923,1981,927,1963,927,1963,923
822,906,838,906,838,964,822,964
894,906,988,906,988,964,894,964
1012,906,1066,906,1066,964,1012,964
1077,906,1202,906,1202,964,1077,964
2928,933,2928,939,2905,939,2905,933
2532,951,2532,948,2547,948,2547,951
1981,957,1981,961,1963,961,1963,957
2928,969,2928,975,2905,975,2905,969
2642,975,2642,979,2625,980,2625,976
1288,982,1288,987,1267,985,1267,980
2532,986,2532,983,2547,983,2547,986
1301,991,1301,995,1284,995,1284,991
1981,993,1981,997,1963,997,1963,993
994,995,997,995,997,1009,994,1009
1025,995,1028,995,1028,1009,1025,1009
2928,1005,2928,1011,2905,1011,2905,1005
2644,1011,2644,1015,2627,1016,2627,1012
928,1005,929,1005,933,1029,932,1029
1285,1018,1285,1023,1264,1021,1264,1016
2532,1021,2532,1018,2547,1018,2547,1021
1805,1029,1805,1025,1821,1026,1821,1030
1301,1027,1301,1031,1284,1031,1284,1027
1981,1027,1981,1031,1963,1031,1963,1027
2645,1045,2645,1049,2628,1050,2628,1046
1281,1054,1281,1059,1260,1057,1260,1052
1419,1029,1707,1029,1707,1075,1419,1075
1803,1064,1803,1060,1819,1061,1819,1065
1972,1052,1978,1052,1978,1075,1972,1075
2008,1052,2014,1052,2014,1075,2008,1075
2044,1051,2050,1051,2050,1074,2044,1074
2078,1051,2084,1051,2084,1074,2078,1074
2114,1051,2120,1051,2120,1074,2114,1074
2150,1051,2156,1051,2156,1074,2150,1074
1300,1062,1300,1066,1283,1066,1283,1062
2186,1050,2192,1050,2192,1073,2186,1073
2219,1050,2225,1050,2225,1073,2219,1073
2255,1050,2261,1050,2261,1073,2255,1073
2291,1050,2297,1050,2297,1073,2291,1073
2327,1049,2333,1049,2333,1072,2327,1072
2397,1049,2403,1049,2403,1072,2397,1072
2433,1049,2439,1049,2439,1072,2433,1072
2469,1049,2475,1049,2475,1072,2469,1072
2505,1048,2511,1048,2511,1071,2505,1071
3917,1041,4026,1041,4026,1079,3917,1079
4532,1040,4654,1040,4654,1074,4532,1074
2532,1066,2532,1063,2547,1063,2547,1066
2646,1083,2646,1087,2629,1088,2629,1084
2670,1075,2676,1075,2676,1099,2670,1099
2705,1075,2711,1075,2711,1099,2705,1099
2740,1074,2746,1074,2746,1098,2740,1098
2777,1074,2783,1074,2783,1098,2777,1098
2812,1073,2818,1073,2818,1097,2812,1097
2847,1073,2853,1073,2853,1097,2847,1097
2882,1073,2888,1073,2888,1097,2882,1097
1802,1100,1802,1096,1818,1097,1818,1101
1299,1098,1299,1102,1282,1102,1282,1098
1220,1098,1246,1075,1263,1093,1237,1117
1801,1126,1801,1122,1817,1123,1817,1127
1298,1152,1298,1156,1281,1156,1281,1152
1100,1144,1108,1144,1107,1173,1099,1173
1135,1146,1172,1148,1171,1177,1134,1175
1151,1159,1163,1148,1180,1167,1168,1178
1646,1195,1650,1195,1650,1212,1646,1212
1680,1195,1684,1195,1684,1212,1680,1212
1716,1194,1720,1194,1720,1211,1716,1211
1752,1194,1756,1194,1756,1211,1752,1211
2374,1202,2562,1202,2562,1256,2374,1256
2594,1202,2609,1202,2609,1256,2594,1256
2633,1202,2826,1202,2826,1256,2633,1256
4209,1241,4246,1241,4246,1270,4209,1270
4286,1241,4378,1241,4378,1270,4286,1270
2316,1338,2316,1285,2353,1285,2353,1338
4345,1304,4545,1304,4545,1344,4345,1344
4568,1304,4579,1304,4579,1344,4568,1344
4581,1304,4675,1304,4675,1344,4581,1344
1259,1417,1263,1417,1263,1434,1259,1434
1293,1417,1297,1417,1297,1434,1293,1434
1324,1417,1328,1417,1328,1434,1324,1434
1175,1476,1218,1476,1218,1519,1175,1519
1882,1476,1929,1476,1929,1523,1882,1523
2631,1480,2675,1480,2675,1515,2631,1515
1050,1574,1291,1574,1291,1632,1050,1632
1315,1574,1331,1574,1331,1632,1315,1632
1736,1577,1980,1577,1980,1625,1736,1625
2002,1577,2015,1577,2015,1625,2002,1625
815,1653,815,1605,848,1605,848,1653
2102,1653,2102,1604,2136,1604,2136,1653
1536,1651,1536,1646,1555,1646,1555,1651
1536,1687,1536,1682,1555,1682,1555,1687
1377,1677,1383,1675,1392,1698,1387,1700
1345,1690,1351,1688,1360,1711,1355,1713
1315,1703,1321,1701,1330,1724,1325,1726
1536,1721,1536,1716,1555,1716,1555,1721
1281,1717,1287,1715,1296,1738,1291,1740
1329,1753,1332,1753,1332,1768,1329,1768
1364,1752,1367,1752,1367,1767,1364,1767
1400,1751,1403,1751,1403,1766,1400,1766
1435,1750,1438,1750,1438,1765,1435,1765
1470,1749,1473,1749,1473,1764,1470,1764
1505,1748,1508,1748,1508,1763,1505,1763
963,1955,971,1955,970,1986,962,1986
1001,1956,1009,1956,1008,1987,1000,1987
1036,1957,1044,1957,1043,1988,1035,1988
1072,1958,1080,1958,1079,1989,1071,1989
1107,1959,1115,1959,1114,1990,1106,1990
1142,1961,1150,1961,1149,1992,1141,1992
1177,1962,1185,1962,1184,1993,1176,1993
1196,1962,1231,1963,1230,1994,1195,1993
1544,1954,1548,1950,1564,1967,1560,1971
3717,1547,3980,1547,3980,1632,3717,1632
4035,1547,4238,1547,4238,1632,4035,1632
4302,1547,4380,1547,4380,1632,4302,1632
4399,1547,4463,1547,4463,1632,4399,1632
4481,1547,4565,1547,4565,1632,4481,1632
4666,1547,4797,1547,4797,1632,4666,1632
3769,1669,3874,1669,3874,1743,3769,1743
3866,1669,3887,1669,3887,1743,3866,1743
3896,1669,3917,1669,3917,1743,3896,1743
4087,1664,4112,1664,4112,1750,4087,1750
4131,1664,4156,1664,4156,1750,4131,1750
4166,1664,4191,1664,4191,1750,4166,1750
4384,1665,4493,1663,4495,1740,4386,1742
4700,1659,4769,1658,4771,1734,4702,1735
4064,1795,4283,1792,4284,1865,4065,1868
4302,1791,4572,1787,4573,1860,4303,1864
3851,1882,4043,1882,4043,1936,3851,1936
4080,1882,4095,1882,4095,1936,4080,1936
4126,1882,4323,1882,4323,1936,4126,1936
4522,1885,4566,1885,4566,1933,4522,1933
4578,1885,4591,1885,4591,1933,4578,1933
4593,1885,4645,1885,4645,1933,4593,1933
4656,1885,4735,1885,4735,1933,4656,1933
3842,1959,4096,1959,4096,2007,3842,2007
4128,1959,4141,1959,4141,2007,4128,2007
4525,1959,4575,1959,4575,2005,4525,2005
4576,1959,4589,1959,4589,2005,4576,2005
4589,1959,4648,1959,4648,2005,4589,2005
4656,1959,4731,1959,4731,2005,4656,2005
3846,2033,4093,2033,4093,2077,3846,2077
4127,2033,4139,2033,4139,2077,4127,2077
4525,2029,4539,2029,4539,2079,4525,2079
4546,2029,4560,2029,4560,2079,4546,2079
4570,2029,4607,2029,4607,2079,4570,2079
4628,2029,4702,2029,4702,2079,4628,2079
3845,2103,3947,2103,3947,2149,3845,2149
3978,2103,4028,2103,4028,2149,3978,2149
4042,2103,4171,2103,4171,2149,4042,2149
4523,2102,4536,2102,4536,2149,4523,2149
4547,2102,4560,2102,4560,2149,4547,2149
4563,2102,4606,2102,4606,2149,4563,2149
4628,2102,4705,2102,4705,2149,4628,2149
3843,2170,4145,2170,4145,2232,3843,2232
4525,2172,4539,2172,4539,2221,4525,2221
4550,2172,4564,2172,4564,2221,4550,2221
4567,2172,4612,2172,4612,2221,4567,2221
4631,2172,4703,2172,4703,2221,4631,2221
3839,2242,3928,2242,3928,2296,3839,2296
4529,2247,4542,2247,4542,2293,4529,2293
4548,2247,4561,2247,4561,2293,4548,2293
4562,2247,4613,2247,4613,2293,4562,2293
4627,2247,4703,2247,4703,2293,4627,2293
4517,2314,4576,2314,4576,2368,4517,2368
4577,2314,4592,2314,4592,2368,4577,2368
4596,2314,4646,2314,4646,2368,4596,2368
4655,2314,4734,2314,4734,2368,4655,2368
1522,1976,1526,1972,1542,1989,1538,1993
2844,1960,2873,1960,2873,1992,2844,1992
2494,1984,2498,1984,2497,2001,2493,2001
2541,1988,2545,1988,2544,2005,2540,2005
2564,1990,2568,1990,2567,2007,2563,2007
2799,1990,2801,1990,2801,2000,2799,2000
2823,1990,2825,1990,2825,2000,2823,2000
1264,1996,1326,1996,1326,2039,1264,2039
2584,2012,2619,2012,2619,2033,2584,2033
2988,2125,3033,2125,3033,2165,2988,2165
3048,2125,3122,2125,3122,2165,3048,2165
1480,2360,1480,2318,1518,2318,1518,2360
1598,2154,1598,2571,1547,2571,1547,2154
2114,2318,2130,2318,2132,2375,2116,2376
2218,2314,2465,2307,2467,2365,2220,2373
3083,2270,3083,2332,3059,2332,3059,2270
3083,2342,3083,2348,3059,2348,3059,2342
3083,2352,3083,2397,3059,2397,3059,2352
3719,2482,3807,2482,3807,2518,3719,2518
3823,2482,3833,2482,3833,2518,3823,2518
3839,2482,3878,2482,3878,2518,3839,2518
3893,2482,3999,2482,3999,2518,3893,2518
4009,2482,4060,2482,4060,2518,4009,2518
4073,2482,4199,2482,4199,2518,4073,2518
4214,2482,4260,2482,4260,2518,4214,2518
4265,2482,4367,2482,4367,2518,4265,2518
4384,2482,4455,2482,4455,2518,4384,2518
4465,2482,4529,2482,4529,2518,4465,2518
4547,2482,4598,2482,4598,2518,4547,2518
4610,2482,4706,2482,4706,2518,4610,2518
4718,2482,4871,2482,4871,2518,4718,2518
3848,2545,4117,2545,4117,2591,3848,2591
4533,2533,4574,2533,4574,2607,4533,2607
4584,2533,4665,2533,4665,2607,4584,2607
3903,2746,4061,2750,4060,2782,3902,2778
3766,2818,3806,2818,3806,2854,3766,2854
3767,2854,3827,2855,3827,2891,3767,2890
3767,2894,3831,2895,3831,2929,3767,2928
3767,2937,3803,2935,3804,2960,3768,2962
3769,2973,3803,2973,3803,3004,3769,3004
3885,2818,3895,2818,3895,2854,3885,2854
3903,2818,3980,2818,3980,2854,3903,2854
3997,2818,4106,2818,4106,2854,3997,2854
3883,2855,3892,2855,3892,2890,3883,2890
3897,2855,4011,2856,4011,2892,3897,2891
4023,2856,4114,2857,4114,2893,4023,2892
4134,2857,4215,2858,4215,2894,4134,2893
3883,2895,3892,2895,3892,2929,3883,2929
3906,2895,4011,2896,4011,2931,3906,2930
4032,2896,4134,2897,4134,2932,4032,2931
4144,2897,4259,2898,4259,2932,4144,2931
3881,2938,3889,2938,3889,2969,3881,2969
3899,2938,3978,2938,3978,2969,3899,2969
3985,2938,4103,2938,4103,2969,3985,2969
3877,2972,3886,2972,3886,3006,3877,3006
3899,2972,4011,2972,4011,3006,3899,3006
4029,2972,4174,2972,4174,3006,4029,3006
3879,3010,3888,3010,3888,3045,3879,3045
3901,3010,4010,3010,4010,3045,3901,3045
4019,3010,4028,3010,4028,3045,4019,3045
4031,3010,4081,3010,4081,3045,4031,3045
4095,3010,4358,3010,4358,3045,4095,3045
3881,3050,3889,3050,3889,3081,3881,3081
3899,3050,3973,3051,3973,3083,3899,3082
3990,3052,4024,3052,4024,3083,3990,3083
4036,3052,4176,3054,4176,3086,4036,3084
3878,3088,3887,3088,3887,3122,3878,3122
3899,3088,3993,3088,3993,3122,3899,3122
4006,3088,4125,3088,4125,3122,4006,3122
3878,3128,3886,3128,3886,3160,3878,3160
3898,3128,3968,3128,3968,3160,3898,3160
3978,3128,3986,3128,3986,3160,3978,3160
3985,3128,4065,3128,4065,3160,3985,3160
3875,3164,3885,3164,3885,3200,3875,3200
3889,3164,3981,3164,3981,3200,3889,3200
3986,3164,3996,3164,3996,3200,3986,3200
3996,3164,4077,3164,4077,3200,3996,3200
3766,3014,3807,3011,3809,3042,3768,3045
3764,3046,3809,3046,3809,3086,3764,3086
3763,3090,3807,3081,3815,3120,3771,3129
2448,3058,2513,3058,2513,3093,2448,3093
2525,3058,2551,3058,2551,3093,2525,3093
2572,3057,2736,3056,2736,3092,2572,3093
2742,3057,2783,3057,2783,3092,2742,3092
2799,3056,3031,3055,3031,3091,2799,3092
3046,3055,3218,3054,3218,3090,3046,3091
3233,3055,3265,3055,3265,3090,3233,3090
3276,3055,3332,3055,3332,3090,3276,3090
3343,3055,3352,3055,3352,3090,3343,3090
3361,3055,3381,3055,3381,3090,3361,3090
3400,3054,3502,3054,3502,3089,3400,3089
3514,3054,3546,3054,3546,3089,3514,3089
2440,3096,2553,3096,2553,3128,2440,3128
2564,3096,2587,3096,2587,3128,2564,3128
2601,3096,2745,3096,2745,3128,2601,3128
2767,3096,2775,3096,2775,3128,2767,3128
2780,3096,2788,3096,2788,3128,2780,3128
2790,3096,2798,3096,2798,3128,2790,3128
2812,3096,2938,3096,2938,3128,2812,3128
2947,3096,2998,3096,2998,3128,2947,3128
3006,3096,3208,3096,3208,3128,3006,3128
3223,3096,3288,3096,3288,3128,3223,3128
3297,3096,3348,3096,3348,3128,3297,3128
3364,3096,3468,3096,3468,3128,3364,3128
3479,3096,3515,3096,3515,3128,3479,3128
2442,3134,2621,3134,2621,3166,2442,3166
2638,3134,2667,3134,2667,3166,2638,3166
2686,3134,2694,3134,2694,3166,2686,3166
2699,3134,2707,3134,2707,3166,2699,3166
2710,3134,2889,3134,2889,3166,2710,3166
2894,3134,2902,3134,2902,3166,2894,3166
2440,3174,2494,3174,2494,3205,2440,3205
2508,3174,2664,3174,2664,3205,2508,3205
2679,3174,2738,3174,2738,3205,2679,3205
2750,3174,2875,3174,2875,3205,2750,3205
2880,3174,2888,3174,2888,3205,2880,3205
2901,3174,3002,3174,3002,3205,2901,3205
3019,3174,3047,3174,3047,3205,3019,3205
3056,3174,3064,3174,3064,3205,3056,3205
3063,3174,3071,3174,3071,3205,3063,3205
3073,3174,3275,3174,3275,3205,3073,3205
3283,3174,3332,3174,3332,3205,3283,3205
3347,3174,3536,3174,3536,3205,3347,3205
2444,3210,2511,3210,2511,3242,2444,3242
2519,3210,2615,3210,2615,3242,2519,3242
2631,3210,2639,3210,2639,3242,2631,3242
2658,3210,2707,3210,2707,3242,2658,3242
2724,3210,2836,3210,2836,3242,2724,3242
2839,3210,2847,3210,2847,3242,2839,3242
2864,3210,2936,3210,2936,3242,2864,3242
2947,3210,3127,3210,3127,3242,2947,3242
3142,3210,3178,3210,3178,3242,3142,3242
3188,3210,3280,3210,3280,3242,3188,3242
3299,3210,3350,3210,3350,3242,3299,3242
3365,3210,3472,3210,3472,3242,3365,3242
3487,3210,3533,3210,3533,3242,3487,3242
3551,3210,3574,3210,3574,3242,3551,3242
2446,3250,2492,3250,2492,3285,2446,3285
2507,3249,2633,3248,2633,3284,2507,3285
2644,3248,2684,3248,2684,3284,2644,3284
2695,3248,2808,3247,2808,3283,2695,3284
2825,3247,2834,3247,2834,3282,2825,3282
2839,3247,2848,3247,2848,3282,2839,3282
2848,3247,3024,3246,3024,3282,2848,3283
3032,3246,3041,3246,3041,3281,3032,3281
3764,3122,3809,3122,3809,3162,3764,3162
3761,3164,3814,3164,3814,3200,3761,3200
4486,3152,4496,3152,4496,3189,4486,3189
4502,3152,4676,3152,4676,3189,4502,3189
4694,3152,4722,3152,4722,3189,4694,3189
4731,3152,4852,3152,4852,3189,4731,3189
4490,3220,4499,3220,4499,3254,4490,3254
4512,3220,4616,3220,4616,3254,4512,3254
4632,3220,4657,3220,4657,3254,4632,3254
4669,3220,4730,3220,4730,3254,4669,3254
4731,3220,4740,3220,4740,3254,4731,3254
4744,3220,4870,3220,4870,3254,4744,3254
4504,3252,4589,3252,4589,3288,4504,3288
4609,3252,4619,3252,4619,3288,4609,3288
4639,3252,4649,3252,4649,3288,4639,3288
4654,3252,4664,3252,4664,3288,4654,3288
4663,3252,4696,3252,4696,3288,4663,3288
4713,3252,4723,3252,4723,3288,4713,3288
3582,3373,3626,3373,3626,3407,3582,3407
3997,3362,4097,3362,4097,3408,3997,3408
4107,3362,4120,3362,4120,3408,4107,3408
4290,3363,4338,3363,4338,3407,4290,3407
4348,3363,4360,3363,4360,3407,4348,3407
4366,3363,4415,3363,4415,3407,4366,3407
4420,3363,4432,3363,4432,3407,4420,3407
4434,3363,4534,3363,4534,3407,4434,3407
