2717,165,3036,165,3036,239,2717,239
2717,233,3062,233,3062,302,2717,302
2807,389,3145,389,3145,485,2807,485
3170,389,3198,389,3198,485,3170,485
1699,530,1749,530,1749,553,1699,553
1754,530,1760,530,1760,553,1754,553
1760,530,1796,530,1796,553,1760,553
1356,586,1421,586,1421,618,1356,618
1421,586,1429,586,1429,618,1421,618
1430,586,1487,586,1487,618,1430,618
1117,717,1117,648,1141,648,1141,717
1117,647,1117,641,1141,641,1141,647
1117,639,1117,581,1141,581,1141,639
1554,717,1553,705,1592,701,1594,713
1551,692,1550,681,1590,677,1591,688
1550,680,1549,669,1589,665,1590,676
1548,667,1545,640,1586,636,1589,663
2795,697,2840,697,2840,707,2795,707
1173,749,1173,697,1204,697,1204,749
2784,727,2893,727,2893,746,2784,746
438,760,477,760,477,779,438,779
917,760,954,760,954,781,917,781
220,788,271,788,271,799,220,799
533,783,803,783,803,803,533,803
1024,789,1063,788,1063,802,1024,803
1094,784,1175,788,1174,803,1093,799
1433,783,1811,783,1811,802,1433,802
453,787,483,793,477,828,446,822
892,803,900,803,900,832,892,832
910,803,918,803,918,832,910,832
923,803,950,803,950,832,923,832
964,803,972,803,972,832,964,832
1291,809,1297,809,1298,834,1292,834
1306,808,1312,808,1313,833,1307,833
1324,808,1330,808,1331,833,1325,833
1347,807,1375,806,1376,831,1348,832
2241,883,2241,832,2272,832,2272,883
2241,831,2241,823,2272,823,2272,831
2241,822,2241,788,2272,788,2272,822
454,864,464,864,464,900,454,900
469,864,479,864,479,900,469,900
478,864,549,864,549,900,478,900
916,866,924,866,924,898,916,898
929,866,937,866,937,898,929,898
941,866,969,866,969,898,941,898
1457,874,1462,874,1461,893,1456,893
1473,875,1478,875,1477,894,1472,894
1482,875,1510,876,1509,895,1481,894
3065,861,3065,865,3048,864,3048,860
3065,875,3063,932,3045,931,3047,874
339,934,348,934,348,969,339,969
371,934,380,934,380,969,371,969
404,934,413,934,413,969,404,969
436,934,445,934,445,969,436,969
469,934,478,934,478,969,469,969
501,934,510,934,510,969,501,969
533,934,542,934,542,969,533,969
669,938,675,938,675,961,669,961
698,938,704,938,704,961,698,961
1793,1017,1793,1016,1801,1016,1801,1017
1793,1034,1793,1033,1801,1033,1801,1034
1793,1050,1793,1049,1801,1049,1801,1050
1793,1070,1793,1069,1801,1069,1801,1070
1793,1088,1793,1087,1801,1087,1801,1088
1793,1107,1793,1106,1801,1106,1801,1107
252,1086,275,1086,275,1144,252,1144
341,1086,473,1086,473,1144,341,1144
488,1086,504,1086,504,1144,488,1144
832,1095,971,1095,971,1136,832,1136
988,1095,999,1095,999,1136,988,1136
1048,1147,1048,1138,1082,1138,1082,1147
1048,1133,1048,1124,1082,1124,1082,1133
1048,1124,1048,1099,1082,1099,1082,1124
1296,1097,1392,1097,1392,1141,1296,1141
1402,1097,1414,1097,1414,1141,1402,1141
1417,1097,1529,1097,1529,1141,1417,1141
1982,1104,2106,1104,2106,1144,1982,1144
2179,1347,2179,1284,2212,1284,2212,1347
2179,1280,2179,1271,2212,1271,2212,1280
2179,1269,2179,1216,2212,1216,2212,1269
2659,1198,2781,1198,2781,1236,2659,1236
2695,1252,2705,1252,2705,1289,2695,1289
2718,1252,2728,1252,2728,1289,2718,1289
2737,1252,2747,1252,2747,1289,2737,1289
2910,1196,2960,1196,2960,1236,2910,1236
2964,1196,3009,1196,3009,1236,2964,1236
3024,1196,3064,1196,3064,1236,3024,1236
2957,1255,3009,1255,3009,1291,2957,1291
3139,1146,3193,1147,3192,1182,3138,1181
3207,1147,3244,1148,3243,1183,3206,1182
3252,1148,3371,1150,3370,1185,3251,1183
3216,1196,3296,1196,3296,1236,3216,1236
3245,1258,3274,1258,3274,1289,3245,1289
1548,1373,1548,1365,1580,1365,1580,1373
1548,1356,1548,1348,1580,1348,1580,1356
1548,1350,1548,1314,1580,1314,1580,1350
2650,1355,2741,1355,2741,1397,2650,1397
2746,1355,2757,1355,2757,1397,2746,1397
2771,1355,2870,1355,2870,1397,2771,1397
2642,1402,2832,1402,2832,1444,2642,1444
2841,1402,2852,1402,2852,1444,2841,1444
2854,1402,2877,1402,2877,1444,2854,1444
2891,1402,2993,1402,2993,1444,2891,1444
3010,1402,3049,1402,3049,1444,3010,1444
3051,1402,3062,1402,3062,1444,3051,1444
2648,1452,2775,1452,2775,1488,2648,1488
2794,1452,2804,1452,2804,1488,2794,1488
2647,1504,2775,1504,2775,1539,2647,1539
2790,1504,2799,1504,2799,1539,2790,1539
2646,1556,2711,1556,2711,1588,2646,1588
2725,1556,2761,1556,2761,1588,2725,1588
2768,1556,2821,1556,2821,1588,2768,1588
2641,1605,2693,1605,2693,1636,2641,1636
3194,1356,3222,1355,3223,1393,3195,1394
3227,1356,3237,1356,3238,1394,3228,1394
3242,1355,3263,1354,3264,1392,3243,1393
3275,1354,3325,1353,3326,1391,3276,1392
3210,1402,3220,1402,3220,1440,3210,1440
3226,1402,3236,1402,3236,1440,3226,1440
3237,1402,3264,1402,3264,1440,3237,1440
3276,1402,3324,1402,3324,1440,3276,1440
3195,1452,3225,1451,3226,1491,3196,1492
3225,1451,3236,1451,3237,1491,3226,1491
3236,1450,3266,1449,3267,1490,3237,1491
3272,1449,3324,1447,3325,1487,3273,1489
3211,1500,3222,1500,3222,1540,3211,1540
3228,1500,3239,1500,3239,1540,3228,1540
3239,1500,3269,1500,3269,1540,3239,1540
3275,1500,3327,1500,3327,1540,3275,1540
3209,1551,3220,1551,3220,1592,3209,1592
3226,1551,3237,1551,3237,1592,3226,1592
3237,1551,3267,1551,3267,1592,3237,1592
3273,1551,3327,1551,3327,1592,3273,1592
3213,1603,3223,1603,3224,1641,3214,1641
3224,1603,3234,1603,3235,1641,3225,1641
3238,1602,3266,1601,3267,1640,3239,1641
3277,1601,3325,1599,3326,1637,3278,1639
1339,1517,1342,1517,1342,1532,1339,1532
1366,1517,1369,1517,1369,1532,1366,1532
1399,1517,1402,1517,1402,1532,1399,1532
1431,1517,1434,1517,1434,1532,1431,1532
1463,1517,1466,1517,1466,1532,1463,1532
1495,1517,1498,1517,1498,1532,1495,1532
1529,1517,1532,1517,1532,1532,1529,1532
1561,1519,1564,1519,1564,1534,1561,1534
1592,1518,1595,1518,1595,1533,1592,1533
1625,1517,1628,1517,1628,1532,1625,1532
1723,1563,1723,1566,1708,1566,1708,1563
1725,1627,1725,1630,1710,1630,1710,1627
299,1694,299,1688,324,1688,324,1694
299,1678,299,1672,324,1672,324,1678
299,1673,299,1636,324,1636,324,1673
1726,1691,1726,1694,1711,1694,1711,1691
601,1698,649,1698,649,1735,601,1735
2243,1774,2243,1725,2270,1725,2270,1774
2243,1721,2243,1714,2270,1714,2270,1721
2243,1710,2243,1676,2270,1676,2270,1710
1883,1765,1929,1765,1929,1790,1883,1790
1325,1788,1333,1788,1333,1817,1325,1817
1370,1787,1412,1786,1412,1816,1370,1817
1601,1794,1641,1794,1641,1811,1601,1811
1598,1789,1598,1792,1584,1792,1584,1789
1598,1798,1598,1801,1584,1801,1584,1798
1598,1808,1598,1811,1584,1811,1584,1808
1598,1819,1598,1822,1584,1822,1584,1819
1598,1828,1598,1831,1584,1831,1584,1828
1598,1838,1598,1841,1584,1841,1584,1838
1598,1849,1598,1852,1584,1852,1584,1849
1598,1858,1598,1861,1584,1861,1584,1858
1974,1797,2041,1799,2040,1828,1973,1826
2043,1799,2051,1799,2050,1828,2042,1828
2052,1799,2106,1800,2105,1830,2051,1829
2613,1793,2752,1792,2752,1831,2613,1832
2768,1793,2933,1792,2933,1831,2768,1832
2949,1792,3061,1791,3061,1830,2949,1831
3072,1791,3082,1791,3082,1829,3072,1829
3196,1791,3223,1791,3223,1829,3196,1829
3228,1791,3238,1791,3238,1829,3228,1829
3242,1790,3270,1790,3270,1828,3242,1828
3280,1790,3330,1790,3330,1828,3280,1828
1420,1844,1443,1844,1443,1862,1420,1862
1461,1844,1465,1844,1465,1862,1461,1862
1480,1844,1522,1844,1522,1862,1480,1862
2613,1863,2725,1863,2725,1892,2613,1892
2739,1863,2747,1863,2747,1892,2739,1892
3200,1856,3227,1856,3227,1892,3200,1892
3231,1856,3241,1856,3241,1892,3231,1892
3241,1856,3267,1856,3267,1892,3241,1892
3281,1856,3328,1856,3328,1892,3281,1892
2680,2036,2685,2036,2685,2057,2680,2057
2686,2036,2691,2036,2691,2057,2686,2057
2658,2073,2701,2073,2701,2096,2658,2096
2749,2036,2809,2036,2809,2059,2749,2059
2751,2074,2810,2074,2810,2099,2751,2099
2820,2074,2865,2074,2865,2099,2820,2099
2875,2074,2915,2074,2915,2099,2875,2099
3178,2050,3219,2050,3219,2072,3178,2072
3222,2050,3227,2050,3227,2072,3222,2072
3225,2050,3283,2050,3283,2072,3225,2072
3179,2077,3247,2077,3247,2100,3179,2100
3251,2077,3281,2077,3281,2100,3251,2100
3296,2077,3302,2077,3302,2100,3296,2100
3312,2077,3318,2077,3318,2100,3312,2100
3322,2077,3328,2077,3328,2100,3322,2100
3332,2077,3344,2077,3344,2100,3332,2100
3356,2077,3362,2077,3362,2100,3356,2100
2671,2113,2699,2116,2697,2136,2669,2133
2749,2116,2788,2116,2788,2137,2749,2137
2798,2116,2857,2116,2857,2137,2798,2137
2749,2153,2792,2153,2792,2174,2749,2174
2797,2153,2854,2153,2854,2174,2797,2174
3081,2122,3118,2122,3118,2145,3081,2145
3178,2123,3254,2123,3254,2144,3178,2144
3264,2123,3300,2123,3300,2144,3264,2144
3305,2123,3376,2123,3376,2144,3305,2144
2676,2151,2697,2154,2695,2172,2674,2170
1646,2146,1660,2146,1660,2197,1646,2197
1802,2146,1831,2146,1831,2197,1802,2197
1963,2146,1992,2146,1992,2197,1963,2197
2138,2146,2156,2146,2156,2197,2138,2197
2296,2146,2325,2146,2325,2197,2296,2197
2463,2146,2491,2146,2491,2197,2463,2197
3074,2165,3082,2165,3082,2194,3074,2194
3182,2167,3233,2168,3233,2198,3182,2197
3240,2168,3307,2169,3306,2199,3240,2198
3181,2213,3242,2214,3242,2237,3181,2236
3254,2214,3327,2215,3327,2238,3254,2237
2751,2208,2797,2208,2797,2229,2751,2229
2808,2208,2813,2208,2813,2229,2808,2229
2817,2208,2822,2208,2822,2229,2817,2229
2820,2208,2846,2208,2846,2229,2820,2229
2856,2208,2913,2208,2913,2229,2856,2229
170,2289,218,2289,218,2312,170,2312
223,2289,244,2289,244,2312,223,2312
257,2289,380,2289,380,2312,257,2312
386,2289,416,2289,416,2312,386,2312
425,2289,596,2289,596,2312,425,2312
607,2289,733,2289,733,2312,607,2312
741,2289,766,2289,766,2312,741,2312
775,2289,819,2289,819,2312,775,2312
822,2289,828,2289,828,2312,822,2312
837,2289,849,2289,849,2312,837,2312
864,2289,937,2289,937,2312,864,2312
950,2289,971,2289,971,2312,950,2312
982,2289,1060,2289,1060,2312,982,2312
1072,2289,1085,2289,1085,2312,1072,2312
1099,2289,1204,2289,1204,2312,1099,2312
1218,2289,1224,2289,1224,2312,1218,2312
1228,2289,1234,2289,1234,2312,1228,2312
1235,2289,1241,2289,1241,2312,1235,2312
1253,2289,1343,2289,1343,2312,1253,2312
1353,2289,1389,2289,1389,2312,1353,2312
1395,2289,1542,2289,1542,2312,1395,2312
1549,2289,1600,2289,1600,2312,1549,2312
1607,2289,1647,2289,1647,2312,1607,2312
1655,2289,1734,2289,1734,2312,1655,2312
1741,2289,1767,2289,1767,2312,1741,2312
1779,2289,1906,2289,1906,2312,1779,2312
1918,2289,1939,2289,1939,2312,1918,2312
1955,2289,1961,2289,1961,2312,1955,2312
1965,2289,1971,2289,1971,2312,1965,2312
1969,2289,2099,2289,2099,2312,1969,2312
2106,2289,2112,2289,2112,2312,2106,2312
166,2317,208,2317,208,2346,166,2346
216,2317,329,2317,329,2346,216,2346
339,2317,385,2317,385,2346,339,2346
387,2317,395,2317,395,2346,387,2346
395,2317,487,2317,487,2346,395,2346
489,2317,497,2317,497,2346,489,2346
503,2317,578,2317,578,2346,503,2346
591,2317,607,2317,607,2346,591,2346
615,2317,623,2317,623,2346,615,2346
621,2317,629,2317,629,2346,621,2346
626,2317,778,2317,778,2346,626,2346
781,2317,818,2317,818,2346,781,2346
829,2317,967,2317,967,2346,829,2346
981,2317,1025,2317,1025,2346,981,2346
1034,2317,1103,2317,1103,2346,1034,2346
1116,2317,1124,2317,1124,2346,1116,2346
1136,2317,1171,2317,1171,2346,1136,2346
1182,2317,1266,2317,1266,2346,1182,2346
1266,2317,1274,2317,1274,2346,1266,2346
1286,2317,1339,2317,1339,2346,1286,2346
1346,2317,1475,2317,1475,2346,1346,2346
1489,2317,1516,2317,1516,2346,1489,2346
1522,2317,1591,2317,1591,2346,1522,2346
1604,2317,1643,2317,1643,2346,1604,2346
1652,2317,1727,2317,1727,2346,1652,2346
1739,2317,1777,2317,1777,2346,1739,2346
1788,2317,1804,2317,1804,2346,1788,2346
1815,2317,1846,2317,1846,2346,1815,2346
1857,2317,1948,2317,1948,2346,1857,2346
1959,2317,1988,2317,1988,2346,1959,2346
1996,2317,2078,2317,2078,2346,1996,2346
2091,2317,2099,2317,2099,2346,2091,2346
2100,2317,2108,2317,2108,2346,2100,2346
2108,2317,2236,2317,2236,2346,2108,2346
2241,2317,2249,2317,2249,2346,2241,2346
2614,2300,2676,2300,2676,2339,2614,2339
2690,2300,2701,2300,2701,2339,2690,2339
2733,2300,2762,2300,2762,2339,2733,2339
2774,2300,2886,2300,2886,2339,2774,2339
2901,2300,2966,2300,2966,2339,2901,2339
