2717,165,3036,165,3036,239,2717,239
2710,236,3062,236,3062,308,2710,308
560,272,562,272,559,283,557,283
893,275,1013,273,1013,288,893,290
1070,274,1185,274,1185,285,1070,285
1077,281,1188,278,1188,290,1077,293
269,248,459,248,459,350,269,350
482,248,693,248,693,350,482,350
770,248,936,248,936,350,770,350
967,248,1499,248,1499,350,967,350
1483,248,1678,248,1678,350,1483,350
1673,248,1851,248,1851,350,1673,350
1837,248,2018,248,2018,350,1837,350
2038,248,2263,248,2263,350,2038,350
2276,248,2424,248,2424,350,2276,350
1480,273,1583,275,1583,294,1480,292
1481,293,1487,293,1487,310,1481,310
1743,272,1801,272,1801,293,1743,293
1802,274,1891,274,1891,295,1802,295
1838,297,1925,297,1925,312,1838,312
2022,271,2053,273,2052,288,2021,286
2016,294,2151,298,2151,310,2016,306
1799,291,1826,292,1826,301,1799,300
1128,297,1129,297,1130,305,1129,305
1133,297,1134,297,1135,305,1134,305
1178,293,1179,293,1180,301,1179,301
864,291,952,295,951,311,863,307
887,317,936,320,935,332,886,329
1371,299,1371,302,1358,302,1358,299
2284,292,2373,290,2373,309,2284,311
903,335,963,331,963,339,903,343
982,345,1027,345,1027,362,982,362
309,481,309,418,317,418,317,481
2812,381,3154,381,3154,490,2812,490
2984,563,3080,563,3080,575,2984,575
3135,558,3176,571,3172,582,3131,569
977,567,1038,567,1038,596,977,596
2422,659,2424,599,2444,600,2442,660
2915,677,2918,677,2918,692,2915,692
3008,669,3071,669,3071,682,3008,682
2997,677,3000,677,3000,692,2997,692
3032,677,3103,677,3103,692,3032,692
2702,577,2704,835,2689,835,2687,577
2808,724,2871,724,2871,739,2808,739
2783,756,2846,760,2845,772,2782,768
2856,761,2877,762,2876,773,2855,772
2885,754,2906,754,2906,765,2885,765
2913,754,2973,754,2973,765,2913,765
1075,772,1107,772,1107,787,1075,787
1110,772,1113,772,1113,787,1110,787
1113,772,1135,772,1135,787,1113,787
2946,875,2945,848,2953,848,2954,875
3034,790,3034,1014,3009,1014,3009,790
3085,828,3084,908,3067,908,3068,828
3140,987,3140,834,3158,834,3158,987
1875,946,1907,944,1908,961,1876,963
2177,944,2207,944,2207,965,2177,965
3236,973,3236,956,3245,956,3245,973
3236,956,3236,955,3244,955,3244,956
1264,968,1431,968,1431,991,1264,991
1583,968,1785,968,1785,991,1583,991
1991,975,1998,974,2000,997,1993,998
2055,968,2141,961,2143,985,2057,992
1480,989,1496,989,1496,1004,1480,1004
1838,987,1844,986,1846,1009,1840,1010
1866,984,1888,982,1890,1006,1868,1008
2161,982,2239,987,2237,1011,2160,1006
3082,981,3082,998,3066,998,3066,981
3118,1027,3115,992,3123,991,3126,1026
834,1071,835,1042,854,1043,853,1072
835,1037,835,1033,853,1034,853,1038
835,1029,836,1009,855,1010,854,1030
2062,1099,2065,1099,2065,1114,2062,1114
1419,1112,1424,1112,1424,1133,1419,1133
1430,1112,1435,1112,1435,1133,1430,1133
1437,1112,1456,1112,1456,1133,1437,1133
2296,1100,2299,1100,2299,1114,2296,1114
1833,1112,1839,1112,1839,1135,1833,1135
1845,1112,1851,1112,1851,1135,1845,1135
1853,1112,1874,1112,1874,1135,1853,1135
2093,1098,2101,1098,2101,1130,2093,1130
2112,1098,2120,1098,2120,1130,2112,1130
2139,1098,2147,1098,2147,1130,2139,1130
2169,1098,2177,1098,2177,1130,2169,1130
2193,1098,2238,1098,2238,1130,2193,1130
307,1251,314,1208,337,1211,330,1255
959,1231,1056,1231,1056,1260,959,1260
1386,1228,1460,1228,1460,1260,1386,1260
1467,1228,1475,1228,1475,1260,1467,1260
1482,1228,1566,1228,1566,1260,1482,1260
1784,1216,1891,1216,1891,1267,1784,1267
1890,1216,1972,1216,1972,1267,1890,1267
3141,1148,3196,1148,3196,1185,3141,1185
3208,1148,3242,1148,3242,1185,3208,1185
3253,1148,3375,1148,3375,1185,3253,1185
3218,1196,3297,1196,3297,1239,3218,1239
3245,1253,3277,1253,3277,1288,3245,1288
2343,1260,2343,1255,2364,1255,2364,1260
2343,1249,2343,1244,2364,1244,2364,1249
2343,1243,2343,1220,2364,1220,2364,1243
2666,1196,2780,1196,2780,1239,2666,1239
2688,1252,2751,1252,2751,1289,2688,1289
2110,1226,2214,1226,2214,1264,2110,1264
2228,1226,2238,1226,2238,1264,2228,1264
2138,1279,2146,1279,2146,1308,2138,1308
2168,1278,2176,1278,2176,1307,2168,1307
2204,1278,2212,1278,2212,1307,2204,1307
2231,1277,2239,1277,2239,1306,2231,1306
2255,1277,2263,1277,2263,1306,2255,1306
2279,1276,2287,1276,2287,1305,2279,1305
2306,1276,2314,1276,2314,1305,2306,1305
2333,1275,2341,1275,2341,1304,2333,1304
2360,1275,2368,1275,2368,1304,2360,1304
2911,1196,2958,1196,2958,1239,2911,1239
2970,1196,3009,1196,3009,1239,2970,1239
3022,1196,3064,1196,3064,1239,3022,1239
2958,1256,3004,1256,3004,1288,2958,1288
1293,1427,1293,1422,1315,1422,1315,1427
1293,1413,1293,1408,1315,1408,1315,1413
1293,1406,1293,1386,1315,1386,1315,1406
2646,1342,2740,1342,2740,1378,2646,1378
2746,1342,2756,1342,2756,1378,2746,1378
2767,1342,2861,1342,2861,1378,2767,1378
2642,1380,2832,1380,2832,1420,2642,1420
2840,1380,2851,1380,2851,1420,2840,1420
2851,1380,2881,1380,2881,1420,2851,1420
2893,1380,2990,1380,2990,1420,2893,1420
3003,1380,3048,1380,3048,1420,3003,1420
3049,1380,3060,1380,3060,1420,3049,1420
2645,1419,2775,1419,2775,1451,2645,1451
2795,1419,2803,1419,2803,1451,2795,1451
2646,1454,2775,1454,2775,1488,2646,1488
2789,1454,2798,1454,2798,1488,2789,1488
2644,1492,2709,1492,2709,1524,2644,1524
2724,1492,2760,1492,2760,1524,2724,1524
2767,1492,2820,1492,2820,1524,2767,1524
2638,1532,2694,1532,2694,1555,2638,1555
3194,1342,3222,1342,3222,1373,3194,1373
3228,1342,3236,1342,3236,1373,3228,1373
3234,1342,3268,1342,3268,1373,3234,1373
3277,1342,3322,1342,3322,1373,3277,1373
3212,1378,3221,1378,3221,1412,3212,1412
3226,1378,3235,1378,3235,1412,3226,1412
3234,1378,3265,1378,3265,1412,3234,1412
3276,1378,3320,1378,3320,1412,3276,1412
3197,1414,3223,1414,3223,1449,3197,1449
3223,1414,3232,1414,3232,1449,3223,1449
3236,1414,3262,1414,3262,1449,3236,1449
3275,1414,3321,1414,3321,1449,3275,1449
3211,1452,3220,1452,3220,1486,3211,1486
3225,1452,3234,1452,3234,1486,3225,1486
3238,1452,3263,1452,3263,1486,3238,1486
3275,1452,3319,1452,3319,1486,3275,1486
3208,1490,3217,1490,3217,1524,3208,1524
3225,1490,3234,1490,3234,1524,3225,1524
3233,1490,3264,1490,3264,1524,3233,1524
3276,1490,3320,1490,3320,1524,3276,1524
3211,1525,3221,1525,3221,1563,3211,1563
3222,1525,3232,1525,3232,1563,3222,1563
3237,1525,3264,1525,3264,1563,3237,1563
3276,1525,3324,1525,3324,1563,3276,1563
1556,1530,1559,1530,1559,1544,1556,1544
834,1610,835,1579,853,1580,852,1611
835,1576,835,1572,852,1573,852,1577
835,1571,836,1549,854,1550,853,1572
2232,1558,2274,1558,2274,1591,2232,1591
2254,1602,2258,1602,2258,1620,2254,1620
1770,1724,1774,1630,1806,1631,1802,1725
1342,1740,1429,1744,1428,1767,1341,1763
1468,1746,1498,1747,1497,1770,1467,1769
1394,1787,1458,1781,1459,1800,1396,1806
1097,1795,1111,1795,1111,1821,1097,1821
1123,1795,1130,1795,1130,1821,1123,1821
2616,1792,2753,1792,2753,1826,2616,1826
2768,1792,2929,1792,2929,1826,2768,1826
2947,1792,3061,1792,3061,1826,2947,1826
3072,1792,3081,1792,3081,1826,3072,1826
849,1847,852,1847,852,1862,849,1862
881,1847,886,1847,886,1862,881,1862
1014,1847,1117,1847,1117,1862,1014,1862
3196,1793,3227,1793,3227,1835,3196,1835
3228,1793,3239,1793,3239,1835,3228,1835
3245,1793,3268,1793,3268,1835,3245,1835
3277,1793,3331,1793,3331,1835,3277,1835
3196,1858,3229,1858,3229,1894,3196,1894
3231,1858,3241,1858,3241,1894,3231,1894
3241,1858,3267,1858,3267,1894,3241,1894
3281,1858,3328,1858,3328,1894,3281,1894
3199,1913,3221,1913,3221,1953,3199,1953
3231,1913,3242,1913,3242,1953,3231,1953
3243,1913,3272,1913,3272,1953,3243,1953
3279,1913,3329,1913,3329,1953,3279,1953
540,1875,592,1875,592,1894,540,1894
2615,1861,2726,1861,2726,1892,2615,1892
2739,1861,2747,1861,2747,1892,2739,1892
2616,1917,2681,1917,2681,1948,2616,1948
2697,1917,2705,1917,2705,1948,2697,1948
2680,2036,2685,2036,2685,2057,2680,2057
2686,2036,2691,2036,2691,2057,2686,2057
2658,2073,2701,2073,2701,2096,2658,2096
2749,2036,2809,2036,2809,2059,2749,2059
2752,2074,2810,2074,2810,2099,2752,2099
2820,2074,2866,2074,2866,2099,2820,2099
2876,2074,2915,2074,2915,2099,2876,2099
3179,2050,3219,2050,3219,2073,3179,2073
3219,2050,3225,2050,3225,2073,3219,2073
3226,2050,3284,2050,3284,2073,3226,2073
3179,2077,3247,2077,3247,2100,3179,2100
3251,2077,3281,2077,3281,2100,3251,2100
3296,2077,3302,2077,3302,2100,3296,2100
3312,2077,3318,2077,3318,2100,3312,2100
3322,2077,3328,2077,3328,2100,3322,2100
3332,2077,3344,2077,3344,2100,3332,2100
3356,2077,3362,2077,3362,2100,3356,2100
2671,2113,2699,2116,2697,2136,2669,2133
2749,2116,2788,2116,2788,2137,2749,2137
2798,2116,2857,2116,2857,2137,2798,2137
2749,2153,2792,2153,2792,2174,2749,2174
2797,2153,2854,2153,2854,2174,2797,2174
3081,2122,3118,2122,3118,2145,3081,2145
3178,2123,3254,2123,3254,2144,3178,2144
3264,2123,3300,2123,3300,2144,3264,2144
3305,2123,3376,2123,3376,2144,3305,2144
2676,2151,2697,2154,2695,2172,2674,2170
1760,2162,1776,2162,1776,2220,1760,2220
1867,2162,1898,2162,1898,2220,1867,2220
1997,2162,2029,2162,2029,2220,1997,2220
2126,2162,2159,2162,2159,2220,2126,2220
2256,2162,2289,2162,2289,2220,2256,2220
2386,2162,2419,2162,2419,2220,2386,2220
2454,2162,2470,2162,2470,2220,2454,2220
3074,2165,3082,2165,3082,2194,3074,2194
3182,2167,3233,2168,3233,2198,3182,2197
3240,2168,3307,2169,3306,2199,3240,2198
3181,2213,3242,2214,3242,2237,3181,2236
3254,2214,3327,2215,3327,2238,3254,2237
2751,2208,2797,2208,2797,2229,2751,2229
2808,2208,2813,2208,2813,2229,2808,2229
2817,2208,2822,2208,2822,2229,2817,2229
2820,2208,2846,2208,2846,2229,2820,2229
2856,2208,2913,2208,2913,2229,2856,2229
170,2289,218,2289,218,2312,170,2312
223,2289,244,2289,244,2312,223,2312
257,2289,380,2289,380,2312,257,2312
386,2289,416,2289,416,2312,386,2312
425,2289,596,2289,596,2312,425,2312
607,2289,733,2289,733,2312,607,2312
741,2289,766,2289,766,2312,741,2312
775,2289,819,2289,819,2312,775,2312
822,2289,828,2289,828,2312,822,2312
837,2289,849,2289,849,2312,837,2312
864,2289,937,2289,937,2312,864,2312
950,2289,971,2289,971,2312,950,2312
982,2289,1060,2289,1060,2312,982,2312
1072,2289,1085,2289,1085,2312,1072,2312
1099,2289,1204,2289,1204,2312,1099,2312
1218,2289,1224,2289,1224,2312,1218,2312
1228,2289,1234,2289,1234,2312,1228,2312
1235,2289,1241,2289,1241,2312,1235,2312
1253,2289,1343,2289,1343,2312,1253,2312
1353,2289,1389,2289,1389,2312,1353,2312
1395,2289,1542,2289,1542,2312,1395,2312
1549,2289,1600,2289,1600,2312,1549,2312
1607,2289,1647,2289,1647,2312,1607,2312
1655,2289,1734,2289,1734,2312,1655,2312
1741,2289,1767,2289,1767,2312,1741,2312
1779,2289,1906,2289,1906,2312,1779,2312
1918,2289,1939,2289,1939,2312,1918,2312
1955,2289,1961,2289,1961,2312,1955,2312
1965,2289,1971,2289,1971,2312,1965,2312
1969,2289,2099,2289,2099,2312,1969,2312
2106,2289,2112,2289,2112,2312,2106,2312
166,2317,208,2317,208,2346,166,2346
216,2317,329,2317,329,2346,216,2346
339,2317,385,2317,385,2346,339,2346
387,2317,395,2317,395,2346,387,2346
395,2317,487,2317,487,2346,395,2346
489,2317,497,2317,497,2346,489,2346
503,2317,578,2317,578,2346,503,2346
591,2317,607,2317,607,2346,591,2346
615,2317,623,2317,623,2346,615,2346
621,2317,629,2317,629,2346,621,2346
626,2317,778,2317,778,2346,626,2346
781,2317,818,2317,818,2346,781,2346
829,2317,967,2317,967,2346,829,2346
981,2317,1025,2317,1025,2346,981,2346
1034,2317,1103,2317,1103,2346,1034,2346
1116,2317,1124,2317,1124,2346,1116,2346
1136,2317,1171,2317,1171,2346,1136,2346
1182,2317,1266,2317,1266,2346,1182,2346
1266,2317,1274,2317,1274,2346,1266,2346
1286,2317,1339,2317,1339,2346,1286,2346
1346,2317,1475,2317,1475,2346,1346,2346
1489,2317,1516,2317,1516,2346,1489,2346
1522,2317,1591,2317,1591,2346,1522,2346
1604,2317,1643,2317,1643,2346,1604,2346
1652,2317,1727,2317,1727,2346,1652,2346
1739,2317,1777,2317,1777,2346,1739,2346
1788,2317,1804,2317,1804,2346,1788,2346
1815,2317,1846,2317,1846,2346,1815,2346
1857,2317,1948,2317,1948,2346,1857,2346
1959,2317,1988,2317,1988,2346,1959,2346
1996,2317,2078,2317,2078,2346,1996,2346
2091,2317,2099,2317,2099,2346,2091,2346
2100,2317,2108,2317,2108,2346,2100,2346
2108,2317,2236,2317,2236,2346,2108,2346
2241,2317,2249,2317,2249,2346,2241,2346
2614,2300,2676,2300,2676,2339,2614,2339
2690,2300,2701,2300,2701,2339,2690,2339
2733,2300,2762,2300,2762,2339,2733,2339
2774,2300,2886,2300,2886,2339,2774,2339
2901,2300,2966,2300,2966,2339,2901,2339
