3801,177,4449,177,4449,324,3801,324
3803,314,4442,314,4442,453,3803,453
4060,594,4517,594,4517,723,4060,723
2750,766,2784,766,2784,803,2750,803
4130,808,4214,808,4214,840,4130,840
4232,808,4273,808,4273,840,4232,840
4288,808,4472,808,4472,840,4288,840
2031,902,2286,902,2286,956,2031,956
2836,1009,2839,963,2876,965,2873,1011
3812,1040,4098,1040,4098,1080,3812,1080
4209,1241,4246,1241,4246,1270,4209,1270
4286,1241,4378,1241,4378,1270,4286,1270
710,1321,716,1321,716,1344,710,1344
746,1321,752,1321,752,1344,746,1344
782,1320,788,1320,788,1343,782,1343
815,1319,821,1319,821,1342,815,1342
851,1319,857,1319,857,1342,851,1342
887,1318,893,1318,893,1341,887,1341
923,1317,929,1317,929,1340,923,1340
957,1317,963,1317,963,1340,957,1340
995,1316,1001,1316,1001,1339,995,1339
1089,1314,1148,1313,1148,1336,1089,1337
1223,1312,1229,1312,1229,1335,1223,1335
1178,1341,1215,1339,1216,1372,1179,1374
1301,1301,1305,1306,1286,1322,1282,1317
1319,1323,1323,1328,1304,1344,1300,1339
2344,1342,2346,1342,2346,1353,2344,1353
2368,1342,2370,1342,2370,1353,2368,1353
2392,1342,2394,1342,2394,1353,2392,1353
2417,1342,2419,1342,2419,1353,2417,1353
2438,1342,2440,1342,2440,1353,2438,1353
2462,1342,2464,1342,2464,1353,2462,1353
2486,1342,2488,1342,2488,1353,2486,1353
2509,1342,2511,1342,2511,1353,2509,1353
2627,1341,2630,1341,2630,1356,2627,1356
2651,1341,2654,1341,2654,1356,2651,1356
2675,1341,2678,1341,2678,1356,2675,1356
2699,1341,2702,1341,2702,1356,2699,1356
2722,1341,2725,1341,2725,1356,2722,1356
2746,1341,2749,1341,2749,1356,2746,1356
1341,1349,1345,1354,1326,1370,1322,1365
1365,1378,1369,1383,1350,1399,1346,1394
1051,1403,1051,1409,1028,1410,1028,1404
1052,1439,1052,1445,1029,1446,1029,1440
1053,1472,1053,1478,1030,1479,1030,1473
1054,1508,1054,1514,1031,1515,1031,1509
1055,1523,1055,1529,1032,1530,1032,1524
1146,1536,1150,1536,1150,1554,1146,1554
1182,1536,1186,1536,1186,1554,1182,1554
1218,1536,1222,1536,1221,1553,1217,1553
1254,1538,1258,1538,1257,1555,1253,1555
1315,1552,1315,1546,1338,1546,1338,1552
1314,1588,1314,1582,1337,1582,1337,1588
1314,1658,1314,1652,1337,1652,1337,1658
866,1653,1110,1653,1110,1701,866,1701
1137,1653,1150,1653,1150,1701,1137,1701
1563,1657,1804,1657,1804,1701,1563,1701
1833,1657,1845,1657,1845,1701,1833,1701
2289,1646,2470,1646,2470,1704,2289,1704
2500,1646,2516,1646,2516,1704,2500,1704
2549,1646,2734,1646,2734,1704,2549,1704
1313,1694,1313,1688,1336,1688,1336,1694
624,1741,624,1692,662,1692,662,1741
1948,1721,1948,1668,1982,1668,1982,1721
1313,1730,1313,1724,1336,1724,1336,1730
969,1735,1011,1735,1011,1772,969,1772
1695,1738,1739,1735,1741,1770,1697,1773
2483,1736,2530,1736,2530,1772,2483,1772
1312,1766,1312,1760,1335,1760,1335,1766
1312,1800,1312,1794,1335,1794,1335,1800
1312,1836,1312,1830,1335,1830,1335,1836
1042,1866,1046,1866,1046,1884,1042,1884
1076,1866,1080,1866,1080,1884,1076,1884
1112,1865,1116,1865,1116,1883,1112,1883
1147,1865,1151,1865,1151,1883,1147,1883
1183,1865,1187,1865,1187,1883,1183,1883
1219,1865,1223,1865,1223,1883,1219,1883
1253,1864,1257,1864,1257,1882,1253,1882
1289,1864,1293,1864,1293,1882,1289,1882
1323,1864,1327,1864,1327,1882,1323,1882
3717,1547,3980,1547,3980,1632,3717,1632
4035,1547,4238,1547,4238,1632,4035,1632
4302,1547,4380,1547,4380,1632,4302,1632
4399,1547,4463,1547,4463,1632,4399,1632
4481,1547,4565,1547,4565,1632,4481,1632
4666,1547,4797,1547,4797,1632,4666,1632
3775,1669,3881,1669,3881,1743,3775,1743
3870,1669,3891,1669,3891,1743,3870,1743
3892,1669,3913,1669,3913,1743,3892,1743
4088,1667,4111,1667,4111,1747,4088,1747
4137,1667,4160,1667,4160,1747,4137,1747
4078,1667,4096,1667,4096,1747,4078,1747
4359,1667,4496,1667,4496,1747,4359,1747
4709,1667,4769,1667,4769,1747,4709,1747
4067,1795,4286,1795,4286,1872,4067,1872
4308,1795,4568,1795,4568,1872,4308,1872
3847,1913,4043,1913,4043,1961,3847,1961
4077,1913,4090,1913,4090,1961,4077,1961
4119,1913,4324,1913,4324,1961,4119,1961
4524,1906,4569,1906,4569,1968,4524,1968
4576,1906,4593,1906,4593,1968,4576,1968
4593,1906,4638,1906,4638,1968,4593,1968
4655,1906,4735,1906,4735,1968,4655,1968
3840,1985,4095,1985,4095,2031,3840,2031
4130,1985,4143,1985,4143,2031,4130,2031
4530,1978,4575,1978,4575,2040,4530,2040
4576,1978,4593,1978,4593,2040,4576,2040
4593,1978,4638,1978,4638,2040,4593,2040
4655,1978,4735,1978,4735,2040,4655,2040
3842,2057,4096,2057,4096,2105,3842,2105
4123,2057,4136,2057,4136,2105,4123,2105
4522,2054,4537,2054,4537,2108,4522,2108
4550,2054,4565,2054,4565,2108,4550,2108
4572,2054,4602,2054,4602,2108,4572,2108
4628,2054,4707,2054,4707,2108,4628,2108
3847,2127,4050,2127,4050,2175,3847,2175
4522,2126,4537,2126,4537,2180,4522,2180
4550,2126,4565,2126,4565,2180,4550,2180
4563,2126,4613,2126,4613,2180,4563,2180
4628,2126,4707,2126,4707,2180,4628,2180
3842,2199,3952,2199,3952,2247,3842,2247
3976,2199,4028,2199,4028,2247,3976,2247
4044,2199,4172,2199,4172,2247,4044,2247
4522,2198,4537,2198,4537,2252,4522,2252
4550,2198,4565,2198,4565,2252,4550,2252
4565,2198,4605,2198,4605,2252,4565,2252
4628,2198,4707,2198,4707,2252,4628,2252
4529,2271,4542,2271,4542,2319,4529,2319
4549,2271,4562,2271,4562,2319,4549,2319
4568,2271,4603,2271,4603,2319,4568,2319
4626,2271,4705,2271,4705,2319,4626,2319
4517,2342,4567,2342,4567,2396,4517,2396
4576,2342,4591,2342,4591,2396,4576,2396
4592,2342,4652,2342,4652,2396,4592,2396
4662,2342,4731,2342,4731,2396,4662,2396
2835,2030,2835,1978,2875,1978,2875,2030
676,2073,683,2073,683,2100,676,2100
746,2073,753,2073,753,2100,746,2100
992,2073,999,2073,999,2100,992,2100
1159,2084,1177,2084,1177,2109,1159,2109
1211,2084,1217,2084,1217,2109,1211,2109
1248,2084,1254,2084,1254,2109,1248,2109
1284,2084,1290,2084,1290,2109,1284,2109
1318,2084,1324,2084,1324,2109,1318,2109
1354,2084,1358,2084,1358,2109,1354,2109
1461,2084,1467,2084,1467,2109,1461,2109
1495,2084,1501,2084,1501,2109,1495,2109
1531,2084,1537,2084,1537,2109,1531,2109
1567,2084,1573,2084,1573,2109,1567,2109
1601,2142,1601,2139,1615,2139,1615,2142
1601,2175,1601,2172,1615,2172,1615,2175
816,2179,864,2177,866,2224,818,2226
969,2171,1003,2169,1005,2216,971,2218
2027,2198,2031,2198,2031,2216,2027,2216
2063,2198,2067,2198,2067,2216,2063,2216
2098,2198,2102,2198,2102,2216,2098,2216
2134,2198,2138,2198,2138,2216,2134,2216
2170,2198,2174,2198,2174,2216,2170,2216
2204,2198,2208,2198,2208,2216,2204,2216
2240,2197,2244,2197,2244,2215,2240,2215
2276,2197,2280,2197,2280,2215,2276,2215
2310,2197,2314,2197,2314,2215,2310,2215
2347,2197,2351,2197,2351,2215,2347,2215
2381,2197,2385,2197,2385,2215,2381,2215
2417,2197,2421,2197,2421,2215,2417,2215
1383,2203,1389,2203,1389,2226,1383,2226
2453,2197,2457,2197,2457,2215,2453,2215
1419,2203,1425,2203,1425,2226,1419,2226
2489,2197,2493,2197,2493,2215,2489,2215
2523,2197,2527,2197,2527,2215,2523,2215
2559,2197,2563,2197,2563,2215,2559,2215
2593,2197,2597,2197,2597,2215,2593,2215
2630,2197,2634,2197,2634,2215,2630,2215
2702,2196,2706,2196,2706,2214,2702,2214
2666,2197,2670,2197,2670,2215,2666,2215
2736,2196,2740,2196,2740,2214,2736,2214
2772,2196,2776,2196,2776,2214,2772,2214
2806,2196,2810,2196,2810,2214,2806,2214
2842,2196,2846,2196,2846,2214,2842,2214
2878,2196,2882,2196,2882,2214,2878,2214
2913,2196,2917,2196,2917,2214,2913,2214
1347,2204,1353,2204,1353,2227,1347,2227
2003,2209,2003,2211,1991,2210,1991,2208
1206,2207,1212,2207,1212,2230,1206,2230
1242,2206,1248,2206,1248,2229,1242,2229
1278,2205,1284,2205,1284,2228,1278,2228
1314,2205,1320,2205,1320,2228,1314,2228
1677,2264,1677,2220,1708,2220,1708,2264
2001,2240,2001,2242,1989,2241,1989,2239
2000,2274,2000,2276,1988,2275,1988,2273
733,2278,836,2278,836,2336,733,2336
857,2278,911,2278,911,2336,857,2336
922,2278,1041,2278,1041,2336,922,2336
1230,2258,1419,2258,1419,2320,1230,2320
3830,2278,3923,2270,3927,2317,3834,2325
1998,2310,1998,2312,1986,2311,1986,2309
2891,2387,2891,2380,2918,2380,2918,2387
2891,2348,2891,2307,2918,2307,2918,2348
2920,2432,2920,2374,2954,2374,2954,2432
2920,2337,2920,2287,2954,2287,2954,2337
650,2484,650,2475,684,2474,684,2483
649,2449,649,2440,683,2439,683,2448
649,2414,649,2405,683,2404,683,2413
648,2384,648,2375,682,2374,682,2383
731,2441,727,2437,744,2420,748,2424
1015,2445,1015,2443,1024,2442,1024,2444
755,2465,751,2461,768,2444,772,2448
1255,2454,1298,2454,1298,2481,1255,2481
1879,2455,1912,2455,1912,2477,1879,2477
2455,2449,2508,2449,2508,2480,2455,2480
780,2490,776,2486,793,2469,797,2473
3719,2482,3806,2482,3806,2516,3719,2516
3823,2482,3832,2482,3832,2516,3823,2516
3840,2482,3878,2482,3878,2516,3840,2516
3892,2482,3994,2482,3994,2516,3892,2516
4013,2482,4061,2482,4061,2516,4013,2516
4072,2482,4198,2482,4198,2516,4072,2516
4211,2482,4260,2482,4260,2516,4211,2516
4269,2482,4369,2482,4369,2516,4269,2516
4384,2482,4455,2482,4455,2516,4384,2516
4464,2482,4528,2482,4528,2516,4464,2516
4544,2482,4597,2482,4597,2516,4544,2516
4608,2482,4707,2482,4707,2516,4608,2516
4716,2482,4870,2482,4870,2516,4716,2516
805,2515,801,2511,818,2494,822,2498
1878,2512,1919,2512,1919,2549,1878,2549
2312,2554,2316,2554,2316,2572,2312,2572
2348,2554,2352,2554,2352,2572,2348,2572
2383,2553,2387,2553,2387,2571,2383,2571
2289,2562,2289,2566,2271,2566,2271,2562
2421,2553,2425,2553,2425,2571,2421,2571
2453,2553,2457,2553,2457,2571,2453,2571
2525,2552,2529,2552,2529,2570,2525,2570
2489,2553,2493,2553,2493,2571,2489,2571
2561,2552,2565,2552,2565,2570,2561,2570
2596,2553,2600,2553,2600,2570,2596,2570
2630,2554,2634,2554,2634,2571,2630,2571
2666,2555,2670,2555,2670,2572,2666,2572
2844,2553,2848,2553,2848,2569,2844,2569
2878,2553,2882,2553,2882,2569,2878,2569
2771,2555,2774,2555,2774,2569,2771,2569
2716,2562,2716,2568,2692,2568,2692,2562
1507,2561,1599,2561,1599,2599,1507,2599
3846,2569,4114,2569,4114,2613,3846,2613
4528,2561,4576,2561,4576,2626,4528,2626
4589,2561,4660,2561,4660,2626,4589,2626
2290,2595,2290,2599,2272,2599,2272,2595
2457,2618,2498,2622,2496,2639,2455,2635
2410,2595,2425,2595,2425,2648,2410,2648
2463,2595,2503,2595,2503,2648,2463,2648
2556,2595,2571,2595,2571,2648,2556,2648
2603,2595,2740,2595,2740,2648,2603,2648
2290,2631,2290,2635,2272,2635,2272,2631
2198,2568,2198,2704,2178,2704,2178,2568
2242,2721,2242,2557,2265,2557,2265,2721
2242,2563,2242,2557,2265,2557,2265,2563
2291,2665,2291,2669,2273,2669,2273,2665
3903,2746,4061,2750,4060,2782,3902,2778
3766,2818,3806,2818,3806,2854,3766,2854
3767,2854,3827,2855,3827,2891,3767,2890
3767,2894,3831,2895,3831,2929,3767,2928
3767,2937,3803,2935,3804,2960,3768,2962
3769,2973,3803,2973,3803,3004,3769,3004
3885,2818,3895,2818,3895,2854,3885,2854
3903,2818,3980,2818,3980,2854,3903,2854
3997,2818,4106,2818,4106,2854,3997,2854
3883,2855,3892,2855,3892,2890,3883,2890
3897,2855,4011,2856,4011,2892,3897,2891
4023,2856,4114,2857,4114,2893,4023,2892
4134,2857,4215,2858,4215,2894,4134,2893
3883,2895,3892,2895,3892,2929,3883,2929
3906,2895,4011,2896,4011,2931,3906,2930
4032,2896,4134,2897,4134,2932,4032,2931
4144,2897,4259,2898,4259,2932,4144,2931
3881,2938,3889,2938,3889,2969,3881,2969
3899,2938,3978,2938,3978,2969,3899,2969
3985,2938,4103,2938,4103,2969,3985,2969
3877,2972,3886,2972,3886,3006,3877,3006
3899,2972,4011,2972,4011,3006,3899,3006
4029,2972,4174,2972,4174,3006,4029,3006
3879,3010,3888,3010,3888,3045,3879,3045
3901,3010,4015,3010,4015,3045,3901,3045
4019,3010,4028,3010,4028,3045,4019,3045
4031,3010,4081,3010,4081,3045,4031,3045
4095,3010,4364,3010,4364,3045,4095,3045
3881,3050,3889,3050,3889,3081,3881,3081
3899,3050,3973,3051,3973,3083,3899,3082
3990,3052,4024,3052,4024,3083,3990,3083
4036,3052,4176,3054,4176,3086,4036,3084
3878,3088,3887,3088,3887,3122,3878,3122
3899,3088,3993,3088,3993,3122,3899,3122
4006,3088,4125,3088,4125,3122,4006,3122
3878,3128,3886,3128,3886,3160,3878,3160
3898,3128,3968,3128,3968,3160,3898,3160
3978,3128,3986,3128,3986,3160,3978,3160
3985,3128,4065,3128,4065,3160,3985,3160
3875,3164,3885,3164,3885,3200,3875,3200
3889,3164,3981,3164,3981,3200,3889,3200
3986,3164,3996,3164,3996,3200,3986,3200
3996,3164,4077,3164,4077,3200,3996,3200
3766,3014,3807,3011,3809,3042,3768,3045
2448,3058,2513,3058,2513,3093,2448,3093
2525,3058,2551,3058,2551,3093,2525,3093
2572,3057,2736,3056,2736,3092,2572,3093
2742,3057,2783,3057,2783,3092,2742,3092
2799,3056,3031,3055,3031,3091,2799,3092
3046,3055,3218,3054,3218,3090,3046,3091
3233,3055,3265,3055,3265,3090,3233,3090
3276,3055,3332,3055,3332,3090,3276,3090
3343,3055,3352,3055,3352,3090,3343,3090
3361,3055,3381,3055,3381,3090,3361,3090
3400,3054,3502,3054,3502,3089,3400,3089
3514,3054,3546,3054,3546,3089,3514,3089
2440,3096,2553,3096,2553,3128,2440,3128
2564,3096,2587,3096,2587,3128,2564,3128
2601,3096,2745,3096,2745,3128,2601,3128
2767,3096,2775,3096,2775,3128,2767,3128
2780,3096,2788,3096,2788,3128,2780,3128
2790,3096,2798,3096,2798,3128,2790,3128
2812,3096,2938,3096,2938,3128,2812,3128
2947,3096,2998,3096,2998,3128,2947,3128
3006,3096,3208,3096,3208,3128,3006,3128
3223,3096,3288,3096,3288,3128,3223,3128
3297,3096,3348,3096,3348,3128,3297,3128
3364,3096,3468,3096,3468,3128,3364,3128
3479,3096,3515,3096,3515,3128,3479,3128
2442,3134,2621,3134,2621,3166,2442,3166
2638,3134,2667,3134,2667,3166,2638,3166
2686,3134,2694,3134,2694,3166,2686,3166
2699,3134,2707,3134,2707,3166,2699,3166
2710,3134,2889,3134,2889,3166,2710,3166
2894,3134,2902,3134,2902,3166,2894,3166
2440,3174,2494,3174,2494,3205,2440,3205
2508,3174,2664,3174,2664,3205,2508,3205
2679,3174,2738,3174,2738,3205,2679,3205
2750,3174,2875,3174,2875,3205,2750,3205
2880,3174,2888,3174,2888,3205,2880,3205
2901,3174,3002,3174,3002,3205,2901,3205
3019,3174,3047,3174,3047,3205,3019,3205
3056,3174,3064,3174,3064,3205,3056,3205
3063,3174,3071,3174,3071,3205,3063,3205
3073,3174,3275,3174,3275,3205,3073,3205
3283,3174,3332,3174,3332,3205,3283,3205
3347,3174,3536,3174,3536,3205,3347,3205
2444,3210,2511,3210,2511,3242,2444,3242
2519,3210,2615,3210,2615,3242,2519,3242
2631,3210,2639,3210,2639,3242,2631,3242
2658,3210,2707,3210,2707,3242,2658,3242
2724,3210,2836,3210,2836,3242,2724,3242
2839,3210,2847,3210,2847,3242,2839,3242
2864,3210,2936,3210,2936,3242,2864,3242
2947,3210,3127,3210,3127,3242,2947,3242
3142,3210,3178,3210,3178,3242,3142,3242
3188,3210,3280,3210,3280,3242,3188,3242
3299,3210,3350,3210,3350,3242,3299,3242
3365,3210,3472,3210,3472,3242,3365,3242
3487,3210,3533,3210,3533,3242,3487,3242
3551,3210,3574,3210,3574,3242,3551,3242
2446,3250,2492,3250,2492,3285,2446,3285
2507,3249,2633,3248,2633,3284,2507,3285
2644,3248,2684,3248,2684,3284,2644,3284
2695,3248,2808,3247,2808,3283,2695,3284
2825,3247,2834,3247,2834,3282,2825,3282
2839,3247,2848,3247,2848,3282,2839,3282
2848,3247,3024,3246,3024,3282,2848,3283
3032,3246,3041,3246,3041,3281,3032,3281
3764,3046,3809,3046,3809,3086,3764,3086
3766,3084,3811,3084,3811,3124,3766,3124
3764,3122,3809,3122,3809,3162,3764,3162
3761,3164,3814,3164,3814,3200,3761,3200
4489,3158,4498,3158,4498,3191,4489,3191
4503,3158,4682,3158,4682,3191,4503,3191
4695,3158,4720,3158,4720,3191,4695,3191
4731,3158,4854,3158,4854,3191,4731,3191
4491,3222,4501,3222,4501,3260,4491,3260
4513,3222,4621,3222,4621,3260,4513,3260
4634,3222,4663,3222,4663,3260,4634,3260
4671,3222,4730,3222,4730,3260,4671,3260
4732,3222,4742,3222,4742,3260,4732,3260
4743,3222,4870,3222,4870,3260,4743,3260
4507,3254,4589,3255,4588,3291,4506,3290
4613,3256,4622,3256,4621,3291,4612,3291
4642,3257,4651,3257,4650,3292,4641,3292
4657,3257,4666,3257,4665,3292,4656,3292
4666,3257,4695,3257,4694,3292,4665,3292
4714,3258,4723,3258,4722,3293,4713,3293
3582,3373,3626,3373,3626,3407,3582,3407
3997,3362,4097,3362,4097,3408,3997,3408
4107,3362,4120,3362,4120,3408,4107,3408
4290,3363,4338,3363,4338,3407,4290,3407
4348,3363,4360,3363,4360,3407,4348,3407
4366,3363,4415,3363,4415,3407,4366,3407
4420,3363,4432,3363,4432,3407,4420,3407
4434,3363,4534,3363,4534,3407,4434,3407
