2717,165,3036,165,3036,239,2717,239
2710,236,3062,236,3062,308,2710,308
486,356,544,356,544,388,486,388
545,356,553,356,553,388,545,388
554,356,595,356,595,388,554,388
473,412,546,412,546,448,473,448
546,412,556,412,556,448,546,448
558,412,620,412,620,448,558,448
1009,414,1081,414,1081,452,1009,452
1081,414,1091,414,1091,452,1081,452
1090,414,1150,414,1150,452,1090,452
2807,389,3145,389,3145,485,2807,485
3170,389,3198,389,3198,485,3170,485
940,530,940,520,977,520,977,530
940,518,940,508,977,508,977,518
940,505,940,471,977,471,977,505
1485,561,1485,487,1515,487,1515,561
1485,484,1485,476,1515,476,1515,484
1485,476,1485,416,1515,416,1515,476
1368,566,1391,563,1393,580,1370,583
1403,563,1407,563,1409,579,1405,580
1187,595,1211,595,1211,616,1187,616
1725,594,1768,592,1769,614,1726,616
2137,595,2179,595,2179,616,2137,616
1632,644,1642,644,1642,680,1632,680
1676,644,1686,644,1686,680,1676,680
1695,644,1705,644,1705,680,1695,680
1717,644,1727,644,1727,680,1717,680
1734,644,1779,644,1779,680,1734,680
2114,649,2171,650,2170,680,2113,679
2194,651,2202,651,2201,680,2193,680
2215,651,2223,651,2222,680,2214,680
2233,652,2241,652,2240,681,2232,681
2816,667,3145,656,3146,679,2817,690
2785,727,2892,727,2892,746,2785,746
2901,721,3030,723,3030,740,2901,738
1984,800,1990,800,1990,823,1984,823
2015,800,2021,800,2021,823,2015,823
2049,801,2055,801,2055,824,2049,824
2085,801,2091,801,2091,824,2085,824
2263,803,2269,803,2269,826,2263,826
2299,803,2305,803,2305,826,2299,826
2159,802,2165,802,2165,825,2159,825
2195,802,2201,802,2201,825,2195,825
2229,803,2235,803,2235,826,2229,826
2167,819,2173,819,2172,842,2166,842
2195,820,2221,821,2220,844,2194,843
2332,804,2338,804,2338,827,2332,827
2368,804,2374,804,2374,827,2368,827
520,820,526,820,526,844,520,844
535,820,541,820,541,844,535,844
544,820,575,820,575,844,544,844
1103,818,1111,818,1109,847,1101,847
1118,819,1126,819,1124,848,1116,848
1131,820,1158,822,1156,851,1129,849
1669,817,1677,817,1677,848,1669,848
1685,817,1693,817,1693,848,1685,848
1696,817,1724,817,1724,848,1696,848
3042,830,3043,875,3027,875,3026,830
813,871,814,876,793,879,792,874
816,888,817,893,796,896,795,891
822,928,823,933,802,936,801,931
826,947,827,952,806,955,805,950
3078,946,3078,943,3092,944,3092,947
477,977,614,977,614,1021,477,1021
1054,976,1157,976,1157,1023,1054,1023
1167,976,1180,976,1180,1023,1167,1023
1188,976,1301,976,1301,1023,1188,1023
1599,977,1747,977,1747,1021,1599,1021
1761,977,1773,977,1773,1021,1761,1021
1816,1018,1817,1009,1851,1011,1851,1020
1817,1003,1818,994,1852,996,1852,1005
1817,995,1819,963,1855,965,1853,997
2047,961,2188,961,2188,1030,2047,1030
2207,961,2227,961,2227,1030,2207,1030
2361,961,2395,961,2395,1030,2361,1030
2013,1053,2016,1053,2016,1068,2013,1068
2046,1053,2049,1053,2049,1068,2046,1068
2087,1048,2095,1048,2094,1077,2086,1077
2141,1049,2149,1049,2148,1078,2140,1078
2177,1050,2185,1050,2184,1079,2176,1079
2213,1051,2221,1051,2220,1080,2212,1080
2278,1052,2283,1052,2283,1073,2278,1073
801,1071,801,1070,809,1070,809,1071
801,1090,801,1089,809,1089,809,1090
801,1109,801,1108,809,1108,809,1109
801,1129,801,1128,809,1128,809,1129
369,1203,369,1134,411,1134,411,1203
369,1131,369,1120,411,1120,411,1131
369,1116,369,1060,411,1060,411,1116
801,1148,801,1147,809,1147,809,1148
801,1168,801,1167,809,1167,809,1168
801,1183,801,1182,809,1182,809,1183
935,1232,935,1223,970,1222,970,1231
935,1220,934,1188,969,1187,970,1219
940,1248,940,1240,969,1241,969,1249
941,1230,941,1222,970,1223,970,1231
941,1221,942,1189,971,1190,970,1222
2661,1198,2777,1198,2777,1236,2661,1236
2692,1254,2700,1254,2700,1286,2692,1286
2718,1254,2726,1254,2726,1286,2718,1286
2738,1254,2746,1254,2746,1286,2738,1286
2910,1196,2960,1196,2960,1236,2910,1236
2964,1196,3009,1196,3009,1236,2964,1236
3024,1196,3064,1196,3064,1236,3024,1236
2961,1254,3004,1254,3004,1292,2961,1292
3139,1146,3193,1147,3192,1182,3138,1181
3207,1147,3244,1148,3243,1183,3206,1182
3252,1148,3371,1150,3370,1185,3251,1183
3124,1195,3135,1195,3135,1237,3124,1237
3222,1195,3293,1195,3293,1237,3222,1237
3242,1254,3273,1254,3273,1288,3242,1288
938,1308,937,1289,972,1288,973,1307
309,1428,309,1376,340,1376,340,1428
309,1373,309,1365,340,1365,340,1373
309,1364,309,1324,340,1324,340,1364
944,1463,943,1444,978,1443,979,1462
2381,1439,2384,1574,2355,1575,2352,1440
2385,1591,2385,1599,2356,1600,2356,1592
2646,1342,2740,1342,2740,1378,2646,1378
2746,1342,2756,1342,2756,1378,2746,1378
2767,1342,2861,1342,2861,1378,2767,1378
2642,1381,2835,1381,2835,1419,2642,1419
2842,1381,2852,1381,2852,1419,2842,1419
2852,1381,2881,1381,2881,1419,2852,1419
2891,1381,2994,1381,2994,1419,2891,1419
3005,1381,3048,1381,3048,1419,3005,1419
3052,1381,3062,1381,3062,1419,3052,1419
2645,1419,2775,1419,2775,1451,2645,1451
2795,1419,2803,1419,2803,1451,2795,1451
2646,1454,2775,1454,2775,1488,2646,1488
2789,1454,2798,1454,2798,1488,2789,1488
2644,1492,2709,1492,2709,1524,2644,1524
2724,1492,2760,1492,2760,1524,2724,1524
2767,1492,2820,1492,2820,1524,2767,1524
2638,1532,2694,1532,2694,1555,2638,1555
3194,1342,3222,1342,3222,1373,3194,1373
3228,1342,3236,1342,3236,1373,3228,1373
3234,1342,3268,1342,3268,1373,3234,1373
3277,1342,3322,1342,3322,1373,3277,1373
3212,1378,3220,1378,3220,1409,3212,1409
3225,1378,3233,1378,3233,1409,3225,1409
3236,1378,3264,1378,3264,1409,3236,1409
3272,1378,3323,1378,3323,1409,3272,1409
3197,1414,3223,1414,3223,1449,3197,1449
3223,1414,3232,1414,3232,1449,3223,1449
3236,1414,3262,1414,3262,1449,3236,1449
3275,1414,3321,1414,3321,1449,3275,1449
3211,1452,3220,1452,3220,1486,3211,1486
3225,1452,3234,1452,3234,1486,3225,1486
3238,1452,3263,1452,3263,1486,3238,1486
3275,1452,3319,1452,3319,1486,3275,1486
3208,1490,3217,1490,3217,1524,3208,1524
3225,1490,3234,1490,3234,1524,3225,1524
3233,1490,3264,1490,3264,1524,3233,1524
3276,1490,3320,1490,3320,1524,3276,1524
3211,1525,3221,1525,3221,1563,3211,1563
3222,1525,3232,1525,3232,1563,3222,1563
3237,1525,3264,1525,3264,1563,3237,1563
3276,1525,3324,1525,3324,1563,3276,1563
1354,1541,1354,1535,1379,1535,1379,1541
1354,1575,1354,1569,1379,1569,1379,1575
1405,1596,1405,1600,1388,1600,1388,1596
2296,1646,2296,1634,2330,1633,2330,1645
2295,1620,2295,1611,2329,1610,2329,1619
2294,1603,2294,1594,2328,1593,2328,1602
2294,1591,2293,1560,2327,1559,2328,1590
1354,1611,1354,1605,1379,1605,1379,1611
2010,1608,2054,1608,2054,1642,2010,1642
2219,1606,2228,1605,2231,1639,2222,1640
2237,1605,2246,1604,2249,1638,2240,1639
2249,1603,2280,1601,2283,1635,2252,1637
1405,1632,1405,1636,1388,1636,1388,1632
1354,1642,1354,1636,1379,1636,1379,1642
1226,1659,1234,1659,1234,1688,1226,1688
1256,1659,1264,1659,1264,1688,1256,1688
1283,1659,1291,1659,1291,1688,1283,1688
1261,1689,1267,1689,1266,1713,1260,1713
1035,1689,1035,1693,1017,1693,1017,1689
1141,1683,1147,1683,1146,1707,1140,1707
1153,1684,1159,1684,1158,1708,1152,1708
1169,1684,1211,1686,1210,1711,1168,1709
1036,1716,1036,1720,1018,1720,1018,1716
308,1799,308,1747,342,1747,342,1799
308,1742,308,1733,342,1733,342,1742
308,1731,308,1693,342,1693,342,1731
966,1683,966,1687,949,1688,949,1684
967,1694,967,1698,950,1699,950,1695
967,1705,967,1709,950,1710,950,1706
967,1715,967,1719,950,1720,950,1716
967,1726,967,1730,950,1731,950,1727
968,1735,968,1739,951,1740,951,1736
968,1746,968,1750,951,1751,951,1747
968,1752,969,1784,952,1784,951,1753
973,1816,973,1664,986,1664,986,1816
1037,1750,1037,1754,1019,1754,1019,1750
1024,1744,1027,1744,1026,1758,1023,1758
1051,1745,1054,1745,1053,1759,1050,1759
1068,1746,1097,1747,1096,1761,1067,1760
666,1754,686,1754,686,1789,666,1789
698,1754,707,1754,707,1789,698,1789
477,1787,547,1789,546,1819,476,1817
548,1789,556,1789,555,1818,547,1818
558,1789,619,1791,618,1821,557,1819
732,1781,736,1781,736,1810,732,1810
837,1780,842,1780,842,1809,837,1809
868,1779,1394,1774,1394,1804,868,1809
2613,1790,2754,1791,2754,1827,2613,1826
2766,1790,2929,1791,2929,1827,2766,1826
2948,1791,3059,1792,3059,1828,2948,1827
3073,1793,3082,1793,3082,1828,3073,1828
3193,1793,3225,1793,3225,1828,3193,1828
3227,1793,3236,1793,3236,1828,3227,1828
3244,1794,3270,1794,3270,1829,3244,1829
3278,1794,3329,1794,3329,1829,3278,1829
418,1849,475,1849,475,1873,418,1873
478,1849,484,1849,484,1873,478,1873
488,1849,526,1849,526,1873,488,1873
2613,1863,2725,1863,2725,1892,2613,1892
2739,1863,2747,1863,2747,1892,2739,1892
3201,1855,3226,1856,3225,1890,3200,1889
3234,1856,3243,1856,3242,1890,3233,1890
3242,1855,3273,1856,3272,1891,3241,1890
3280,1857,3330,1858,3329,1892,3279,1891
2680,2036,2685,2036,2685,2057,2680,2057
2686,2036,2691,2036,2691,2057,2686,2057
2658,2073,2701,2073,2701,2096,2658,2096
2749,2036,2809,2036,2809,2059,2749,2059
2751,2074,2810,2074,2810,2099,2751,2099
2820,2074,2865,2074,2865,2099,2820,2099
2875,2074,2915,2074,2915,2099,2875,2099
3178,2050,3219,2050,3219,2072,3178,2072
3222,2050,3227,2050,3227,2072,3222,2072
3225,2050,3283,2050,3283,2072,3225,2072
3179,2077,3247,2077,3247,2100,3179,2100
3251,2077,3281,2077,3281,2100,3251,2100
3296,2077,3302,2077,3302,2100,3296,2100
3312,2077,3318,2077,3318,2100,3312,2100
3322,2077,3328,2077,3328,2100,3322,2100
3332,2077,3344,2077,3344,2100,3332,2100
3356,2077,3362,2077,3362,2100,3356,2100
2671,2113,2699,2116,2697,2136,2669,2133
3081,2122,3118,2122,3118,2145,3081,2145
3177,2122,3255,2122,3255,2145,3177,2145
3263,2122,3299,2122,3299,2145,3263,2145
3306,2122,3378,2122,3378,2145,3306,2145
1587,2124,1607,2124,1607,2196,1587,2196
1759,2124,1786,2124,1786,2196,1759,2196
1926,2124,1961,2124,1961,2196,1926,2196
2109,2124,2136,2124,2136,2196,2109,2196
2749,2116,2788,2116,2788,2137,2749,2137
2798,2116,2857,2116,2857,2137,2798,2137
2749,2153,2792,2153,2792,2174,2749,2174
2797,2153,2854,2153,2854,2174,2797,2174
2281,2124,2320,2124,2320,2196,2281,2196
2456,2124,2496,2124,2496,2196,2456,2196
2676,2151,2697,2154,2695,2172,2674,2170
3074,2165,3082,2165,3082,2194,3074,2194
3182,2167,3233,2168,3233,2198,3182,2197
3240,2168,3307,2169,3306,2199,3240,2198
3181,2213,3242,2214,3242,2237,3181,2236
3254,2214,3327,2215,3327,2238,3254,2237
2751,2208,2797,2208,2797,2229,2751,2229
2808,2208,2813,2208,2813,2229,2808,2229
2817,2208,2822,2208,2822,2229,2817,2229
2820,2208,2846,2208,2846,2229,2820,2229
2856,2208,2913,2208,2913,2229,2856,2229
170,2289,218,2289,218,2312,170,2312
223,2289,244,2289,244,2312,223,2312
257,2289,380,2289,380,2312,257,2312
386,2289,416,2289,416,2312,386,2312
425,2289,596,2289,596,2312,425,2312
607,2289,733,2289,733,2312,607,2312
741,2289,766,2289,766,2312,741,2312
775,2289,819,2289,819,2312,775,2312
822,2289,828,2289,828,2312,822,2312
837,2289,849,2289,849,2312,837,2312
864,2289,937,2289,937,2312,864,2312
950,2289,971,2289,971,2312,950,2312
982,2289,1060,2289,1060,2312,982,2312
1072,2289,1085,2289,1085,2312,1072,2312
1099,2289,1204,2289,1204,2312,1099,2312
1218,2289,1224,2289,1224,2312,1218,2312
1228,2289,1234,2289,1234,2312,1228,2312
1235,2289,1241,2289,1241,2312,1235,2312
1253,2289,1343,2289,1343,2312,1253,2312
1353,2289,1389,2289,1389,2312,1353,2312
1395,2289,1542,2289,1542,2312,1395,2312
1549,2289,1600,2289,1600,2312,1549,2312
1607,2289,1647,2289,1647,2312,1607,2312
1655,2289,1734,2289,1734,2312,1655,2312
1741,2289,1767,2289,1767,2312,1741,2312
1779,2289,1906,2289,1906,2312,1779,2312
1918,2289,1939,2289,1939,2312,1918,2312
1955,2289,1961,2289,1961,2312,1955,2312
1965,2289,1971,2289,1971,2312,1965,2312
1969,2289,2099,2289,2099,2312,1969,2312
2106,2289,2112,2289,2112,2312,2106,2312
166,2317,208,2317,208,2346,166,2346
216,2317,329,2317,329,2346,216,2346
339,2317,385,2317,385,2346,339,2346
387,2317,395,2317,395,2346,387,2346
395,2317,487,2317,487,2346,395,2346
489,2317,497,2317,497,2346,489,2346
503,2317,578,2317,578,2346,503,2346
591,2317,607,2317,607,2346,591,2346
615,2317,623,2317,623,2346,615,2346
621,2317,629,2317,629,2346,621,2346
626,2317,778,2317,778,2346,626,2346
781,2317,818,2317,818,2346,781,2346
829,2317,967,2317,967,2346,829,2346
981,2317,1025,2317,1025,2346,981,2346
1034,2317,1103,2317,1103,2346,1034,2346
1116,2317,1124,2317,1124,2346,1116,2346
1136,2317,1171,2317,1171,2346,1136,2346
1182,2317,1266,2317,1266,2346,1182,2346
1266,2317,1274,2317,1274,2346,1266,2346
1286,2317,1339,2317,1339,2346,1286,2346
1346,2317,1475,2317,1475,2346,1346,2346
1489,2317,1516,2317,1516,2346,1489,2346
1522,2317,1591,2317,1591,2346,1522,2346
1604,2317,1643,2317,1643,2346,1604,2346
1652,2317,1727,2317,1727,2346,1652,2346
1739,2317,1777,2317,1777,2346,1739,2346
1788,2317,1804,2317,1804,2346,1788,2346
1815,2317,1846,2317,1846,2346,1815,2346
1857,2317,1948,2317,1948,2346,1857,2346
1959,2317,1988,2317,1988,2346,1959,2346
1996,2317,2078,2317,2078,2346,1996,2346
2091,2317,2099,2317,2099,2346,2091,2346
2100,2317,2108,2317,2108,2346,2100,2346
2108,2317,2236,2317,2236,2346,2108,2346
2241,2317,2249,2317,2249,2346,2241,2346
2614,2300,2676,2300,2676,2339,2614,2339
2690,2300,2701,2300,2701,2339,2690,2339
2733,2300,2762,2300,2762,2339,2733,2339
2774,2300,2886,2300,2886,2339,2774,2339
2901,2300,2966,2300,2966,2339,2901,2339
