2718,161,3037,161,3037,237,2718,237
2710,236,3062,236,3062,308,2710,308
830,411,901,411,901,450,830,450
901,411,912,411,912,450,901,450
914,411,971,411,971,450,914,450
937,531,937,521,974,519,975,529
936,515,936,505,973,503,974,513
936,506,934,472,972,470,974,504
933,437,933,427,970,425,971,435
1090,459,1289,459,1289,498,1090,498
2807,389,3145,389,3145,485,2807,485
3170,389,3198,389,3198,485,3170,485
1482,554,1482,484,1516,484,1516,554
1482,480,1482,471,1516,471,1516,480
1482,469,1482,411,1516,411,1516,469
1203,478,1284,478,1284,496,1203,496
2067,462,2073,462,2072,485,2066,485
1666,475,1745,475,1745,498,1666,498
2162,475,2239,475,2239,497,2162,497
1371,566,1390,564,1392,581,1373,583
1403,563,1407,563,1409,579,1405,580
1725,594,1768,592,1769,614,1726,616
1794,623,2093,626,2093,656,1794,653
2142,593,2184,594,2183,637,2141,636
2207,595,2219,595,2218,638,2206,638
2225,595,2237,595,2236,638,2224,638
2247,596,2259,596,2258,639,2246,639
2264,596,2276,596,2275,639,2263,639
2251,628,2256,628,2256,657,2251,657
2114,649,2171,650,2170,680,2113,679
2194,651,2202,651,2201,680,2193,680
2215,651,2223,651,2222,680,2214,680
2233,652,2241,652,2240,681,2232,681
2302,627,2463,628,2463,658,2302,657
1615,644,1642,644,1642,680,1615,680
1676,644,1686,644,1686,680,1676,680
1694,644,1704,644,1704,680,1694,680
1716,644,1726,644,1726,680,1716,680
1734,644,1779,644,1779,680,1734,680
2816,667,3145,656,3146,679,2817,690
2785,727,2892,727,2892,746,2785,746
2901,721,3030,723,3030,740,2901,738
518,812,527,811,529,845,520,846
532,811,541,810,543,844,534,845
542,810,580,808,582,842,544,844
599,807,608,806,610,840,601,841
1100,810,1109,810,1109,845,1100,845
1118,810,1127,810,1127,845,1118,845
1129,810,1161,810,1161,845,1129,845
1668,810,1678,810,1678,848,1668,848
1684,810,1694,810,1694,848,1684,848
1694,810,1728,810,1728,848,1694,848
2127,808,2137,808,2139,846,2129,846
2153,806,2224,803,2226,842,2155,845
2264,802,2274,802,2276,840,2266,840
2299,801,2309,801,2311,839,2301,839
2334,799,2344,799,2346,837,2336,837
2388,797,2398,797,2400,835,2390,835
3042,830,3043,875,3027,875,3026,830
3127,764,3123,997,3094,997,3097,764
810,929,810,930,802,930,802,929
3078,946,3078,943,3092,944,3092,947
810,969,810,970,802,970,802,969
810,988,810,989,802,989,802,988
411,973,540,973,540,1015,411,1015
610,1030,608,951,630,950,632,1029
1053,976,1157,976,1157,1023,1053,1023
1167,976,1180,976,1180,1023,1167,1023
1188,976,1301,976,1301,1023,1188,1023
1599,977,1747,977,1747,1021,1599,1021
1761,977,1773,977,1773,1021,1761,1021
1816,1024,1816,1015,1851,1015,1851,1024
1816,1006,1816,997,1851,997,1851,1006
1816,999,1816,961,1851,961,1851,999
2045,979,2185,979,2185,1023,2045,1023
2205,979,2217,979,2217,1023,2205,1023
810,1005,810,1006,802,1006,802,1005
2013,1053,2016,1053,2016,1068,2013,1068
2046,1053,2049,1053,2049,1068,2046,1068
2084,1047,2092,1047,2092,1078,2084,1078
2139,1047,2147,1047,2147,1078,2139,1078
2177,1047,2185,1047,2185,1078,2177,1078
2212,1047,2220,1047,2220,1078,2212,1078
801,1071,801,1070,809,1070,809,1071
801,1090,801,1089,809,1089,809,1090
801,1110,801,1109,809,1109,809,1110
801,1129,801,1128,809,1128,809,1129
369,1203,369,1134,411,1134,411,1203
369,1131,369,1120,411,1120,411,1131
369,1116,369,1060,411,1060,411,1116
801,1148,801,1147,809,1147,809,1148
801,1168,801,1167,809,1167,809,1168
801,1183,801,1182,809,1182,809,1183
937,1251,936,1242,970,1240,971,1249
935,1230,934,1221,968,1219,969,1228
934,1224,932,1186,966,1184,969,1222
2659,1198,2781,1198,2781,1236,2659,1236
2693,1254,2702,1254,2702,1288,2693,1288
2717,1254,2726,1254,2726,1288,2717,1288
2735,1254,2744,1254,2744,1288,2735,1288
2910,1196,2960,1196,2960,1236,2910,1236
2964,1196,3009,1196,3009,1236,2964,1236
3024,1196,3064,1196,3064,1236,3024,1236
2961,1255,3008,1255,3008,1291,2961,1291
3139,1146,3193,1147,3192,1182,3138,1181
3207,1147,3244,1148,3243,1183,3206,1182
3252,1148,3371,1150,3370,1185,3251,1183
3124,1195,3135,1195,3135,1237,3124,1237
3222,1195,3293,1195,3293,1237,3222,1237
3242,1254,3273,1254,3273,1288,3242,1288
2208,1427,2263,1430,2261,1465,2206,1462
1350,1506,1350,1497,1383,1497,1383,1506
1350,1472,1350,1463,1383,1463,1383,1472
1350,1438,1350,1429,1383,1429,1383,1438
2646,1342,2740,1342,2740,1378,2646,1378
2746,1342,2756,1342,2756,1378,2746,1378
2767,1342,2861,1342,2861,1378,2767,1378
2642,1380,2832,1380,2832,1420,2642,1420
2840,1380,2851,1380,2851,1420,2840,1420
2851,1380,2881,1380,2881,1420,2851,1420
2893,1380,2990,1380,2990,1420,2893,1420
3003,1380,3048,1380,3048,1420,3003,1420
3049,1380,3060,1380,3060,1420,3049,1420
2645,1419,2775,1419,2775,1451,2645,1451
2795,1419,2803,1419,2803,1451,2795,1451
2646,1454,2775,1454,2775,1488,2646,1488
2789,1454,2798,1454,2798,1488,2789,1488
2644,1492,2709,1492,2709,1524,2644,1524
2724,1492,2760,1492,2760,1524,2724,1524
2767,1492,2820,1492,2820,1524,2767,1524
2638,1532,2694,1532,2694,1555,2638,1555
3194,1342,3222,1342,3222,1373,3194,1373
3228,1342,3236,1342,3236,1373,3228,1373
3234,1342,3268,1342,3268,1373,3234,1373
3277,1342,3322,1342,3322,1373,3277,1373
3212,1378,3221,1378,3221,1412,3212,1412
3226,1378,3235,1378,3235,1412,3226,1412
3234,1378,3265,1378,3265,1412,3234,1412
3276,1378,3320,1378,3320,1412,3276,1412
3197,1414,3223,1414,3223,1449,3197,1449
3223,1414,3232,1414,3232,1449,3223,1449
3236,1414,3262,1414,3262,1449,3236,1449
3275,1414,3321,1414,3321,1449,3275,1449
3211,1452,3220,1452,3220,1486,3211,1486
3225,1452,3234,1452,3234,1486,3225,1486
3238,1452,3263,1452,3263,1486,3238,1486
3275,1452,3319,1452,3319,1486,3275,1486
3208,1490,3217,1490,3217,1524,3208,1524
3225,1490,3234,1490,3234,1524,3225,1524
3233,1490,3264,1490,3264,1524,3233,1524
3276,1490,3320,1490,3320,1524,3276,1524
3211,1525,3221,1525,3221,1563,3211,1563
3222,1525,3232,1525,3232,1563,3222,1563
3237,1525,3264,1525,3264,1563,3237,1563
3276,1525,3324,1525,3324,1563,3276,1563
1354,1541,1354,1535,1379,1535,1379,1541
1354,1575,1354,1569,1379,1569,1379,1575
2351,1543,2351,1471,2382,1471,2382,1543
2295,1616,2295,1605,2337,1605,2337,1616
2295,1598,2295,1587,2337,1587,2337,1598
2295,1586,2295,1556,2337,1556,2337,1586
1405,1596,1405,1600,1388,1600,1388,1596
1354,1611,1354,1605,1379,1605,1379,1611
2010,1608,2054,1608,2054,1642,2010,1642
2220,1603,2231,1603,2232,1643,2221,1643
2237,1603,2248,1603,2249,1643,2238,1643
2246,1603,2284,1602,2285,1642,2247,1643
1405,1632,1405,1636,1388,1636,1388,1632
1354,1642,1354,1636,1379,1636,1379,1642
1226,1659,1234,1659,1234,1688,1226,1688
1256,1659,1264,1659,1264,1688,1256,1688
1283,1659,1291,1659,1291,1688,1283,1688
1035,1690,1035,1694,1017,1694,1017,1690
1141,1684,1147,1684,1146,1708,1140,1708
1169,1685,1211,1687,1210,1711,1168,1709
1261,1691,1267,1691,1266,1715,1260,1715
1035,1715,1035,1719,1017,1719,1017,1715
966,1683,966,1687,949,1688,949,1684
967,1694,967,1698,950,1699,950,1695
967,1705,967,1709,950,1710,950,1706
967,1715,967,1719,950,1720,950,1716
967,1726,967,1730,950,1731,950,1727
968,1735,968,1739,951,1740,951,1736
968,1746,968,1750,951,1751,951,1747
968,1752,969,1784,952,1784,951,1753
973,1816,973,1664,986,1664,986,1816
1035,1736,1035,1740,1017,1740,1017,1736
666,1755,684,1755,684,1780,666,1780
700,1755,706,1755,706,1780,700,1780
475,1789,546,1791,545,1815,474,1813
550,1791,556,1791,555,1815,549,1815
558,1791,618,1793,617,1818,557,1816
732,1781,736,1781,736,1810,732,1810
837,1780,842,1780,842,1809,837,1809
868,1779,1394,1774,1394,1804,868,1809
2613,1790,2754,1791,2754,1827,2613,1826
2766,1790,2929,1791,2929,1827,2766,1826
2948,1791,3059,1792,3059,1828,2948,1827
3073,1793,3082,1793,3082,1828,3073,1828
3193,1793,3225,1793,3225,1828,3193,1828
3227,1793,3236,1793,3236,1828,3227,1828
3244,1794,3270,1794,3270,1829,3244,1829
3278,1794,3329,1794,3329,1829,3278,1829
2613,1863,2725,1863,2725,1892,2613,1892
2739,1863,2747,1863,2747,1892,2739,1892
3201,1855,3226,1856,3225,1890,3200,1889
3234,1856,3243,1856,3242,1890,3233,1890
3242,1855,3273,1856,3272,1891,3241,1890
3280,1857,3330,1858,3329,1892,3279,1891
2680,2036,2685,2036,2685,2057,2680,2057
2686,2036,2691,2036,2691,2057,2686,2057
2658,2073,2701,2073,2701,2096,2658,2096
2749,2036,2809,2036,2809,2059,2749,2059
2751,2074,2810,2074,2810,2099,2751,2099
2820,2074,2865,2074,2865,2099,2820,2099
2875,2074,2915,2074,2915,2099,2875,2099
3178,2050,3219,2050,3219,2072,3178,2072
3222,2050,3227,2050,3227,2072,3222,2072
3225,2050,3283,2050,3283,2072,3225,2072
3179,2077,3247,2077,3247,2100,3179,2100
3251,2077,3281,2077,3281,2100,3251,2100
3296,2077,3302,2077,3302,2100,3296,2100
3312,2077,3318,2077,3318,2100,3312,2100
3322,2077,3328,2077,3328,2100,3322,2100
3332,2077,3344,2077,3344,2100,3332,2100
3356,2077,3362,2077,3362,2100,3356,2100
2671,2113,2699,2116,2697,2136,2669,2133
3081,2122,3118,2122,3118,2145,3081,2145
3177,2122,3255,2122,3255,2145,3177,2145
3263,2122,3299,2122,3299,2145,3263,2145
3306,2122,3378,2122,3378,2145,3306,2145
1587,2124,1607,2124,1607,2196,1587,2196
1759,2124,1786,2124,1786,2196,1759,2196
1926,2124,1961,2124,1961,2196,1926,2196
2109,2124,2136,2124,2136,2196,2109,2196
2749,2116,2788,2116,2788,2137,2749,2137
2798,2116,2857,2116,2857,2137,2798,2137
2749,2153,2792,2153,2792,2174,2749,2174
2797,2153,2854,2153,2854,2174,2797,2174
2281,2124,2320,2124,2320,2196,2281,2196
2456,2124,2496,2124,2496,2196,2456,2196
2676,2151,2697,2154,2695,2172,2674,2170
3074,2165,3082,2165,3082,2194,3074,2194
3182,2167,3233,2168,3233,2198,3182,2197
3240,2168,3307,2169,3306,2199,3240,2198
3181,2213,3242,2214,3242,2237,3181,2236
3254,2214,3327,2215,3327,2238,3254,2237
2751,2208,2797,2208,2797,2229,2751,2229
2808,2208,2813,2208,2813,2229,2808,2229
2817,2208,2822,2208,2822,2229,2817,2229
2820,2208,2846,2208,2846,2229,2820,2229
2856,2208,2913,2208,2913,2229,2856,2229
170,2289,218,2289,218,2312,170,2312
223,2289,244,2289,244,2312,223,2312
257,2289,380,2289,380,2312,257,2312
386,2289,416,2289,416,2312,386,2312
425,2289,596,2289,596,2312,425,2312
607,2289,733,2289,733,2312,607,2312
741,2289,766,2289,766,2312,741,2312
775,2289,819,2289,819,2312,775,2312
822,2289,828,2289,828,2312,822,2312
837,2289,849,2289,849,2312,837,2312
864,2289,937,2289,937,2312,864,2312
950,2289,971,2289,971,2312,950,2312
982,2289,1060,2289,1060,2312,982,2312
1072,2289,1085,2289,1085,2312,1072,2312
1099,2289,1204,2289,1204,2312,1099,2312
1218,2289,1224,2289,1224,2312,1218,2312
1228,2289,1234,2289,1234,2312,1228,2312
1235,2289,1241,2289,1241,2312,1235,2312
1253,2289,1343,2289,1343,2312,1253,2312
1353,2289,1389,2289,1389,2312,1353,2312
1395,2289,1542,2289,1542,2312,1395,2312
1549,2289,1600,2289,1600,2312,1549,2312
1607,2289,1647,2289,1647,2312,1607,2312
1655,2289,1734,2289,1734,2312,1655,2312
1741,2289,1767,2289,1767,2312,1741,2312
1779,2289,1906,2289,1906,2312,1779,2312
1918,2289,1939,2289,1939,2312,1918,2312
1955,2289,1961,2289,1961,2312,1955,2312
1965,2289,1971,2289,1971,2312,1965,2312
1969,2289,2099,2289,2099,2312,1969,2312
2106,2289,2112,2289,2112,2312,2106,2312
166,2317,208,2317,208,2346,166,2346
216,2317,329,2317,329,2346,216,2346
339,2317,385,2317,385,2346,339,2346
387,2317,395,2317,395,2346,387,2346
395,2317,487,2317,487,2346,395,2346
489,2317,497,2317,497,2346,489,2346
503,2317,578,2317,578,2346,503,2346
591,2317,607,2317,607,2346,591,2346
615,2317,623,2317,623,2346,615,2346
621,2317,629,2317,629,2346,621,2346
626,2317,778,2317,778,2346,626,2346
781,2317,818,2317,818,2346,781,2346
829,2317,967,2317,967,2346,829,2346
981,2317,1025,2317,1025,2346,981,2346
1034,2317,1103,2317,1103,2346,1034,2346
1116,2317,1124,2317,1124,2346,1116,2346
1136,2317,1171,2317,1171,2346,1136,2346
1182,2317,1266,2317,1266,2346,1182,2346
1266,2317,1274,2317,1274,2346,1266,2346
1286,2317,1339,2317,1339,2346,1286,2346
1346,2317,1475,2317,1475,2346,1346,2346
1489,2317,1516,2317,1516,2346,1489,2346
1522,2317,1591,2317,1591,2346,1522,2346
1604,2317,1643,2317,1643,2346,1604,2346
1652,2317,1727,2317,1727,2346,1652,2346
1739,2317,1777,2317,1777,2346,1739,2346
1788,2317,1804,2317,1804,2346,1788,2346
1815,2317,1846,2317,1846,2346,1815,2346
1857,2317,1948,2317,1948,2346,1857,2346
1959,2317,1988,2317,1988,2346,1959,2346
1996,2317,2078,2317,2078,2346,1996,2346
2091,2317,2099,2317,2099,2346,2091,2346
2100,2317,2108,2317,2108,2346,2100,2346
2108,2317,2236,2317,2236,2346,2108,2346
2241,2317,2249,2317,2249,2346,2241,2346
2614,2300,2676,2300,2676,2339,2614,2339
2690,2300,2701,2300,2701,2339,2690,2339
2733,2300,2762,2300,2762,2339,2733,2339
2774,2300,2886,2300,2886,2339,2774,2339
2901,2300,2966,2300,2966,2339,2901,2339
