3801,177,4449,177,4449,324,3801,324
3803,314,4442,314,4442,453,3803,453
709,562,704,594,675,589,679,558
847,556,860,556,860,603,847,603
975,556,1009,556,1009,603,975,603
800,622,811,622,811,664,800,664
835,622,846,622,846,664,835,664
873,622,884,622,884,664,873,664
908,622,919,622,919,664,908,664
942,622,953,622,953,664,942,664
977,622,988,622,988,664,977,664
1015,622,1026,622,1026,664,1015,664
1050,622,1061,622,1061,664,1050,664
1084,622,1095,622,1095,664,1084,664
1119,622,1130,622,1130,664,1119,664
1157,622,1168,622,1168,664,1157,664
1192,622,1203,622,1203,664,1192,664
1261,520,1261,526,1237,526,1237,520
1261,545,1261,551,1237,551,1237,545
1261,567,1261,573,1237,573,1237,567
1261,592,1261,598,1237,598,1237,592
1261,615,1261,621,1237,621,1237,615
1261,640,1261,646,1237,646,1237,640
736,622,747,622,747,664,736,664
1430,657,1430,626,1464,626,1464,657
2098,646,2182,642,2183,677,2099,681
2213,640,2232,639,2234,675,2215,676
4060,594,4517,594,4517,723,4060,723
777,686,777,689,762,689,762,686
1835,691,1859,699,1844,744,1820,737
776,721,776,724,761,724,761,721
2379,733,2388,732,2392,765,2383,766
2521,717,2620,706,2624,740,2525,751
775,756,775,759,760,759,760,756
662,779,662,776,676,776,676,779
1033,763,1087,763,1087,792,1033,792
774,793,774,796,759,796,759,793
2739,799,2739,802,2726,802,2726,799
4130,808,4214,808,4214,840,4130,840
4232,808,4273,808,4273,840,4232,840
4288,808,4472,808,4472,840,4288,840
1607,824,1607,828,1590,829,1590,825
2739,832,2739,835,2726,835,2726,832
1608,858,1608,862,1591,863,1591,859
773,863,773,866,759,867,759,864
2739,867,2739,870,2726,870,2726,867
660,886,660,883,674,883,674,886
1600,883,1606,883,1605,906,1599,906
1631,884,1637,884,1636,907,1630,907
1667,885,1673,885,1672,908,1666,908
1703,886,1709,886,1708,909,1702,909
2207,908,2211,863,2236,865,2232,910
2263,900,2263,895,2282,895,2282,900
775,897,775,900,761,901,761,898
1763,901,1763,905,1745,905,1745,901
2363,874,2465,874,2465,928,2363,928
2486,874,2536,874,2536,928,2486,928
2550,874,2675,874,2675,928,2550,928
661,922,661,919,675,919,675,922
1586,935,1586,931,1604,932,1604,936
2263,934,2263,929,2282,929,2282,934
777,933,777,936,763,937,763,934
1763,934,1763,938,1745,938,1745,934
662,957,662,954,676,954,676,957
2263,968,2263,963,2282,963,2282,968
778,968,778,971,764,972,764,969
1763,970,1763,974,1745,974,1745,970
1866,950,2159,950,2159,1008,1866,1008
2263,994,2263,989,2282,989,2282,994
769,994,773,994,773,1012,769,1012
806,994,810,994,810,1012,806,1012
843,994,847,994,847,1012,843,1012
879,994,883,994,883,1012,879,1012
913,995,917,995,917,1013,913,1013
949,995,953,995,953,1013,949,1013
985,995,989,995,989,1013,985,1013
1019,995,1023,995,1023,1013,1019,1013
1055,995,1059,995,1059,1013,1055,1013
1092,995,1096,995,1096,1013,1092,1013
1126,995,1130,995,1130,1013,1126,1013
1162,995,1166,995,1166,1013,1162,1013
1232,996,1236,996,1236,1014,1232,1014
1268,996,1272,996,1272,1014,1268,1014
1304,996,1308,996,1308,1014,1304,1014
1338,996,1342,996,1342,1014,1338,1014
1411,997,1415,997,1415,1014,1411,1014
1445,997,1449,997,1449,1014,1445,1014
1763,1005,1763,1009,1745,1009,1745,1005
1763,1040,1763,1044,1745,1044,1745,1040
2394,1054,2394,1060,2370,1060,2370,1054
2394,1061,2394,1067,2370,1067,2370,1061
3804,1040,3928,1040,3928,1080,3804,1080
4532,1040,4654,1040,4654,1074,4532,1074
1763,1076,1763,1080,1745,1080,1745,1076
1828,1108,1831,1108,1831,1122,1828,1122
1863,1106,1866,1106,1866,1120,1863,1120
1896,1106,1899,1106,1899,1119,1896,1119
1931,1106,1934,1106,1934,1119,1931,1119
2071,1107,2074,1107,2074,1122,2071,1122
2105,1105,2108,1105,2108,1120,2105,1120
2141,1105,2144,1105,2144,1120,2141,1120
2368,1116,2371,1116,2372,1131,2369,1131
2401,1115,2404,1115,2405,1130,2402,1130
2437,1114,2440,1114,2441,1129,2438,1129
2473,1116,2476,1116,2476,1130,2473,1130
2508,1116,2511,1116,2511,1130,2508,1130
2544,1116,2547,1116,2547,1130,2544,1130
2339,1161,2339,1167,2316,1166,2316,1160
2338,1195,2338,1201,2315,1200,2315,1194
2336,1231,2336,1237,2313,1236,2313,1230
1162,1280,1162,1221,1199,1221,1199,1280
2334,1267,2334,1273,2311,1272,2311,1266
2332,1303,2332,1309,2309,1308,2309,1302
4345,1304,4545,1304,4545,1344,4345,1344
4568,1304,4579,1304,4579,1344,4568,1344
4581,1304,4675,1304,4675,1344,4581,1344
2055,1338,2055,1346,2024,1346,2024,1338
2330,1339,2330,1345,2307,1344,2307,1338
2055,1376,2055,1384,2024,1384,2024,1376
2055,1412,2055,1420,2024,1420,2024,1412
834,1424,883,1424,883,1456,834,1456
1645,1422,1689,1422,1689,1456,1645,1456
2367,1421,2412,1421,2412,1456,2367,1456
635,1491,822,1488,823,1561,636,1564
849,1488,869,1488,870,1560,850,1560
888,1487,1085,1484,1086,1556,889,1559
1516,1509,1756,1509,1756,1553,1516,1553
1785,1509,1797,1509,1797,1553,1785,1553
2296,1494,2532,1494,2532,1556,2296,1556
2558,1494,2575,1494,2575,1556,2558,1556
2596,1494,2613,1494,2613,1556,2596,1556
1400,1578,1396,1531,1429,1528,1434,1575
2055,1450,2055,1458,2024,1458,2024,1450
2055,1485,2055,1493,2024,1493,2024,1485
2055,1520,2055,1528,2024,1528,2024,1520
2055,1556,2055,1564,2024,1564,2024,1556
2055,1591,2055,1599,2024,1599,2024,1591
2055,1626,2055,1634,2024,1634,2024,1626
2055,1661,2055,1669,2024,1669,2024,1661
2163,1626,2168,1626,2167,1645,2162,1645
2197,1627,2202,1627,2201,1646,2196,1646
2069,1652,2077,1652,2078,1681,2070,1681
2108,1651,2116,1651,2117,1680,2109,1680
2141,1650,2149,1650,2150,1679,2142,1679
2177,1649,2185,1649,2186,1678,2178,1678
2213,1647,2221,1647,2222,1676,2214,1676
2249,1646,2257,1646,2258,1675,2250,1675
2285,1645,2293,1645,2294,1674,2286,1674
2329,1665,2329,1671,2306,1672,2306,1666
2331,1698,2331,1704,2308,1705,2308,1699
2333,1737,2333,1743,2310,1744,2310,1738
2339,1804,2338,1796,2366,1792,2368,1800
2333,1769,2332,1761,2360,1757,2362,1765
2328,1733,2327,1725,2355,1721,2357,1729
2336,1773,2336,1779,2313,1780,2313,1774
2338,1809,2338,1815,2315,1816,2315,1810
2368,1863,2374,1863,2373,1886,2367,1886
2404,1864,2410,1864,2409,1887,2403,1887
2440,1865,2446,1865,2445,1888,2439,1888
2473,1866,2479,1866,2478,1889,2472,1889
2509,1867,2515,1867,2514,1890,2508,1890
2545,1868,2551,1868,2550,1891,2544,1891
2581,1869,2587,1869,2586,1892,2580,1892
2617,1870,2623,1870,2622,1893,2616,1893
2649,1875,2652,1875,2652,1888,2649,1888
2684,1875,2687,1875,2687,1888,2684,1888
587,1903,624,1903,624,1932,587,1932
1742,1910,1797,1910,1797,1931,1742,1931
2352,1913,2388,1913,2388,1938,2352,1938
671,1932,673,1932,673,1943,671,1943
689,1932,691,1932,691,1943,689,1943
713,1932,715,1932,715,1943,713,1943
737,1932,739,1932,739,1943,737,1943
785,1932,787,1932,787,1943,785,1943
808,1932,810,1932,810,1943,808,1943
832,1932,834,1932,834,1943,832,1943
856,1932,858,1932,858,1943,856,1943
880,1932,882,1932,882,1943,880,1943
903,1932,905,1932,905,1943,903,1943
927,1932,929,1932,929,1943,927,1943
951,1932,953,1932,953,1943,951,1943
974,1932,976,1932,976,1943,974,1943
998,1932,1000,1932,1000,1943,998,1943
1022,1932,1024,1932,1024,1943,1022,1943
1045,1932,1047,1932,1047,1943,1045,1943
1069,1932,1071,1932,1071,1943,1069,1943
1115,1932,1117,1932,1117,1943,1115,1943
2271,1949,2319,1949,2319,1971,2271,1971
3717,1547,3980,1547,3980,1632,3717,1632
4035,1547,4238,1547,4238,1632,4035,1632
4302,1547,4380,1547,4380,1632,4302,1632
4388,1547,4466,1547,4466,1632,4388,1632
4481,1547,4565,1547,4565,1632,4481,1632
4666,1547,4799,1547,4799,1632,4666,1632
3775,1668,3881,1668,3881,1742,3775,1742
3870,1668,3891,1668,3891,1742,3870,1742
3892,1668,3913,1668,3913,1742,3892,1742
4090,1665,4113,1666,4109,1746,4086,1745
4139,1667,4162,1668,4158,1748,4135,1747
4180,1669,4203,1670,4199,1750,4176,1749
4391,1663,4487,1663,4487,1748,4391,1748
4709,1663,4771,1663,4771,1748,4709,1748
4063,1793,4278,1793,4278,1867,4063,1867
4300,1793,4568,1793,4568,1867,4300,1867
3890,1890,4082,1887,4083,1946,3891,1949
4119,1887,4135,1887,4136,1945,4120,1945
4168,1886,4368,1883,4369,1941,4169,1944
4568,1890,4608,1890,4608,1944,4568,1944
4619,1890,4634,1890,4634,1944,4619,1944
4632,1890,4682,1890,4682,1944,4632,1944
4697,1890,4776,1890,4776,1944,4697,1944
3887,1969,4135,1969,4135,2015,3887,2015
4170,1969,4183,1969,4183,2015,4170,2015
4566,1967,4611,1967,4611,2015,4566,2015
4618,1967,4631,1967,4631,2015,4618,2015
4633,1967,4685,1967,4685,2015,4633,2015
4696,1967,4775,1967,4775,2015,4696,2015
3887,2041,4142,2041,4142,2087,3887,2087
4165,2041,4178,2041,4178,2087,4165,2087
4566,2039,4608,2039,4608,2085,4566,2085
4616,2039,4629,2039,4629,2085,4616,2085
4629,2039,4688,2039,4688,2085,4629,2085
4700,2039,4776,2039,4776,2085,4700,2085
3889,2111,3990,2111,3990,2159,3889,2159
4016,2111,4068,2111,4068,2159,4016,2159
4084,2111,4212,2111,4212,2159,4084,2159
4563,2111,4576,2111,4576,2157,4563,2157
4591,2111,4604,2111,4604,2157,4591,2157
4606,2111,4649,2111,4649,2157,4606,2157
4670,2111,4746,2111,4746,2157,4670,2157
3887,2182,4191,2182,4191,2240,3887,2240
4568,2178,4583,2178,4583,2232,4568,2232
4590,2178,4605,2178,4605,2232,4590,2232
4608,2178,4658,2178,4658,2232,4608,2232
4668,2178,4747,2178,4747,2232,4668,2232
3877,2257,3966,2257,3966,2301,3877,2301
4569,2255,4582,2255,4582,2303,4569,2303
4589,2255,4602,2255,4602,2303,4589,2303
4604,2255,4657,2255,4657,2303,4604,2303
4666,2255,4745,2255,4745,2303,4666,2303
4555,2326,4610,2326,4610,2376,4555,2376
4617,2326,4631,2326,4631,2376,4617,2376
4633,2326,4680,2326,4680,2376,4633,2376
4698,2326,4772,2326,4772,2376,4698,2376
1937,1983,1963,1985,1961,2003,1936,2001
2091,1996,2095,1996,2094,2013,2090,2013
384,2071,476,2071,476,2100,384,2100
383,2342,383,2278,414,2278,414,2342
383,2271,383,2263,414,2263,414,2271
383,2260,383,2211,414,2211,414,2260
1059,2246,1313,2252,1312,2311,1058,2305
1376,2254,1392,2254,1391,2312,1375,2312
556,2517,556,2477,593,2477,593,2517
3719,2482,3806,2482,3806,2516,3719,2516
3823,2482,3832,2482,3832,2516,3823,2516
3840,2482,3878,2482,3878,2516,3840,2516
3892,2482,3994,2482,3994,2516,3892,2516
4013,2482,4061,2482,4061,2516,4013,2516
4072,2482,4198,2482,4198,2516,4072,2516
4211,2482,4260,2482,4260,2516,4211,2516
4269,2482,4369,2482,4369,2516,4269,2516
4384,2482,4455,2482,4455,2516,4384,2516
4464,2482,4528,2482,4528,2516,4464,2516
4544,2482,4597,2482,4597,2516,4544,2516
4608,2482,4707,2482,4707,2516,4608,2516
4716,2482,4870,2482,4870,2516,4716,2516
3894,2567,4156,2567,4156,2613,3894,2613
4570,2544,4617,2544,4617,2630,4570,2630
4624,2544,4704,2544,4704,2630,4624,2630
3901,2746,4060,2750,4059,2782,3900,2778
3766,2818,3806,2818,3806,2854,3766,2854
3767,2854,3827,2855,3827,2891,3767,2890
3767,2894,3831,2895,3831,2929,3767,2928
3767,2937,3803,2935,3804,2960,3768,2962
3769,2973,3803,2973,3803,3004,3769,3004
3885,2818,3895,2818,3895,2854,3885,2854
3903,2818,3980,2818,3980,2854,3903,2854
3997,2818,4106,2818,4106,2854,3997,2854
3883,2855,3892,2855,3892,2890,3883,2890
3897,2855,4011,2856,4011,2892,3897,2891
4023,2856,4114,2857,4114,2893,4023,2892
4134,2857,4215,2858,4215,2894,4134,2893
3883,2895,3892,2895,3892,2929,3883,2929
3906,2895,4011,2896,4011,2931,3906,2930
4032,2896,4134,2897,4134,2932,4032,2931
4144,2897,4259,2898,4259,2932,4144,2931
3881,2938,3889,2938,3889,2969,3881,2969
3899,2938,3978,2938,3978,2969,3899,2969
3985,2938,4103,2938,4103,2969,3985,2969
3877,2972,3886,2972,3886,3006,3877,3006
3899,2972,4011,2972,4011,3006,3899,3006
4029,2972,4174,2972,4174,3006,4029,3006
3879,3010,3888,3010,3888,3045,3879,3045
3901,3010,4015,3010,4015,3045,3901,3045
4019,3010,4028,3010,4028,3045,4019,3045
4031,3010,4081,3010,4081,3045,4031,3045
4095,3010,4364,3010,4364,3045,4095,3045
3881,3050,3889,3050,3889,3081,3881,3081
3899,3050,3973,3051,3973,3083,3899,3082
3990,3052,4024,3052,4024,3083,3990,3083
4036,3052,4176,3054,4176,3086,4036,3084
3878,3088,3887,3088,3887,3122,3878,3122
3899,3088,3993,3088,3993,3122,3899,3122
4006,3088,4125,3088,4125,3122,4006,3122
3878,3128,3886,3128,3886,3160,3878,3160
3898,3128,3968,3128,3968,3160,3898,3160
3978,3128,3986,3128,3986,3160,3978,3160
3985,3128,4065,3128,4065,3160,3985,3160
3875,3164,3885,3164,3885,3200,3875,3200
3889,3164,3981,3164,3981,3200,3889,3200
3986,3164,3996,3164,3996,3200,3986,3200
3996,3164,4077,3164,4077,3200,3996,3200
3766,3014,3807,3011,3809,3042,3768,3045
2448,3058,2513,3058,2513,3093,2448,3093
2525,3058,2551,3058,2551,3093,2525,3093
2572,3057,2736,3056,2736,3092,2572,3093
2742,3057,2783,3057,2783,3092,2742,3092
2799,3056,3031,3055,3031,3091,2799,3092
3046,3055,3218,3054,3218,3090,3046,3091
3233,3055,3265,3055,3265,3090,3233,3090
3276,3055,3332,3055,3332,3090,3276,3090
3343,3055,3352,3055,3352,3090,3343,3090
3361,3055,3381,3055,3381,3090,3361,3090
3400,3054,3502,3054,3502,3089,3400,3089
3514,3054,3546,3054,3546,3089,3514,3089
2440,3096,2553,3096,2553,3128,2440,3128
2564,3096,2587,3096,2587,3128,2564,3128
2601,3096,2745,3096,2745,3128,2601,3128
2767,3096,2775,3096,2775,3128,2767,3128
2780,3096,2788,3096,2788,3128,2780,3128
2790,3096,2798,3096,2798,3128,2790,3128
2812,3096,2938,3096,2938,3128,2812,3128
2947,3096,2998,3096,2998,3128,2947,3128
3006,3096,3208,3096,3208,3128,3006,3128
3223,3096,3288,3096,3288,3128,3223,3128
3297,3096,3348,3096,3348,3128,3297,3128
3364,3096,3468,3096,3468,3128,3364,3128
3479,3096,3515,3096,3515,3128,3479,3128
2442,3134,2621,3134,2621,3166,2442,3166
2638,3134,2667,3134,2667,3166,2638,3166
2686,3134,2694,3134,2694,3166,2686,3166
2699,3134,2707,3134,2707,3166,2699,3166
2710,3134,2889,3134,2889,3166,2710,3166
2894,3134,2902,3134,2902,3166,2894,3166
2440,3174,2494,3174,2494,3205,2440,3205
2508,3174,2664,3174,2664,3205,2508,3205
2679,3174,2738,3174,2738,3205,2679,3205
2750,3174,2875,3174,2875,3205,2750,3205
2880,3174,2888,3174,2888,3205,2880,3205
2901,3174,3002,3174,3002,3205,2901,3205
3019,3174,3047,3174,3047,3205,3019,3205
3056,3174,3064,3174,3064,3205,3056,3205
3063,3174,3071,3174,3071,3205,3063,3205
3073,3174,3275,3174,3275,3205,3073,3205
3283,3174,3332,3174,3332,3205,3283,3205
3347,3174,3536,3174,3536,3205,3347,3205
2444,3210,2511,3210,2511,3242,2444,3242
2519,3210,2615,3210,2615,3242,2519,3242
2631,3210,2639,3210,2639,3242,2631,3242
2658,3210,2707,3210,2707,3242,2658,3242
2724,3210,2836,3210,2836,3242,2724,3242
2839,3210,2847,3210,2847,3242,2839,3242
2864,3210,2936,3210,2936,3242,2864,3242
2947,3210,3127,3210,3127,3242,2947,3242
3142,3210,3178,3210,3178,3242,3142,3242
3188,3210,3280,3210,3280,3242,3188,3242
3299,3210,3350,3210,3350,3242,3299,3242
3365,3210,3472,3210,3472,3242,3365,3242
3487,3210,3533,3210,3533,3242,3487,3242
3551,3210,3574,3210,3574,3242,3551,3242
2446,3250,2492,3250,2492,3285,2446,3285
2507,3249,2633,3248,2633,3284,2507,3285
2644,3248,2684,3248,2684,3284,2644,3284
2695,3248,2808,3247,2808,3283,2695,3284
2825,3247,2834,3247,2834,3282,2825,3282
2839,3247,2848,3247,2848,3282,2839,3282
2848,3247,3024,3246,3024,3282,2848,3283
3032,3246,3041,3246,3041,3281,3032,3281
3764,3046,3809,3046,3809,3086,3764,3086
3766,3084,3811,3084,3811,3124,3766,3124
3764,3122,3809,3122,3809,3162,3764,3162
3761,3164,3814,3164,3814,3200,3761,3200
4486,3156,4496,3156,4496,3192,4486,3192
4501,3156,4679,3156,4679,3192,4501,3192
4691,3156,4725,3156,4725,3192,4691,3192
4731,3156,4853,3156,4853,3192,4731,3192
4488,3222,4497,3222,4497,3256,4488,3256
4510,3222,4618,3222,4618,3256,4510,3256
4629,3222,4660,3222,4660,3256,4629,3256
4666,3222,4727,3222,4727,3256,4666,3256
4733,3222,4742,3222,4742,3256,4733,3256
4741,3222,4867,3222,4867,3256,4741,3256
4507,3256,4589,3256,4589,3289,4507,3289
4610,3256,4619,3256,4619,3289,4610,3289
4641,3256,4650,3256,4650,3289,4641,3289
4654,3256,4663,3256,4663,3289,4654,3289
4668,3256,4692,3256,4692,3289,4668,3289
4712,3256,4721,3256,4721,3289,4712,3289
3582,3373,3626,3373,3626,3407,3582,3407
3997,3362,4097,3362,4097,3408,3997,3408
4107,3362,4120,3362,4120,3408,4107,3408
4286,3363,4343,3363,4343,3407,4286,3407
4346,3363,4358,3363,4358,3407,4346,3407
4362,3363,4419,3363,4419,3407,4362,3407
4418,3363,4430,3363,4430,3407,4418,3407
4432,3363,4532,3363,4532,3407,4432,3407
