3801,177,4449,177,4449,324,3801,324
3803,314,4442,314,4442,453,3803,453
1136,592,1136,598,1113,598,1113,592
1600,591,1600,596,1581,596,1581,591
1766,585,1770,585,1771,602,1767,602
1802,583,1806,583,1807,600,1803,600
1136,623,1136,629,1113,629,1113,623
1725,634,1725,629,1744,629,1744,634
1136,659,1136,665,1113,665,1113,659
1567,571,1775,576,1774,618,1566,613
1400,637,1409,637,1411,672,1402,672
1511,631,1592,627,1594,663,1513,667
1681,635,1691,635,1692,671,1682,671
1707,634,1717,634,1718,670,1708,670
1803,631,1842,630,1843,667,1804,668
1413,680,1427,680,1427,731,1413,731
1450,680,1464,680,1464,731,1450,731
1481,680,1495,680,1495,731,1481,731
1517,680,1531,680,1531,731,1517,731
1554,680,1568,680,1568,731,1554,731
1611,680,1625,680,1625,731,1611,731
1621,680,1635,680,1635,731,1621,731
1647,680,1661,680,1661,731,1647,731
1658,680,1672,680,1672,731,1658,731
1679,680,1693,680,1693,731,1679,731
1720,680,1734,680,1734,731,1720,731
1767,680,1781,680,1781,731,1767,731
1798,680,1812,680,1812,731,1798,731
1840,680,1854,680,1854,731,1840,731
1871,680,1885,680,1885,731,1871,731
1944,680,1958,680,1958,731,1944,731
1980,680,1994,680,1994,731,1980,731
4060,594,4517,594,4517,723,4060,723
1460,664,1460,669,1439,669,1439,664
1247,668,1247,671,1232,671,1232,668
1234,645,1243,645,1245,680,1236,680
1306,642,1315,642,1317,677,1308,677
1237,680,1251,680,1251,731,1237,731
1268,680,1282,680,1282,731,1268,731
1304,680,1318,680,1318,731,1304,731
1341,680,1355,680,1355,731,1341,731
1280,754,1334,754,1334,785,1280,785
1867,670,1880,670,1880,705,1867,705
1136,695,1136,701,1113,701,1113,695
1838,706,1842,706,1842,724,1838,724
1887,716,1887,722,1864,722,1864,716
1944,708,1948,708,1948,726,1944,726
1136,729,1136,735,1113,735,1113,729
1246,751,1246,754,1231,754,1231,751
1856,728,1976,744,1970,791,1850,776
1136,765,1136,771,1113,771,1113,765
1245,793,1245,796,1230,796,1230,793
1887,791,1887,797,1864,797,1864,791
1245,823,1245,826,1230,826,1230,823
4130,808,4214,808,4214,840,4130,840
4232,808,4273,808,4273,840,4232,840
4288,808,4472,808,4472,840,4288,840
1136,835,1136,841,1113,841,1113,835
1244,858,1244,861,1229,861,1229,858
3044,825,3044,942,3013,942,3013,825
1136,871,1136,877,1113,877,1113,871
1136,907,1136,913,1113,913,1113,907
1136,943,1136,949,1113,949,1113,943
2610,923,2711,921,2712,980,2611,982
2734,921,2786,920,2787,979,2735,980
2799,920,2917,918,2918,977,2800,979
1136,976,1136,982,1113,982,1113,976
1136,1012,1136,1018,1113,1018,1113,1012
843,1043,851,1043,851,1074,843,1074
875,1043,883,1043,883,1074,875,1074
1136,1055,1136,1061,1113,1061,1113,1055
3812,1040,4098,1040,4098,1080,3812,1080
4532,1040,4654,1040,4654,1074,4532,1074
1412,1065,1416,1065,1416,1082,1412,1082
1448,1064,1452,1064,1452,1081,1448,1081
1484,1064,1488,1064,1488,1081,1484,1081
1520,1064,1524,1064,1524,1081,1520,1081
1554,1064,1558,1064,1558,1081,1554,1081
1590,1064,1594,1064,1594,1081,1590,1081
1626,1063,1630,1063,1630,1080,1626,1080
1660,1063,1664,1063,1664,1080,1660,1080
1730,1065,1733,1065,1733,1080,1730,1080
1766,1065,1769,1065,1769,1080,1766,1080
913,1043,921,1043,921,1074,913,1074
948,1043,956,1043,956,1074,948,1074
983,1043,991,1043,991,1074,983,1074
1019,1043,1027,1043,1027,1074,1019,1074
1054,1043,1062,1043,1062,1074,1054,1074
1089,1043,1097,1043,1097,1074,1089,1074
901,1085,1088,1085,1088,1131,901,1131
1123,1085,1136,1085,1136,1131,1123,1131
1165,1085,1354,1085,1354,1131,1165,1131
2142,1058,2433,1058,2433,1116,2142,1116
2140,1169,2144,1169,2144,1185,2140,1185
2175,1169,2179,1169,2179,1185,2175,1185
2591,1230,2591,1226,2609,1226,2609,1230
4209,1241,4246,1241,4246,1270,4209,1270
4286,1241,4378,1241,4378,1270,4286,1270
1348,1327,1348,1276,1380,1276,1380,1327
1093,1401,1148,1401,1148,1428,1093,1428
1941,1391,1990,1401,1983,1436,1934,1425
2349,1391,2355,1391,2354,1414,2348,1414
2385,1392,2391,1392,2390,1415,2384,1415
2421,1393,2427,1393,2426,1416,2420,1416
2457,1394,2463,1394,2462,1417,2456,1417
2493,1395,2499,1395,2498,1418,2492,1418
2527,1396,2533,1396,2532,1419,2526,1419
2563,1397,2569,1397,2568,1420,2562,1420
2641,1399,2687,1400,2686,1423,2640,1422
2325,1478,2325,1482,2307,1482,2307,1478
1849,1482,2084,1482,2084,1536,1849,1536
2113,1482,2128,1482,2128,1536,2113,1536
2500,1478,2740,1478,2740,1536,2500,1536
2771,1478,2787,1478,2787,1536,2771,1536
2325,1514,2325,1518,2307,1518,2307,1514
2325,1548,2325,1552,2307,1552,2307,1548
2325,1585,2325,1589,2307,1589,2307,1585
1877,1625,1877,1581,1908,1581,1908,1625
2750,1629,2750,1582,2782,1582,2782,1629
2325,1621,2325,1625,2307,1625,2307,1621
2325,1655,2325,1659,2307,1659,2307,1655
2325,1691,2325,1695,2307,1695,2307,1691
2331,1690,2338,1687,2351,1713,2343,1716
2364,1675,2371,1672,2384,1698,2376,1701
2396,1660,2403,1657,2416,1683,2408,1686
2426,1646,2433,1643,2446,1669,2438,1672
2318,1722,2321,1722,2321,1736,2318,1736
2349,1723,2352,1723,2352,1737,2349,1737
2385,1723,2388,1723,2388,1737,2385,1737
2420,1723,2423,1723,2423,1737,2420,1737
2456,1724,2459,1724,2459,1738,2456,1738
2492,1724,2495,1724,2495,1738,2492,1738
2528,1725,2531,1725,2531,1739,2528,1739
2268,1782,2272,1775,2297,1789,2293,1796
2282,1759,2286,1752,2311,1766,2307,1773
2586,1833,2645,1815,2652,1836,2593,1855
826,1935,860,1935,860,1966,826,1966
2681,1935,2686,1935,2686,1956,2681,1956
2716,1935,2721,1935,2721,1956,2716,1956
2751,1935,2756,1935,2756,1956,2751,1956
2787,1935,2792,1935,2792,1956,2787,1956
2822,1935,2827,1935,2827,1956,2822,1956
2857,1935,2862,1935,2862,1956,2857,1956
2892,1935,2897,1935,2897,1956,2892,1956
2930,1935,2935,1935,2935,1956,2930,1956
2965,1935,2970,1935,2970,1956,2965,1956
3000,1935,3005,1935,3005,1956,3000,1956
3717,1547,3980,1547,3980,1632,3717,1632
4035,1547,4238,1547,4238,1632,4035,1632
4302,1547,4380,1547,4380,1632,4302,1632
4388,1547,4466,1547,4466,1632,4388,1632
4481,1547,4565,1547,4565,1632,4481,1632
4666,1547,4799,1547,4799,1632,4666,1632
3769,1669,3874,1669,3874,1743,3769,1743
3866,1669,3887,1669,3887,1743,3866,1743
3896,1669,3917,1669,3917,1743,3896,1743
4088,1667,4111,1667,4111,1747,4088,1747
4137,1667,4160,1667,4160,1747,4137,1747
4170,1667,4193,1667,4193,1747,4170,1747
4386,1667,4490,1667,4490,1747,4386,1747
4709,1667,4769,1667,4769,1747,4709,1747
4063,1793,4278,1793,4278,1867,4063,1867
4300,1793,4568,1793,4568,1867,4300,1867
3894,1886,4084,1886,4084,1948,3894,1948
4116,1886,4133,1886,4133,1948,4116,1948
4160,1886,4366,1886,4366,1948,4160,1948
4564,1896,4618,1896,4618,1944,4564,1944
4618,1896,4631,1896,4631,1944,4618,1944
4633,1896,4685,1896,4685,1944,4633,1944
4696,1896,4775,1896,4775,1944,4696,1944
3884,1969,4138,1969,4138,2017,3884,2017
4170,1969,4183,1969,4183,2017,4170,2017
4564,1968,4618,1968,4618,2016,4564,2016
4618,1968,4631,1968,4631,2016,4618,2016
4631,1968,4692,1968,4692,2016,4631,2016
4696,1968,4775,1968,4775,2016,4696,2016
3880,2041,4136,2041,4136,2089,3880,2089
4163,2041,4176,2041,4176,2089,4163,2089
4564,2041,4576,2041,4576,2085,4564,2085
4591,2041,4603,2041,4603,2085,4591,2085
4605,2041,4653,2041,4653,2085,4605,2085
4671,2041,4744,2041,4744,2085,4671,2085
3888,2106,3993,2106,3993,2164,3888,2164
4017,2106,4071,2106,4071,2164,4017,2164
4080,2106,4212,2106,4212,2164,4080,2164
4563,2111,4576,2111,4576,2159,4563,2159
4587,2111,4600,2111,4600,2159,4587,2159
4610,2111,4646,2111,4646,2159,4610,2159
4671,2111,4741,2111,4741,2159,4671,2159
3886,2186,4186,2186,4186,2236,3886,2236
4566,2182,4580,2182,4580,2234,4566,2234
4588,2182,4602,2182,4602,2234,4588,2234
4600,2182,4647,2182,4647,2234,4600,2234
4668,2182,4745,2182,4745,2234,4668,2234
3880,2257,3961,2257,3961,2301,3880,2301
4569,2257,4581,2257,4581,2301,4569,2301
4587,2257,4599,2257,4599,2301,4587,2301
4605,2257,4653,2257,4653,2301,4605,2301
4665,2257,4746,2257,4746,2301,4665,2301
4553,2326,4617,2326,4617,2376,4553,2376
4617,2326,4631,2326,4631,2376,4617,2376
4638,2326,4685,2326,4685,2376,4638,2376
4698,2326,4772,2326,4772,2376,4698,2376
1024,1964,1026,1964,1026,1975,1024,1975
1046,1964,1048,1964,1048,1975,1046,1975
1070,1964,1072,1964,1072,1975,1070,1975
1094,1964,1096,1964,1096,1975,1094,1975
1117,1964,1119,1964,1119,1975,1117,1975
1141,1964,1143,1964,1143,1975,1141,1975
1165,1964,1167,1964,1167,1975,1165,1975
1189,1964,1191,1964,1191,1975,1189,1975
1212,1964,1214,1964,1214,1975,1212,1975
1235,1964,1237,1964,1237,1975,1235,1975
1259,1964,1261,1964,1261,1975,1259,1975
1306,1964,1308,1964,1308,1975,1306,1975
1328,1964,1330,1964,1330,1975,1328,1975
1352,1964,1354,1964,1354,1975,1352,1975
2125,1964,2127,1964,2127,1975,2125,1975
2147,1964,2149,1964,2149,1975,2147,1975
2171,1964,2173,1964,2173,1975,2171,1975
2194,1964,2196,1964,2196,1975,2194,1975
1381,1971,1381,1973,1370,1975,1370,1973
1084,1987,1121,1985,1122,2004,1085,2006
2526,1977,2588,1977,2588,2008,2526,2008
1384,1992,1384,1994,1373,1996,1373,1994
1388,2013,1390,2025,1379,2026,1377,2015
608,2390,608,2324,642,2324,642,2390
608,2317,608,2308,642,2308,642,2317
608,2309,608,2260,642,2260,642,2309
1144,2288,1392,2288,1392,2331,1144,2331
1874,2354,1874,2307,1911,2307,1911,2354
3503,2438,3513,2443,3495,2481,3485,2476
3539,2455,3549,2460,3531,2498,3521,2493
3719,2482,3806,2482,3806,2516,3719,2516
3823,2482,3832,2482,3832,2516,3823,2516
3840,2482,3878,2482,3878,2516,3840,2516
3892,2482,3994,2482,3994,2516,3892,2516
4013,2482,4061,2482,4061,2516,4013,2516
4072,2482,4198,2482,4198,2516,4072,2516
4211,2482,4260,2482,4260,2516,4211,2516
4269,2482,4369,2482,4369,2516,4269,2516
4384,2482,4455,2482,4455,2516,4384,2516
4464,2482,4528,2482,4528,2516,4464,2516
4544,2482,4597,2482,4597,2516,4544,2516
4608,2482,4707,2482,4707,2516,4608,2516
4716,2482,4870,2482,4870,2516,4716,2516
3894,2561,4157,2561,4157,2607,3894,2607
4571,2554,4605,2554,4605,2617,4571,2617
4633,2554,4651,2554,4651,2617,4633,2617
4678,2554,4696,2554,4696,2617,4678,2617
3903,2746,4061,2750,4060,2782,3902,2778
3766,2818,3806,2818,3806,2854,3766,2854
3767,2854,3827,2855,3827,2891,3767,2890
3767,2894,3831,2895,3831,2929,3767,2928
3767,2937,3803,2935,3804,2960,3768,2962
3769,2973,3803,2973,3803,3004,3769,3004
3885,2818,3895,2818,3895,2854,3885,2854
3903,2818,3980,2818,3980,2854,3903,2854
3997,2818,4106,2818,4106,2854,3997,2854
3883,2855,3892,2855,3892,2890,3883,2890
3897,2855,4011,2856,4011,2892,3897,2891
4023,2856,4114,2857,4114,2893,4023,2892
4134,2857,4215,2858,4215,2894,4134,2893
3883,2895,3892,2895,3892,2929,3883,2929
3906,2895,4011,2896,4011,2931,3906,2930
4032,2896,4134,2897,4134,2932,4032,2931
4144,2897,4259,2898,4259,2932,4144,2931
3881,2938,3889,2938,3889,2969,3881,2969
3899,2938,3978,2938,3978,2969,3899,2969
3985,2938,4103,2938,4103,2969,3985,2969
3877,2972,3886,2972,3886,3006,3877,3006
3899,2972,4011,2972,4011,3006,3899,3006
4029,2972,4174,2972,4174,3006,4029,3006
3879,3010,3888,3010,3888,3045,3879,3045
3901,3010,4010,3010,4010,3045,3901,3045
4019,3010,4028,3010,4028,3045,4019,3045
4031,3010,4081,3010,4081,3045,4031,3045
4095,3010,4358,3010,4358,3045,4095,3045
3881,3050,3889,3050,3889,3081,3881,3081
3899,3050,3973,3051,3973,3083,3899,3082
3990,3052,4024,3052,4024,3083,3990,3083
4036,3052,4176,3054,4176,3086,4036,3084
3878,3088,3887,3088,3887,3122,3878,3122
3899,3088,3993,3088,3993,3122,3899,3122
4006,3088,4125,3088,4125,3122,4006,3122
3878,3128,3886,3128,3886,3160,3878,3160
3898,3128,3968,3128,3968,3160,3898,3160
3978,3128,3986,3128,3986,3160,3978,3160
3985,3128,4065,3128,4065,3160,3985,3160
3875,3164,3885,3164,3885,3200,3875,3200
3889,3164,3981,3164,3981,3200,3889,3200
3986,3164,3996,3164,3996,3200,3986,3200
3996,3164,4077,3164,4077,3200,3996,3200
3766,3014,3807,3011,3809,3042,3768,3045
3764,3046,3809,3046,3809,3086,3764,3086
3763,3090,3807,3081,3815,3120,3771,3129
2448,3058,2513,3058,2513,3093,2448,3093
2525,3058,2551,3058,2551,3093,2525,3093
2572,3057,2736,3056,2736,3092,2572,3093
2742,3057,2783,3057,2783,3092,2742,3092
2799,3056,3031,3055,3031,3091,2799,3092
3046,3055,3218,3054,3218,3090,3046,3091
3233,3055,3265,3055,3265,3090,3233,3090
3276,3055,3332,3055,3332,3090,3276,3090
3343,3055,3352,3055,3352,3090,3343,3090
3361,3055,3381,3055,3381,3090,3361,3090
3400,3054,3502,3054,3502,3089,3400,3089
3514,3054,3546,3054,3546,3089,3514,3089
2440,3096,2553,3096,2553,3128,2440,3128
2564,3096,2587,3096,2587,3128,2564,3128
2601,3096,2745,3096,2745,3128,2601,3128
2767,3096,2775,3096,2775,3128,2767,3128
2780,3096,2788,3096,2788,3128,2780,3128
2790,3096,2798,3096,2798,3128,2790,3128
2812,3096,2938,3096,2938,3128,2812,3128
2947,3096,2998,3096,2998,3128,2947,3128
3006,3096,3208,3096,3208,3128,3006,3128
3223,3096,3288,3096,3288,3128,3223,3128
3297,3096,3348,3096,3348,3128,3297,3128
3364,3096,3468,3096,3468,3128,3364,3128
3479,3096,3515,3096,3515,3128,3479,3128
2442,3134,2621,3134,2621,3166,2442,3166
2638,3134,2667,3134,2667,3166,2638,3166
2686,3134,2694,3134,2694,3166,2686,3166
2699,3134,2707,3134,2707,3166,2699,3166
2710,3134,2889,3134,2889,3166,2710,3166
2894,3134,2902,3134,2902,3166,2894,3166
2440,3174,2494,3174,2494,3205,2440,3205
2508,3174,2664,3174,2664,3205,2508,3205
2679,3174,2738,3174,2738,3205,2679,3205
2750,3174,2875,3174,2875,3205,2750,3205
2880,3174,2888,3174,2888,3205,2880,3205
2901,3174,3002,3174,3002,3205,2901,3205
3019,3174,3047,3174,3047,3205,3019,3205
3056,3174,3064,3174,3064,3205,3056,3205
3063,3174,3071,3174,3071,3205,3063,3205
3073,3174,3275,3174,3275,3205,3073,3205
3283,3174,3332,3174,3332,3205,3283,3205
3347,3174,3536,3174,3536,3205,3347,3205
2444,3210,2511,3210,2511,3242,2444,3242
2519,3210,2615,3210,2615,3242,2519,3242
2631,3210,2639,3210,2639,3242,2631,3242
2658,3210,2707,3210,2707,3242,2658,3242
2724,3210,2836,3210,2836,3242,2724,3242
2839,3210,2847,3210,2847,3242,2839,3242
2864,3210,2936,3210,2936,3242,2864,3242
2947,3210,3127,3210,3127,3242,2947,3242
3142,3210,3178,3210,3178,3242,3142,3242
3188,3210,3280,3210,3280,3242,3188,3242
3299,3210,3350,3210,3350,3242,3299,3242
3365,3210,3472,3210,3472,3242,3365,3242
3487,3210,3533,3210,3533,3242,3487,3242
3551,3210,3574,3210,3574,3242,3551,3242
2446,3250,2492,3250,2492,3285,2446,3285
2507,3249,2633,3248,2633,3284,2507,3285
2644,3248,2684,3248,2684,3284,2644,3284
2695,3248,2808,3247,2808,3283,2695,3284
2825,3247,2834,3247,2834,3282,2825,3282
2839,3247,2848,3247,2848,3282,2839,3282
2848,3247,3024,3246,3024,3282,2848,3283
3032,3246,3041,3246,3041,3281,3032,3281
3764,3122,3809,3122,3809,3162,3764,3162
3761,3164,3814,3164,3814,3200,3761,3200
4491,3158,4500,3158,4500,3193,4491,3193
4502,3158,4678,3158,4678,3193,4502,3193
4694,3158,4720,3158,4720,3193,4694,3193
4727,3158,4855,3158,4855,3193,4727,3193
4490,3224,4499,3224,4499,3258,4490,3258
4508,3224,4617,3224,4617,3258,4508,3258
4631,3224,4662,3224,4662,3258,4631,3258
4669,3224,4729,3224,4729,3258,4669,3258
4732,3224,4741,3224,4741,3258,4732,3258
4745,3224,4871,3224,4871,3258,4745,3258
4507,3258,4590,3258,4590,3293,4507,3293
4613,3258,4622,3258,4622,3293,4613,3293
4642,3258,4651,3258,4651,3293,4642,3293
4656,3258,4665,3258,4665,3293,4656,3293
4666,3258,4695,3258,4695,3293,4666,3293
4714,3258,4723,3258,4723,3293,4714,3293
3582,3373,3626,3373,3626,3407,3582,3407
3997,3362,4097,3362,4097,3408,3997,3408
4107,3362,4120,3362,4120,3408,4107,3408
4286,3363,4343,3363,4343,3407,4286,3407
4346,3363,4358,3363,4358,3407,4346,3407
4362,3363,4419,3363,4419,3407,4362,3407
4418,3363,4430,3363,4430,3407,4418,3407
4432,3363,4532,3363,4532,3407,4432,3407
