3801,177,4449,177,4449,324,3801,324
3803,314,4442,314,4442,453,3803,453
2596,589,2596,585,2613,585,2613,589
2028,606,2028,601,2049,601,2049,606
2101,541,2101,547,2078,547,2078,541
2135,541,2135,547,2112,547,2112,541
2101,589,2101,595,2078,595,2078,589
2101,611,2101,617,2078,617,2078,611
2101,635,2101,641,2078,641,2078,635
2101,671,2101,677,2078,677,2078,671
2135,589,2135,595,2112,595,2112,589
2135,611,2135,617,2112,617,2112,611
2135,635,2135,641,2112,641,2112,635
2135,659,2135,665,2112,665,2112,659
2169,526,2169,657,2146,657,2146,526
2519,575,2534,575,2534,628,2519,628
2733,583,2736,611,2704,614,2701,586
2596,623,2596,619,2613,619,2613,623
2369,575,2398,575,2398,628,2369,628
2213,645,2224,645,2224,684,2213,684
2249,645,2260,645,2260,684,2249,684
2285,645,2296,645,2296,684,2285,684
2321,645,2332,645,2332,684,2321,684
2357,645,2368,645,2368,684,2357,684
2393,645,2404,645,2404,684,2393,684
2425,645,2436,645,2436,684,2425,684
2461,645,2504,645,2504,684,2461,684
2028,641,2028,636,2049,636,2049,641
4060,592,4522,592,4522,727,4060,727
2028,674,2028,669,2049,669,2049,674
2247,668,2250,668,2250,681,2247,681
2354,667,2356,667,2356,679,2354,679
2660,735,2660,729,2685,729,2685,735
2761,766,2761,762,2778,762,2778,766
2660,771,2660,765,2685,765,2685,771
956,780,962,780,963,804,957,804
991,778,997,778,998,802,992,802
1029,776,1035,776,1036,800,1030,800
2761,802,2761,798,2778,798,2778,802
1902,801,1902,803,1891,803,1891,801
2660,807,2660,801,2685,801,2685,807
4130,808,4214,808,4214,840,4130,840
4232,808,4273,808,4273,840,4232,840
4288,808,4472,808,4472,840,4288,840
2761,836,2761,832,2778,832,2778,836
1977,860,1975,815,2008,814,2010,859
1903,835,1903,837,1892,837,1892,835
2660,841,2660,835,2685,835,2685,841
2761,872,2761,868,2778,868,2778,872
1905,870,1905,872,1894,872,1894,870
2660,878,2660,872,2685,872,2685,878
846,873,937,873,937,947,846,947
966,873,1007,873,1007,947,966,947
1023,873,1204,873,1204,947,1023,947
2761,908,2761,904,2778,904,2778,908
2660,911,2660,905,2685,905,2685,911
2761,942,2761,938,2778,938,2778,942
2660,948,2660,942,2685,942,2685,948
2761,978,2761,974,2778,974,2778,978
2660,984,2660,978,2685,978,2685,984
919,972,970,972,970,1011,919,1011
1455,978,1505,978,1505,1013,1455,1013
2380,980,2432,980,2432,1010,2380,1010
2073,1019,2077,1019,2077,1036,2073,1036
2107,1019,2111,1019,2111,1036,2107,1036
2143,1019,2147,1019,2147,1036,2143,1036
2177,1019,2181,1019,2181,1036,2177,1036
2213,1019,2217,1019,2217,1036,2213,1036
2249,1019,2253,1019,2253,1036,2249,1036
2283,1019,2287,1019,2287,1036,2283,1036
2319,1019,2323,1019,2323,1036,2319,1036
2355,1019,2359,1019,2359,1036,2355,1036
2390,1019,2394,1019,2394,1036,2390,1036
2426,1019,2430,1019,2430,1036,2426,1036
2462,1019,2466,1019,2466,1036,2462,1036
2496,1019,2500,1019,2500,1036,2496,1036
2532,1019,2536,1019,2536,1036,2532,1036
2568,1019,2572,1019,2572,1036,2568,1036
2602,1019,2606,1019,2606,1036,2602,1036
2638,1019,2642,1019,2642,1036,2638,1036
2670,1019,2674,1019,2674,1036,2670,1036
2773,1035,2779,1035,2778,1058,2772,1058
2804,1035,2810,1035,2809,1058,2803,1058
2840,1036,2846,1036,2845,1059,2839,1059
2876,1037,2882,1037,2881,1060,2875,1060
2912,1038,2918,1038,2917,1061,2911,1061
2979,1044,2981,1044,2981,1055,2979,1055
2993,1052,2993,1043,3028,1044,3028,1053
4532,1040,4654,1040,4654,1074,4532,1074
3812,1040,4098,1040,4098,1080,3812,1080
1326,1046,1617,1046,1617,1104,1326,1104
2341,1070,2529,1070,2529,1124,2341,1124
2561,1070,2576,1070,2576,1124,2561,1124
2599,1070,2791,1070,2791,1124,2599,1124
1306,1131,1310,1131,1310,1148,1306,1148
1340,1131,1344,1131,1344,1148,1340,1148
1374,1132,1378,1132,1378,1149,1374,1149
1410,1132,1414,1132,1414,1149,1410,1149
1459,1133,1498,1133,1498,1150,1459,1150
1603,1135,1605,1135,1605,1146,1603,1146
3975,1118,4102,1118,4102,1181,3975,1181
1160,1245,1160,1242,1174,1242,1174,1245
2985,1297,2987,1242,3023,1243,3021,1298
1161,1281,1161,1278,1175,1278,1175,1281
1161,1315,1161,1312,1175,1312,1175,1315
1162,1345,1162,1342,1176,1342,1176,1345
1276,1351,1280,1351,1279,1367,1275,1367
1310,1354,1314,1354,1313,1370,1309,1370
1346,1357,1350,1357,1349,1373,1345,1373
1066,1388,1112,1388,1112,1420,1066,1420
1769,1384,1816,1384,1816,1421,1769,1421
2555,1388,2604,1388,2604,1419,2555,1419
1053,1498,1287,1498,1287,1560,1053,1560
1316,1498,1333,1498,1333,1560,1316,1560
1772,1514,2010,1514,2010,1556,1772,1556
2037,1514,2048,1514,2048,1556,2037,1556
1021,1601,1021,1547,1052,1547,1052,1601
1977,1599,1980,1548,2010,1550,2007,1601
3717,1547,3980,1547,3980,1632,3717,1632
4035,1547,4238,1547,4238,1632,4035,1632
4302,1547,4380,1547,4380,1632,4302,1632
4388,1547,4466,1547,4466,1632,4388,1632
4481,1547,4565,1547,4565,1632,4481,1632
3775,1668,3881,1668,3881,1742,3775,1742
3870,1668,3891,1668,3891,1742,3870,1742
3892,1668,3913,1668,3913,1742,3892,1742
4088,1667,4111,1667,4111,1747,4088,1747
4137,1667,4160,1667,4160,1747,4137,1747
4170,1667,4193,1667,4193,1747,4170,1747
4386,1667,4490,1667,4490,1747,4386,1747
4063,1795,4279,1795,4279,1872,4063,1872
4305,1795,4564,1795,4564,1872,4305,1872
4666,1547,4799,1547,4799,1632,4666,1632
4709,1667,4769,1667,4769,1747,4709,1747
1187,1700,1183,1707,1156,1691,1161,1684
1169,1730,1165,1737,1138,1721,1143,1714
1151,1760,1147,1767,1120,1751,1125,1744
1132,1789,1128,1796,1101,1780,1106,1773
1159,1769,1159,1765,1176,1766,1176,1770
1158,1804,1158,1800,1175,1801,1175,1805
1156,1840,1156,1836,1173,1837,1173,1841
800,1903,802,1903,802,1914,800,1914
836,1895,842,1895,842,1918,836,1918
872,1895,878,1895,878,1918,872,1918
908,1895,914,1895,914,1918,908,1918
944,1895,950,1895,950,1918,944,1918
978,1895,984,1895,984,1918,978,1918
1014,1895,1020,1895,1020,1918,1014,1918
1052,1895,1058,1895,1058,1918,1052,1918
1086,1895,1092,1895,1092,1918,1086,1918
1693,1920,1733,1920,1733,1963,1693,1963
2786,1929,2821,1932,2819,1949,2784,1946
2298,1952,2302,1952,2302,1969,2298,1969
2321,1952,2325,1952,2325,1969,2321,1969
2344,1952,2348,1952,2348,1969,2344,1969
2368,1951,2372,1951,2372,1968,2368,1968
2393,1951,2397,1951,2397,1968,2393,1968
2416,1950,2420,1950,2420,1967,2416,1967
2440,1950,2444,1950,2444,1967,2440,1967
2463,1949,2467,1949,2467,1966,2463,1966
2487,1949,2491,1949,2491,1966,2487,1966
2630,1950,2634,1950,2634,1967,2630,1967
2676,1949,2680,1949,2680,1966,2676,1966
2700,1949,2704,1949,2704,1966,2700,1966
2747,1948,2751,1948,2751,1965,2747,1965
1185,1963,1247,1966,1246,1997,1184,1994
1629,1962,1661,1962,1661,1997,1629,1997
2534,1953,2538,1953,2538,1970,2534,1970
2558,1952,2562,1952,2562,1969,2558,1969
2528,1974,2567,1974,2567,1995,2528,1995
3882,1914,4082,1914,4082,1962,3882,1962
4114,1914,4127,1914,4127,1962,4114,1962
4156,1914,4361,1914,4361,1962,4156,1962
3878,1983,4139,1983,4139,2033,3878,2033
4167,1983,4181,1983,4181,2033,4167,2033
3883,2057,4137,2057,4137,2105,3883,2105
4164,2057,4177,2057,4177,2105,4164,2105
3885,2129,3986,2129,3986,2177,3885,2177
4012,2129,4064,2129,4064,2177,4012,2177
4080,2129,4208,2129,4208,2177,4080,2177
3879,2203,4186,2203,4186,2251,3879,2251
3871,2266,3966,2266,3966,2324,3871,2324
4563,1913,4605,1913,4605,1969,4563,1969
4615,1913,4631,1913,4631,1969,4615,1969
4637,1913,4679,1913,4679,1969,4637,1969
4699,1913,4771,1913,4771,1969,4699,1969
4564,1983,4618,1983,4618,2031,4564,2031
4613,1983,4626,1983,4626,2031,4613,2031
4635,1983,4678,1983,4678,2031,4635,2031
4698,1983,4768,1983,4768,2031,4698,2031
4560,2055,4574,2055,4574,2105,4560,2105
4586,2055,4600,2055,4600,2105,4586,2105
4602,2055,4649,2055,4649,2105,4602,2105
4668,2055,4742,2055,4742,2105,4668,2105
4559,2129,4572,2129,4572,2176,4559,2176
4583,2129,4596,2129,4596,2176,4583,2176
4611,2129,4645,2129,4645,2176,4611,2176
4663,2129,4741,2129,4741,2176,4663,2176
4564,2199,4578,2199,4578,2250,4564,2250
4585,2199,4599,2199,4599,2250,4585,2250
4609,2199,4647,2199,4647,2250,4609,2250
4661,2199,4746,2199,4746,2250,4661,2250
4565,2271,4578,2271,4578,2317,4565,2317
4583,2271,4596,2271,4596,2317,4583,2317
4604,2271,4646,2271,4646,2317,4604,2317
4667,2271,4743,2271,4743,2317,4667,2317
4549,2342,4614,2342,4614,2393,4549,2393
4614,2342,4628,2342,4628,2393,4614,2393
4631,2342,4678,2342,4678,2393,4631,2393
4690,2342,4774,2342,4774,2393,4690,2393
2100,2243,2350,2236,2352,2309,2102,2316
1400,2323,1400,2282,1437,2282,1437,2323
1950,2341,1950,2296,1985,2296,1985,2341
3045,2263,3045,2333,3009,2333,3009,2263
3045,2337,3045,2347,3009,2347,3009,2337
3045,2347,3045,2399,3009,2399,3009,2347
3722,2482,3807,2482,3807,2518,3722,2518
3821,2482,3831,2482,3831,2518,3821,2518
3840,2482,3880,2482,3880,2518,3840,2518
3891,2482,3995,2482,3995,2518,3891,2518
4012,2482,4064,2482,4064,2518,4012,2518
4076,2482,4200,2482,4200,2518,4076,2518
4216,2482,4258,2482,4258,2518,4216,2518
4266,2482,4365,2482,4365,2518,4266,2518
4382,2482,4452,2482,4452,2518,4382,2518
4468,2482,4530,2482,4530,2518,4468,2518
4545,2482,4596,2482,4596,2518,4545,2518
4608,2482,4704,2482,4704,2518,4608,2518
4719,2482,4868,2482,4868,2518,4719,2518
3884,2534,4155,2534,4155,2596,3884,2596
4562,2538,4608,2538,4608,2601,4562,2601
4628,2538,4698,2538,4698,2601,4628,2601
3903,2746,4061,2750,4060,2782,3902,2778
3766,2818,3806,2818,3806,2854,3766,2854
3767,2854,3827,2855,3827,2891,3767,2890
3767,2894,3831,2895,3831,2929,3767,2928
3767,2937,3803,2935,3804,2960,3768,2962
3769,2973,3803,2973,3803,3004,3769,3004
3885,2818,3895,2818,3895,2854,3885,2854
3903,2818,3980,2818,3980,2854,3903,2854
3997,2818,4106,2818,4106,2854,3997,2854
3883,2855,3892,2855,3892,2890,3883,2890
3897,2855,4011,2856,4011,2892,3897,2891
4023,2856,4114,2857,4114,2893,4023,2892
4134,2857,4215,2858,4215,2894,4134,2893
3883,2895,3892,2895,3892,2929,3883,2929
3906,2895,4011,2896,4011,2931,3906,2930
4032,2896,4134,2897,4134,2932,4032,2931
4144,2897,4259,2898,4259,2932,4144,2931
3881,2938,3889,2938,3889,2969,3881,2969
3899,2938,3978,2938,3978,2969,3899,2969
3985,2938,4103,2938,4103,2969,3985,2969
3877,2972,3886,2972,3886,3006,3877,3006
3899,2972,4011,2972,4011,3006,3899,3006
4029,2972,4174,2972,4174,3006,4029,3006
3879,3010,3888,3010,3888,3045,3879,3045
3901,3010,4010,3010,4010,3045,3901,3045
4019,3010,4028,3010,4028,3045,4019,3045
4031,3010,4081,3010,4081,3045,4031,3045
4095,3010,4358,3010,4358,3045,4095,3045
3881,3050,3889,3050,3889,3081,3881,3081
3899,3050,3973,3051,3973,3083,3899,3082
3990,3052,4024,3052,4024,3083,3990,3083
4036,3052,4176,3054,4176,3086,4036,3084
3878,3088,3887,3088,3887,3122,3878,3122
3899,3088,3993,3088,3993,3122,3899,3122
4006,3088,4125,3088,4125,3122,4006,3122
3878,3128,3886,3128,3886,3160,3878,3160
3898,3128,3968,3128,3968,3160,3898,3160
3978,3128,3986,3128,3986,3160,3978,3160
3985,3128,4065,3128,4065,3160,3985,3160
3875,3164,3885,3164,3885,3200,3875,3200
3889,3164,3981,3164,3981,3200,3889,3200
3986,3164,3996,3164,3996,3200,3986,3200
3996,3164,4077,3164,4077,3200,3996,3200
3766,3014,3807,3011,3809,3042,3768,3045
3764,3046,3809,3046,3809,3086,3764,3086
3763,3090,3807,3081,3815,3120,3771,3129
2448,3058,2513,3058,2513,3093,2448,3093
2525,3058,2551,3058,2551,3093,2525,3093
2572,3057,2736,3056,2736,3092,2572,3093
2742,3057,2783,3057,2783,3092,2742,3092
2799,3056,3031,3055,3031,3091,2799,3092
3046,3055,3218,3054,3218,3090,3046,3091
3233,3055,3265,3055,3265,3090,3233,3090
3276,3055,3332,3055,3332,3090,3276,3090
3343,3055,3352,3055,3352,3090,3343,3090
3361,3055,3381,3055,3381,3090,3361,3090
3400,3054,3502,3054,3502,3089,3400,3089
3514,3054,3546,3054,3546,3089,3514,3089
2440,3096,2553,3096,2553,3128,2440,3128
2564,3096,2587,3096,2587,3128,2564,3128
2601,3096,2745,3096,2745,3128,2601,3128
2767,3096,2775,3096,2775,3128,2767,3128
2780,3096,2788,3096,2788,3128,2780,3128
2790,3096,2798,3096,2798,3128,2790,3128
2812,3096,2938,3096,2938,3128,2812,3128
2947,3096,2998,3096,2998,3128,2947,3128
3006,3096,3208,3096,3208,3128,3006,3128
3223,3096,3288,3096,3288,3128,3223,3128
3297,3096,3348,3096,3348,3128,3297,3128
3364,3096,3468,3096,3468,3128,3364,3128
3479,3096,3515,3096,3515,3128,3479,3128
2442,3134,2621,3134,2621,3166,2442,3166
2638,3134,2667,3134,2667,3166,2638,3166
2686,3134,2694,3134,2694,3166,2686,3166
2699,3134,2707,3134,2707,3166,2699,3166
2710,3134,2889,3134,2889,3166,2710,3166
2894,3134,2902,3134,2902,3166,2894,3166
2440,3174,2494,3174,2494,3205,2440,3205
2508,3174,2664,3174,2664,3205,2508,3205
2679,3174,2738,3174,2738,3205,2679,3205
2750,3174,2875,3174,2875,3205,2750,3205
2880,3174,2888,3174,2888,3205,2880,3205
2901,3174,3002,3174,3002,3205,2901,3205
3019,3174,3047,3174,3047,3205,3019,3205
3056,3174,3064,3174,3064,3205,3056,3205
3063,3174,3071,3174,3071,3205,3063,3205
3073,3174,3275,3174,3275,3205,3073,3205
3283,3174,3332,3174,3332,3205,3283,3205
3347,3174,3536,3174,3536,3205,3347,3205
2444,3210,2511,3210,2511,3242,2444,3242
2519,3210,2615,3210,2615,3242,2519,3242
2631,3210,2639,3210,2639,3242,2631,3242
2658,3210,2707,3210,2707,3242,2658,3242
2724,3210,2836,3210,2836,3242,2724,3242
2839,3210,2847,3210,2847,3242,2839,3242
2864,3210,2936,3210,2936,3242,2864,3242
2947,3210,3127,3210,3127,3242,2947,3242
3142,3210,3178,3210,3178,3242,3142,3242
3188,3210,3280,3210,3280,3242,3188,3242
3299,3210,3350,3210,3350,3242,3299,3242
3365,3210,3472,3210,3472,3242,3365,3242
3487,3210,3533,3210,3533,3242,3487,3242
3551,3210,3574,3210,3574,3242,3551,3242
2446,3250,2492,3250,2492,3285,2446,3285
2507,3249,2633,3248,2633,3284,2507,3285
2644,3248,2684,3248,2684,3284,2644,3284
2695,3248,2808,3247,2808,3283,2695,3284
2825,3247,2834,3247,2834,3282,2825,3282
2839,3247,2848,3247,2848,3282,2839,3282
2848,3247,3024,3246,3024,3282,2848,3283
3032,3246,3041,3246,3041,3281,3032,3281
3764,3122,3809,3122,3809,3162,3764,3162
3761,3164,3814,3164,3814,3200,3761,3200
4486,3156,4496,3156,4496,3192,4486,3192
4497,3156,4675,3156,4675,3192,4497,3192
4688,3156,4715,3156,4715,3192,4688,3192
4727,3156,4849,3156,4849,3192,4727,3192
4486,3224,4495,3224,4495,3258,4486,3258
4503,3224,4612,3224,4612,3258,4503,3258
4627,3224,4658,3224,4658,3258,4627,3258
4665,3224,4724,3224,4724,3258,4665,3258
4727,3224,4736,3224,4736,3258,4727,3258
4740,3224,4866,3224,4866,3258,4740,3258
4503,3258,4588,3258,4588,3292,4503,3292
4610,3258,4619,3258,4619,3292,4610,3292
4638,3258,4647,3258,4647,3292,4638,3292
4652,3258,4661,3258,4661,3292,4652,3292
4665,3258,4690,3258,4690,3292,4665,3292
4708,3258,4717,3258,4717,3292,4708,3292
3582,3373,3626,3373,3626,3407,3582,3407
3999,3363,4098,3366,4097,3408,3998,3405
4112,3367,4123,3367,4122,3408,4111,3408
4286,3363,4343,3363,4343,3407,4286,3407
4346,3363,4358,3363,4358,3407,4346,3407
4362,3363,4419,3363,4419,3407,4362,3407
4418,3363,4430,3363,4430,3407,4418,3407
4432,3363,4532,3363,4532,3407,4432,3407
