3801,177,4449,177,4449,324,3801,324
3803,314,4442,314,4442,453,3803,453
4060,594,4517,594,4517,723,4060,723
2072,665,2321,665,2321,709,2072,709
2878,773,2878,727,2910,727,2910,773
4130,808,4214,808,4214,840,4130,840
4232,808,4273,808,4273,840,4232,840
4288,808,4472,808,4472,840,4288,840
2928,1061,2926,1038,2934,1037,2936,1060
2942,1031,2944,1031,2944,1057,2942,1057
3812,1040,4098,1040,4098,1080,3812,1080
640,1060,653,1060,652,1107,639,1107
679,1061,692,1061,691,1108,678,1108
712,1062,725,1062,724,1109,711,1109
751,1062,764,1062,763,1109,750,1109
784,1063,797,1063,796,1110,783,1110
818,1064,831,1064,830,1111,817,1111
856,1064,869,1064,868,1111,855,1111
890,1065,903,1065,902,1112,889,1112
924,1066,937,1066,936,1113,923,1113
962,1066,975,1066,974,1113,961,1113
996,1067,1009,1067,1008,1114,995,1114
1029,1068,1042,1068,1041,1115,1028,1115
678,1081,681,1081,681,1096,678,1096
709,1081,712,1081,712,1096,709,1096
747,1081,750,1081,750,1096,747,1096
782,1081,785,1081,785,1096,782,1096
817,1081,820,1081,820,1096,817,1096
853,1081,856,1081,856,1096,853,1096
888,1081,891,1081,891,1096,888,1096
923,1081,926,1081,926,1096,923,1096
958,1081,961,1081,961,1096,958,1096
2607,1072,2766,1062,2767,1081,2608,1091
1127,1070,1187,1071,1186,1118,1126,1117
2571,1095,2575,1095,2574,1112,2570,1112
2595,1096,2599,1096,2598,1113,2594,1113
2618,1097,2622,1097,2621,1114,2617,1114
1224,1095,1258,1091,1262,1131,1228,1135
2640,1098,2644,1098,2643,1115,2639,1115
2667,1099,2671,1099,2670,1116,2666,1116
2690,1100,2694,1100,2693,1117,2689,1117
2713,1100,2717,1100,2716,1117,2712,1117
2735,1101,2739,1101,2738,1118,2734,1118
1382,1158,1377,1152,1400,1134,1405,1140
1360,1130,1355,1124,1378,1106,1383,1112
1338,1101,1333,1095,1356,1077,1361,1083
2464,1114,2503,1110,2505,1133,2466,1137
4209,1241,4246,1241,4246,1270,4209,1270
4286,1241,4378,1241,4378,1270,4286,1270
1220,1293,1228,1293,1228,1324,1220,1324
1255,1293,1263,1293,1263,1324,1255,1324
1290,1293,1298,1293,1298,1324,1290,1324
1325,1293,1333,1293,1333,1324,1325,1324
1361,1293,1369,1293,1369,1324,1361,1324
1371,1343,1371,1347,1353,1347,1353,1343
1371,1413,1371,1417,1353,1417,1353,1413
908,1416,1147,1412,1148,1459,909,1463
1173,1412,1186,1412,1187,1458,1174,1458
1371,1449,1371,1453,1353,1453,1353,1449
662,1501,662,1450,694,1450,694,1501
1627,1414,1866,1414,1866,1456,1627,1456
1893,1414,1904,1414,1904,1456,1893,1456
1734,1485,1776,1485,1776,1527,1734,1527
2005,1479,2005,1429,2036,1429,2036,1479
2318,1413,2506,1413,2506,1461,2318,1461
2540,1413,2553,1413,2553,1461,2540,1461
2577,1413,2771,1413,2771,1461,2577,1461
2521,1485,2569,1485,2569,1527,2521,1527
1371,1485,1371,1489,1353,1489,1353,1485
1006,1481,1052,1484,1049,1531,1003,1528
1371,1519,1371,1523,1353,1523,1353,1519
1371,1555,1371,1559,1353,1559,1353,1555
1371,1592,1371,1596,1353,1596,1353,1592
1112,1628,1115,1628,1115,1641,1112,1641
1371,1630,1371,1634,1353,1634,1353,1630
1147,1628,1150,1628,1150,1641,1147,1641
1182,1628,1185,1628,1185,1641,1182,1641
1218,1627,1220,1627,1220,1639,1218,1639
1253,1627,1255,1627,1255,1639,1253,1639
1089,1668,1089,1672,1071,1672,1071,1668
1089,1704,1089,1708,1071,1708,1071,1704
2871,1789,2871,1732,2911,1732,2911,1789
1054,1845,1054,1837,1085,1838,1085,1846
1055,1813,1055,1805,1086,1806,1086,1814
1056,1778,1056,1770,1087,1771,1087,1779
1057,1743,1057,1735,1088,1736,1088,1744
1694,1796,1694,1754,1752,1754,1752,1796
818,1838,822,1838,823,1855,819,1855
852,1837,856,1837,857,1854,853,1854
888,1835,892,1835,893,1852,889,1852
924,1833,928,1833,929,1850,925,1850
994,1833,999,1833,999,1854,994,1854
1029,1833,1034,1833,1034,1854,1029,1854
1357,1841,1363,1841,1363,1865,1357,1865
1392,1842,1396,1842,1396,1866,1392,1866
1437,1843,1441,1843,1441,1867,1437,1867
1499,1843,1505,1843,1505,1867,1499,1867
1534,1844,1540,1844,1540,1868,1534,1868
1569,1844,1575,1844,1575,1868,1569,1868
1604,1845,1610,1845,1610,1869,1604,1869
1665,1893,1665,1901,1635,1900,1635,1892
1664,1927,1664,1935,1634,1934,1634,1926
850,1945,898,1941,901,1983,853,1987
1002,1934,1041,1931,1044,1974,1005,1977
2064,1955,2067,1955,2067,1970,2064,1970
2101,1955,2104,1955,2104,1970,2101,1970
2136,1955,2139,1955,2139,1970,2136,1970
2171,1955,2174,1955,2174,1970,2171,1970
2241,1955,2244,1955,2244,1970,2241,1970
2277,1955,2280,1955,2280,1970,2277,1970
2312,1955,2315,1955,2315,1970,2312,1970
2454,1955,2457,1955,2457,1970,2454,1970
2489,1955,2492,1955,2492,1970,2489,1970
2525,1955,2528,1955,2528,1970,2525,1970
2597,1955,2600,1955,2600,1970,2597,1970
2702,1955,2705,1955,2705,1970,2702,1970
2737,1955,2740,1955,2740,1970,2737,1970
2880,1955,2883,1955,2883,1970,2880,1970
2915,1955,2918,1955,2918,1970,2915,1970
1279,1961,1285,1961,1284,1984,1278,1984
1315,1962,1321,1962,1320,1985,1314,1985
1351,1963,1357,1963,1356,1986,1350,1986
1387,1964,1393,1964,1392,1987,1386,1987
1423,1966,1429,1966,1428,1989,1422,1989
1456,1967,1462,1967,1461,1990,1455,1990
3717,1547,3980,1547,3980,1632,3717,1632
4035,1547,4238,1547,4238,1632,4035,1632
4302,1547,4380,1547,4380,1632,4302,1632
4399,1547,4463,1547,4463,1632,4399,1632
4481,1547,4565,1547,4565,1632,4481,1632
4666,1547,4797,1547,4797,1632,4666,1632
3771,1676,3871,1676,3871,1732,3771,1732
3867,1676,3883,1676,3883,1732,3867,1732
3895,1676,3911,1676,3911,1732,3895,1732
4088,1667,4111,1667,4111,1747,4088,1747
4137,1667,4160,1667,4160,1747,4137,1747
4170,1667,4193,1667,4193,1747,4170,1747
4389,1667,4493,1667,4493,1747,4389,1747
4709,1667,4769,1667,4769,1747,4709,1747
4067,1795,4286,1795,4286,1872,4067,1872
4308,1795,4568,1795,4568,1872,4308,1872
3847,1913,4043,1913,4043,1961,3847,1961
4077,1913,4090,1913,4090,1961,4077,1961
4119,1913,4324,1913,4324,1961,4119,1961
4524,1906,4569,1906,4569,1968,4524,1968
4576,1906,4593,1906,4593,1968,4576,1968
4593,1906,4638,1906,4638,1968,4593,1968
4655,1906,4735,1906,4735,1968,4655,1968
3840,1985,4095,1985,4095,2031,3840,2031
4130,1985,4143,1985,4143,2031,4130,2031
4530,1978,4575,1978,4575,2040,4530,2040
4576,1978,4593,1978,4593,2040,4576,2040
4593,1978,4638,1978,4638,2040,4593,2040
4655,1978,4735,1978,4735,2040,4655,2040
3842,2057,4096,2057,4096,2105,3842,2105
4123,2057,4136,2057,4136,2105,4123,2105
4522,2054,4537,2054,4537,2108,4522,2108
4550,2054,4565,2054,4565,2108,4550,2108
4572,2054,4602,2054,4602,2108,4572,2108
4628,2054,4707,2054,4707,2108,4628,2108
3847,2127,4050,2127,4050,2175,3847,2175
4520,2127,4533,2127,4533,2175,4520,2175
4549,2127,4562,2127,4562,2175,4549,2175
4559,2127,4611,2127,4611,2175,4559,2175
4626,2127,4705,2127,4705,2175,4626,2175
3842,2199,3952,2199,3952,2247,3842,2247
3976,2199,4028,2199,4028,2247,3976,2247
4044,2199,4172,2199,4172,2247,4044,2247
4522,2198,4537,2198,4537,2252,4522,2252
4550,2198,4565,2198,4565,2252,4550,2252
4565,2198,4605,2198,4605,2252,4565,2252
4628,2198,4707,2198,4707,2252,4628,2252
4529,2271,4542,2271,4542,2319,4529,2319
4549,2271,4562,2271,4562,2319,4549,2319
4568,2271,4603,2271,4603,2319,4568,2319
4626,2271,4705,2271,4705,2319,4626,2319
4517,2342,4567,2342,4567,2396,4517,2396
4576,2342,4591,2342,4591,2396,4576,2396
4592,2342,4652,2342,4652,2396,4592,2396
4662,2342,4731,2342,4731,2396,4662,2396
1694,2016,1694,1974,1752,1974,1752,2016
2023,2002,2023,1998,2041,2000,2041,2004
1201,2016,1201,2012,1219,2014,1219,2018
2917,2018,2915,2007,2956,2000,2958,2011
1663,1965,1663,1973,1633,1972,1633,1964
1662,1999,1662,2007,1632,2006,1632,1998
1662,2033,1662,2041,1632,2040,1632,2032
1661,2055,1660,2109,1630,2108,1631,2054
2020,2036,2020,2032,2038,2034,2038,2038
1198,2052,1198,2048,1216,2050,1216,2054
778,2042,873,2042,873,2093,778,2093
898,2042,945,2042,945,2093,898,2093
958,2042,1075,2042,1075,2093,958,2093
1269,2016,1457,2016,1457,2083,1269,2083
1195,2084,1195,2080,1213,2082,1213,2086
1121,2099,1121,2095,1138,2095,1138,2099
2948,2193,2938,2139,2980,2132,2989,2186
2932,2105,2925,2068,2967,2060,2973,2098
714,2134,714,2140,689,2140,689,2134
1121,2159,1121,2155,1138,2155,1138,2159
714,2168,714,2174,689,2174,689,2168
773,2150,777,2155,757,2169,754,2164
789,2172,793,2177,773,2191,770,2186
1694,2185,1694,2169,1752,2169,1752,2185
1040,2222,1040,2174,1071,2174,1071,2222
714,2204,714,2210,689,2210,689,2204
810,2200,814,2205,794,2219,791,2214
2488,2204,2541,2204,2541,2238,2488,2238
655,2237,655,2241,639,2242,639,2238
714,2238,714,2244,689,2244,689,2238
1563,2204,1658,2198,1663,2272,1568,2278
831,2228,835,2233,815,2247,812,2242
1694,2266,1694,2235,1752,2235,1752,2266
855,2252,860,2255,850,2276,845,2274
714,2279,714,2285,689,2285,689,2279
886,2267,891,2270,881,2291,876,2289
2036,2295,2050,2298,2041,2346,2027,2343
2060,2300,2074,2303,2065,2351,2051,2348
2105,2308,2119,2311,2110,2359,2096,2356
2139,2315,2153,2318,2144,2366,2130,2363
2188,2324,2202,2327,2193,2375,2179,2372
2222,2330,2236,2333,2227,2381,2213,2378
2257,2337,2271,2340,2262,2388,2248,2385
2296,2345,2310,2348,2301,2396,2287,2393
3830,2278,3923,2270,3927,2317,3834,2325
2385,2312,2389,2312,2389,2329,2385,2329
2327,2320,2327,2325,2306,2325,2306,2320
2419,2312,2423,2312,2423,2329,2419,2329
2490,2311,2494,2311,2494,2328,2490,2328
2467,2319,2467,2324,2446,2325,2446,2320
2526,2311,2530,2311,2530,2328,2526,2328
2633,2311,2638,2311,2638,2332,2633,2332
2608,2320,2608,2324,2590,2324,2590,2320
2668,2311,2673,2311,2673,2332,2668,2332
2775,2310,2779,2310,2779,2328,2775,2328
2703,2311,2708,2311,2708,2332,2703,2332
2809,2309,2813,2309,2813,2327,2809,2327
2741,2311,2745,2311,2745,2329,2741,2329
2327,2353,2327,2358,2306,2358,2306,2353
2468,2352,2468,2357,2447,2358,2447,2353
2608,2353,2608,2357,2590,2357,2590,2353
2751,2352,2751,2357,2729,2357,2729,2352
2942,2358,2942,2354,2960,2354,2960,2358
2114,2373,2122,2373,2122,2404,2114,2404
2198,2372,2206,2372,2206,2403,2198,2403
2223,2372,2231,2372,2231,2403,2223,2403
2258,2372,2266,2372,2266,2403,2258,2403
2290,2371,2298,2371,2298,2402,2290,2402
2359,2371,2387,2371,2387,2402,2359,2402
2364,2357,2399,2364,2390,2413,2355,2406
2457,2370,2465,2370,2465,2401,2457,2401
2493,2369,2534,2369,2534,2400,2493,2400
2637,2368,2678,2368,2678,2399,2637,2399
2235,2289,2235,2500,2212,2500,2212,2289
2796,2366,2804,2366,2804,2397,2796,2397
2327,2389,2327,2394,2306,2394,2306,2389
2608,2389,2608,2393,2590,2393,2590,2389
2751,2389,2751,2394,2729,2394,2729,2389
2327,2424,2327,2429,2306,2429,2306,2424
2608,2423,2608,2427,2590,2427,2590,2423
3719,2482,3806,2482,3806,2516,3719,2516
3823,2482,3832,2482,3832,2516,3823,2516
3840,2482,3878,2482,3878,2516,3840,2516
3892,2482,3994,2482,3994,2516,3892,2516
4013,2482,4061,2482,4061,2516,4013,2516
4072,2482,4198,2482,4198,2516,4072,2516
4211,2482,4260,2482,4260,2516,4211,2516
4269,2482,4369,2482,4369,2516,4269,2516
4384,2482,4455,2482,4455,2516,4384,2516
4464,2482,4528,2482,4528,2516,4464,2516
4544,2482,4597,2482,4597,2516,4544,2516
4608,2482,4707,2482,4707,2516,4608,2516
4716,2482,4870,2482,4870,2516,4716,2516
3846,2569,4114,2569,4114,2613,3846,2613
4528,2561,4576,2561,4576,2626,4528,2626
4589,2561,4660,2561,4660,2626,4589,2626
3903,2746,4061,2750,4060,2782,3902,2778
3766,2818,3806,2818,3806,2854,3766,2854
3767,2854,3827,2855,3827,2891,3767,2890
3767,2894,3831,2895,3831,2929,3767,2928
3767,2937,3803,2935,3804,2960,3768,2962
3769,2973,3803,2973,3803,3004,3769,3004
3885,2818,3895,2818,3895,2854,3885,2854
3903,2818,3980,2818,3980,2854,3903,2854
3997,2818,4106,2818,4106,2854,3997,2854
3883,2855,3892,2855,3892,2890,3883,2890
3897,2855,4011,2856,4011,2892,3897,2891
4023,2856,4114,2857,4114,2893,4023,2892
4134,2857,4215,2858,4215,2894,4134,2893
3883,2895,3892,2895,3892,2929,3883,2929
3906,2895,4011,2896,4011,2931,3906,2930
4032,2896,4134,2897,4134,2932,4032,2931
4144,2897,4259,2898,4259,2932,4144,2931
3881,2938,3889,2938,3889,2969,3881,2969
3899,2938,3978,2938,3978,2969,3899,2969
3985,2938,4103,2938,4103,2969,3985,2969
3877,2972,3886,2972,3886,3006,3877,3006
3899,2972,4011,2972,4011,3006,3899,3006
4029,2972,4174,2972,4174,3006,4029,3006
3879,3010,3888,3010,3888,3045,3879,3045
3901,3010,4015,3010,4015,3045,3901,3045
4019,3010,4028,3010,4028,3045,4019,3045
4031,3010,4081,3010,4081,3045,4031,3045
4095,3010,4364,3010,4364,3045,4095,3045
3881,3050,3889,3050,3889,3081,3881,3081
3899,3050,3973,3051,3973,3083,3899,3082
3990,3052,4024,3052,4024,3083,3990,3083
4036,3052,4176,3054,4176,3086,4036,3084
3878,3088,3887,3088,3887,3122,3878,3122
3899,3088,3993,3088,3993,3122,3899,3122
4006,3088,4125,3088,4125,3122,4006,3122
3878,3128,3886,3128,3886,3160,3878,3160
3898,3128,3968,3128,3968,3160,3898,3160
3978,3128,3986,3128,3986,3160,3978,3160
3985,3128,4065,3128,4065,3160,3985,3160
3875,3164,3885,3164,3885,3200,3875,3200
3889,3164,3981,3164,3981,3200,3889,3200
3986,3164,3996,3164,3996,3200,3986,3200
3996,3164,4077,3164,4077,3200,3996,3200
3766,3014,3807,3011,3809,3042,3768,3045
2448,3058,2513,3058,2513,3093,2448,3093
2525,3058,2551,3058,2551,3093,2525,3093
2572,3057,2736,3056,2736,3092,2572,3093
2742,3057,2783,3057,2783,3092,2742,3092
2799,3056,3031,3055,3031,3091,2799,3092
3046,3055,3218,3054,3218,3090,3046,3091
3233,3055,3265,3055,3265,3090,3233,3090
3276,3055,3332,3055,3332,3090,3276,3090
3343,3055,3352,3055,3352,3090,3343,3090
3361,3055,3381,3055,3381,3090,3361,3090
3400,3054,3502,3054,3502,3089,3400,3089
3514,3054,3546,3054,3546,3089,3514,3089
2440,3096,2553,3096,2553,3128,2440,3128
2564,3096,2587,3096,2587,3128,2564,3128
2601,3096,2745,3096,2745,3128,2601,3128
2767,3096,2775,3096,2775,3128,2767,3128
2780,3096,2788,3096,2788,3128,2780,3128
2790,3096,2798,3096,2798,3128,2790,3128
2812,3096,2938,3096,2938,3128,2812,3128
2947,3096,2998,3096,2998,3128,2947,3128
3006,3096,3208,3096,3208,3128,3006,3128
3223,3096,3288,3096,3288,3128,3223,3128
3297,3096,3348,3096,3348,3128,3297,3128
3364,3096,3468,3096,3468,3128,3364,3128
3479,3096,3515,3096,3515,3128,3479,3128
2442,3134,2621,3134,2621,3166,2442,3166
2638,3134,2667,3134,2667,3166,2638,3166
2686,3134,2694,3134,2694,3166,2686,3166
2699,3134,2707,3134,2707,3166,2699,3166
2710,3134,2889,3134,2889,3166,2710,3166
2894,3134,2902,3134,2902,3166,2894,3166
2440,3174,2494,3174,2494,3205,2440,3205
2508,3174,2664,3174,2664,3205,2508,3205
2679,3174,2738,3174,2738,3205,2679,3205
2750,3174,2875,3174,2875,3205,2750,3205
2880,3174,2888,3174,2888,3205,2880,3205
2901,3174,3002,3174,3002,3205,2901,3205
3019,3174,3047,3174,3047,3205,3019,3205
3056,3174,3064,3174,3064,3205,3056,3205
3063,3174,3071,3174,3071,3205,3063,3205
3073,3174,3275,3174,3275,3205,3073,3205
3283,3174,3332,3174,3332,3205,3283,3205
3347,3174,3536,3174,3536,3205,3347,3205
2444,3210,2511,3210,2511,3242,2444,3242
2519,3210,2615,3210,2615,3242,2519,3242
2631,3210,2639,3210,2639,3242,2631,3242
2658,3210,2707,3210,2707,3242,2658,3242
2724,3210,2836,3210,2836,3242,2724,3242
2839,3210,2847,3210,2847,3242,2839,3242
2864,3210,2936,3210,2936,3242,2864,3242
2947,3210,3127,3210,3127,3242,2947,3242
3142,3210,3178,3210,3178,3242,3142,3242
3188,3210,3280,3210,3280,3242,3188,3242
3299,3210,3350,3210,3350,3242,3299,3242
3365,3210,3472,3210,3472,3242,3365,3242
3487,3210,3533,3210,3533,3242,3487,3242
3551,3210,3574,3210,3574,3242,3551,3242
2446,3250,2492,3250,2492,3285,2446,3285
2507,3249,2633,3248,2633,3284,2507,3285
2644,3248,2684,3248,2684,3284,2644,3284
2695,3248,2808,3247,2808,3283,2695,3284
2825,3247,2834,3247,2834,3282,2825,3282
2839,3247,2848,3247,2848,3282,2839,3282
2848,3247,3024,3246,3024,3282,2848,3283
3032,3246,3041,3246,3041,3281,3032,3281
3764,3046,3809,3046,3809,3086,3764,3086
3766,3084,3811,3084,3811,3124,3766,3124
3764,3122,3809,3122,3809,3162,3764,3162
3761,3164,3814,3164,3814,3200,3761,3200
4486,3156,4496,3156,4496,3192,4486,3192
4501,3156,4679,3156,4679,3192,4501,3192
4691,3156,4725,3156,4725,3192,4691,3192
4731,3156,4852,3156,4852,3192,4731,3192
4488,3222,4497,3222,4497,3256,4488,3256
4509,3222,4618,3222,4618,3256,4509,3256
4629,3222,4660,3222,4660,3256,4629,3256
4666,3222,4727,3222,4727,3256,4666,3256
4733,3222,4742,3222,4742,3256,4733,3256
4741,3222,4867,3222,4867,3256,4741,3256
4509,3254,4590,3255,4589,3291,4508,3290
4610,3256,4619,3256,4618,3291,4609,3291
4639,3256,4648,3256,4647,3291,4638,3291
4657,3257,4666,3257,4665,3292,4656,3292
4665,3257,4697,3257,4696,3292,4664,3292
4715,3258,4724,3258,4723,3293,4714,3293
3582,3373,3626,3373,3626,3407,3582,3407
3997,3362,4097,3362,4097,3408,3997,3408
4107,3362,4120,3362,4120,3408,4107,3408
4290,3363,4338,3363,4338,3407,4290,3407
4348,3363,4360,3363,4360,3407,4348,3407
4366,3363,4415,3363,4415,3407,4366,3407
4420,3363,4432,3363,4432,3407,4420,3407
4434,3363,4534,3363,4534,3407,4434,3407
