332,166,362,166,362,220,332,220
508,166,538,166,538,220,508,220
692,166,712,166,712,220,692,220
860,166,890,166,890,220,860,220
1044,166,1064,166,1064,220,1044,220
2717,165,3036,165,3036,239,2717,239
2717,233,3062,233,3062,302,2717,302
1832,307,1888,307,1888,342,1832,342
1941,291,2051,286,2053,321,1943,326
2217,495,2217,438,2246,438,2246,495
2217,436,2217,428,2246,428,2246,436
2217,428,2217,390,2246,390,2246,428
2807,387,3154,387,3154,482,2807,482
3166,387,3193,387,3193,482,3166,482
2795,697,2840,697,2840,707,2795,707
2784,727,2893,727,2893,746,2784,746
2901,721,2998,723,2998,740,2901,738
2150,906,2150,837,2184,837,2184,906
2150,837,2150,828,2184,828,2184,837
2150,827,2150,763,2184,763,2184,827
816,854,1444,858,1444,894,816,890
1576,871,1628,869,1628,878,1576,880
1645,869,1682,869,1682,878,1645,878
3064,876,3062,934,3044,933,3046,875
3080,948,3081,927,3092,927,3091,948
1245,1077,1342,1077,1342,1125,1245,1125
1353,1077,1366,1077,1366,1125,1353,1125
1375,1077,1491,1077,1491,1125,1375,1125
1928,1079,2064,1079,2064,1121,1928,1121
995,1108,1001,1108,1000,1132,994,1132
1025,1109,1031,1109,1030,1133,1024,1133
1058,1110,1064,1110,1063,1134,1057,1134
1093,1111,1099,1111,1098,1135,1092,1135
1128,1112,1134,1112,1133,1136,1127,1136
1163,1113,1169,1113,1168,1137,1162,1137
1198,1114,1204,1114,1203,1138,1197,1138
1228,1115,1234,1115,1233,1139,1227,1139
1728,1284,1728,1275,1762,1276,1762,1285
1728,1267,1728,1258,1762,1259,1762,1268
1729,1242,1729,1233,1763,1234,1763,1243
1729,1228,1729,1219,1763,1220,1763,1229
1729,1207,1729,1198,1763,1199,1763,1208
1729,1190,1729,1181,1763,1182,1763,1191
1730,1169,1730,1160,1764,1161,1764,1170
1730,1148,1730,1139,1764,1140,1764,1149
1730,1130,1730,1121,1764,1122,1764,1131
1731,1109,1731,1100,1765,1101,1765,1110
1731,1095,1731,1086,1765,1087,1765,1096
1731,1071,1731,1062,1765,1063,1765,1072
1732,1053,1732,1044,1766,1045,1766,1054
1732,1032,1732,1023,1766,1024,1766,1033
1732,1017,1733,963,1767,964,1766,1018
1007,1190,1007,1194,990,1193,990,1189
1521,1228,1521,1217,1561,1217,1561,1228
1521,1211,1521,1200,1561,1200,1561,1211
1521,1198,1521,1160,1561,1160,1561,1198
2911,1196,2959,1196,2959,1239,2911,1239
2970,1196,3010,1196,3010,1239,2970,1239
3022,1196,3065,1196,3065,1239,3022,1239
2660,1196,2781,1196,2781,1239,2660,1239
2694,1252,2704,1252,2704,1289,2694,1289
2717,1252,2727,1252,2727,1289,2717,1289
2736,1252,2746,1252,2746,1289,2736,1289
3139,1146,3193,1147,3192,1182,3138,1181
3207,1147,3244,1148,3243,1183,3206,1182
3252,1148,3376,1150,3375,1185,3251,1183
3219,1196,3296,1196,3296,1239,3219,1239
3242,1254,3274,1254,3274,1289,3242,1289
1003,1253,1003,1257,986,1256,986,1252
2959,1258,3004,1253,3007,1285,2963,1290
1153,1278,1162,1278,1162,1312,1153,1312
1174,1278,1183,1278,1183,1312,1174,1312
1183,1278,1227,1278,1227,1312,1183,1312
1970,1277,1978,1277,1978,1308,1970,1308
1989,1277,1997,1277,1997,1308,1989,1308
1998,1277,2033,1277,2033,1308,1998,1308
1727,1344,1727,1335,1761,1336,1761,1345
2217,1431,2217,1379,2246,1379,2246,1431
2217,1375,2217,1367,2246,1367,2246,1375
2217,1364,2217,1326,2246,1326,2246,1364
1073,1405,1113,1405,1113,1421,1073,1421
1016,1400,1014,1451,996,1450,998,1399
2646,1338,2739,1338,2739,1378,2646,1378
2748,1338,2759,1338,2759,1378,2748,1378
2765,1338,2873,1338,2873,1378,2765,1378
2891,1338,2902,1338,2902,1378,2891,1378
2903,1338,2932,1338,2932,1378,2903,1378
2944,1338,3041,1338,3041,1378,2944,1378
3061,1338,3097,1338,3097,1378,3061,1378
3105,1338,3116,1338,3116,1378,3105,1378
2645,1389,2772,1385,2773,1417,2646,1421
2646,1436,2711,1436,2711,1470,2646,1470
2727,1436,2758,1436,2758,1470,2727,1470
2768,1436,2821,1436,2821,1470,2768,1470
2842,1436,2851,1436,2851,1470,2842,1470
2854,1436,2898,1436,2898,1470,2854,1470
3192,1337,3225,1337,3225,1373,3192,1373
3227,1337,3237,1337,3237,1373,3227,1373
3236,1337,3268,1337,3268,1373,3236,1373
3277,1337,3324,1337,3324,1373,3277,1373
3193,1384,3228,1383,3229,1422,3194,1423
3223,1384,3233,1384,3234,1422,3224,1422
3232,1383,3267,1382,3268,1421,3233,1422
3275,1382,3325,1380,3326,1418,3276,1420
3207,1434,3217,1434,3218,1472,3208,1472
3222,1434,3232,1434,3233,1472,3223,1472
3237,1433,3264,1432,3265,1471,3238,1472
3275,1432,3323,1430,3324,1468,3276,1470
651,1449,697,1453,694,1489,648,1485
1935,1451,2005,1451,2005,1480,1935,1480
2007,1451,2015,1451,2015,1480,2007,1480
2019,1451,2077,1451,2077,1480,2019,1480
1011,1507,1010,1522,993,1521,994,1506
1955,1515,2010,1515,2010,1544,1955,1544
2014,1515,2022,1515,2022,1544,2014,1544
2022,1515,2060,1515,2060,1544,2022,1544
994,1705,993,1664,1016,1663,1017,1704
993,1652,991,1556,1014,1555,1016,1651
1058,1664,1064,1664,1064,1687,1058,1687
1082,1664,1088,1664,1088,1687,1082,1687
1117,1663,1123,1663,1123,1688,1117,1688
1154,1663,1160,1663,1160,1688,1154,1688
1188,1663,1194,1663,1194,1688,1188,1688
1221,1663,1227,1663,1227,1688,1221,1688
1271,1663,1277,1663,1277,1688,1271,1688
1305,1663,1311,1663,1311,1688,1305,1688
1341,1663,1347,1663,1347,1688,1341,1688
1375,1663,1381,1663,1381,1688,1375,1688
1411,1663,1417,1663,1417,1688,1411,1688
1445,1663,1451,1663,1451,1688,1445,1688
769,1684,777,1684,778,1713,770,1713
826,1682,834,1682,835,1711,827,1711
844,1682,852,1682,853,1711,845,1711
877,1681,885,1681,886,1710,878,1710
913,1679,921,1679,922,1708,914,1708
752,1722,758,1722,758,1747,752,1747
754,1757,760,1757,761,1780,755,1780
794,1755,800,1755,801,1778,795,1778
826,1754,832,1754,833,1777,827,1777
864,1752,870,1752,871,1775,865,1775
891,1750,985,1745,986,1769,892,1774
963,1728,1028,1730,1027,1761,962,1759
1294,1708,1437,1712,1436,1756,1293,1752
1781,1740,1781,1686,1823,1686,1823,1740
1731,1801,1731,1790,1770,1790,1770,1801
1731,1777,1731,1766,1770,1766,1770,1777
1731,1732,1731,1696,1770,1696,1770,1732
2613,1790,2754,1791,2754,1827,2613,1826
2766,1790,2929,1791,2929,1827,2766,1826
2948,1791,3059,1792,3059,1828,2948,1827
3073,1793,3082,1793,3082,1828,3073,1828
3198,1793,3224,1793,3224,1828,3198,1828
3227,1793,3236,1793,3236,1828,3227,1828
3239,1794,3271,1794,3271,1829,3239,1829
3278,1794,3329,1794,3329,1829,3278,1829
774,1864,782,1865,779,1894,771,1893
828,1869,838,1869,839,1907,829,1907
843,1868,853,1868,854,1906,844,1906
859,1868,869,1868,870,1906,860,1906
872,1867,906,1866,907,1904,873,1905
2613,1863,2725,1863,2725,1892,2613,1892
2739,1863,2747,1863,2747,1892,2739,1892
3201,1855,3226,1856,3225,1890,3200,1889
3234,1856,3243,1856,3242,1890,3233,1890
3242,1855,3273,1856,3272,1891,3241,1890
3280,1857,3330,1858,3329,1892,3279,1891
1367,1874,1377,1874,1377,1912,1367,1912
1386,1874,1396,1874,1396,1912,1386,1912
1405,1874,1433,1874,1433,1912,1405,1912
664,1943,722,1943,722,1989,664,1989
737,1943,750,1943,750,1989,737,1989
751,1943,802,1943,802,1989,751,1989
2678,2036,2683,2036,2683,2058,2678,2058
2658,2073,2701,2073,2701,2096,2658,2096
2749,2036,2809,2036,2809,2059,2749,2059
2751,2074,2810,2074,2810,2099,2751,2099
2820,2074,2865,2074,2865,2099,2820,2099
2875,2074,2915,2074,2915,2099,2875,2099
3050,2053,3054,2053,3060,2110,3057,2111
3092,2048,3096,2048,3102,2105,3099,2106
3179,2050,3219,2050,3219,2073,3179,2073
3219,2050,3225,2050,3225,2073,3219,2073
3226,2050,3284,2050,3284,2073,3226,2073
3179,2077,3247,2077,3247,2100,3179,2100
3251,2077,3281,2077,3281,2100,3251,2100
3296,2077,3302,2077,3302,2100,3296,2100
3312,2077,3318,2077,3318,2100,3312,2100
3322,2077,3328,2077,3328,2100,3322,2100
3332,2077,3344,2077,3344,2100,3332,2100
3356,2077,3362,2077,3362,2100,3356,2100
3179,2037,3219,2033,3225,2091,3186,2096
3212,2035,3228,2033,3234,2091,3219,2093
3229,2032,3289,2025,3295,2084,3236,2091
2671,2113,2699,2116,2697,2136,2669,2133
2749,2116,2788,2116,2788,2137,2749,2137
2798,2116,2857,2116,2857,2137,2798,2137
2749,2153,2792,2153,2792,2174,2749,2174
2797,2153,2854,2153,2854,2174,2797,2174
3081,2122,3118,2122,3118,2145,3081,2145
3178,2123,3254,2123,3254,2144,3178,2144
3264,2123,3300,2123,3300,2144,3264,2144
3305,2123,3376,2123,3376,2144,3305,2144
2676,2151,2697,2154,2695,2172,2674,2170
3074,2165,3082,2165,3082,2194,3074,2194
3182,2167,3233,2168,3233,2198,3182,2197
3240,2168,3307,2169,3306,2199,3240,2198
3181,2213,3242,2214,3242,2237,3181,2236
3254,2214,3327,2215,3327,2238,3254,2237
2751,2208,2797,2208,2797,2229,2751,2229
2808,2208,2813,2208,2813,2229,2808,2229
2817,2208,2822,2208,2822,2229,2817,2229
2820,2208,2846,2208,2846,2229,2820,2229
2856,2208,2913,2208,2913,2229,2856,2229
170,2289,218,2289,218,2312,170,2312
223,2289,244,2289,244,2312,223,2312
257,2289,380,2289,380,2312,257,2312
386,2289,416,2289,416,2312,386,2312
425,2289,596,2289,596,2312,425,2312
607,2289,733,2289,733,2312,607,2312
741,2289,766,2289,766,2312,741,2312
775,2289,819,2289,819,2312,775,2312
822,2289,828,2289,828,2312,822,2312
837,2289,849,2289,849,2312,837,2312
864,2289,937,2289,937,2312,864,2312
950,2289,971,2289,971,2312,950,2312
982,2289,1060,2289,1060,2312,982,2312
1072,2289,1085,2289,1085,2312,1072,2312
1099,2289,1204,2289,1204,2312,1099,2312
1218,2289,1224,2289,1224,2312,1218,2312
1228,2289,1234,2289,1234,2312,1228,2312
1235,2289,1241,2289,1241,2312,1235,2312
1253,2289,1343,2289,1343,2312,1253,2312
1353,2289,1389,2289,1389,2312,1353,2312
1395,2289,1542,2289,1542,2312,1395,2312
1549,2289,1600,2289,1600,2312,1549,2312
1607,2289,1647,2289,1647,2312,1607,2312
1655,2289,1734,2289,1734,2312,1655,2312
1741,2289,1767,2289,1767,2312,1741,2312
1779,2289,1906,2289,1906,2312,1779,2312
1918,2289,1939,2289,1939,2312,1918,2312
1955,2289,1961,2289,1961,2312,1955,2312
1965,2289,1971,2289,1971,2312,1965,2312
1969,2289,2099,2289,2099,2312,1969,2312
2106,2289,2112,2289,2112,2312,2106,2312
166,2317,208,2317,208,2346,166,2346
216,2317,329,2317,329,2346,216,2346
339,2317,385,2317,385,2346,339,2346
387,2317,395,2317,395,2346,387,2346
395,2317,487,2317,487,2346,395,2346
489,2317,497,2317,497,2346,489,2346
503,2317,578,2317,578,2346,503,2346
591,2317,607,2317,607,2346,591,2346
615,2317,623,2317,623,2346,615,2346
621,2317,629,2317,629,2346,621,2346
626,2317,778,2317,778,2346,626,2346
781,2317,818,2317,818,2346,781,2346
829,2317,967,2317,967,2346,829,2346
981,2317,1025,2317,1025,2346,981,2346
1034,2317,1103,2317,1103,2346,1034,2346
1116,2317,1124,2317,1124,2346,1116,2346
1136,2317,1171,2317,1171,2346,1136,2346
1182,2317,1266,2317,1266,2346,1182,2346
1266,2317,1274,2317,1274,2346,1266,2346
1286,2317,1339,2317,1339,2346,1286,2346
1346,2317,1475,2317,1475,2346,1346,2346
1489,2317,1516,2317,1516,2346,1489,2346
1522,2317,1591,2317,1591,2346,1522,2346
1604,2317,1643,2317,1643,2346,1604,2346
1652,2317,1727,2317,1727,2346,1652,2346
1739,2317,1777,2317,1777,2346,1739,2346
1788,2317,1804,2317,1804,2346,1788,2346
1815,2317,1846,2317,1846,2346,1815,2346
1857,2317,1948,2317,1948,2346,1857,2346
1959,2317,1988,2317,1988,2346,1959,2346
1996,2317,2078,2317,2078,2346,1996,2346
2091,2317,2099,2317,2099,2346,2091,2346
2100,2317,2108,2317,2108,2346,2100,2346
2108,2317,2236,2317,2236,2346,2108,2346
2241,2317,2249,2317,2249,2346,2241,2346
2614,2300,2676,2300,2676,2339,2614,2339
2690,2300,2701,2300,2701,2339,2690,2339
2733,2300,2762,2300,2762,2339,2733,2339
2774,2300,2886,2300,2886,2339,2774,2339
2901,2300,2966,2300,2966,2339,2901,2339
