1006,160,1114,160,1114,178,1006,178
1148,160,1169,160,1169,178,1148,178
874,195,930,195,930,218,874,218
898,227,901,227,901,241,898,241
921,228,924,228,924,242,921,242
1092,196,1101,195,1103,230,1095,231
1236,186,1296,182,1298,217,1239,221
1241,177,1305,195,1289,251,1225,233
1339,205,1379,217,1363,272,1323,261
1852,181,1986,219,1971,269,1838,231
805,217,843,214,845,249,808,252
874,211,883,210,885,245,877,246
895,210,1021,201,1023,236,898,245
945,229,948,229,948,243,945,243
1202,231,1204,231,1204,241,1202,241
1225,231,1227,231,1227,241,1225,241
1248,231,1250,231,1250,241,1248,241
873,268,870,265,883,253,886,256
889,285,886,282,899,270,902,273
905,302,902,299,915,287,918,290
3801,177,4449,177,4449,324,3801,324
3803,314,4442,314,4442,453,3803,453
922,320,919,317,932,305,935,308
689,327,735,327,735,356,689,356
1378,324,1427,324,1427,358,1378,358
1982,327,2031,327,2031,358,1982,358
811,389,814,389,814,403,811,403
847,391,850,391,850,405,847,405
882,392,884,392,884,404,882,404
917,393,919,393,919,405,917,405
952,393,954,393,954,405,952,405
987,394,989,394,989,406,987,406
570,539,816,539,816,585,570,585
846,539,859,539,859,585,846,585
1270,530,1514,530,1514,592,1270,592
1532,530,1549,530,1549,592,1532,592
1865,539,2105,539,2105,585,1865,585
2130,539,2143,539,2143,585,2130,585
373,613,366,563,406,558,413,608
2188,635,2188,589,2220,589,2220,635
4060,594,4517,594,4517,723,4060,723
762,803,762,798,784,799,784,804
4129,808,4214,808,4214,840,4129,840
4232,808,4273,808,4273,840,4232,840
4288,808,4472,808,4472,840,4288,840
761,839,761,834,783,835,783,840
760,873,760,868,782,869,782,874
758,910,758,905,780,906,780,911
376,928,382,928,382,953,376,953
412,928,418,928,418,953,412,953
446,928,452,928,452,953,446,953
482,928,488,928,488,953,482,953
516,928,522,928,522,953,516,953
552,928,558,928,558,953,552,953
586,928,592,928,592,953,586,953
623,928,629,928,629,953,623,953
659,928,665,928,665,953,659,953
693,928,699,928,699,953,693,953
1038,951,1043,948,1055,969,1050,972
1008,969,1013,966,1025,987,1020,990
978,987,983,984,995,1005,990,1008
726,1004,731,1007,720,1028,714,1025
948,1005,953,1002,965,1023,960,1026
751,1018,756,1021,745,1042,739,1039
551,1013,722,1004,725,1068,554,1077
786,1038,791,1041,780,1062,774,1059
4532,1040,4654,1040,4654,1074,4532,1074
503,1100,515,1100,515,1143,503,1143
569,1100,617,1100,617,1143,569,1143
474,1180,477,1172,504,1182,501,1189
485,1146,497,1110,525,1119,512,1155
2048,1146,2134,1146,2134,1177,2048,1177
524,1172,530,1172,530,1197,524,1197
560,1172,566,1172,566,1197,560,1197
594,1172,600,1172,600,1197,594,1197
631,1172,637,1172,637,1197,631,1197
664,1172,670,1172,670,1197,664,1197
701,1172,707,1172,707,1197,701,1197
479,1198,580,1198,580,1256,479,1256
604,1198,647,1198,647,1256,604,1256
666,1198,785,1198,785,1256,666,1256
1264,1178,1555,1178,1555,1236,1264,1236
2186,1242,2189,1189,2224,1191,2221,1244
775,1319,802,1291,819,1307,792,1335
3791,1306,3801,1306,3801,1342,3791,1342
3915,1306,4000,1306,4000,1342,3915,1342
4009,1306,4019,1306,4019,1342,4009,1342
4055,1306,4121,1306,4121,1342,4055,1342
4336,1306,4677,1306,4677,1344,4336,1344
4682,1306,4692,1306,4692,1344,4682,1344
485,1365,488,1365,488,1378,485,1378
592,1353,598,1353,597,1376,591,1376
626,1354,632,1354,631,1377,625,1377
664,1356,670,1356,669,1379,663,1379
695,1358,701,1358,700,1381,694,1381
1618,1478,1654,1478,1654,1516,1618,1516
2042,1432,2042,1438,2019,1438,2019,1432
2042,1458,2042,1464,2019,1464,2019,1458
2042,1480,2042,1486,2019,1486,2019,1480
2042,1504,2042,1510,2019,1510,2019,1504
2042,1528,2042,1534,2019,1534,2019,1528
2042,1552,2042,1558,2019,1558,2019,1552
2077,1478,2077,1547,2054,1547,2054,1478
2006,1546,2006,1556,1969,1556,1969,1546
2097,1535,2102,1535,2103,1556,2098,1556
1480,1553,1484,1553,1484,1569,1480,1569
1516,1553,1520,1553,1520,1569,1516,1569
1625,1555,1629,1555,1629,1572,1625,1572
1659,1555,1663,1555,1663,1572,1659,1572
1354,1624,1354,1630,1329,1630,1329,1624
839,1635,839,1631,857,1631,857,1635
339,1635,339,1641,316,1641,316,1635
1354,1658,1354,1664,1329,1664,1329,1658
838,1671,838,1667,856,1667,856,1671
339,1674,339,1680,316,1680,316,1674
1354,1694,1354,1700,1329,1700,1329,1694
838,1705,838,1701,856,1701,856,1705
339,1710,339,1716,316,1716,316,1710
1354,1731,1354,1737,1329,1737,1329,1731
637,1761,637,1718,667,1718,667,1761
837,1741,837,1737,855,1737,855,1741
339,1746,339,1752,316,1752,316,1746
1354,1764,1354,1770,1329,1770,1329,1764
837,1777,837,1773,855,1773,855,1777
2127,1776,2127,1779,2114,1779,2114,1776
339,1782,339,1788,316,1788,316,1782
1354,1801,1354,1807,1329,1807,1329,1801
836,1811,836,1807,854,1807,854,1811
2127,1810,2127,1813,2114,1813,2114,1810
339,1815,339,1821,316,1821,316,1815
1354,1837,1354,1843,1329,1843,1329,1837
836,1847,836,1843,854,1843,854,1847
2127,1846,2127,1849,2114,1849,2114,1846
1354,1871,1354,1877,1329,1877,1329,1871
700,1866,706,1866,706,1891,700,1891
736,1866,742,1866,742,1891,736,1891
770,1866,776,1866,776,1891,770,1891
807,1866,813,1866,813,1891,807,1891
835,1880,835,1876,853,1876,853,1880
1354,1907,1354,1913,1329,1913,1329,1907
1342,1908,1348,1908,1348,1931,1342,1931
1393,1908,1399,1908,1399,1931,1393,1931
1429,1908,1435,1908,1435,1931,1429,1931
1465,1908,1471,1908,1471,1931,1465,1931
1501,1908,1507,1908,1507,1931,1501,1931
1536,1908,1542,1908,1542,1931,1536,1931
1570,1908,1576,1908,1576,1931,1570,1931
1606,1908,1612,1908,1612,1931,1606,1931
1642,1908,1648,1908,1648,1931,1642,1931
1678,1908,1684,1908,1684,1931,1678,1931
1712,1908,1718,1908,1718,1931,1712,1931
1748,1908,1754,1908,1754,1931,1748,1931
1784,1908,1790,1908,1790,1931,1784,1931
1820,1908,1826,1908,1826,1931,1820,1931
1854,1908,1860,1908,1860,1931,1854,1931
1890,1908,1896,1908,1896,1931,1890,1931
1926,1908,1932,1908,1932,1931,1926,1931
1962,1908,1968,1908,1968,1931,1962,1931
1998,1908,2004,1908,2004,1931,1998,1931
2031,1908,2037,1908,2037,1931,2031,1931
2067,1908,2073,1908,2073,1931,2067,1931
2106,1908,2112,1908,2112,1931,2106,1931
3720,1547,3980,1547,3980,1632,3720,1632
4035,1547,4238,1547,4238,1632,4035,1632
4302,1547,4380,1547,4380,1632,4302,1632
4399,1547,4463,1547,4463,1632,4399,1632
4481,1547,4565,1547,4565,1632,4481,1632
4666,1547,4797,1547,4797,1632,4666,1632
3775,1669,3881,1669,3881,1743,3775,1743
3870,1669,3891,1669,3891,1743,3870,1743
3892,1669,3913,1669,3913,1743,3892,1743
4090,1665,4113,1666,4110,1746,4087,1745
4139,1667,4162,1668,4159,1748,4136,1747
4172,1669,4195,1670,4192,1750,4169,1749
4384,1669,4492,1669,4492,1745,4384,1745
4699,1669,4769,1669,4769,1745,4699,1745
4063,1795,4279,1795,4279,1872,4063,1872
4305,1795,4564,1795,4564,1872,4305,1872
3881,1898,4074,1898,4074,1956,3881,1956
4110,1898,4126,1898,4126,1956,4110,1956
4151,1898,4359,1898,4359,1956,4151,1956
4552,1898,4605,1898,4605,1956,4552,1956
4609,1898,4625,1898,4625,1956,4609,1956
4622,1898,4676,1898,4676,1956,4622,1956
4689,1898,4763,1898,4763,1956,4689,1956
3874,1979,4127,1979,4127,2025,3874,2025
4162,1979,4175,1979,4175,2025,4162,2025
4558,1978,4608,1978,4608,2032,4558,2032
4611,1978,4626,1978,4626,2032,4611,2032
4631,1978,4671,1978,4671,2032,4631,2032
4689,1978,4768,1978,4768,2032,4689,2032
3875,2050,4130,2050,4130,2097,3875,2097
4161,2050,4174,2050,4174,2097,4161,2097
4557,2050,4570,2050,4570,2098,4557,2098
4581,2050,4594,2050,4594,2098,4581,2098
4594,2050,4656,2050,4656,2098,4594,2098
4658,2050,4737,2050,4737,2098,4658,2098
3875,2123,4129,2123,4129,2169,3875,2169
4159,2123,4172,2123,4172,2169,4159,2169
4557,2119,4571,2119,4571,2169,4557,2169
4583,2119,4597,2119,4597,2169,4583,2169
4590,2119,4655,2119,4655,2169,4590,2169
4660,2119,4734,2119,4734,2169,4660,2169
3873,2198,4180,2198,4180,2246,3873,2246
4552,2191,4566,2191,4566,2241,4552,2241
4583,2191,4597,2191,4597,2241,4583,2241
4592,2191,4648,2191,4648,2241,4592,2241
4660,2191,4734,2191,4734,2241,4660,2241
3878,2266,3981,2266,3981,2315,3878,2315
4008,2266,4062,2266,4062,2315,4008,2315
4071,2266,4202,2266,4202,2315,4071,2315
4554,2266,4569,2266,4569,2320,4554,2320
4582,2266,4597,2266,4597,2320,4582,2320
4600,2266,4650,2266,4650,2320,4600,2320
4660,2266,4739,2266,4739,2320,4660,2320
3870,2330,3957,2330,3957,2389,3870,2389
4561,2337,4574,2337,4574,2385,4561,2385
4580,2337,4593,2337,4593,2385,4580,2385
4595,2337,4647,2337,4647,2385,4595,2385
4657,2337,4736,2337,4736,2385,4657,2385
4554,2409,4596,2409,4596,2455,4554,2455
4609,2409,4622,2409,4622,2455,4609,2455
4623,2409,4674,2409,4674,2455,4623,2455
4688,2409,4764,2409,4764,2455,4688,2455
1803,2073,1803,2024,1834,2024,1834,2073
1452,2104,1507,2104,1507,2139,1452,2139
1270,2161,1456,2161,1456,2207,1270,2207
1486,2161,1499,2161,1499,2207,1486,2207
1529,2161,1719,2161,1719,2207,1529,2207
3521,2433,3533,2443,3495,2487,3483,2477
3565,2472,3577,2482,3539,2526,3527,2516
3719,2482,3807,2482,3807,2518,3719,2518
3823,2482,3833,2482,3833,2518,3823,2518
3839,2482,3878,2482,3878,2518,3839,2518
3893,2482,3999,2482,3999,2518,3893,2518
4009,2482,4060,2482,4060,2518,4009,2518
4073,2482,4199,2482,4199,2518,4073,2518
4214,2482,4260,2482,4260,2518,4214,2518
4265,2482,4367,2482,4367,2518,4265,2518
4384,2482,4455,2482,4455,2518,4384,2518
4465,2482,4529,2482,4529,2518,4465,2518
4547,2482,4598,2482,4598,2518,4547,2518
4610,2482,4706,2482,4706,2518,4610,2518
4718,2482,4871,2482,4871,2518,4718,2518
3882,2551,4150,2551,4150,2595,3882,2595
4558,2551,4598,2551,4598,2595,4558,2595
4617,2551,4690,2551,4690,2595,4617,2595
1293,2587,1346,2587,1346,2620,1293,2620
1108,2607,1112,2607,1112,2624,1108,2624
1130,2607,1134,2607,1134,2624,1130,2624
1153,2607,1157,2607,1157,2624,1153,2624
1176,2607,1180,2607,1180,2624,1176,2624
1200,2608,1204,2608,1204,2625,1200,2625
1225,2608,1229,2608,1229,2625,1225,2625
1248,2608,1252,2608,1252,2625,1248,2625
1272,2608,1276,2608,1276,2625,1272,2625
1317,2608,1321,2608,1321,2625,1317,2625
1340,2608,1344,2608,1344,2625,1340,2625
1365,2608,1369,2608,1369,2625,1365,2625
1389,2609,1393,2609,1393,2626,1389,2626
1414,2609,1418,2609,1418,2626,1414,2626
1437,2609,1441,2609,1441,2626,1437,2626
1508,2609,1512,2609,1512,2626,1508,2626
1531,2609,1535,2609,1535,2626,1531,2626
1626,2610,1630,2610,1630,2627,1626,2627
1650,2610,1654,2610,1654,2627,1650,2627
1664,2610,1668,2610,1668,2627,1664,2627
1697,2610,1701,2610,1701,2627,1697,2627
1720,2610,1724,2610,1724,2627,1720,2627
1743,2610,1747,2610,1747,2627,1743,2627
1767,2610,1771,2610,1771,2627,1767,2627
1792,2611,1796,2611,1796,2628,1792,2628
1815,2611,1819,2611,1819,2628,1815,2628
1461,2609,1465,2609,1465,2626,1461,2626
1481,2609,1485,2609,1485,2626,1481,2626
1482,2633,1488,2633,1488,2658,1482,2658
1554,2609,1558,2609,1558,2626,1554,2626
1580,2610,1584,2610,1584,2627,1580,2627
1603,2610,1607,2610,1607,2627,1603,2627
1566,2633,1608,2633,1608,2658,1566,2658
2195,2760,2231,2760,2231,2784,2195,2784
3903,2746,4061,2750,4060,2782,3902,2778
1401,2910,1658,2910,1658,2968,1401,2968
2289,2848,2289,2914,2253,2914,2253,2848
2289,2918,2289,2928,2253,2928,2253,2918
2289,2927,2289,2978,2253,2978,2253,2927
3766,2818,3806,2818,3806,2854,3766,2854
3766,2858,3829,2858,3829,2892,3766,2892
3767,2894,3831,2895,3831,2929,3767,2928
3768,2936,3802,2936,3802,2963,3768,2963
3769,2973,3803,2973,3803,3004,3769,3004
1800,3054,1800,3001,1837,3001,1837,3054
3885,2818,3895,2818,3895,2854,3885,2854
3903,2818,3980,2818,3980,2854,3903,2854
3997,2818,4106,2818,4106,2854,3997,2854
3882,2858,3891,2858,3891,2892,3882,2892
3899,2858,4011,2858,4011,2892,3899,2892
4026,2858,4113,2858,4113,2892,4026,2892
4131,2858,4211,2858,4211,2892,4131,2892
3883,2895,3892,2895,3892,2929,3883,2929
3906,2895,4012,2896,4012,2931,3906,2930
4032,2896,4134,2897,4134,2932,4032,2931
4144,2897,4259,2898,4259,2932,4144,2931
3881,2938,3889,2938,3889,2969,3881,2969
3899,2938,3978,2938,3978,2969,3899,2969
3985,2938,4103,2938,4103,2969,3985,2969
3875,2972,3884,2972,3884,3006,3875,3006
3897,2972,4014,2972,4014,3006,3897,3006
4026,2972,4175,2972,4175,3006,4026,3006
3879,3010,3888,3010,3888,3045,3879,3045
3901,3010,4010,3010,4010,3045,3901,3045
4019,3010,4028,3010,4028,3045,4019,3045
4031,3010,4081,3010,4081,3045,4031,3045
4095,3010,4358,3010,4358,3045,4095,3045
3881,3050,3889,3050,3889,3081,3881,3081
3899,3050,3973,3051,3973,3083,3899,3082
3990,3052,4024,3052,4024,3083,3990,3083
4036,3052,4176,3054,4176,3086,4036,3084
3878,3088,3887,3088,3887,3122,3878,3122
3899,3088,3993,3088,3993,3122,3899,3122
4006,3088,4125,3088,4125,3122,4006,3122
3878,3126,3887,3126,3887,3160,3878,3160
3900,3126,3969,3126,3969,3160,3900,3160
3976,3126,3985,3126,3985,3160,3976,3160
3989,3126,4065,3126,4065,3160,3989,3160
3875,3164,3885,3164,3885,3200,3875,3200
3889,3164,3981,3164,3981,3200,3889,3200
3986,3164,3996,3164,3996,3200,3986,3200
3996,3164,4077,3164,4077,3200,3996,3200
3766,3014,3807,3011,3809,3042,3768,3045
2448,3056,2516,3056,2516,3090,2448,3090
2522,3056,2553,3056,2553,3090,2522,3090
2567,3056,2735,3056,2735,3090,2567,3090
2740,3056,2784,3056,2784,3090,2740,3090
2800,3056,3029,3056,3029,3090,2800,3090
3043,3056,3218,3056,3218,3090,3043,3090
3232,3056,3263,3056,3263,3090,3232,3090
3279,3056,3332,3056,3332,3090,3279,3090
3343,3056,3352,3056,3352,3090,3343,3090
3361,3056,3380,3056,3380,3090,3361,3090
3397,3056,3500,3056,3500,3090,3397,3090
3517,3056,3542,3056,3542,3090,3517,3090
2443,3094,2553,3094,2553,3130,2443,3130
2567,3094,2587,3094,2587,3130,2567,3130
2601,3094,2746,3094,2746,3130,2601,3130
2766,3094,2776,3094,2776,3130,2766,3130
2781,3094,2791,3094,2791,3130,2781,3130
2792,3094,2802,3094,2802,3130,2792,3130
2817,3094,2940,3094,2940,3130,2817,3130
2949,3094,3000,3094,3000,3130,2949,3130
3007,3094,3208,3094,3208,3130,3007,3130
3223,3094,3289,3094,3289,3130,3223,3130
3294,3094,3346,3094,3346,3130,3294,3130
3362,3094,3471,3094,3471,3130,3362,3130
3481,3094,3515,3094,3515,3130,3481,3130
2442,3134,2621,3134,2621,3166,2442,3166
2638,3134,2667,3134,2667,3166,2638,3166
2686,3134,2694,3134,2694,3166,2686,3166
2699,3134,2707,3134,2707,3166,2699,3166
2710,3134,2889,3134,2889,3166,2710,3166
2894,3134,2902,3134,2902,3166,2894,3166
2440,3174,2494,3174,2494,3205,2440,3205
2508,3174,2664,3174,2664,3205,2508,3205
2679,3174,2738,3174,2738,3205,2679,3205
2750,3174,2875,3174,2875,3205,2750,3205
2880,3174,2888,3174,2888,3205,2880,3205
2901,3174,3002,3174,3002,3205,2901,3205
3019,3174,3047,3174,3047,3205,3019,3205
3056,3174,3064,3174,3064,3205,3056,3205
3063,3174,3071,3174,3071,3205,3063,3205
3073,3174,3275,3174,3275,3205,3073,3205
3283,3174,3332,3174,3332,3205,3283,3205
3352,3174,3536,3174,3536,3205,3352,3205
2444,3210,2511,3210,2511,3242,2444,3242
2519,3210,2615,3210,2615,3242,2519,3242
2631,3210,2639,3210,2639,3242,2631,3242
2658,3210,2707,3210,2707,3242,2658,3242
2726,3210,2836,3210,2836,3242,2726,3242
2839,3210,2847,3210,2847,3242,2839,3242
2864,3210,2936,3210,2936,3242,2864,3242
2947,3210,3127,3210,3127,3242,2947,3242
3142,3210,3178,3210,3178,3242,3142,3242
3188,3210,3280,3210,3280,3242,3188,3242
3299,3210,3350,3210,3350,3242,3299,3242
3365,3210,3467,3210,3467,3242,3365,3242
3488,3210,3534,3210,3534,3242,3488,3242
3551,3210,3574,3210,3574,3242,3551,3242
2444,3250,2490,3250,2490,3284,2444,3284
2505,3249,2631,3248,2631,3283,2505,3284
2646,3248,2685,3248,2685,3283,2646,3283
2700,3248,2808,3247,2808,3282,2700,3283
2824,3247,2833,3247,2833,3281,2824,3281
2838,3247,2847,3247,2847,3281,2838,3281
2845,3247,3027,3246,3027,3281,2845,3282
3034,3246,3043,3246,3043,3280,3034,3280
3764,3046,3809,3046,3809,3086,3764,3086
3766,3084,3811,3084,3811,3124,3766,3124
3764,3122,3809,3122,3809,3162,3764,3162
3761,3164,3814,3164,3814,3200,3761,3200
4482,3150,4492,3150,4492,3187,4482,3187
4500,3150,4674,3150,4674,3187,4500,3187
4686,3150,4714,3150,4714,3187,4686,3187
4723,3150,4848,3150,4848,3187,4723,3187
4482,3218,4491,3218,4491,3252,4482,3252
4504,3218,4612,3218,4612,3252,4504,3252
4623,3218,4654,3218,4654,3252,4623,3252
4660,3218,4721,3218,4721,3252,4660,3252
4727,3218,4736,3218,4736,3252,4727,3252
4735,3218,4861,3218,4861,3252,4735,3252
4498,3250,4583,3250,4583,3286,4498,3286
4603,3250,4613,3250,4613,3286,4603,3286
4633,3250,4643,3250,4643,3286,4633,3286
4648,3250,4658,3250,4658,3286,4648,3286
4661,3250,4688,3250,4688,3286,4661,3286
4707,3250,4717,3250,4717,3286,4707,3286
1406,3267,1451,3270,1449,3305,1404,3302
3582,3373,3626,3373,3626,3407,3582,3407
3999,3363,4100,3366,4099,3408,3998,3405
4112,3367,4123,3367,4122,3408,4111,3408
4290,3363,4338,3363,4338,3407,4290,3407
4348,3363,4360,3363,4360,3407,4348,3407
4366,3363,4415,3363,4415,3407,4366,3407
4420,3363,4432,3363,4432,3407,4420,3407
4434,3363,4534,3363,4534,3407,4434,3407
