332,166,362,166,362,220,332,220
508,166,538,166,538,220,508,220
692,166,712,166,712,220,692,220
860,166,890,166,890,220,860,220
1044,166,1064,166,1064,220,1044,220
2717,165,3036,165,3036,239,2717,239
2717,233,3062,233,3062,302,2717,302
1828,303,1887,298,1891,340,1832,345
1942,293,2052,283,2055,325,1946,335
2217,459,2217,403,2246,403,2246,459
2217,399,2217,391,2246,391,2246,399
2217,388,2217,350,2246,350,2246,388
2807,387,3154,387,3154,482,2807,482
3166,387,3193,387,3193,482,3166,482
2795,697,2840,697,2840,707,2795,707
2784,727,2893,727,2893,746,2784,746
2901,721,2998,723,2998,740,2901,738
2149,914,2151,843,2183,844,2181,915
2151,840,2151,832,2182,833,2182,841
2151,832,2153,774,2185,775,2183,833
816,854,1444,858,1444,894,816,890
1576,871,1628,869,1628,878,1576,880
1645,869,1682,869,1682,878,1645,878
3064,876,3062,934,3044,933,3046,875
3080,948,3081,927,3092,927,3091,948
1241,1077,1347,1077,1347,1125,1241,1125
1351,1077,1364,1077,1364,1125,1351,1125
1373,1077,1489,1077,1489,1125,1373,1125
1928,1082,2067,1082,2067,1122,1928,1122
995,1108,1001,1108,1000,1132,994,1132
1025,1109,1031,1109,1030,1133,1024,1133
1058,1110,1064,1110,1063,1134,1057,1134
1093,1111,1099,1111,1098,1135,1092,1135
1128,1112,1134,1112,1133,1136,1127,1136
1163,1113,1169,1113,1168,1137,1162,1137
1198,1114,1204,1114,1203,1138,1197,1138
1228,1115,1234,1115,1233,1139,1227,1139
1730,1287,1730,1278,1764,1278,1764,1287
1730,1266,1730,1257,1764,1257,1764,1266
1730,1227,1730,1218,1764,1218,1764,1227
1730,1206,1730,1197,1764,1197,1764,1206
1731,1189,1731,1180,1765,1180,1765,1189
1731,1168,1731,1159,1765,1159,1765,1168
1731,1150,1731,1141,1765,1141,1765,1150
1731,1129,1731,1120,1765,1120,1765,1129
1732,1098,1732,1089,1766,1089,1766,1098
1732,1073,1732,1064,1766,1064,1766,1073
1732,1052,1732,1043,1766,1043,1766,1052
1732,1031,1732,1022,1766,1022,1766,1031
1732,1016,1732,985,1767,985,1767,1016
1523,1224,1523,1214,1559,1214,1559,1224
1523,1210,1523,1200,1559,1200,1559,1210
1523,1203,1523,1163,1559,1163,1559,1203
2660,1196,2781,1196,2781,1239,2660,1239
2695,1254,2704,1254,2704,1289,2695,1289
2720,1254,2729,1254,2729,1289,2720,1289
2738,1254,2747,1254,2747,1289,2738,1289
3139,1146,3193,1147,3192,1182,3138,1181
3207,1147,3244,1148,3243,1183,3206,1182
3252,1148,3376,1150,3375,1185,3251,1183
3219,1196,3296,1196,3296,1239,3219,1239
3242,1254,3274,1254,3274,1289,3242,1289
2911,1196,2959,1196,2959,1239,2911,1239
2970,1196,3010,1196,3010,1239,2970,1239
3022,1196,3065,1196,3065,1239,3022,1239
2963,1254,3008,1254,3008,1289,2963,1289
2217,1335,2217,1280,2246,1280,2246,1335
2217,1276,2217,1268,2246,1268,2246,1276
2217,1265,2217,1227,2246,1227,2246,1265
1154,1287,1161,1287,1161,1314,1154,1314
1174,1287,1181,1287,1181,1314,1174,1314
1183,1287,1222,1287,1222,1314,1183,1314
1972,1280,1984,1280,1984,1323,1972,1323
1990,1280,2002,1280,2002,1323,1990,1323
2003,1280,2034,1280,2034,1323,2003,1323
1729,1343,1729,1334,1763,1334,1763,1343
1016,1400,1014,1451,996,1450,998,1399
2646,1338,2739,1338,2739,1378,2646,1378
2748,1338,2759,1338,2759,1378,2748,1378
2765,1338,2873,1338,2873,1378,2765,1378
2891,1338,2902,1338,2902,1378,2891,1378
2903,1338,2932,1338,2932,1378,2903,1378
2944,1338,3041,1338,3041,1378,2944,1378
3061,1338,3097,1338,3097,1378,3061,1378
3105,1338,3116,1338,3116,1378,3105,1378
2645,1389,2772,1385,2773,1417,2646,1421
2646,1436,2711,1436,2711,1470,2646,1470
2727,1436,2758,1436,2758,1470,2727,1470
2768,1436,2821,1436,2821,1470,2768,1470
2842,1436,2851,1436,2851,1470,2842,1470
2854,1436,2898,1436,2898,1470,2854,1470
3192,1337,3225,1337,3225,1373,3192,1373
3227,1337,3237,1337,3237,1373,3227,1373
3236,1337,3268,1337,3268,1373,3236,1373
3277,1337,3324,1337,3324,1373,3277,1373
3197,1385,3223,1384,3224,1419,3198,1420
3223,1385,3232,1385,3233,1420,3224,1420
3231,1384,3263,1383,3264,1419,3232,1420
3274,1383,3320,1382,3321,1417,3275,1418
3207,1434,3217,1434,3218,1472,3208,1472
3222,1434,3232,1434,3233,1472,3223,1472
3237,1433,3264,1432,3265,1471,3238,1472
3275,1432,3323,1430,3324,1468,3276,1470
1070,1409,1112,1405,1113,1421,1072,1425
651,1449,697,1453,694,1489,648,1485
1923,1444,1994,1444,1994,1477,1923,1477
1998,1444,2007,1444,2007,1477,1998,1477
2008,1444,2070,1444,2070,1477,2008,1477
1011,1507,1010,1522,993,1521,994,1506
1945,1515,2000,1515,2000,1544,1945,1544
2004,1515,2012,1515,2012,1544,2004,1544
2015,1515,2053,1515,2053,1544,2015,1544
994,1705,993,1664,1016,1663,1017,1704
993,1652,991,1556,1014,1555,1016,1651
766,1643,775,1643,776,1677,767,1677
794,1642,950,1639,951,1673,795,1676
771,1683,779,1683,779,1715,771,1715
824,1683,832,1683,832,1715,824,1715
844,1683,852,1683,852,1715,844,1715
867,1683,963,1683,963,1715,867,1715
1058,1666,1062,1666,1062,1684,1058,1684
1082,1666,1086,1666,1086,1684,1082,1684
1117,1663,1123,1663,1123,1688,1117,1688
1154,1663,1160,1663,1160,1688,1154,1688
1188,1663,1194,1663,1194,1688,1188,1688
1221,1663,1227,1663,1227,1688,1221,1688
1271,1663,1277,1663,1277,1688,1271,1688
1305,1663,1311,1663,1311,1688,1305,1688
1341,1663,1347,1663,1347,1688,1341,1688
1375,1663,1381,1663,1381,1688,1375,1688
1411,1663,1417,1663,1417,1688,1411,1688
1445,1663,1451,1663,1451,1688,1445,1688
966,1704,995,1711,993,1719,964,1712
1291,1704,1438,1704,1438,1755,1291,1755
1781,1740,1781,1686,1823,1686,1823,1740
1731,1801,1731,1790,1770,1790,1770,1801
1731,1777,1731,1766,1770,1766,1770,1777
1731,1732,1731,1696,1770,1696,1770,1732
877,1755,883,1754,888,1777,882,1778
894,1751,900,1750,905,1773,899,1774
912,1747,950,1739,955,1763,917,1771
965,1737,971,1736,976,1759,970,1760
980,1734,986,1733,991,1756,985,1757
1009,1727,1015,1726,1020,1749,1014,1750
2613,1790,2754,1791,2754,1827,2613,1826
2766,1790,2929,1791,2929,1827,2766,1826
2948,1791,3059,1792,3059,1828,2948,1827
3073,1793,3082,1793,3082,1828,3073,1828
3198,1793,3224,1793,3224,1828,3198,1828
3227,1793,3236,1793,3236,1828,3227,1828
3239,1794,3271,1794,3271,1829,3239,1829
3278,1794,3329,1794,3329,1829,3278,1829
2613,1863,2725,1863,2725,1892,2613,1892
2739,1863,2747,1863,2747,1892,2739,1892
3201,1855,3226,1856,3225,1890,3200,1889
3234,1856,3243,1856,3242,1890,3233,1890
3242,1855,3273,1856,3272,1891,3241,1890
3280,1857,3330,1858,3329,1892,3279,1891
790,1872,800,1872,800,1908,790,1908
803,1872,813,1872,813,1908,803,1908
817,1872,851,1872,851,1908,817,1908
864,1872,874,1872,874,1908,864,1908
1369,1877,1378,1876,1381,1911,1372,1912
1387,1875,1396,1874,1399,1909,1390,1910
1404,1874,1429,1872,1432,1907,1407,1909
661,1943,714,1945,713,1986,660,1985
731,1946,742,1946,741,1987,730,1987
748,1946,794,1947,793,1988,747,1987
2680,2036,2685,2036,2685,2057,2680,2057
2686,2036,2691,2036,2691,2057,2686,2057
2658,2073,2701,2073,2701,2096,2658,2096
2749,2036,2809,2036,2809,2059,2749,2059
2751,2074,2810,2074,2810,2099,2751,2099
2820,2074,2865,2074,2865,2099,2820,2099
2875,2074,2915,2074,2915,2099,2875,2099
3179,2050,3219,2050,3219,2073,3179,2073
3219,2050,3225,2050,3225,2073,3219,2073
3226,2050,3284,2050,3284,2073,3226,2073
3179,2077,3247,2077,3247,2100,3179,2100
3251,2077,3281,2077,3281,2100,3251,2100
3296,2077,3302,2077,3302,2100,3296,2100
3312,2077,3318,2077,3318,2100,3312,2100
3322,2077,3328,2077,3328,2100,3322,2100
3332,2077,3344,2077,3344,2100,3332,2100
3356,2077,3362,2077,3362,2100,3356,2100
2671,2113,2699,2116,2697,2136,2669,2133
2749,2116,2788,2116,2788,2137,2749,2137
2798,2116,2857,2116,2857,2137,2798,2137
2749,2153,2792,2153,2792,2174,2749,2174
2797,2153,2854,2153,2854,2174,2797,2174
3081,2122,3118,2122,3118,2145,3081,2145
3177,2122,3255,2122,3255,2145,3177,2145
3263,2122,3299,2122,3299,2145,3263,2145
3306,2122,3378,2122,3378,2145,3306,2145
2676,2151,2697,2154,2695,2172,2674,2170
3074,2165,3082,2165,3082,2194,3074,2194
3182,2167,3233,2168,3233,2198,3182,2197
3240,2168,3307,2169,3306,2199,3240,2198
3181,2213,3242,2214,3242,2237,3181,2236
3254,2214,3327,2215,3327,2238,3254,2237
2751,2208,2797,2208,2797,2229,2751,2229
2808,2208,2813,2208,2813,2229,2808,2229
2817,2208,2822,2208,2822,2229,2817,2229
2820,2208,2846,2208,2846,2229,2820,2229
2856,2208,2913,2208,2913,2229,2856,2229
170,2289,218,2289,218,2312,170,2312
223,2289,244,2289,244,2312,223,2312
257,2289,380,2289,380,2312,257,2312
386,2289,416,2289,416,2312,386,2312
425,2289,596,2289,596,2312,425,2312
607,2289,733,2289,733,2312,607,2312
741,2289,766,2289,766,2312,741,2312
775,2289,819,2289,819,2312,775,2312
822,2289,828,2289,828,2312,822,2312
837,2289,849,2289,849,2312,837,2312
864,2289,937,2289,937,2312,864,2312
950,2289,971,2289,971,2312,950,2312
982,2289,1060,2289,1060,2312,982,2312
1072,2289,1085,2289,1085,2312,1072,2312
1099,2289,1204,2289,1204,2312,1099,2312
1218,2289,1224,2289,1224,2312,1218,2312
1228,2289,1234,2289,1234,2312,1228,2312
1235,2289,1241,2289,1241,2312,1235,2312
1253,2289,1343,2289,1343,2312,1253,2312
1353,2289,1389,2289,1389,2312,1353,2312
1395,2289,1542,2289,1542,2312,1395,2312
1549,2289,1600,2289,1600,2312,1549,2312
1607,2289,1647,2289,1647,2312,1607,2312
1655,2289,1734,2289,1734,2312,1655,2312
1741,2289,1767,2289,1767,2312,1741,2312
1779,2289,1906,2289,1906,2312,1779,2312
1918,2289,1939,2289,1939,2312,1918,2312
1955,2289,1961,2289,1961,2312,1955,2312
1965,2289,1971,2289,1971,2312,1965,2312
1969,2289,2099,2289,2099,2312,1969,2312
2106,2289,2112,2289,2112,2312,2106,2312
166,2317,208,2317,208,2346,166,2346
216,2317,329,2317,329,2346,216,2346
339,2317,385,2317,385,2346,339,2346
387,2317,395,2317,395,2346,387,2346
395,2317,487,2317,487,2346,395,2346
489,2317,497,2317,497,2346,489,2346
503,2317,578,2317,578,2346,503,2346
591,2317,607,2317,607,2346,591,2346
615,2317,623,2317,623,2346,615,2346
621,2317,629,2317,629,2346,621,2346
626,2317,778,2317,778,2346,626,2346
781,2317,818,2317,818,2346,781,2346
829,2317,967,2317,967,2346,829,2346
981,2317,1025,2317,1025,2346,981,2346
1034,2317,1103,2317,1103,2346,1034,2346
1116,2317,1124,2317,1124,2346,1116,2346
1136,2317,1171,2317,1171,2346,1136,2346
1182,2317,1266,2317,1266,2346,1182,2346
1266,2317,1274,2317,1274,2346,1266,2346
1286,2317,1339,2317,1339,2346,1286,2346
1346,2317,1475,2317,1475,2346,1346,2346
1489,2317,1516,2317,1516,2346,1489,2346
1522,2317,1591,2317,1591,2346,1522,2346
1604,2317,1643,2317,1643,2346,1604,2346
1652,2317,1727,2317,1727,2346,1652,2346
1739,2317,1777,2317,1777,2346,1739,2346
1788,2317,1804,2317,1804,2346,1788,2346
1815,2317,1846,2317,1846,2346,1815,2346
1857,2317,1948,2317,1948,2346,1857,2346
1959,2317,1988,2317,1988,2346,1959,2346
1996,2317,2078,2317,2078,2346,1996,2346
2091,2317,2099,2317,2099,2346,2091,2346
2100,2317,2108,2317,2108,2346,2100,2346
2108,2317,2236,2317,2236,2346,2108,2346
2241,2317,2249,2317,2249,2346,2241,2346
2614,2300,2676,2300,2676,2339,2614,2339
2690,2300,2701,2300,2701,2339,2690,2339
2733,2300,2762,2300,2762,2339,2733,2339
2774,2300,2886,2300,2886,2339,2774,2339
2901,2300,2966,2300,2966,2339,2901,2339
