3801,177,4449,177,4449,324,3801,324
3803,314,4442,314,4442,453,3803,453
4060,592,4522,592,4522,727,4060,727
2114,730,2114,685,2149,685,2149,730
4130,808,4214,808,4214,840,4130,840
4232,808,4273,808,4273,840,4232,840
4288,808,4472,808,4472,840,4288,840
1076,826,1324,826,1324,880,1076,880
1359,926,1359,881,1391,881,1391,926
664,1012,664,943,696,943,696,1012
664,939,664,931,696,931,696,939
664,929,664,879,696,879,696,929
4532,1040,4654,1040,4654,1074,4532,1074
818,1225,857,1225,857,1242,818,1242
801,1256,803,1256,803,1267,801,1267
825,1256,827,1256,827,1267,825,1267
849,1257,851,1257,851,1268,849,1268
872,1257,874,1257,874,1268,872,1268
896,1257,898,1257,898,1268,896,1268
919,1257,921,1257,921,1268,919,1268
1085,1256,1087,1256,1087,1268,1085,1268
967,1258,969,1258,969,1269,967,1269
1109,1256,1111,1256,1111,1268,1109,1268
1132,1256,1134,1256,1134,1268,1132,1268
1155,1256,1157,1256,1157,1268,1155,1268
1179,1256,1181,1256,1181,1268,1179,1268
1202,1256,1204,1256,1204,1268,1202,1268
1225,1256,1227,1256,1227,1268,1225,1268
1250,1256,1252,1256,1252,1268,1250,1268
1274,1256,1276,1256,1276,1268,1274,1268
1297,1256,1299,1256,1299,1268,1297,1268
4209,1241,4246,1241,4246,1270,4209,1270
4286,1241,4378,1241,4378,1270,4286,1270
1319,1256,1321,1256,1321,1268,1319,1268
1544,1253,1548,1253,1548,1270,1544,1270
1565,1253,1569,1253,1569,1270,1565,1270
1591,1253,1595,1253,1595,1270,1591,1270
1614,1253,1618,1253,1618,1270,1614,1270
1916,1259,1920,1259,1920,1276,1916,1276
1943,1259,1947,1259,1947,1276,1943,1276
1977,1259,1981,1259,1981,1276,1977,1276
2013,1259,2017,1259,2017,1276,2013,1276
2049,1259,2053,1259,2053,1276,2049,1276
2083,1259,2087,1259,2087,1276,2083,1276
2119,1259,2123,1259,2123,1276,2119,1276
1805,1289,1803,1286,1818,1276,1820,1280
1825,1321,1819,1311,1834,1301,1840,1312
4345,1304,4545,1304,4545,1344,4345,1344
4568,1304,4579,1304,4579,1344,4568,1344
4581,1304,4675,1304,4675,1344,4581,1344
1822,1329,1851,1329,1851,1352,1822,1352
1820,1398,1859,1398,1859,1425,1820,1425
1611,1473,1615,1473,1615,1489,1611,1489
1646,1473,1650,1473,1650,1489,1646,1489
1682,1473,1686,1473,1686,1489,1682,1489
1718,1473,1722,1473,1722,1489,1718,1489
830,1487,1019,1487,1019,1531,830,1531
1052,1487,1064,1487,1064,1531,1052,1531
1091,1487,1286,1487,1286,1531,1091,1531
1527,1629,1527,1621,1556,1622,1556,1630
1528,1596,1528,1588,1557,1589,1557,1597
1528,1560,1528,1552,1557,1553,1557,1561
1529,1524,1529,1516,1558,1517,1558,1525
1844,1546,2084,1546,2084,1604,1844,1604
1867,1613,1912,1613,1912,1652,1867,1652
2188,1641,2188,1593,2225,1593,2225,1641
1052,1618,1101,1618,1101,1652,1052,1652
3717,1547,3980,1547,3980,1632,3717,1632
4035,1547,4238,1547,4238,1632,4035,1632
4302,1547,4380,1547,4380,1632,4302,1632
4388,1547,4466,1547,4466,1632,4388,1632
4481,1547,4565,1547,4565,1632,4481,1632
3769,1669,3874,1669,3874,1743,3769,1743
3866,1669,3887,1669,3887,1743,3866,1743
3896,1669,3917,1669,3917,1743,3896,1743
4086,1667,4109,1667,4109,1747,4086,1747
4135,1667,4158,1667,4158,1747,4135,1747
4176,1667,4199,1667,4199,1747,4176,1747
4384,1663,4480,1663,4480,1748,4384,1748
4061,1795,4279,1795,4279,1876,4061,1876
4307,1795,4572,1795,4572,1876,4307,1876
4666,1547,4799,1547,4799,1632,4666,1632
4705,1663,4767,1663,4767,1748,4705,1748
1524,1773,1524,1765,1553,1766,1553,1774
1525,1737,1525,1729,1554,1730,1554,1738
1526,1701,1526,1693,1555,1694,1555,1702
1468,1789,1474,1789,1473,1818,1467,1818
1525,1790,1531,1790,1530,1819,1524,1819
1576,1791,1584,1791,1583,1820,1575,1820
1612,1792,1620,1792,1619,1821,1611,1821
1648,1793,1656,1793,1655,1822,1647,1822
1684,1793,1692,1793,1691,1822,1683,1822
1720,1794,1728,1794,1727,1823,1719,1823
1756,1795,1764,1795,1763,1824,1755,1824
1833,1811,1833,1815,1816,1815,1816,1811
1834,1845,1834,1849,1817,1849,1817,1845
1834,1881,1834,1885,1817,1885,1817,1881
1393,1921,1393,1868,1424,1868,1424,1921
1835,1917,1835,1921,1818,1921,1818,1917
1835,1951,1835,1955,1818,1955,1818,1951
1836,1987,1836,1991,1819,1991,1819,1987
1836,2020,1836,2024,1819,2024,1819,2020
2081,2011,2089,2011,2087,2042,2079,2042
2116,2013,2124,2013,2122,2044,2114,2044
2151,2015,2159,2015,2157,2046,2149,2046
3871,1965,4064,1965,4064,2013,3871,2013
4101,1965,4114,1965,4114,2013,4101,2013
4143,1965,4348,1965,4348,2013,4143,2013
3865,2037,4120,2037,4120,2083,3865,2083
3866,2108,3971,2108,3971,2157,3866,2157
3998,2108,4052,2108,4052,2157,3998,2157
4068,2108,4192,2108,4192,2157,4068,2157
4218,2108,4232,2108,4232,2157,4218,2157
4237,2108,4318,2108,4318,2157,4237,2157
1104,2064,1108,2064,1108,2082,1104,2082
1171,2064,1175,2064,1175,2082,1171,2082
1244,2064,1247,2064,1246,2078,1243,2078
1277,2065,1280,2065,1280,2079,1277,2079
1312,2065,1315,2065,1315,2079,1312,2079
1348,2063,1351,2063,1351,2078,1348,2078
2003,2073,2012,2073,2012,2108,2003,2108
2032,2073,2041,2073,2041,2108,2032,2108
2068,2073,2077,2073,2077,2108,2068,2108
2104,2073,2113,2073,2113,2108,2104,2108
2140,2073,2149,2073,2149,2108,2140,2108
4544,1965,4597,1965,4597,2013,4544,2013
4602,1965,4615,1965,4615,2013,4602,2013
4621,1965,4657,1965,4657,2013,4621,2013
4680,1965,4759,1965,4759,2013,4680,2013
4548,2035,4601,2035,4601,2083,4548,2083
4601,2035,4614,2035,4614,2083,4601,2083
4618,2035,4663,2035,4663,2083,4618,2083
4679,2035,4758,2035,4758,2083,4679,2083
4544,2106,4559,2106,4559,2160,4544,2160
4571,2106,4586,2106,4586,2160,4571,2160
4582,2106,4642,2106,4642,2160,4582,2160
4649,2106,4728,2106,4728,2160,4649,2160
4546,2177,4592,2177,4592,2227,4546,2227
4601,2177,4615,2177,4615,2227,4601,2227
4620,2177,4656,2177,4656,2227,4620,2227
4682,2177,4756,2177,4756,2227,4682,2227
1114,2105,1114,2111,1089,2111,1089,2105
1522,2115,1521,2109,1544,2107,1545,2113
724,2123,726,2123,726,2135,724,2135
761,2125,763,2125,763,2137,761,2137
1114,2142,1114,2148,1089,2148,1089,2142
1525,2148,1524,2142,1547,2140,1548,2146
949,2176,949,2180,931,2180,931,2176
1114,2175,1114,2181,1089,2181,1089,2175
949,2212,949,2216,931,2216,931,2212
1114,2212,1114,2218,1089,2218,1089,2212
949,2246,949,2250,931,2250,931,2246
1856,2234,1862,2234,1862,2259,1856,2259
1892,2234,1898,2234,1898,2259,1892,2259
1926,2234,1932,2234,1932,2259,1926,2259
1962,2234,1968,2234,1968,2259,1962,2259
1999,2234,2005,2234,2005,2259,1999,2259
2032,2234,2038,2234,2038,2259,2032,2259
2069,2234,2075,2234,2075,2259,2069,2259
1114,2248,1114,2254,1089,2254,1089,2248
1778,2246,1875,2246,1875,2317,1778,2317
1900,2246,1952,2246,1952,2317,1900,2317
1965,2246,2083,2246,2083,2317,1965,2317
2097,2246,2117,2246,2117,2317,2097,2317
2125,2246,2203,2246,2203,2317,2125,2317
949,2283,949,2287,931,2287,931,2283
1114,2282,1114,2288,1089,2288,1089,2282
949,2319,949,2323,931,2323,931,2319
1103,2307,1113,2307,1112,2345,1102,2345
1139,2308,1188,2310,1186,2349,1138,2347
1952,2316,2005,2305,2012,2340,1959,2350
949,2353,949,2357,931,2357,931,2353
1114,2352,1114,2358,1089,2358,1089,2352
949,2389,949,2393,931,2393,931,2389
1114,2389,1114,2395,1089,2395,1089,2389
949,2423,949,2427,931,2427,931,2423
1490,2418,1493,2418,1493,2432,1490,2432
949,2459,949,2463,931,2463,931,2459
1101,2413,1112,2413,1112,2455,1101,2455
1136,2413,1147,2413,1147,2455,1136,2455
1170,2413,1181,2413,1181,2455,1170,2455
1209,2413,1220,2413,1220,2455,1209,2455
1243,2413,1254,2413,1254,2455,1243,2455
1278,2413,1289,2413,1289,2455,1278,2455
1312,2413,1323,2413,1323,2455,1312,2455
1346,2413,1357,2413,1357,2455,1346,2455
1375,2413,1460,2413,1460,2455,1375,2455
1168,2461,1282,2461,1282,2530,1168,2530
1311,2461,1349,2461,1349,2530,1311,2530
1371,2461,1485,2461,1485,2530,1371,2530
1114,2477,1114,2483,1089,2483,1089,2477
949,2495,949,2499,931,2499,931,2495
3719,2482,3806,2482,3806,2516,3719,2516
3823,2482,3832,2482,3832,2516,3823,2516
3840,2482,3878,2482,3878,2516,3840,2516
3892,2482,3994,2482,3994,2516,3892,2516
4013,2482,4061,2482,4061,2516,4013,2516
4072,2482,4198,2482,4198,2516,4072,2516
4211,2482,4260,2482,4260,2516,4211,2516
4269,2482,4369,2482,4369,2516,4269,2516
4384,2482,4455,2482,4455,2516,4384,2516
4464,2482,4528,2482,4528,2516,4464,2516
4544,2482,4597,2482,4597,2516,4544,2516
4608,2482,4707,2482,4707,2516,4608,2516
4716,2482,4870,2482,4870,2516,4716,2516
1114,2513,1114,2519,1089,2519,1089,2513
1008,2561,1008,2595,961,2595,961,2561
3873,2549,4141,2549,4141,2619,3873,2619
4551,2549,4589,2549,4589,2619,4551,2619
4607,2549,4684,2549,4684,2619,4607,2619
3905,2742,4057,2746,4056,2782,3904,2778
3766,2818,3806,2818,3806,2854,3766,2854
3767,2854,3827,2855,3827,2891,3767,2890
3767,2894,3831,2895,3831,2929,3767,2928
3767,2937,3803,2935,3804,2960,3768,2962
3769,2973,3803,2973,3803,3004,3769,3004
3885,2818,3895,2818,3895,2854,3885,2854
3903,2818,3980,2818,3980,2854,3903,2854
3997,2818,4106,2818,4106,2854,3997,2854
3883,2855,3892,2855,3892,2890,3883,2890
3897,2855,4011,2856,4011,2892,3897,2891
4023,2856,4114,2857,4114,2893,4023,2892
4134,2857,4215,2858,4215,2894,4134,2893
3883,2895,3892,2895,3892,2929,3883,2929
3906,2895,4011,2896,4011,2931,3906,2930
4032,2896,4134,2897,4134,2932,4032,2931
4144,2897,4259,2898,4259,2932,4144,2931
3881,2938,3889,2938,3889,2969,3881,2969
3899,2938,3978,2938,3978,2969,3899,2969
3985,2938,4103,2938,4103,2969,3985,2969
3877,2972,3886,2972,3886,3006,3877,3006
3899,2972,4011,2972,4011,3006,3899,3006
4029,2972,4174,2972,4174,3006,4029,3006
3879,3010,3888,3010,3888,3045,3879,3045
3901,3010,4010,3010,4010,3045,3901,3045
4019,3010,4028,3010,4028,3045,4019,3045
4031,3010,4081,3010,4081,3045,4031,3045
4095,3010,4358,3010,4358,3045,4095,3045
3881,3050,3889,3050,3889,3081,3881,3081
3899,3050,3973,3051,3973,3083,3899,3082
3990,3052,4024,3052,4024,3083,3990,3083
4036,3052,4176,3054,4176,3086,4036,3084
3878,3088,3887,3088,3887,3122,3878,3122
3899,3088,3993,3088,3993,3122,3899,3122
4006,3088,4125,3088,4125,3122,4006,3122
3878,3128,3886,3128,3886,3160,3878,3160
3898,3128,3968,3128,3968,3160,3898,3160
3978,3128,3986,3128,3986,3160,3978,3160
3985,3128,4065,3128,4065,3160,3985,3160
3875,3164,3885,3164,3885,3200,3875,3200
3889,3164,3981,3164,3981,3200,3889,3200
3986,3164,3996,3164,3996,3200,3986,3200
3996,3164,4077,3164,4077,3200,3996,3200
3766,3014,3807,3011,3809,3042,3768,3045
2448,3058,2513,3058,2513,3093,2448,3093
2525,3058,2551,3058,2551,3093,2525,3093
2572,3057,2736,3056,2736,3092,2572,3093
2742,3057,2783,3057,2783,3092,2742,3092
2799,3056,3031,3055,3031,3091,2799,3092
3046,3055,3218,3054,3218,3090,3046,3091
3233,3055,3265,3055,3265,3090,3233,3090
3276,3055,3332,3055,3332,3090,3276,3090
3343,3055,3352,3055,3352,3090,3343,3090
3361,3055,3381,3055,3381,3090,3361,3090
3400,3054,3502,3054,3502,3089,3400,3089
3514,3054,3546,3054,3546,3089,3514,3089
2440,3096,2553,3096,2553,3128,2440,3128
2564,3096,2587,3096,2587,3128,2564,3128
2601,3096,2745,3096,2745,3128,2601,3128
2767,3096,2775,3096,2775,3128,2767,3128
2780,3096,2788,3096,2788,3128,2780,3128
2790,3096,2798,3096,2798,3128,2790,3128
2812,3096,2938,3096,2938,3128,2812,3128
2947,3096,2998,3096,2998,3128,2947,3128
3006,3096,3208,3096,3208,3128,3006,3128
3223,3096,3288,3096,3288,3128,3223,3128
3297,3096,3348,3096,3348,3128,3297,3128
3364,3096,3468,3096,3468,3128,3364,3128
3479,3096,3515,3096,3515,3128,3479,3128
2442,3134,2621,3134,2621,3166,2442,3166
2638,3134,2667,3134,2667,3166,2638,3166
2686,3134,2694,3134,2694,3166,2686,3166
2699,3134,2707,3134,2707,3166,2699,3166
2710,3134,2889,3134,2889,3166,2710,3166
2894,3134,2902,3134,2902,3166,2894,3166
2440,3174,2494,3174,2494,3205,2440,3205
2508,3174,2664,3174,2664,3205,2508,3205
2679,3174,2738,3174,2738,3205,2679,3205
2750,3174,2875,3174,2875,3205,2750,3205
2880,3174,2888,3174,2888,3205,2880,3205
2901,3174,3002,3174,3002,3205,2901,3205
3019,3174,3047,3174,3047,3205,3019,3205
3056,3174,3064,3174,3064,3205,3056,3205
3063,3174,3071,3174,3071,3205,3063,3205
3073,3174,3275,3174,3275,3205,3073,3205
3283,3174,3332,3174,3332,3205,3283,3205
3347,3174,3536,3174,3536,3205,3347,3205
2444,3210,2511,3210,2511,3242,2444,3242
2519,3210,2615,3210,2615,3242,2519,3242
2631,3210,2639,3210,2639,3242,2631,3242
2658,3210,2707,3210,2707,3242,2658,3242
2724,3210,2836,3210,2836,3242,2724,3242
2839,3210,2847,3210,2847,3242,2839,3242
2864,3210,2936,3210,2936,3242,2864,3242
2947,3210,3127,3210,3127,3242,2947,3242
3142,3210,3178,3210,3178,3242,3142,3242
3188,3210,3280,3210,3280,3242,3188,3242
3299,3210,3350,3210,3350,3242,3299,3242
3365,3210,3472,3210,3472,3242,3365,3242
3487,3210,3533,3210,3533,3242,3487,3242
3551,3210,3574,3210,3574,3242,3551,3242
2446,3250,2492,3250,2492,3285,2446,3285
2507,3249,2633,3248,2633,3284,2507,3285
2644,3248,2684,3248,2684,3284,2644,3284
2695,3248,2808,3247,2808,3283,2695,3284
2825,3247,2834,3247,2834,3282,2825,3282
2839,3247,2848,3247,2848,3282,2839,3282
2848,3247,3024,3246,3024,3282,2848,3283
3032,3246,3041,3246,3041,3281,3032,3281
3764,3046,3809,3046,3809,3086,3764,3086
3766,3084,3811,3084,3811,3124,3766,3124
3764,3122,3809,3122,3809,3162,3764,3162
3761,3164,3814,3164,3814,3200,3761,3200
4486,3156,4496,3156,4496,3192,4486,3192
4501,3156,4680,3156,4680,3192,4501,3192
4692,3156,4719,3156,4719,3192,4692,3192
4727,3156,4854,3156,4854,3192,4727,3192
4488,3226,4496,3226,4496,3258,4488,3258
4507,3226,4614,3226,4614,3258,4507,3258
4632,3226,4656,3226,4656,3258,4632,3258
4665,3226,4728,3226,4728,3258,4665,3258
4732,3226,4740,3226,4740,3258,4732,3258
4740,3226,4864,3226,4864,3258,4740,3258
4502,3258,4587,3258,4587,3289,4502,3289
4611,3258,4619,3258,4619,3289,4611,3289
4639,3258,4647,3258,4647,3289,4639,3289
4652,3258,4660,3258,4660,3289,4652,3289
4667,3258,4690,3258,4690,3289,4667,3289
4710,3258,4718,3258,4718,3289,4710,3289
3582,3373,3626,3373,3626,3407,3582,3407
3999,3363,4098,3366,4097,3408,3998,3405
4112,3367,4123,3367,4122,3408,4111,3408
4286,3363,4343,3363,4343,3407,4286,3407
4346,3363,4358,3363,4358,3407,4346,3407
4362,3363,4419,3363,4419,3407,4362,3407
4418,3363,4430,3363,4430,3407,4418,3407
4432,3363,4532,3363,4532,3407,4432,3407
