4014,166,4297,166,4297,287,4014,287
4106,372,4361,372,4361,397,4106,397
4131,405,4321,405,4321,428,4131,428
301,496,539,325,588,393,350,564
4146,477,4304,477,4304,551,4146,551
3965,587,4497,587,4497,628,3965,628
3952,632,4372,632,4372,783,3952,783
3652,693,3859,693,3859,727,3652,727
4547,687,4719,691,4717,788,4545,784
4253,740,4289,743,4286,784,4250,781
1146,867,1310,867,1310,890,1146,890
4110,844,4358,844,4358,890,4110,890
1121,872,1121,1041,1114,1041,1114,872
1998,976,1998,947,2012,947,2012,976
3142,980,3136,938,3178,932,3185,974
3804,931,3899,931,3899,962,3804,962
4574,940,4662,940,4662,961,4574,961
3017,1009,3014,955,3043,954,3046,1007
2946,992,2947,992,2947,1000,2946,1000
2966,992,2967,992,2967,1000,2966,1000
2985,993,2986,993,2986,1001,2985,1001
3006,993,3007,993,3007,1001,3006,1001
3311,992,3413,992,3413,1017,3311,1017
3804,995,4021,995,4021,1026,3804,1026
4567,999,4670,999,4670,1030,4567,1030
3150,1029,3148,1018,3190,1012,3192,1023
2212,1012,2314,1012,2314,1052,2212,1052
2395,1090,2395,1042,2416,1042,2416,1090
2611,1000,2633,1059,2597,1072,2575,1013
2656,1089,2654,1001,2674,1001,2676,1089
3804,1055,3943,1055,3943,1084,3804,1084
682,1071,682,1072,674,1072,674,1071
4571,1054,4670,1054,4670,1089,4571,1089
3249,1083,3249,1081,3260,1081,3260,1083
2687,1090,2715,1090,2715,1104,2687,1104
3249,1120,3249,1118,3260,1118,3260,1120
2116,1107,2126,1108,2124,1143,2114,1143
2164,1110,2174,1111,2172,1146,2162,1146
2212,1112,2222,1113,2220,1148,2210,1148
2264,1115,2274,1116,2272,1151,2262,1151
2968,1167,2968,1118,2986,1118,2986,1167
3801,1117,3940,1117,3940,1144,3801,1144
4577,1117,4668,1117,4668,1151,4577,1151
3249,1156,3249,1154,3260,1154,3260,1156
551,1208,551,1160,572,1160,572,1208
671,1191,671,1188,685,1188,685,1191
2756,1186,2806,1186,2806,1207,2756,1207
3089,1161,3105,1164,3094,1221,3079,1218
3249,1191,3249,1189,3260,1189,3260,1191
3153,1185,3204,1185,3204,1207,3153,1207
3801,1173,3940,1173,3940,1200,3801,1200
4571,1173,4668,1173,4668,1200,4571,1200
626,1230,626,1204,644,1204,644,1230
3166,1175,3216,1184,3206,1242,3155,1233
3803,1230,3975,1226,3976,1256,3804,1260
4573,1234,4659,1234,4659,1256,4573,1256
2968,1256,2968,1252,2986,1252,2986,1256
444,1268,504,1268,504,1315,444,1315
3804,1286,3948,1286,3948,1317,3804,1317
4575,1285,4664,1285,4664,1323,4575,1323
464,1357,514,1362,512,1381,462,1376
2960,1358,2960,1383,2944,1383,2944,1358
3805,1347,3854,1347,3854,1378,3805,1378
4574,1347,4664,1347,4664,1378,4574,1378
1189,1436,1189,1391,1220,1391,1220,1436
2010,1436,2051,1435,2051,1454,2010,1455
2131,1434,2136,1434,2136,1453,2131,1453
1472,1424,1728,1424,1728,1462,1472,1462
1667,1470,1704,1470,1704,1495,1667,1495
3807,1436,4263,1436,4263,1479,3807,1479
4516,1437,4725,1437,4725,1481,4516,1481
1748,1470,1754,1470,1754,1495,1748,1495
1797,1470,1803,1470,1803,1495,1797,1495
1847,1470,1853,1470,1853,1495,1847,1495
2659,1446,2662,1510,2639,1511,2636,1447
2146,1475,2149,1475,2149,1489,2146,1489
2009,1476,2115,1475,2116,1515,2010,1516
1288,1508,1376,1508,1376,1589,1288,1589
2015,1538,2019,1538,2019,1556,2015,1556
2047,1538,2100,1538,2100,1556,2047,1556
835,1598,831,1539,851,1538,855,1597
4576,1541,4662,1541,4662,1562,4576,1562
3800,1537,3898,1537,3898,1568,3800,1568
2809,1566,2819,1566,2819,1602,2809,1602
2016,1579,2115,1583,2113,1623,2014,1619
2857,1566,2867,1566,2867,1602,2857,1602
2905,1566,2915,1566,2915,1602,2905,1602
2768,1586,2768,1599,2721,1598,2721,1585
3056,1576,3065,1576,3066,1609,3057,1609
3103,1574,3112,1574,3113,1607,3104,1607
3151,1572,3160,1572,3161,1605,3152,1605
1629,1602,1629,1596,1652,1598,1652,1604
1626,1647,1626,1641,1649,1643,1649,1649
1988,1488,1988,1799,1937,1799,1937,1488
2051,1639,2082,1639,2082,1654,2051,1654
3806,1628,4233,1628,4233,1660,3806,1660
4517,1627,4718,1627,4718,1675,4517,1675
2097,1658,2119,1659,2118,1676,2096,1675
1622,1698,1622,1692,1645,1694,1645,1700
2056,1700,2080,1700,2080,1715,2056,1715
2024,1702,2082,1698,2085,1740,2027,1744
2060,1717,2079,1722,2076,1735,2057,1731
2004,1776,2004,1695,2040,1695,2040,1776
1501,1759,1553,1759,1553,1780,1501,1780
2006,1762,2077,1764,2076,1783,2005,1781
3083,1768,3089,1768,3089,1791,3083,1791
3117,1768,3123,1768,3123,1791,3117,1791
3165,1769,3169,1769,3168,1786,3164,1786
3212,1771,3216,1771,3215,1788,3211,1788
2029,1816,2025,1849,2007,1847,2011,1814
953,1768,953,1905,930,1905,930,1768
2767,1687,2764,1943,2716,1942,2719,1686
430,1838,430,1888,407,1888,407,1838
3301,1875,3301,1826,3332,1826,3332,1875
2221,1915,2221,1863,2242,1863,2242,1915
4150,1891,4330,1891,4330,1902,4150,1902
4538,1892,4594,1892,4594,1903,4538,1903
1114,1895,1120,1895,1120,1920,1114,1920
522,1898,702,1898,702,1938,522,1938
1262,1895,1268,1895,1268,1920,1262,1920
1296,1895,1302,1895,1302,1920,1296,1920
1332,1895,1338,1895,1338,1920,1332,1920
1369,1895,1375,1895,1375,1920,1369,1920
1405,1895,1411,1895,1411,1920,1405,1920
1442,1895,1448,1895,1448,1920,1442,1920
3758,1892,3997,1890,3997,1908,3758,1910
1514,1895,1520,1895,1520,1920,1514,1920
4101,1883,4121,1883,4121,1913,4101,1913
1551,1895,1593,1895,1593,1920,1551,1920
1150,1895,1193,1895,1193,1950,1150,1950
1607,1895,1661,1895,1661,1947,1607,1947
1666,1954,1753,1955,1753,1972,1666,1971
1780,1904,1851,1904,1851,1947,1780,1947
2346,1898,2526,1898,2526,1938,2346,1938
3027,1898,3207,1898,3207,1938,3027,1938
1225,1928,1231,1928,1230,1951,1224,1951
3759,1934,3968,1934,3968,1947,3759,1947
4149,1931,4336,1931,4336,1954,4149,1954
4539,1934,4597,1934,4597,1946,4539,1946
1988,1941,1988,1955,1937,1955,1937,1941
3675,2039,3675,1890,3706,1890,3706,2039
3758,1978,3997,1978,3997,1990,3758,1990
1341,1977,1424,1977,1424,2006,1341,2006
4148,1983,4266,1983,4266,1994,4148,1994
4537,1984,4651,1984,4651,1997,4537,1997
3436,1969,3436,2089,3425,2089,3425,1969
3758,2018,3970,2018,3970,2030,3758,2030
4147,2018,4306,2018,4306,2031,4147,2031
4538,2027,4619,2027,4619,2037,4538,2037
2403,2035,2454,2035,2454,2060,2403,2060
3037,2038,3085,2038,3085,2058,3037,2058
320,2053,340,2053,340,2066,320,2066
989,2050,1043,2047,1045,2074,991,2078
3758,2062,3986,2062,3986,2075,3758,2075
4149,2061,4274,2061,4274,2073,4149,2073
4537,2064,4769,2064,4769,2078,4537,2078
3369,2085,3370,2089,3354,2093,3353,2090
3757,2102,3993,2102,3993,2126,3757,2126
4147,2108,4274,2108,4274,2121,4147,2121
4538,2104,4723,2104,4723,2118,4538,2118
2192,2067,2192,2194,2168,2194,2168,2067
4148,2144,4330,2144,4330,2157,4148,2157
3757,2150,3856,2150,3856,2163,3757,2163
902,2231,902,2130,923,2130,923,2231
1288,2144,1376,2144,1376,2180,1288,2180
4538,2151,4622,2151,4622,2163,4538,2163
2762,2070,2760,2252,2713,2251,2715,2069
576,2165,627,2165,627,2190,576,2190
1033,2202,1030,2154,1052,2153,1055,2201
4148,2184,4374,2184,4374,2197,4148,2197
1288,2182,1378,2187,1376,2223,1286,2218
1478,2164,1584,2164,1584,2200,1478,2200
3757,2192,3823,2192,3823,2206,3757,2206
4534,2189,4733,2189,4733,2214,4534,2214
3066,2221,3070,2221,3071,2239,3067,2239
3102,2219,3106,2219,3107,2237,3103,2237
3174,2216,3178,2216,3179,2234,3175,2234
3210,2214,3214,2214,3215,2232,3211,2232
3248,2212,3252,2212,3253,2230,3249,2230
4148,2225,4358,2225,4358,2238,4148,2238
3001,2223,3055,2221,3057,2267,3003,2269
3757,2234,3888,2234,3888,2247,3757,2247
4467,2229,4487,2229,4487,2241,4467,2241
4537,2234,4661,2234,4661,2248,4537,2248
787,2246,829,2246,829,2264,787,2264
2608,2246,2652,2246,2652,2263,2608,2263
1503,2253,1553,2253,1553,2280,1503,2280
4148,2271,4284,2271,4284,2286,4148,2286
3757,2282,3882,2282,3882,2295,3757,2295
4091,2273,4104,2273,4104,2290,4091,2290
4439,2276,4482,2276,4482,2295,4439,2295
4519,2276,4585,2276,4585,2295,4519,2295
4108,2315,4134,2315,4134,2322,4108,2322
2056,2321,2068,2319,2069,2330,2058,2332
2623,2319,2672,2319,2672,2350,2623,2350
3134,2318,3151,2318,3151,2347,3134,2347
3231,2319,3248,2319,3248,2348,3231,2348
3351,2320,3359,2320,3359,2349,3351,2349
3393,2321,3437,2321,3437,2350,3393,2350
3758,2325,3919,2325,3919,2336,3758,2336
4148,2325,4400,2325,4400,2338,4148,2338
2034,2328,2034,2394,2011,2394,2011,2328
3759,2366,3932,2366,3932,2379,3759,2379
4148,2365,4346,2365,4346,2377,4148,2377
1985,2420,1987,2380,2011,2381,2009,2421
2284,2394,2287,2399,2266,2411,2263,2405
2301,2425,2304,2430,2283,2442,2280,2436
2319,2458,2322,2463,2301,2475,2298,2469
3683,2456,4346,2456,4346,2490,3683,2490
2336,2489,2339,2494,2318,2506,2315,2500
4285,2576,4311,2576,4311,2593,4285,2593
4246,2639,4246,2645,4221,2645,4221,2639
4169,2657,4196,2657,4196,2676,4169,2676
4302,2723,4322,2722,4323,2741,4303,2742
4385,2574,4385,2872,4356,2872,4356,2574
4174,2831,4188,2831,4188,2838,4174,2838
4175,2839,4185,2838,4185,2846,4175,2847
4168,2849,4196,2849,4196,2855,4168,2855
4174,3024,4188,3022,4189,3031,4175,3033
4175,3031,4187,3030,4187,3039,4175,3040
4311,3029,4337,3029,4337,3037,4311,3037
2395,3078,2398,3078,2398,3092,2395,3092
2434,3079,2437,3079,2437,3093,2434,3093
2343,3094,2343,3088,2368,3088,2368,3094
2475,3080,2478,3080,2478,3094,2475,3094
2515,3081,2518,3081,2518,3095,2515,3095
2343,3136,2343,3130,2368,3130,2368,3136
2353,3122,2359,3122,2360,3146,2354,3146
140,3124,171,3124,171,3158,140,3158
2395,3121,2401,3121,2402,3145,2396,3145
2438,3120,2444,3120,2445,3144,2439,3144
247,3124,277,3124,277,3158,247,3158
2598,3116,2604,3116,2605,3140,2599,3140
2475,3119,2481,3119,2482,3143,2476,3143
2518,3118,2524,3118,2525,3142,2519,3142
4084,3121,4112,3120,4113,3137,4085,3138
2558,3117,2564,3117,2565,3141,2559,3141
4342,3128,4354,3128,4354,3135,4342,3135
4342,3136,4354,3135,4355,3144,4343,3145
842,3151,842,3146,863,3146,863,3151
4336,3146,4363,3146,4363,3153,4336,3153
1091,3125,1097,3125,1099,3193,1093,3193
842,3180,842,3175,863,3175,863,3180
4022,3173,4143,3173,4143,3197,4022,3197
4273,3159,4336,3151,4340,3181,4277,3189
2146,3159,2270,3159,2270,3227,2146,3227
1866,3180,2095,3187,2094,3222,1865,3215
4412,3189,4414,3189,4414,3200,4412,3200
4444,3182,4525,3182,4525,3206,4444,3206
2739,3194,2834,3194,2834,3217,2739,3217
2398,3191,2562,3191,2562,3223,2398,3223
3005,3191,3170,3191,3170,3222,3005,3222
3270,3175,3503,3175,3503,3241,3270,3241
4109,3212,4201,3214,4201,3221,4109,3219
151,3272,3508,3272,3508,3361,151,3361
3660,3292,3967,3292,3967,3332,3660,3332
4272,3288,4414,3288,4414,3335,4272,3335
4478,3288,4491,3288,4491,3335,4478,3335
