4014,166,4297,166,4297,287,4014,287
2712,400,2712,414,2703,414,2703,400
4106,372,4361,372,4361,397,4106,397
4131,405,4321,405,4321,428,4131,428
1857,437,1910,437,1910,460,1857,460
301,491,542,321,590,390,349,560
4146,477,4304,477,4304,551,4146,551
1590,580,1590,632,1566,632,1566,580
1819,603,1992,607,1991,648,1818,644
2530,581,2530,630,2509,630,2509,581
1403,611,1403,620,1386,620,1386,611
1403,654,1403,658,1386,658,1386,654
2589,675,2636,675,2636,698,2589,698
3965,587,4497,587,4497,628,3965,628
3955,632,4374,632,4374,787,3955,787
4249,744,4285,744,4285,782,4249,782
1403,690,1403,694,1386,694,1386,690
1314,663,1314,747,1299,747,1299,663
1328,674,1328,740,1315,740,1315,674
3651,694,3857,694,3857,725,3651,725
1403,726,1403,730,1386,730,1386,726
4547,687,4719,691,4717,788,4545,784
1374,755,1374,799,1356,799,1356,755
1397,773,1397,802,1376,802,1376,773
2472,841,2472,865,2457,865,2457,841
4104,845,4358,845,4358,893,4104,893
1102,909,1148,909,1148,936,1102,936
2047,914,2104,914,2104,945,2047,945
3801,933,3898,933,3898,960,3801,960
4540,937,4627,937,4627,966,4540,966
2646,966,2779,966,2779,987,2646,987
1374,975,1374,1028,1358,1028,1358,975
1408,1030,1408,1036,1383,1036,1383,1030
3803,997,4023,997,4023,1026,3803,1026
2661,1006,2777,1007,2777,1048,2661,1047
4531,999,4632,999,4632,1028,4531,1028
1066,1019,1174,1019,1174,1061,1066,1061
1408,1066,1408,1072,1383,1072,1383,1066
1052,1048,1052,1102,1030,1102,1030,1048
3804,1055,3943,1055,3943,1084,3804,1084
4535,1059,4632,1059,4632,1088,4535,1088
1408,1103,1408,1109,1383,1109,1383,1103
1914,1104,2169,1116,2167,1159,1912,1147
2381,1121,2385,1121,2385,1138,2381,1138
2429,1121,2433,1121,2433,1138,2429,1138
2590,1107,2713,1107,2713,1160,2590,1160
3801,1117,3940,1117,3940,1144,3801,1144
4539,1117,4626,1117,4626,1147,4539,1147
2350,1130,2349,1173,2318,1172,2319,1129
1408,1139,1408,1145,1383,1145,1383,1139
1408,1175,1408,1181,1383,1181,1383,1175
2687,1175,2718,1175,2718,1189,2687,1189
3801,1173,3940,1173,3940,1200,3801,1200
4532,1174,4632,1174,4632,1196,4532,1196
1408,1212,1408,1218,1383,1218,1383,1212
2347,1216,2347,1224,2316,1223,2316,1215
3803,1230,3975,1226,3976,1256,3804,1260
4537,1233,4625,1233,4625,1256,4537,1256
1408,1248,1408,1254,1383,1254,1383,1248
1314,1220,1314,1305,1299,1305,1299,1220
1340,1224,1340,1304,1315,1304,1315,1224
2346,1264,2346,1272,2315,1271,2315,1263
1589,1249,1589,1297,1565,1297,1565,1249
1408,1285,1408,1291,1383,1291,1383,1285
2682,1268,2753,1268,2753,1308,2682,1308
3803,1287,3950,1287,3950,1319,3803,1319
4539,1292,4624,1292,4624,1315,4539,1315
2344,1311,2345,1319,2314,1321,2313,1313
1408,1321,1408,1327,1383,1327,1383,1321
1092,1288,1157,1288,1157,1369,1092,1369
3798,1352,3839,1352,3839,1374,3798,1374
4541,1350,4624,1350,4624,1374,4541,1374
2347,1362,2348,1370,2317,1372,2316,1364
2012,1339,2081,1344,2075,1424,2006,1419
1408,1394,1408,1400,1383,1400,1383,1394
2351,1410,2352,1418,2321,1420,2320,1412
3801,1412,3854,1412,3854,1430,3801,1430
4540,1410,4626,1410,4626,1433,4540,1433
1408,1430,1408,1436,1383,1436,1383,1430
2383,1443,2388,1443,2388,1462,2383,1462
2435,1440,2441,1440,2441,1463,2435,1463
2354,1451,2355,1459,2324,1461,2323,1453
2484,1442,2490,1442,2490,1466,2484,1466
1408,1457,1408,1487,1360,1487,1360,1457
1408,1503,1408,1509,1383,1509,1383,1503
2530,1498,2558,1498,2558,1513,2530,1513
3808,1500,4257,1500,4257,1532,3808,1532
4478,1492,4688,1492,4688,1543,4478,1543
1408,1542,1408,1548,1383,1548,1383,1542
997,1579,997,1598,982,1598,982,1579
3800,1595,3898,1595,3898,1626,3800,1626
4539,1600,4624,1600,4624,1623,4539,1623
2449,1623,2497,1621,2499,1664,2451,1666
2641,1616,2652,1616,2654,1658,2643,1658
2211,1679,2239,1679,2239,1694,2211,1694
2331,1692,2330,1701,2295,1697,2296,1688
1266,1707,1266,1701,1289,1701,1289,1707
3807,1686,4232,1686,4232,1720,3807,1720
4484,1686,4689,1686,4689,1740,4484,1740
1725,1741,1777,1741,1777,1768,1725,1768
1731,1720,1780,1728,1770,1786,1721,1777
2325,1753,2324,1762,2289,1758,2290,1749
2668,1742,2668,1790,2646,1790,2646,1742
2793,1729,2793,1775,2762,1775,2762,1729
1266,1829,1266,1773,1289,1773,1289,1829
2304,1785,2448,1785,2448,1829,2304,1829
1373,1873,1374,1867,1397,1872,1396,1878
2455,1866,2569,1866,2569,1900,2455,1900
3758,1892,3997,1890,3997,1908,3758,1910
4150,1891,4330,1891,4330,1902,4150,1902
4538,1892,4594,1892,4594,1903,4538,1903
1366,1909,1367,1903,1390,1908,1389,1914
1266,1926,1266,1920,1289,1920,1289,1926
1590,1909,1590,1961,1566,1961,1566,1909
3759,1934,3968,1934,3968,1947,3759,1947
2543,1920,2556,1945,2537,1954,2524,1929
4149,1931,4336,1931,4336,1954,4149,1954
1350,1981,1359,1935,1383,1940,1374,1986
4539,1934,4597,1934,4597,1946,4539,1946
1336,1981,1336,1961,1356,1961,1356,1981
3675,2039,3675,1890,3706,1890,3706,2039
3758,1978,3997,1978,3997,1990,3758,1990
4148,1983,4266,1983,4266,1994,4148,1994
4537,1984,4651,1984,4651,1997,4537,1997
2545,1998,2594,2001,2593,2016,2544,2013
1683,1993,1856,1998,1855,2039,1682,2034
3758,2018,3970,2018,3970,2030,3758,2030
4147,2018,4306,2018,4306,2031,4147,2031
4538,2027,4619,2027,4619,2037,4538,2037
2259,2035,2287,2035,2287,2050,2259,2050
2427,2041,2513,2041,2513,2084,2427,2084
3758,2062,3986,2062,3986,2075,3758,2075
4149,2061,4274,2061,4274,2073,4149,2073
4537,2064,4769,2064,4769,2078,4537,2078
3757,2102,3993,2102,3993,2126,3757,2126
4147,2108,4274,2108,4274,2121,4147,2121
4538,2104,4723,2104,4723,2118,4538,2118
3757,2150,3856,2150,3856,2163,3757,2163
4148,2144,4330,2144,4330,2157,4148,2157
4538,2151,4622,2151,4622,2163,4538,2163
1330,2166,1324,2195,1296,2190,1302,2160
4148,2184,4374,2184,4374,2197,4148,2197
1241,2275,1245,2139,1264,2140,1260,2276
1373,2174,1371,2228,1352,2227,1354,2173
2208,2172,2210,2226,2187,2227,2185,2173
3757,2192,3823,2192,3823,2206,3757,2206
4534,2189,4733,2189,4733,2214,4534,2214
2661,2125,2661,2170,2640,2170,2640,2125
2710,2173,2706,2340,2672,2339,2676,2172
2479,2225,2508,2224,2508,2233,2479,2234
4148,2225,4358,2225,4358,2238,4148,2238
3757,2234,3888,2234,3888,2247,3757,2247
4467,2229,4487,2229,4487,2241,4467,2241
4537,2234,4661,2234,4661,2248,4537,2248
4148,2271,4284,2271,4284,2286,4148,2286
1368,2281,1368,2285,1350,2284,1350,2280
3757,2282,3882,2282,3882,2295,3757,2295
4091,2273,4104,2273,4104,2290,4091,2290
4439,2276,4482,2276,4482,2295,4439,2295
4519,2276,4585,2276,4585,2295,4519,2295
1367,2317,1367,2321,1349,2320,1349,2316
2262,2306,2312,2306,2312,2329,2262,2329
4108,2315,4134,2315,4134,2322,4108,2322
3758,2325,3919,2325,3919,2336,3758,2336
4148,2325,4400,2325,4400,2338,4148,2338
2442,2347,2442,2349,2431,2349,2431,2347
1366,2353,1366,2357,1348,2356,1348,2352
3759,2366,3932,2366,3932,2379,3759,2379
4148,2365,4346,2365,4346,2377,4148,2377
2442,2382,2442,2384,2431,2384,2431,2382
1311,2422,1314,2393,1330,2395,1327,2423
1331,2429,1331,2383,1352,2383,1352,2429
1887,2402,1895,2405,1884,2435,1876,2432
2442,2418,2442,2420,2431,2420,2431,2418
2262,2430,2268,2500,2227,2503,2221,2433
3682,2458,4343,2458,4343,2490,3682,2490
1590,2493,1590,2545,1566,2545,1566,2493
2186,2525,2186,2497,2200,2497,2200,2525
2271,2546,2274,2587,2234,2590,2230,2549
2667,2545,2667,2595,2638,2595,2638,2545
4393,2579,4413,2579,4413,2589,4393,2589
4392,2591,4406,2586,4410,2597,4395,2601
1648,2582,1831,2582,1831,2638,1648,2638
4383,2606,4424,2606,4424,2616,4383,2616
2337,2661,2483,2636,2493,2694,2347,2719
2676,2689,2676,2693,2659,2693,2659,2689
1732,2696,1781,2700,1778,2734,1729,2730
2675,2712,2674,2736,2657,2736,2658,2712
2439,2745,2512,2701,2543,2752,2470,2796
4163,2863,4163,2647,4198,2647,4198,2863
4235,2738,4275,2738,4275,2775,4235,2775
2209,2803,2393,2816,2391,2837,2208,2824
2664,2808,2732,2808,2732,2823,2664,2823
4436,2821,4436,2820,4444,2824,4443,2824
2437,2820,2616,2833,2615,2846,2436,2833
4432,2831,4474,2831,4474,2842,4432,2842
2323,2817,2397,2772,2427,2822,2353,2867
2699,2840,2759,2844,2758,2856,2698,2852
4162,2943,4184,2943,4184,2953,4162,2953
4155,2953,4196,2953,4196,2980,4155,2980
3924,3014,3945,3014,3945,3024,3924,3024
3916,3022,3958,3022,3958,3052,3916,3052
4452,3041,4473,3041,4473,3051,4452,3051
4443,3051,4485,3051,4485,3077,4443,3077
2395,3078,2398,3078,2398,3092,2395,3092
2434,3079,2437,3079,2437,3093,2434,3093
2343,3094,2343,3088,2368,3088,2368,3094
2475,3080,2478,3080,2478,3094,2475,3094
2515,3081,2518,3081,2518,3095,2515,3095
4203,3097,4223,3097,4223,3109,4203,3109
4203,3108,4220,3107,4221,3121,4204,3122
2343,3136,2343,3130,2368,3130,2368,3136
142,3128,168,3128,168,3151,142,3151
2353,3120,2359,3120,2359,3144,2353,3144
238,3128,263,3128,263,3151,238,3151
2395,3119,2401,3119,2401,3143,2395,3143
2438,3119,2444,3119,2444,3143,2438,3143
2478,3118,2484,3118,2484,3142,2478,3142
2518,3117,2524,3117,2524,3141,2518,3141
4194,3124,4235,3124,4235,3136,4194,3136
2558,3117,2564,3117,2564,3141,2558,3141
2598,3116,2604,3116,2604,3140,2598,3140
1866,3180,2095,3187,2094,3222,1865,3215
2146,3159,2270,3159,2270,3227,2146,3227
3872,3166,4301,3172,4300,3215,3871,3209
2398,3191,2562,3191,2562,3223,2398,3223
2739,3194,2834,3194,2834,3217,2739,3217
3270,3175,3503,3175,3503,3241,3270,3241
3005,3191,3170,3191,3170,3222,3005,3222
151,3272,3508,3272,3508,3361,151,3361
3660,3294,3969,3294,3969,3332,3660,3332
4278,3282,4419,3282,4419,3340,4278,3340
4474,3282,4490,3282,4490,3340,4474,3340
