4014,166,4297,166,4297,287,4014,287
4106,372,4361,372,4361,397,4106,397
4131,405,4321,405,4321,428,4131,428
301,496,539,325,588,393,350,564
4146,477,4304,477,4304,551,4146,551
3965,587,4497,587,4497,628,3965,628
3956,632,4372,632,4372,787,3956,787
3651,694,3857,694,3857,725,3651,725
4543,692,4703,692,4703,782,4543,782
4253,740,4289,743,4286,784,4250,781
4110,844,4358,844,4358,890,4110,890
3804,931,3899,931,3899,962,3804,962
4576,937,4664,937,4664,966,4576,966
678,975,750,975,750,990,678,990
1359,979,1389,977,1390,999,1360,1001
3237,980,3378,980,3378,1013,3237,1013
3417,991,3521,968,3527,991,3422,1014
1459,1006,1610,1006,1610,1020,1459,1020
3804,995,4021,995,4021,1026,3804,1026
4569,1000,4669,1000,4669,1029,4569,1029
2184,1021,2187,1021,2187,1035,2184,1035
2209,1020,2212,1020,2212,1034,2209,1034
2236,1019,2239,1019,2239,1033,2236,1033
2263,1018,2266,1018,2266,1032,2263,1032
1906,1037,1935,1037,1935,1049,1906,1049
2659,1028,2702,1030,2701,1051,2658,1049
2328,1028,2388,1028,2388,1083,2328,1083
3804,1055,3943,1055,3943,1084,3804,1084
1468,1073,1468,1074,1460,1074,1460,1073
4571,1061,4671,1061,4671,1088,4571,1088
2156,1084,2156,1086,2144,1086,2144,1084
1452,1084,1452,1102,1444,1102,1444,1084
1468,1093,1468,1094,1460,1094,1460,1093
2326,1102,2392,1106,2391,1118,2325,1114
3481,1205,3481,1002,3516,1002,3516,1205
2156,1111,2156,1113,2144,1113,2144,1111
1468,1113,1468,1114,1460,1114,1460,1113
164,1111,219,1071,230,1086,175,1126
2326,1119,2372,1119,2372,1144,2326,1144
1844,1131,1984,1131,1984,1156,1844,1156
3801,1117,3940,1117,3940,1144,3801,1144
1467,1133,1467,1134,1459,1134,1459,1133
4575,1119,4663,1119,4663,1146,4575,1146
2156,1139,2156,1141,2144,1141,2144,1139
2329,1144,2377,1144,2377,1152,2329,1152
1467,1153,1467,1154,1459,1154,1459,1153
2156,1166,2156,1168,2144,1168,2144,1166
2887,1155,2887,1183,2869,1183,2869,1155
2961,1160,2961,1183,2952,1183,2952,1160
1467,1173,1467,1174,1459,1174,1459,1173
679,1174,758,1174,758,1199,679,1199
2690,1174,2788,1174,2788,1195,2690,1195
1290,1186,1360,1187,1360,1206,1290,1205
1417,1177,1417,1223,1410,1223,1410,1177
3801,1173,3940,1173,3940,1200,3801,1200
1467,1193,1467,1194,1459,1194,1459,1193
4572,1173,4668,1173,4668,1200,4572,1200
2184,1193,2187,1193,2185,1207,2182,1207
2212,1196,2215,1196,2213,1210,2210,1210
1467,1213,1467,1214,1459,1214,1459,1213
1585,1205,1583,1231,1567,1230,1569,1204
151,1204,156,1211,130,1231,125,1224
1466,1233,1466,1234,1458,1234,1458,1233
1301,1238,1336,1240,1335,1258,1300,1256
1900,1230,1933,1230,1933,1249,1900,1249
4573,1235,4661,1235,4661,1256,4573,1256
1146,1244,1146,1271,1133,1271,1133,1244
3803,1230,3975,1226,3976,1256,3804,1260
1301,1261,1333,1261,1333,1280,1301,1280
1896,1253,1931,1251,1932,1272,1897,1274
1466,1273,1466,1274,1458,1274,1458,1273
1466,1293,1466,1294,1458,1294,1458,1293
2141,1303,2154,1303,2154,1314,2141,1314
3804,1286,3948,1286,3948,1317,3804,1317
2549,1326,2545,1287,2564,1285,2568,1324
4575,1291,4662,1291,4662,1315,4575,1315
2192,1296,2196,1348,2181,1349,2177,1297
1465,1314,1465,1315,1457,1315,1457,1314
1465,1325,1465,1362,1441,1362,1441,1325
1438,1353,1438,1402,1427,1402,1427,1353
249,1264,368,1417,351,1431,232,1278
3805,1347,3854,1347,3854,1378,3805,1378
4574,1347,4664,1347,4664,1378,4574,1378
2733,1372,2759,1372,2759,1390,2733,1390
2543,1401,2546,1423,2532,1425,2529,1403
3279,1391,3359,1391,3359,1418,3279,1418
180,1242,376,1505,349,1525,153,1262
293,1246,478,1514,449,1535,263,1266
2245,1417,2275,1417,2275,1436,2245,1436
2551,1434,2551,1432,2561,1431,2561,1433
2140,1433,2154,1432,2154,1442,2140,1443
2552,1448,2552,1446,2562,1445,2562,1447
2950,1443,2950,1446,2936,1447,2936,1444
2103,1441,2128,1437,2130,1454,2106,1458
786,1453,877,1456,876,1491,785,1488
3807,1436,4263,1436,4263,1479,3807,1479
4516,1433,4720,1433,4720,1483,4516,1483
2950,1464,2950,1467,2936,1468,2936,1465
1140,1465,1149,1465,1148,1500,1139,1500
2951,1485,2951,1488,2937,1489,2937,1486
2229,1502,2226,1493,2238,1490,2241,1499
3157,1509,3157,1484,3167,1484,3167,1509
2952,1503,2952,1506,2938,1507,2938,1504
2887,1504,2887,1529,2871,1529,2871,1504
707,1514,1107,1514,1107,1561,707,1561
831,1506,953,1495,958,1545,836,1556
2098,1521,2153,1521,2153,1539,2098,1539
2509,1517,2509,1543,2495,1543,2495,1517
2953,1524,2954,1558,2939,1559,2938,1525
2198,1543,2201,1568,2178,1571,2175,1546
2724,1551,2819,1551,2819,1570,2724,1570
3805,1537,3928,1533,3929,1569,3806,1573
4576,1540,4661,1540,4661,1563,4576,1563
3592,1548,3592,1618,3577,1618,3577,1548
2203,1593,2206,1622,2185,1624,2181,1596
3804,1602,3908,1602,3908,1623,3804,1623
4567,1597,4667,1597,4667,1626,4567,1626
2210,1649,2211,1654,2189,1657,2188,1652
3481,1791,3481,1466,3516,1466,3516,1791
3805,1655,3907,1655,3907,1686,3805,1686
4567,1655,4667,1655,4667,1684,4567,1684
2407,1898,2480,1582,2537,1596,2464,1911
2502,1744,2502,1702,2515,1702,2515,1744
2981,1610,2981,1793,2970,1793,2970,1610
2466,1730,2480,1729,2481,1740,2467,1741
3807,1754,4233,1754,4233,1789,3807,1789
4508,1753,4735,1753,4735,1801,4508,1801
2397,1788,2430,1795,2425,1818,2392,1811
2706,1796,2803,1796,2803,1816,2706,1816
2508,1801,2507,1856,2489,1856,2490,1801
2355,1872,2377,1874,2376,1890,2354,1888
2962,1891,2962,1913,2952,1913,2952,1891
3759,1895,3996,1895,3996,1908,3759,1908
4150,1891,4330,1891,4330,1902,4150,1902
4538,1892,4594,1892,4594,1903,4538,1903
2734,1937,2760,1937,2760,1954,2734,1954
3759,1934,3968,1934,3968,1947,3759,1947
4149,1931,4336,1931,4336,1954,4149,1954
4539,1934,4597,1934,4597,1946,4539,1946
2477,1956,2499,1954,2500,1968,2478,1970
3677,2039,3677,1886,3704,1886,3704,2039
3758,1978,3997,1978,3997,1990,3758,1990
4148,1983,4266,1983,4266,1994,4148,1994
4537,1984,4651,1984,4651,1997,4537,1997
3244,1989,3361,1989,3361,2008,3244,2008
3758,2018,3970,2018,3970,2030,3758,2030
4147,2018,4306,2018,4306,2031,4147,2031
4538,2027,4619,2027,4619,2037,4538,2037
3758,2062,3986,2062,3986,2075,3758,2075
4149,2061,4274,2061,4274,2073,4149,2073
4537,2064,4769,2064,4769,2078,4537,2078
3757,2102,3993,2102,3993,2126,3757,2126
4147,2108,4274,2108,4274,2121,4147,2121
4538,2104,4723,2104,4723,2118,4538,2118
3757,2150,3856,2150,3856,2163,3757,2163
4148,2144,4330,2144,4330,2157,4148,2157
4449,2123,4518,2180,4480,2227,4410,2170
4538,2151,4622,2151,4622,2163,4538,2163
3475,2195,3475,2192,3488,2192,3488,2195
4148,2184,4374,2184,4374,2197,4148,2197
3757,2192,3823,2192,3823,2206,3757,2206
4534,2189,4733,2189,4733,2214,4534,2214
3475,2227,3475,2224,3488,2224,3488,2227
4148,2225,4358,2225,4358,2238,4148,2238
3757,2234,3888,2234,3888,2247,3757,2247
4467,2229,4487,2229,4487,2241,4467,2241
4537,2234,4661,2234,4661,2248,4537,2248
3475,2261,3475,2258,3488,2258,3488,2261
3073,2261,3330,2256,3330,2275,3073,2280
4148,2271,4284,2271,4284,2286,4148,2286
3757,2282,3882,2282,3882,2295,3757,2295
4091,2273,4104,2273,4104,2290,4091,2290
4439,2276,4482,2276,4482,2295,4439,2295
4519,2276,4585,2276,4585,2295,4519,2295
3475,2295,3475,2292,3488,2292,3488,2295
4108,2315,4134,2315,4134,2322,4108,2322
3475,2324,3475,2321,3488,2321,3488,2324
3758,2325,3919,2325,3919,2336,3758,2336
4148,2325,4400,2325,4400,2338,4148,2338
3759,2366,3932,2366,3932,2379,3759,2379
4148,2365,4346,2365,4346,2377,4148,2377
3433,2529,3437,2419,3478,2420,3474,2530
3505,2570,3505,2298,3541,2298,3541,2570
3680,2456,4346,2456,4346,2492,3680,2492
4377,2554,4395,2553,4395,2564,4377,2565
4369,2564,4406,2564,4406,2589,4369,2589
4638,2520,4688,2473,4736,2524,4686,2571
3543,2590,3582,2590,3582,2605,3543,2605
4234,2654,4252,2654,4252,2661,4234,2661
4225,2662,4263,2662,4263,2687,4225,2687
3024,2680,3127,2680,3127,2723,3024,2723
3070,2738,3122,2738,3122,2775,3070,2775
4283,2728,4312,2728,4312,2754,4283,2754
4413,2768,4434,2769,4434,2777,4413,2776
4405,2777,4443,2777,4443,2803,4405,2803
3334,2813,3397,2752,3408,2764,3345,2824
3387,2823,3547,2664,3561,2677,3400,2836
3502,2838,3607,2736,3622,2752,3517,2854
4220,2854,4263,2854,4263,2873,4220,2873
2935,2870,3590,2870,3590,2924,2935,2924
4099,2912,4136,2912,4136,2922,4099,2922
3937,2977,3977,2975,3979,3012,3939,3014
4385,3031,4413,3003,4420,3010,4392,3038
4163,3030,4186,3030,4186,3040,4163,3040
4158,3040,4195,3039,4196,3064,4159,3065
2343,3094,2343,3088,2368,3088,2368,3094
143,3116,156,3116,156,3130,143,3130
195,3116,210,3116,210,3130,195,3130
2343,3136,2343,3130,2368,3130,2368,3136
2353,3120,2359,3120,2359,3144,2353,3144
2395,3119,2401,3119,2401,3143,2395,3143
2438,3119,2444,3119,2444,3143,2438,3143
2478,3118,2484,3118,2484,3142,2478,3142
2518,3117,2524,3117,2524,3141,2518,3141
2558,3117,2564,3117,2564,3141,2558,3141
2598,3116,2604,3116,2604,3140,2598,3140
1866,3180,2095,3187,2094,3222,1865,3215
2146,3159,2270,3159,2270,3227,2146,3227
2398,3191,2562,3191,2562,3223,2398,3223
2739,3194,2834,3194,2834,3217,2739,3217
3005,3191,3170,3191,3170,3222,3005,3222
3270,3175,3503,3175,3503,3241,3270,3241
151,3272,3508,3272,3508,3361,151,3361
3660,3291,3968,3291,3968,3333,3660,3333
4271,3291,4414,3286,4416,3334,4273,3339
4478,3284,4491,3284,4493,3331,4480,3331
