4014,166,4297,166,4297,287,4014,287
1639,383,1647,383,1647,412,1639,412
4106,372,4361,372,4361,397,4106,397
4131,405,4321,405,4321,428,4131,428
1799,460,1978,460,1978,503,1799,503
301,491,542,321,590,390,349,560
4146,477,4304,477,4304,551,4146,551
2588,528,2635,528,2635,550,2588,550
1195,559,1254,559,1254,586,1195,586
1590,580,1590,632,1566,632,1566,580
2529,580,2529,629,2508,629,2508,580
1406,611,1406,619,1385,618,1385,610
1856,627,1910,627,1910,652,1856,652
1404,654,1404,659,1383,658,1383,653
3965,587,4497,587,4497,628,3965,628
3957,632,4374,632,4374,787,3957,787
4249,744,4285,744,4285,782,4249,782
1402,689,1402,694,1381,693,1381,688
1316,664,1316,749,1302,749,1302,664
1331,675,1331,740,1316,740,1316,675
3651,694,3857,694,3857,725,3651,725
4543,692,4707,692,4707,782,4543,782
1374,757,1374,800,1357,800,1357,757
1398,773,1397,804,1376,803,1377,772
2472,844,2472,872,2457,872,2457,844
4104,845,4358,845,4358,893,4104,893
1101,913,1150,913,1150,931,1101,931
2046,893,2101,893,2101,935,2046,935
2186,893,2217,893,2217,935,2186,935
2179,935,2222,931,2224,960,2181,964
3801,933,3898,933,3898,960,3801,960
4541,939,4625,939,4625,961,4541,961
2655,964,2716,965,2715,987,2654,986
2777,967,2782,967,2781,988,2777,988
1408,965,1408,1028,1358,1028,1358,965
1408,1031,1408,1037,1383,1037,1383,1031
3803,997,4023,997,4023,1026,3803,1026
2656,1008,2758,1008,2758,1046,2656,1046
4531,999,4632,999,4632,1028,4531,1028
1053,1046,1053,1102,1029,1102,1029,1046
1408,1068,1408,1074,1383,1074,1383,1068
2641,1067,2761,1069,2761,1088,2641,1086
3804,1055,3943,1055,3943,1084,3804,1084
4535,1059,4632,1059,4632,1088,4535,1088
1070,1079,1172,1083,1171,1113,1069,1109
1408,1104,1408,1110,1383,1110,1383,1104
2381,1121,2385,1121,2385,1138,2381,1138
2429,1121,2433,1121,2433,1138,2429,1138
3801,1117,3940,1117,3940,1144,3801,1144
1881,1120,2132,1120,2132,1171,1881,1171
4539,1117,4626,1117,4626,1147,4539,1147
1408,1140,1408,1146,1383,1146,1383,1140
2350,1130,2349,1173,2318,1172,2319,1129
2649,1137,2727,1137,2727,1178,2649,1178
1408,1174,1408,1180,1383,1180,1383,1174
2742,1180,2764,1183,2761,1198,2740,1195
3801,1173,3940,1173,3940,1200,3801,1200
4532,1171,4632,1171,4632,1201,4532,1201
1408,1213,1408,1219,1383,1219,1383,1213
2347,1216,2347,1224,2316,1223,2316,1215
2692,1115,2692,1316,2645,1316,2645,1115
2696,1222,2719,1222,2719,1235,2696,1235
3803,1230,3975,1226,3976,1256,3804,1260
4536,1226,4628,1226,4628,1262,4536,1262
1408,1250,1408,1256,1383,1256,1383,1250
1314,1220,1314,1305,1299,1305,1299,1220
1340,1224,1340,1304,1315,1304,1315,1224
2346,1264,2346,1272,2315,1271,2315,1263
1589,1249,1589,1297,1565,1297,1565,1249
1408,1286,1408,1292,1383,1292,1383,1286
2690,1285,2725,1285,2725,1300,2690,1300
2690,1272,2787,1272,2787,1307,2690,1307
3803,1287,3950,1287,3950,1319,3803,1319
4540,1291,4625,1291,4625,1314,4540,1314
2344,1311,2345,1319,2314,1321,2313,1313
1087,1290,1156,1290,1156,1365,1087,1365
1408,1322,1408,1328,1383,1328,1383,1322
1408,1359,1408,1365,1383,1365,1383,1359
3798,1352,3839,1352,3839,1374,3798,1374
4540,1350,4623,1350,4623,1375,4540,1375
2347,1362,2348,1370,2317,1372,2316,1364
2008,1342,2077,1342,2077,1420,2008,1420
1408,1395,1408,1401,1383,1401,1383,1395
2351,1410,2352,1418,2321,1420,2320,1412
3801,1412,3854,1412,3854,1430,3801,1430
4540,1412,4626,1412,4626,1433,4540,1433
1408,1432,1408,1438,1383,1438,1383,1432
2381,1442,2385,1442,2385,1460,2381,1460
2437,1426,2534,1426,2534,1468,2437,1468
2354,1451,2355,1459,2324,1461,2323,1453
1408,1457,1408,1487,1360,1487,1360,1457
1408,1504,1408,1510,1383,1510,1383,1504
2531,1505,2559,1505,2559,1518,2531,1518
3808,1500,4257,1500,4257,1532,3808,1532
4479,1496,4687,1496,4687,1539,4479,1539
1408,1541,1408,1547,1383,1547,1383,1541
3800,1595,3898,1595,3898,1626,3800,1626
4538,1594,4626,1594,4626,1627,4538,1627
2456,1619,2523,1619,2523,1708,2456,1708
2745,1619,2786,1619,2786,1668,2745,1668
2212,1685,2239,1685,2239,1700,2212,1700
2561,1672,2570,1671,2572,1706,2563,1707
2611,1669,2620,1668,2622,1703,2613,1704
2658,1667,2667,1666,2669,1701,2660,1702
1597,1681,1615,1682,1612,1745,1594,1744
1726,1686,1779,1688,1776,1751,1723,1749
3807,1686,4232,1686,4232,1720,3807,1720
4479,1682,4691,1682,4691,1740,4479,1740
1268,1740,1268,1734,1291,1734,1291,1740
1322,1824,1322,1707,1345,1707,1345,1824
2668,1742,2668,1790,2646,1790,2646,1742
1266,1828,1266,1798,1290,1798,1290,1828
1346,1823,1348,1794,1366,1795,1364,1824
1366,1842,1366,1799,1391,1799,1391,1842
1366,1875,1366,1869,1391,1869,1391,1875
3758,1892,3997,1890,3997,1908,3758,1910
4150,1891,4330,1891,4330,1902,4150,1902
4538,1892,4594,1892,4594,1903,4538,1903
1265,1910,1265,1904,1288,1904,1288,1910
1366,1911,1366,1905,1391,1905,1391,1911
1550,1910,1550,1960,1527,1960,1527,1910
3759,1934,3968,1934,3968,1947,3759,1947
1366,1948,1366,1942,1391,1942,1391,1948
4149,1931,4336,1931,4336,1954,4149,1954
4539,1934,4597,1934,4597,1946,4539,1946
2405,1854,2632,1854,2632,2086,2405,2086
1366,1984,1366,1978,1391,1978,1391,1984
3675,2039,3675,1890,3706,1890,3706,2039
2100,1951,2104,2017,2082,2018,2078,1952
3758,1978,3997,1978,3997,1990,3758,1990
4148,1983,4266,1983,4266,1994,4148,1994
1670,1983,1849,1976,1851,2024,1672,2031
4537,1984,4651,1984,4651,1997,4537,1997
3758,2018,3970,2018,3970,2030,3758,2030
4147,2018,4306,2018,4306,2031,4147,2031
2666,1978,2683,1979,2679,2092,2662,2091
4538,2027,4619,2027,4619,2037,4538,2037
2260,2040,2289,2040,2289,2055,2260,2055
3758,2062,3986,2062,3986,2075,3758,2075
4149,2061,4274,2061,4274,2073,4149,2073
4537,2064,4769,2064,4769,2078,4537,2078
3757,2102,3993,2102,3993,2126,3757,2126
4147,2108,4274,2108,4274,2121,4147,2121
4538,2104,4723,2104,4723,2118,4538,2118
2708,2108,2703,2184,2644,2180,2649,2104
3757,2150,3856,2150,3856,2163,3757,2163
4148,2144,4330,2144,4330,2157,4148,2157
4538,2151,4622,2151,4622,2163,4538,2163
4148,2184,4374,2184,4374,2197,4148,2197
1321,2156,1315,2242,1298,2240,1304,2155
2207,2172,2207,2227,2187,2227,2187,2172
3757,2192,3823,2192,3823,2206,3757,2206
4534,2189,4733,2189,4733,2214,4534,2214
1689,2230,1710,2230,1710,2244,1689,2244
2461,2226,2509,2226,2509,2242,2461,2242
4148,2225,4358,2225,4358,2238,4148,2238
3757,2234,3888,2234,3888,2247,3757,2247
4467,2229,4487,2229,4487,2241,4467,2241
4537,2234,4661,2234,4661,2248,4537,2248
1242,2270,1243,2227,1264,2227,1263,2270
2265,2248,2311,2243,2312,2255,2266,2260
1318,2307,1322,2238,1341,2239,1337,2308
1343,2288,1343,2244,1362,2244,1362,2288
1709,2269,1759,2269,1759,2292,1709,2292
3757,2282,3882,2282,3882,2295,3757,2295
4148,2271,4284,2271,4284,2286,4148,2286
4091,2273,4104,2273,4104,2290,4091,2290
4439,2276,4482,2276,4482,2295,4439,2295
4519,2276,4585,2276,4585,2295,4519,2295
2270,2290,2331,2298,2326,2339,2265,2331
1344,2320,1344,2315,1363,2315,1363,2320
4108,2315,4134,2315,4134,2322,4108,2322
3758,2325,3919,2325,3919,2336,3758,2336
4148,2325,4400,2325,4400,2338,4148,2338
1344,2356,1344,2351,1363,2351,1363,2356
1241,2378,1241,2364,1262,2364,1262,2378
2588,2354,2593,2350,2608,2368,2604,2372
2690,2367,2689,2386,2631,2382,2632,2363
3759,2366,3932,2366,3932,2379,3759,2379
4148,2365,4346,2365,4346,2377,4148,2377
1345,2392,1345,2387,1364,2387,1364,2392
2559,2377,2564,2373,2579,2391,2575,2395
2532,2400,2537,2396,2552,2414,2548,2418
1240,2428,1240,2423,1261,2423,1261,2428
1345,2432,1345,2427,1364,2427,1364,2432
2504,2425,2509,2421,2524,2439,2520,2443
2185,2457,2189,2447,2227,2461,2223,2471
3682,2458,4343,2458,4343,2490,3682,2490
1550,2495,1550,2546,1527,2546,1527,2495
2155,2536,2172,2490,2211,2505,2194,2551
2182,2597,2173,2435,2264,2430,2273,2592
2677,2551,2673,2601,2615,2597,2618,2547
2702,2577,2716,2577,2716,2587,2702,2587
2761,2581,2762,2581,2762,2589,2761,2589
4380,2562,4401,2561,4401,2572,4380,2573
4369,2573,4412,2573,4412,2600,4369,2600
1647,2593,1825,2593,1825,2633,1647,2633
2114,2624,2479,2631,2478,2679,2113,2672
2667,2677,2794,2671,2795,2686,2668,2692
2113,2717,2268,2717,2268,2777,2113,2777
2488,2717,2540,2717,2540,2777,2488,2777
4169,2843,4163,2646,4192,2645,4198,2842
4244,2746,4266,2746,4266,2756,4244,2756
4236,2757,4276,2757,4276,2783,4236,2783
2216,2766,2225,2765,2227,2800,2218,2801
1986,2790,1994,2790,1995,2821,1987,2821
2074,2774,2092,2773,2094,2816,2076,2817
2031,2788,2039,2788,2040,2819,2032,2819
2130,2771,2139,2770,2141,2805,2132,2806
2665,2807,2667,2807,2666,2818,2664,2818
2688,2810,2690,2810,2689,2821,2687,2821
2717,2814,2730,2816,2728,2827,2716,2825
2539,2833,2542,2833,2542,2839,2539,2839
2593,2833,2639,2833,2639,2839,2593,2839
4421,2826,4443,2826,4443,2836,4421,2836
4412,2834,4453,2834,4453,2863,4412,2863
3951,2876,3952,2882,3930,2887,3929,2882
4150,2969,4191,2969,4191,2979,4150,2979
3967,3035,3987,3034,3987,3045,3967,3046
3955,3046,3999,3046,3999,3074,3955,3074
2343,3094,2343,3088,2368,3088,2368,3094
1868,3036,2251,3021,2255,3137,1873,3152
2394,3078,2398,3078,2398,3095,2394,3095
2433,3078,2437,3078,2437,3095,2433,3095
2473,3078,2477,3078,2477,3095,2473,3095
2514,3078,2518,3078,2518,3095,2514,3095
4347,3086,4388,3086,4388,3125,4347,3125
2343,3136,2343,3130,2368,3130,2368,3136
142,3128,168,3128,168,3151,142,3151
238,3128,263,3128,263,3151,238,3151
2353,3122,2359,3122,2360,3146,2354,3146
2395,3121,2401,3121,2402,3145,2396,3145
2438,3120,2444,3120,2445,3144,2439,3144
2475,3119,2481,3119,2482,3143,2476,3143
2518,3118,2524,3118,2525,3142,2519,3142
2558,3117,2564,3117,2565,3141,2559,3141
2598,3116,2604,3116,2605,3140,2599,3140
1866,3180,2095,3187,2094,3222,1865,3215
2146,3159,2270,3159,2270,3227,2146,3227
2398,3191,2562,3191,2562,3223,2398,3223
2739,3194,2834,3194,2834,3217,2739,3217
3005,3191,3170,3191,3170,3222,3005,3222
3270,3175,3503,3175,3503,3241,3270,3241
151,3272,3508,3272,3508,3361,151,3361
3660,3291,3968,3291,3968,3333,3660,3333
4276,3291,4415,3291,4415,3333,4276,3333
4477,3291,4488,3291,4488,3333,4477,3333
