4014,166,4297,166,4297,287,4014,287
4106,372,4361,372,4361,397,4106,397
4131,405,4321,405,4321,428,4131,428
301,491,542,321,590,390,349,560
4146,477,4304,477,4304,551,4146,551
3965,588,4497,588,4497,628,3965,628
3956,632,4372,632,4372,787,3956,787
3651,694,3857,694,3857,725,3651,725
3284,735,3383,731,3384,755,3285,759
4543,693,4706,693,4706,782,4543,782
4254,739,4290,744,4284,785,4248,780
3460,783,3520,779,3521,795,3461,799
3315,811,3360,811,3360,828,3315,828
4109,844,4363,844,4363,892,4109,892
2973,928,3089,933,3088,947,2972,942
2447,956,2447,933,2460,933,2460,956
3800,931,4150,931,4150,962,3800,962
4566,939,4668,939,4668,962,4566,962
2801,971,2843,971,2843,992,2801,992
3801,997,3943,997,3943,1024,3801,1024
4571,999,4671,999,4671,1026,4571,1026
3153,1020,3153,1056,3117,1056,3117,1020
3803,1055,3939,1055,3939,1080,3803,1080
4568,1057,4668,1057,4668,1086,4568,1086
3134,1081,3134,1085,3117,1085,3117,1081
2284,1135,2284,1091,2307,1091,2307,1135
2293,1088,2402,1088,2402,1139,2293,1139
3205,1059,3207,1130,3183,1131,3181,1060
3134,1112,3134,1116,3117,1116,3117,1112
3802,1113,3942,1113,3942,1142,3802,1142
4569,1115,4668,1115,4668,1146,4569,1146
3134,1144,3134,1148,3117,1148,3117,1144
2952,1174,2952,1129,2974,1129,2974,1174
3802,1174,3972,1174,3972,1197,3802,1197
3297,1169,3297,1214,3275,1214,3275,1169
4573,1179,4660,1179,4660,1200,4573,1200
2724,1188,2875,1188,2875,1220,2724,1220
3805,1229,3952,1229,3952,1260,3805,1260
4577,1237,4661,1237,4661,1259,4577,1259
3801,1289,3840,1291,3839,1312,3800,1310
4575,1285,4662,1285,4662,1315,4575,1315
3801,1349,3855,1349,3855,1369,3801,1369
4573,1343,4660,1343,4660,1373,4573,1373
1523,1405,1548,1405,1548,1417,1523,1417
3807,1432,4263,1432,4263,1475,3807,1475
4513,1432,4723,1432,4723,1475,4513,1475
902,1504,902,1471,915,1471,915,1504
962,1530,962,1526,979,1526,979,1530
3803,1540,3949,1540,3949,1562,3803,1562
4567,1539,4668,1539,4668,1562,4567,1562
831,1560,870,1560,870,1581,831,1581
1095,1608,1095,1569,1122,1569,1122,1608
2192,1597,2192,1591,2215,1592,2215,1598
3804,1588,3949,1588,3949,1609,3804,1609
4572,1585,4660,1585,4660,1612,4572,1612
826,1603,875,1606,874,1629,825,1626
2191,1640,2191,1634,2214,1635,2214,1641
2189,1681,2189,1675,2212,1676,2212,1682
1719,1671,1732,1671,1732,1702,1719,1702
1878,1671,1942,1671,1942,1702,1878,1702
2404,1660,2622,1660,2622,1692,2404,1692
3810,1678,4234,1682,4234,1718,3810,1714
4510,1681,4732,1681,4732,1729,4510,1729
1071,1708,1113,1712,1111,1731,1069,1727
2188,1722,2188,1716,2211,1717,2211,1723
3063,1738,3060,1742,3044,1727,3048,1724
3040,1762,3037,1766,3021,1751,3025,1748
415,1740,421,1740,420,1765,414,1765
454,1742,460,1742,459,1767,453,1767
1908,1768,1908,1745,1922,1745,1922,1768
3019,1784,3016,1788,3000,1773,3004,1770
878,1768,901,1768,901,1781,878,1781
1764,1762,1802,1762,1802,1789,1764,1789
1746,1778,1748,1778,1748,1789,1746,1789
1817,1777,1819,1777,1819,1788,1817,1788
1834,1776,1836,1776,1836,1787,1834,1787
2998,1806,2995,1810,2979,1795,2983,1792
258,1819,258,1779,279,1779,279,1819
1745,1782,1847,1782,1847,1817,1745,1817
2257,1835,2257,1792,2282,1792,2282,1835
3013,1802,3030,1785,3040,1795,3023,1812
2977,1829,2974,1833,2958,1818,2962,1815
1206,1870,1207,1849,1223,1850,1222,1871
2934,1874,2931,1878,2915,1863,2919,1860
349,1858,502,1858,502,1892,349,1892
1225,1900,1225,1876,1246,1876,1246,1900
1654,1908,1654,1866,1675,1866,1675,1908
1766,1867,1825,1865,1826,1885,1767,1887
2913,1896,2910,1900,2894,1885,2898,1882
1768,1891,1781,1891,1781,1901,1768,1901
1796,1890,1798,1890,1798,1900,1796,1900
3758,1892,3997,1890,3997,1908,3758,1910
1804,1890,1833,1889,1834,1919,1805,1920
4101,1883,4121,1883,4121,1913,4101,1913
4150,1891,4330,1891,4330,1902,4150,1902
4538,1892,4594,1892,4594,1903,4538,1903
2893,1918,2890,1922,2874,1907,2878,1904
1846,1922,1846,1920,1858,1920,1858,1922
2416,1880,2496,1880,2496,1948,2416,1948
2873,1939,2870,1943,2854,1928,2858,1925
1813,2086,1824,1768,1865,1770,1854,2087
1044,1903,1114,1901,1116,1983,1046,1985
1432,1920,1583,1920,1583,1952,1432,1952
1846,1938,1846,1936,1858,1936,1858,1938
3759,1934,3968,1934,3968,1947,3759,1947
4149,1931,4336,1931,4336,1954,4149,1954
4539,1934,4597,1934,4597,1946,4539,1946
2908,1967,2953,1917,2975,1937,2930,1987
2850,1963,2825,1989,2810,1975,2835,1949
1846,1955,1846,1953,1858,1953,1858,1955
3677,2038,3677,1887,3706,1887,3706,2038
1846,1971,1846,1969,1858,1969,1858,1971
3758,1978,3997,1978,3997,1990,3758,1990
1846,1990,1846,1988,1858,1988,1858,1990
4148,1983,4266,1983,4266,1994,4148,1994
4537,1984,4651,1984,4651,1997,4537,1997
2807,2008,2804,2012,2788,1997,2792,1994
2901,1998,2903,1996,2913,2005,2911,2007
1779,2062,1777,1955,1786,1955,1788,2062
3142,1971,3209,1971,3209,2034,3142,2034
1846,2009,1846,2007,1858,2007,1858,2009
2977,2021,3005,1990,3027,2009,2999,2040
2787,2030,2784,2034,2768,2019,2772,2016
3758,2018,3970,2018,3970,2030,3758,2030
4147,2018,4306,2018,4306,2031,4147,2031
1846,2030,1846,2028,1858,2028,1858,2030
4538,2027,4619,2027,4619,2037,4538,2037
2766,2053,2763,2057,2747,2042,2751,2039
1846,2047,1846,2045,1858,2045,1858,2047
1846,2066,1846,2064,1858,2064,1858,2066
2744,2075,2741,2079,2725,2064,2729,2061
3758,2062,3986,2062,3986,2075,3758,2075
4149,2061,4274,2061,4274,2073,4149,2073
4537,2064,4769,2064,4769,2078,4537,2078
2737,2099,2766,2066,2776,2074,2747,2107
1846,2092,1846,2090,1858,2090,1858,2092
3113,2075,3252,2075,3252,2104,3113,2104
1846,2109,1846,2107,1858,2107,1858,2109
1143,2109,1145,2109,1145,2120,1143,2120
1158,2109,1160,2109,1160,2120,1158,2120
1174,2109,1176,2109,1176,2120,1174,2120
1208,2109,1210,2109,1210,2120,1208,2120
1225,2109,1227,2109,1227,2120,1225,2120
1242,2109,1244,2109,1244,2120,1242,2120
3676,2099,3684,2098,3689,2126,3681,2128
757,2114,780,2114,780,2132,757,2132
3757,2102,3993,2102,3993,2126,3757,2126
4538,2104,4723,2104,4723,2118,4538,2118
4147,2108,4274,2108,4274,2121,4147,2121
1257,2226,1257,2016,1289,2016,1289,2226
800,2115,812,2115,812,2133,800,2133
831,2115,842,2115,842,2134,831,2134
1846,2126,1846,2124,1858,2124,1858,2126
1846,2143,1846,2141,1858,2141,1858,2143
2168,2135,2214,2135,2214,2156,2168,2156
4148,2144,4330,2144,4330,2157,4148,2157
446,2149,486,2149,486,2169,446,2169
967,2150,1008,2150,1008,2168,967,2168
3757,2150,3856,2150,3856,2163,3757,2163
4538,2151,4622,2151,4622,2163,4538,2163
1846,2166,1846,2166,1858,2166,1858,2166
1474,2147,1556,2153,1552,2205,1470,2199
1846,2184,1846,2184,1858,2184,1858,2184
1420,2177,1424,2177,1423,2194,1419,2194
1450,2179,1454,2179,1453,2196,1449,2196
1911,2182,1914,2182,1914,2195,1911,2195
1942,2182,1945,2182,1945,2195,1942,2195
1973,2182,1976,2182,1976,2195,1973,2195
2013,2186,2039,2188,2038,2204,2012,2202
4148,2184,4374,2184,4374,2197,4148,2197
450,2185,487,2185,487,2221,450,2221
3757,2192,3823,2192,3823,2206,3757,2206
4534,2189,4733,2189,4733,2214,4534,2214
1506,2204,1542,2204,1542,2221,1506,2221
2051,2196,2205,2196,2205,2217,2051,2217
2162,2227,2352,2229,2352,2246,2162,2244
4148,2225,4358,2225,4358,2238,4148,2238
3757,2234,3888,2234,3888,2247,3757,2247
4467,2229,4487,2229,4487,2241,4467,2241
4537,2234,4661,2234,4661,2248,4537,2248
366,2236,454,2236,454,2243,366,2243
355,2246,441,2246,441,2280,355,2280
1921,2245,2000,2245,2000,2280,1921,2280
1516,2269,1555,2273,1553,2290,1514,2286
4148,2271,4284,2271,4284,2286,4148,2286
3757,2282,3882,2282,3882,2295,3757,2295
4091,2273,4104,2273,4104,2290,4091,2290
4439,2276,4482,2276,4482,2295,4439,2295
4519,2276,4585,2276,4585,2295,4519,2295
2195,2298,2237,2298,2237,2319,2195,2319
4108,2315,4134,2315,4134,2322,4108,2322
660,2307,700,2307,700,2338,660,2338
3758,2325,3919,2325,3919,2336,3758,2336
4148,2325,4400,2325,4400,2338,4148,2338
1219,2343,1266,2343,1266,2361,1219,2361
1649,2343,1698,2343,1698,2363,1649,2363
3759,2366,3932,2366,3932,2379,3759,2379
4148,2365,4346,2365,4346,2377,4148,2377
217,2446,217,2349,238,2349,238,2446
257,2418,260,2380,285,2382,282,2420
438,2378,507,2378,507,2431,438,2431
638,2376,774,2376,774,2410,638,2410
1783,2420,1783,2382,1805,2382,1805,2420
3682,2458,4343,2458,4343,2490,3682,2490
263,2526,263,2562,254,2562,254,2526
4380,2562,4401,2561,4401,2572,4380,2573
4368,2573,4412,2573,4412,2601,4368,2601
4165,2750,4165,2642,4194,2642,4194,2750
4244,2746,4266,2746,4266,2756,4244,2756
4236,2755,4276,2755,4276,2783,4236,2783
4239,2761,4278,2765,4275,2790,4236,2786
4320,2771,4323,2771,4320,2795,4317,2795
4363,2776,4366,2776,4363,2800,4360,2800
4421,2826,4443,2826,4443,2836,4421,2836
4412,2834,4453,2834,4453,2863,4412,2863
3954,2876,3955,2882,3933,2886,3931,2881
4150,2969,4191,2969,4191,2979,4150,2979
3967,3035,3987,3034,3987,3045,3967,3046
3955,3046,3999,3046,3999,3074,3955,3074
2343,3094,2343,3088,2368,3088,2368,3094
2394,3078,2398,3078,2398,3095,2394,3095
2433,3078,2437,3078,2437,3095,2433,3095
2473,3078,2477,3078,2477,3095,2473,3095
2514,3078,2518,3078,2518,3095,2514,3095
4355,3087,4378,3087,4378,3098,4355,3098
4347,3099,4388,3099,4388,3126,4347,3126
144,3119,165,3119,165,3148,144,3148
223,3119,249,3119,249,3148,223,3148
325,3119,333,3119,333,3148,325,3148
2343,3136,2343,3130,2368,3130,2368,3136
2353,3122,2359,3122,2360,3146,2354,3146
2395,3121,2401,3121,2402,3145,2396,3145
2438,3120,2444,3120,2445,3144,2439,3144
2475,3119,2481,3119,2482,3143,2476,3143
2518,3118,2524,3118,2525,3142,2519,3142
2558,3117,2564,3117,2565,3141,2559,3141
2598,3116,2604,3116,2605,3140,2599,3140
1866,3180,2095,3187,2094,3222,1865,3215
2146,3159,2270,3159,2270,3227,2146,3227
2398,3191,2562,3191,2562,3223,2398,3223
2739,3194,2834,3194,2834,3217,2739,3217
3005,3191,3170,3191,3170,3222,3005,3222
3270,3175,3503,3175,3503,3241,3270,3241
151,3272,3508,3272,3508,3361,151,3361
3660,3291,3968,3291,3968,3333,3660,3333
4276,3292,4415,3292,4415,3335,4276,3335
4477,3292,4489,3292,4489,3335,4477,3335
