4014,166,4297,166,4297,287,4014,287
903,286,901,393,867,392,869,285
941,356,941,410,912,410,912,356
1515,331,1631,331,1631,362,1515,362
4106,372,4361,372,4361,397,4106,397
4131,405,4321,405,4321,428,4131,428
1536,430,1589,430,1589,455,1536,455
900,458,900,467,866,466,866,457
1343,482,1476,482,1476,516,1343,516
301,493,540,323,587,390,349,560
899,510,898,561,864,560,865,509
4146,477,4304,477,4304,551,4146,551
1393,560,1474,560,1474,636,1393,636
815,588,889,583,890,601,816,606
2243,526,2243,641,2154,641,2154,526
897,636,897,645,863,644,863,635
896,678,895,726,861,725,862,677
3965,587,4497,587,4497,628,3965,628
3956,632,4372,632,4372,787,3956,787
3651,694,3857,694,3857,725,3651,725
4543,692,4707,692,4707,782,4543,782
4246,745,4283,740,4288,779,4252,785
1600,823,1600,857,1586,857,1586,823
4106,844,4361,844,4361,891,4106,891
1216,871,1298,871,1298,901,1216,901
1707,930,1738,934,1736,951,1705,947
1075,932,1129,932,1129,973,1075,973
3804,931,3899,931,3899,962,3804,962
1362,961,1366,961,1366,978,1362,978
1399,961,1403,961,1403,978,1399,978
1702,950,1746,952,1745,976,1701,974
4572,939,4663,939,4663,966,4572,966
1435,961,1457,961,1457,978,1435,978
1777,953,1783,953,1782,976,1776,976
2188,949,2416,1119,2402,1139,2173,969
1849,955,1855,955,1854,978,1848,978
2835,972,3040,972,3040,1012,2835,1012
3803,995,4023,995,4023,1024,3803,1024
4570,996,4670,996,4670,1027,4570,1027
938,941,941,1133,906,1133,903,942
2371,1058,2371,1000,2413,1000,2413,1058
3803,1054,3942,1054,3942,1079,3803,1079
4571,1057,4671,1057,4671,1084,4571,1084
1411,1130,1462,1130,1462,1152,1411,1152
3804,1117,3940,1117,3940,1142,3804,1142
4577,1116,4664,1116,4664,1147,4577,1147
2899,1147,2899,1140,2925,1140,2925,1147
2391,1105,2394,1218,2363,1219,2360,1106
2953,1129,3126,1129,3126,1175,2953,1175
2850,1252,2858,1125,2898,1128,2890,1254
2205,1175,2265,1171,2268,1219,2208,1223
3804,1171,3942,1171,3942,1202,3804,1202
2646,1195,2646,1190,2667,1189,2667,1194
2899,1196,2899,1189,2925,1189,2925,1196
4570,1178,4669,1178,4669,1200,4570,1200
941,1201,941,1210,907,1210,907,1201
2448,1213,2462,1215,2461,1224,2447,1222
3438,1213,3438,1217,3420,1218,3420,1214
3550,1203,3550,1247,3529,1247,3529,1203
2899,1234,2899,1227,2925,1227,2925,1234
3802,1229,3994,1229,3994,1256,3802,1256
4574,1227,4664,1227,4664,1258,4574,1258
3440,1249,3440,1253,3422,1254,3422,1250
3442,1285,3442,1289,3424,1290,3424,1286
2319,1291,2319,1299,2287,1301,2287,1293
3804,1285,3948,1285,3948,1316,3804,1316
4576,1285,4660,1285,4660,1314,4576,1314
942,1289,943,1346,909,1346,908,1289
2430,1311,2433,1311,2434,1325,2431,1325
2449,1311,2452,1311,2453,1325,2450,1325
2469,1310,2484,1309,2485,1323,2470,1324
3445,1321,3445,1325,3427,1326,3427,1322
2322,1330,2322,1338,2290,1340,2290,1332
2091,1349,2091,1377,2081,1377,2081,1349
2357,1342,2363,1342,2364,1365,2358,1365
2409,1339,2438,1338,2439,1362,2410,1363
3802,1345,3855,1345,3855,1364,3802,1364
4573,1340,4662,1340,4662,1372,4573,1372
1978,1350,2288,1357,2287,1407,1977,1400
2232,1359,2281,1359,2281,1380,2232,1380
3447,1356,3450,1397,3431,1398,3428,1357
2325,1383,2325,1391,2293,1393,2293,1385
3470,1370,3470,1401,3454,1401,3454,1370
804,1380,804,1438,784,1438,784,1380
2797,1428,2797,1455,2784,1455,2784,1428
3807,1430,4261,1430,4261,1472,3807,1472
4516,1428,4727,1432,4726,1476,4515,1472
803,1511,808,1445,838,1448,833,1513
1335,1538,1584,1538,1584,1578,1335,1578
3807,1534,3951,1534,3951,1565,3807,1565
4571,1532,4668,1532,4668,1565,4571,1565
1197,1549,1197,1603,1172,1603,1172,1549
3345,1555,3345,1574,3332,1574,3332,1555
2518,1568,2570,1563,2572,1588,2520,1593
2521,1548,2573,1548,2573,1599,2521,1599
2672,1548,2686,1548,2686,1599,2672,1599
3807,1585,3950,1585,3950,1606,3807,1606
4573,1585,4658,1585,4658,1608,4573,1608
2469,1573,2715,1620,2698,1704,2453,1656
2710,1636,2710,1663,2698,1663,2698,1636
1433,1664,1501,1664,1501,1742,1433,1742
3808,1680,4231,1680,4231,1712,3808,1712
4513,1668,4740,1668,4740,1732,4513,1732
951,1753,953,1820,910,1821,908,1754
2057,1773,2065,1773,2065,1802,2057,1802
3548,1785,3549,1814,3530,1815,3529,1786
2885,1812,2885,1861,2861,1861,2861,1812
2471,1833,2524,1844,2516,1882,2463,1871
955,1853,955,1859,932,1860,932,1854
635,1842,733,1842,733,1923,635,1923
877,1831,877,1913,849,1913,849,1831
2693,1895,2693,1867,2711,1867,2711,1895
3758,1892,3997,1890,3997,1908,3758,1910
4150,1891,4330,1891,4330,1902,4150,1902
4101,1883,4121,1883,4121,1913,4101,1913
2607,1892,2669,1900,2664,1932,2603,1925
4538,1892,4594,1892,4594,1903,4538,1903
2950,1907,3122,1907,3122,1943,2950,1943
958,1925,958,1931,935,1932,935,1926
3451,1923,3451,1967,3429,1967,3429,1923
3759,1934,3968,1934,3968,1947,3759,1947
4149,1931,4336,1931,4336,1954,4149,1954
4539,1934,4597,1934,4597,1946,4539,1946
3471,1938,3469,1967,3452,1966,3454,1937
960,1961,960,1967,937,1968,937,1962
2627,1951,2627,1998,2604,1998,2604,1951
2123,1974,2150,1974,2150,1987,2123,1987
3675,2039,3675,1890,3706,1890,3706,2039
3758,1978,3997,1978,3997,1990,3758,1990
4148,1983,4266,1983,4266,1994,4148,1994
4537,1984,4651,1984,4651,1997,4537,1997
962,1997,962,2003,939,2004,939,1998
1867,1991,1867,2020,1853,2020,1853,1991
3758,2018,3970,2018,3970,2030,3758,2030
4147,2018,4306,2018,4306,2031,4147,2031
3085,2025,3137,2025,3137,2046,3085,2046
4538,2027,4619,2027,4619,2037,4538,2037
1848,2037,2106,2023,2108,2071,1851,2085
2647,2068,2647,2054,2658,2054,2658,2068
3758,2062,3986,2062,3986,2075,3758,2075
4149,2061,4274,2061,4274,2073,4149,2073
4537,2064,4769,2064,4769,2078,4537,2078
1392,2083,1455,2084,1454,2137,1391,2136
1558,2087,1694,2090,1693,2142,1557,2139
1743,2093,1735,2131,1706,2125,1714,2087
3757,2102,3993,2102,3993,2126,3757,2126
4147,2108,4274,2108,4274,2121,4147,2121
4538,2104,4723,2104,4723,2118,4538,2118
1317,2120,1317,2153,1305,2153,1305,2120
1638,2145,1638,2111,1654,2111,1654,2145
1174,2146,1174,2143,1187,2143,1187,2146
798,2128,798,2180,775,2180,775,2128
1527,2090,1527,2205,1509,2205,1509,2090
4148,2144,4330,2144,4330,2157,4148,2157
3757,2150,3856,2150,3856,2163,3757,2163
1633,2136,1633,2180,1616,2180,1616,2136
4538,2151,4622,2151,4622,2163,4538,2163
1174,2165,1174,2162,1187,2162,1187,2165
1174,2185,1174,2182,1187,2182,1187,2185
1449,2196,1449,2174,1464,2174,1464,2196
1638,2186,1638,2162,1654,2162,1654,2186
4148,2184,4374,2184,4374,2197,4148,2197
3757,2192,3823,2192,3823,2206,3757,2206
4534,2189,4733,2189,4733,2214,4534,2214
606,2201,769,2201,769,2243,606,2243
1638,2227,1638,2223,1654,2223,1654,2227
4148,2225,4358,2225,4358,2238,4148,2238
3757,2234,3888,2234,3888,2247,3757,2247
4467,2229,4487,2229,4487,2241,4467,2241
4537,2234,4661,2234,4661,2248,4537,2248
4148,2271,4284,2271,4284,2286,4148,2286
3757,2282,3882,2282,3882,2295,3757,2295
4091,2273,4104,2273,4104,2290,4091,2290
4439,2276,4482,2276,4482,2295,4439,2295
4519,2276,4585,2276,4585,2295,4519,2295
1118,2312,1192,2308,1193,2326,1119,2330
4108,2315,4134,2315,4134,2322,4108,2322
3758,2325,3919,2325,3919,2336,3758,2336
4148,2325,4400,2325,4400,2338,4148,2338
3759,2366,3932,2366,3932,2379,3759,2379
4148,2365,4346,2365,4346,2377,4148,2377
957,2400,957,2405,938,2404,938,2399
954,2434,954,2439,935,2438,935,2433
865,2409,865,2492,851,2492,851,2409
880,2420,880,2484,867,2484,867,2420
1291,2422,1470,2422,1470,2459,1291,2459
952,2470,952,2475,933,2474,933,2469
3682,2458,4343,2458,4343,2490,3682,2490
927,2499,927,2543,909,2543,909,2499
949,2518,947,2547,928,2546,930,2517
1197,2517,1197,2560,1172,2560,1172,2517
4380,2562,4401,2561,4401,2572,4380,2573
4368,2573,4412,2573,4412,2601,4368,2601
927,2592,927,2713,904,2713,904,2592
4165,2750,4165,2642,4194,2642,4194,2750
484,2713,501,2717,496,2737,479,2733
1380,2712,1432,2712,1432,2734,1380,2734
502,2740,548,2737,549,2755,503,2758
644,2707,760,2707,760,2791,644,2791
4235,2761,4281,2766,4278,2792,4232,2787
4244,2746,4266,2746,4266,2756,4244,2756
4236,2755,4276,2755,4276,2783,4236,2783
4319,2770,4323,2770,4320,2795,4316,2795
4363,2775,4367,2775,4364,2800,4360,2800
4421,2826,4443,2826,4443,2836,4421,2836
4412,2834,4453,2834,4453,2863,4412,2863
3956,2878,3957,2884,3934,2886,3933,2880
4150,2969,4191,2969,4191,2979,4150,2979
3967,3035,3987,3034,3987,3045,3967,3046
3955,3046,3999,3046,3999,3074,3955,3074
2394,3078,2397,3078,2397,3092,2394,3092
2435,3079,2438,3079,2438,3093,2435,3093
2475,3079,2478,3079,2478,3093,2475,3093
2343,3094,2343,3088,2368,3088,2368,3094
2514,3080,2517,3080,2517,3094,2514,3094
4347,3086,4388,3086,4388,3125,4347,3125
2343,3136,2343,3130,2368,3130,2368,3136
141,3125,166,3125,166,3152,141,3152
236,3125,265,3125,265,3152,236,3152
2353,3120,2359,3120,2359,3144,2353,3144
2395,3119,2401,3119,2401,3143,2395,3143
2438,3119,2444,3119,2444,3143,2438,3143
2478,3118,2484,3118,2484,3142,2478,3142
2518,3117,2524,3117,2524,3141,2518,3141
2558,3117,2564,3117,2564,3141,2558,3141
2598,3116,2604,3116,2604,3140,2598,3140
1866,3180,2095,3187,2094,3222,1865,3215
2146,3159,2270,3159,2270,3227,2146,3227
2398,3191,2562,3191,2562,3223,2398,3223
2739,3194,2834,3194,2834,3217,2739,3217
3005,3191,3170,3191,3170,3222,3005,3222
3270,3175,3503,3175,3503,3241,3270,3241
151,3272,3508,3272,3508,3361,151,3361
3660,3294,3969,3294,3969,3332,3660,3332
4273,3291,4413,3291,4413,3333,4273,3333
4479,3291,4490,3291,4490,3333,4479,3333
