4015,170,4299,170,4299,284,4015,284
4106,374,4361,374,4361,398,4106,398
4130,406,4319,406,4319,429,4130,429
303,482,654,244,704,318,354,556
4156,472,4302,472,4302,551,4156,551
1498,556,1499,556,1499,564,1498,564
1532,556,1533,556,1533,564,1532,564
1562,556,1563,556,1563,564,1562,564
1593,556,1594,556,1594,564,1593,564
1622,556,1623,556,1623,564,1622,564
1662,586,1667,586,1667,608,1662,608
1712,586,1964,588,1964,611,1712,609
2998,593,3066,587,3068,609,3000,615
2817,629,2855,624,2857,641,2820,647
257,697,257,698,249,698,249,697
3967,588,4497,588,4497,631,3967,631
3954,632,4374,632,4374,788,3954,788
4245,744,4287,744,4287,782,4245,782
1293,598,1308,798,1273,801,1258,601
1810,690,1850,690,1850,707,1810,707
1958,690,1962,690,1962,707,1958,707
212,801,212,625,235,625,235,801
2036,690,2081,690,2081,707,2036,707
3649,689,3858,689,3858,728,3649,728
257,725,257,726,249,726,249,725
3117,768,3117,707,3153,707,3153,768
4543,692,4705,692,4705,782,4543,782
257,741,257,742,249,742,249,741
257,768,257,769,249,769,249,768
3136,792,3136,788,3153,788,3153,792
257,812,257,813,249,813,249,812
3137,817,3137,813,3154,813,3154,817
3137,844,3137,840,3154,840,3154,844
3104,845,3104,865,3096,865,3096,845
3138,871,3138,867,3155,867,3155,871
4107,847,4356,847,4356,893,4107,893
2801,866,2921,866,2921,891,2801,891
2529,873,2529,908,2512,908,2512,873
1145,818,1154,984,1130,985,1121,819
1791,885,1894,885,1894,919,1791,919
2669,915,2669,881,2689,881,2689,915
264,1022,264,824,283,824,283,1022
3076,940,3075,880,3099,879,3100,939
3138,925,3138,890,3181,890,3181,925
2837,924,2881,924,2881,943,2837,943
3095,952,3099,913,3106,914,3102,953
3139,952,3139,948,3156,948,3156,952
605,941,671,939,672,961,606,963
2822,938,2892,941,2890,984,2820,981
3801,935,3898,935,3898,962,3801,962
927,940,1050,940,1050,958,927,958
957,965,1012,965,1012,985,957,985
4576,940,4659,940,4659,961,4576,961
3140,1004,3140,1000,3157,1000,3157,1004
3804,995,4022,995,4022,1026,3804,1026
4568,1003,4670,1003,4670,1026,4568,1026
136,1025,210,1025,210,1046,136,1046
154,1051,200,1051,200,1072,154,1072
3121,1060,3121,1027,3158,1027,3158,1060
3804,1055,3943,1055,3943,1084,3804,1084
4569,1061,4669,1061,4669,1088,4569,1088
3141,1085,3141,1081,3158,1081,3158,1085
3110,1103,3111,1103,3111,1111,3110,1111
3142,1114,3142,1110,3159,1110,3159,1114
886,1121,940,1068,951,1078,897,1132
3802,1117,3941,1117,3941,1144,3802,1144
4569,1119,4669,1119,4669,1146,4569,1146
349,1149,787,1149,787,1180,349,1180
1811,1177,1907,1177,1907,1217,1811,1217
3801,1173,3940,1173,3940,1200,3801,1200
4568,1173,4668,1173,4668,1200,4568,1200
1132,1201,1143,1201,1143,1216,1132,1216
1171,1201,1174,1201,1174,1216,1171,1216
1201,1201,1204,1201,1204,1216,1201,1216
1233,1201,1236,1201,1236,1216,1233,1216
1354,1201,1358,1201,1358,1218,1354,1218
1385,1201,1389,1201,1389,1218,1385,1218
1416,1201,1420,1201,1420,1218,1416,1218
1446,1201,1450,1201,1450,1218,1446,1218
1506,1201,1510,1201,1510,1218,1506,1218
1538,1200,1542,1200,1542,1217,1538,1217
1630,1200,1634,1200,1634,1217,1630,1217
1689,1200,1693,1200,1693,1217,1689,1217
1722,1200,1726,1200,1726,1217,1722,1217
1750,1200,1754,1200,1754,1217,1750,1217
1934,1199,1938,1199,1938,1216,1934,1216
1965,1199,1969,1199,1969,1216,1965,1216
1995,1199,1999,1199,1999,1216,1995,1216
2026,1199,2030,1199,2030,1216,2026,1216
2118,1201,2122,1201,2122,1218,2118,1218
2148,1201,2165,1201,2165,1218,2148,1218
2210,1201,2214,1201,2214,1218,2210,1218
2238,1200,2242,1200,2242,1217,2238,1217
2269,1200,2273,1200,2273,1217,2269,1217
2363,1200,2367,1200,2367,1217,2363,1217
2393,1200,2397,1200,2397,1217,2393,1217
2424,1200,2428,1200,2428,1217,2424,1217
2454,1200,2458,1200,2458,1217,2454,1217
2485,1199,2489,1199,2489,1216,2485,1216
2546,1199,2550,1199,2550,1216,2546,1216
2577,1199,2581,1199,2581,1216,2577,1216
3802,1235,3970,1235,3970,1256,3802,1256
4573,1234,4658,1234,4658,1255,4573,1255
3806,1288,3950,1288,3950,1322,3806,1322
4575,1286,4660,1286,4660,1321,4575,1321
3802,1350,3853,1350,3853,1377,3802,1377
4574,1351,4658,1351,4658,1373,4574,1373
2137,1401,2299,1406,2298,1431,2136,1426
1502,1405,1682,1405,1682,1430,1502,1430
1568,1446,1606,1446,1606,1470,1568,1470
2378,1417,2630,1419,2630,1440,2378,1438
2139,1439,2171,1427,2176,1442,2145,1454
3807,1436,4256,1436,4256,1479,3807,1479
4514,1432,4726,1432,4726,1483,4514,1483
3805,1537,3952,1533,3953,1569,3806,1573
4571,1539,4668,1539,4668,1566,4571,1566
1558,1589,1618,1589,1618,1644,1558,1644
3804,1601,3949,1601,3949,1623,3804,1623
4574,1595,4664,1595,4664,1626,4574,1626
1711,1661,1711,1624,1731,1624,1731,1661
3087,1627,3136,1605,3146,1627,3097,1649
3805,1657,3906,1657,3906,1683,3805,1683
4565,1657,4667,1657,4667,1684,4565,1684
1530,1677,1648,1677,1648,1704,1530,1704
3117,1677,3211,1664,3215,1693,3121,1707
1304,1730,1305,1691,1339,1692,1338,1731
1933,1714,1937,1722,1929,1726,1925,1718
3803,1719,3905,1719,3905,1741,3803,1741
4563,1719,4674,1719,4674,1741,4563,1741
1301,1775,1302,1746,1319,1747,1318,1776
1359,1799,1360,1735,1379,1735,1378,1799
3401,1780,3457,1763,3464,1784,3407,1801
1300,1802,1300,1798,1317,1799,1317,1803
1298,1833,1298,1829,1315,1830,1315,1834
3806,1812,4232,1812,4232,1848,3806,1848
4504,1810,4733,1810,4733,1861,4504,1861
680,1884,680,1849,694,1849,694,1884
1405,1852,1468,1841,1476,1888,1413,1898
2631,1875,2691,1873,2692,1892,2632,1894
3458,1911,3458,1903,3489,1903,3489,1911
1393,1965,1431,1965,1431,1991,1393,1991
805,2041,1130,2041,1130,2068,805,2068
3458,2213,3458,1959,3489,1959,3489,2213
1706,2136,1708,2110,1725,2112,1723,2137
2994,2134,2994,2099,3016,2099,3016,2134
1354,2130,1483,2130,1483,2153,1354,2153
1534,2159,1534,2120,1553,2120,1553,2159
1727,2150,1727,2119,1740,2119,1740,2150
1703,2170,1703,2166,1720,2167,1720,2171
2539,2154,2646,2154,2646,2190,2539,2190
1701,2197,1701,2193,1718,2194,1718,2198
1699,2223,1699,2219,1716,2220,1716,2224
1711,2433,1711,2394,1738,2394,1738,2433
1704,2453,1704,2451,1715,2451,1715,2453
3682,2454,4346,2454,4346,2488,3682,2488
1704,2481,1704,2479,1715,2479,1715,2481
1704,2507,1704,2505,1715,2505,1715,2507
1706,2534,1706,2532,1716,2531,1716,2533
4124,2580,4124,2571,4158,2571,4158,2580
1409,2573,1412,2573,1412,2588,1409,2588
1446,2573,1449,2573,1449,2588,1446,2588
1330,2613,1485,2613,1485,2636,1330,2636
1639,2632,1639,2595,1660,2595,1660,2632
4124,2629,4124,2620,4158,2620,4158,2629
4308,2706,4320,2705,4321,2714,4309,2715
4302,2713,4327,2713,4327,2721,4302,2721
4127,2644,4127,2830,4112,2830,4112,2644
4124,2762,4124,2753,4158,2753,4158,2762
1321,2800,1328,2801,1326,2826,1319,2826
1395,2805,1447,2809,1445,2836,1393,2832
2514,2807,2671,2807,2671,2826,2514,2826
4185,2817,4193,2816,4194,2825,4186,2826
1553,2817,1560,2818,1558,2843,1551,2843
4178,2826,4203,2827,4203,2835,4178,2834
4124,2863,4124,2854,4158,2854,4158,2863
4267,2937,4491,2948,4489,2977,4266,2966
4182,2993,4192,2991,4195,3004,4185,3007
4303,2996,4327,2996,4327,3004,4303,3004
4177,3007,4203,3006,4203,3015,4177,3016
4415,3033,4438,3033,4438,3040,4415,3040
2344,3092,2344,3087,2364,3086,2364,3091
2394,3079,2397,3079,2397,3094,2394,3094
2434,3080,2437,3080,2437,3095,2434,3095
2474,3080,2477,3080,2477,3095,2474,3095
2514,3080,2517,3080,2517,3095,2514,3095
2554,3081,2557,3081,2557,3096,2554,3096
4095,3078,4121,3078,4121,3098,4095,3098
4334,3099,4342,3098,4343,3107,4335,3108
4326,3107,4354,3106,4354,3114,4326,3115
4102,3112,4104,3112,4104,3123,4102,3123
145,3119,161,3119,161,3140,145,3140
214,3119,234,3119,234,3140,214,3140
2353,3122,2359,3122,2360,3146,2354,3146
2396,3121,2402,3121,2403,3145,2397,3145
2436,3120,2442,3120,2443,3144,2437,3144
2476,3119,2482,3119,2483,3143,2477,3143
2516,3118,2522,3118,2523,3142,2517,3142
2556,3117,2562,3117,2563,3141,2557,3141
2598,3116,2604,3116,2605,3140,2599,3140
4022,3128,4118,3131,4118,3140,4022,3137
4031,3146,4132,3145,4132,3153,4031,3154
4142,3141,4193,3141,4193,3156,4142,3156
1866,3180,2095,3187,2094,3222,1865,3215
2146,3159,2270,3159,2270,3227,2146,3227
2395,3194,2560,3194,2560,3217,2395,3217
2740,3192,2835,3192,2835,3221,2740,3221
3003,3190,3167,3190,3167,3223,3003,3223
3269,3173,3500,3173,3500,3239,3269,3239
153,3275,3505,3275,3505,3355,153,3355
3659,3284,3973,3284,3973,3335,3659,3335
4276,3292,4415,3292,4415,3335,4276,3335
