4015,170,4299,170,4299,228,4015,228
4019,226,4297,226,4297,284,4019,284
4106,374,4112,374,4112,398,4106,398
4120,374,4155,374,4155,398,4120,398
4164,374,4186,374,4186,398,4164,398
4196,374,4243,374,4243,398,4196,398
4256,374,4262,374,4262,398,4256,398
4273,374,4361,374,4361,398,4273,398
4130,406,4189,406,4189,429,4130,429
4204,406,4256,406,4256,429,4204,429
4262,406,4319,406,4319,429,4262,429
302,486,649,247,699,321,352,559
4156,472,4302,472,4302,551,4156,551
3967,588,4042,588,4042,631,3967,631
4051,588,4191,588,4191,631,4051,631
4205,588,4217,588,4217,631,4205,631
4221,588,4295,588,4295,631,4221,631
4313,588,4374,588,4374,631,4313,631
4392,588,4497,588,4497,631,4392,631
4112,632,4221,632,4221,679,4112,679
4238,632,4353,632,4353,679,4238,679
3957,689,4031,689,4031,729,3957,729
4037,689,4087,689,4087,729,4037,729
4092,689,4103,689,4103,729,4092,729
4259,690,4348,690,4348,728,4259,728
4364,690,4374,690,4374,728,4364,728
3956,745,4029,745,4029,784,3956,784
4245,744,4287,744,4287,782,4245,782
3650,692,3840,692,3840,730,3650,730
3846,692,3856,692,3856,730,3846,730
4547,692,4675,692,4675,730,4547,730
4695,692,4705,692,4705,730,4695,730
4543,747,4616,744,4618,779,4545,782
3253,822,3253,867,3218,867,3218,822
3338,859,3385,859,3385,900,3338,900
4107,847,4356,847,4356,893,4107,893
2608,902,2691,902,2691,925,2608,925
2950,923,2950,886,2968,886,2968,923
3265,919,3274,918,3276,953,3267,954
3309,916,3318,915,3320,950,3311,951
3348,913,3357,912,3359,947,3350,948
3391,910,3400,909,3402,944,3393,945
1217,938,1252,938,1252,953,1217,953
2469,939,2474,939,2473,960,2468,960
2513,941,2518,941,2517,962,2512,962
2553,942,2558,942,2557,963,2552,963
2593,943,2598,943,2597,964,2592,964
3274,946,3314,961,3304,988,3264,973
3171,982,3171,943,3210,943,3210,982
4573,940,4578,940,4578,961,4573,961
4586,940,4591,940,4591,961,4586,961
4593,940,4612,940,4612,961,4593,961
4622,940,4661,940,4661,961,4622,961
3801,935,3898,935,3898,962,3801,962
2664,1013,2702,1013,2702,1032,2664,1032
1240,1015,1288,1015,1288,1037,1240,1037
3272,995,3326,1000,3323,1035,3269,1030
3804,995,3896,995,3896,1026,3804,1026
3911,995,3919,995,3919,1026,3911,1026
3933,995,4022,995,4022,1026,3933,1026
3020,995,3062,996,3060,1046,3018,1045
3054,997,3068,997,3066,1046,3052,1046
3123,998,3204,1001,3202,1051,3121,1048
2436,1020,2455,1018,2458,1052,2439,1054
3386,1006,3439,1011,3436,1045,3383,1040
4566,1003,4587,1003,4587,1026,4566,1026
4591,1003,4597,1003,4597,1026,4591,1026
4600,1003,4621,1003,4621,1026,4600,1026
4629,1003,4667,1003,4667,1026,4629,1026
3390,1030,3443,1017,3448,1034,3394,1047
3459,1013,3463,1012,3467,1030,3463,1030
3531,995,3535,994,3539,1012,3535,1012
3804,1055,3919,1055,3919,1084,3804,1084
3935,1055,3943,1055,3943,1084,3935,1084
4566,1061,4591,1061,4591,1088,4566,1088
4593,1061,4600,1061,4600,1088,4593,1088
4602,1061,4621,1061,4621,1088,4602,1088
4628,1061,4668,1061,4668,1088,4628,1088
1421,1094,1720,1094,1720,1104,1421,1104
2439,1128,2444,1128,2443,1147,2438,1147
2529,1131,2534,1131,2533,1150,2528,1150
3802,1117,3918,1117,3918,1144,3802,1144
3934,1117,3941,1117,3941,1144,3934,1144
4572,1117,4593,1117,4593,1146,4572,1146
4594,1117,4602,1117,4602,1146,4594,1146
4602,1117,4663,1117,4663,1146,4602,1146
1793,1192,1793,1156,1816,1156,1816,1192
2013,1180,2096,1180,2096,1214,2013,1214
2103,1180,2112,1180,2112,1214,2103,1214
2117,1180,2212,1180,2212,1214,2117,1214
3801,1173,3918,1173,3918,1200,3801,1200
3933,1173,3940,1173,3940,1200,3933,1200
4568,1173,4587,1173,4587,1200,4568,1200
4591,1173,4598,1173,4598,1200,4591,1200
4597,1173,4622,1173,4622,1200,4597,1200
4628,1173,4668,1173,4668,1200,4628,1200
2183,1227,2189,1226,2192,1249,2186,1250
2229,1222,2235,1221,2238,1244,2232,1245
2267,1217,2273,1216,2276,1239,2270,1240
2304,1213,2310,1212,2313,1235,2307,1236
2084,1240,2131,1234,2133,1257,2087,1263
2431,1225,2534,1225,2534,1263,2431,1263
3802,1235,3874,1235,3874,1256,3802,1256
3885,1235,3913,1235,3913,1256,3885,1256
3923,1235,3970,1235,3970,1256,3923,1256
4572,1233,4578,1233,4578,1256,4572,1256
4584,1233,4590,1233,4590,1256,4584,1256
4592,1233,4613,1233,4613,1256,4592,1256
4622,1233,4660,1233,4660,1256,4622,1256
2459,1273,2516,1273,2516,1287,2459,1287
3806,1288,3873,1288,3873,1322,3806,1322
3888,1288,3897,1288,3897,1322,3888,1322
3902,1288,3911,1288,3911,1322,3902,1322
3906,1288,3950,1288,3950,1322,3906,1322
4574,1291,4580,1291,4580,1315,4574,1315
4584,1291,4590,1291,4590,1315,4584,1315
4589,1291,4616,1291,4616,1315,4589,1315
4621,1291,4661,1291,4661,1315,4621,1315
2481,1351,2481,1365,2432,1365,2432,1351
4573,1351,4578,1351,4578,1373,4573,1373
4585,1351,4590,1351,4590,1373,4585,1373
4592,1351,4612,1351,4612,1373,4592,1373
4620,1351,4661,1351,4661,1373,4620,1373
3804,1348,3853,1348,3853,1380,3804,1380
3031,1354,3031,1363,2998,1363,2998,1354
3031,1391,3031,1400,2998,1400,2998,1391
2436,1412,2451,1412,2451,1423,2436,1423
3030,1437,3029,1445,3000,1442,3001,1434
3027,1473,3026,1481,2997,1478,2998,1470
3807,1436,3900,1436,3900,1479,3807,1479
3922,1436,4065,1436,4065,1479,3922,1479
4076,1436,4256,1436,4256,1479,4076,1479
4518,1435,4558,1435,4558,1479,4518,1479
4570,1435,4582,1435,4582,1479,4570,1479
4586,1435,4626,1435,4626,1479,4586,1479
4644,1435,4725,1435,4725,1479,4644,1479
2033,1489,2073,1489,2073,1506,2033,1506
2995,1517,2995,1509,3026,1509,3026,1517
1127,1548,1125,1509,1145,1508,1147,1547
3445,1535,3445,1496,3470,1496,3470,1535
2567,1566,2567,1529,2590,1529,2590,1566
2995,1556,2995,1548,3026,1548,3026,1556
3807,1539,3928,1539,3928,1566,3807,1566
4572,1539,4579,1539,4579,1566,4572,1566
4586,1539,4593,1539,4593,1566,4586,1566
4594,1539,4614,1539,4614,1566,4594,1566
4624,1539,4660,1539,4660,1566,4624,1566
1873,1556,1875,1556,1875,1568,1873,1568
1902,1556,1904,1556,1904,1568,1902,1568
1931,1556,1933,1556,1933,1568,1931,1568
1959,1556,1961,1556,1961,1568,1959,1568
1988,1556,1990,1556,1990,1568,1988,1568
2045,1556,2047,1556,2047,1568,2045,1568
2073,1556,2075,1556,2075,1568,2073,1568
2102,1556,2104,1556,2104,1568,2102,1568
1269,1555,1383,1555,1383,1587,1269,1587
1397,1555,1405,1555,1405,1587,1397,1587
2131,1556,2133,1556,2133,1568,2131,1568
2135,1562,2155,1562,2155,1577,2135,1577
2117,1578,2132,1578,2132,1592,2117,1592
2140,1578,2158,1578,2158,1592,2140,1592
2248,1564,2274,1563,2274,1574,2249,1575
2255,1578,2258,1578,2258,1593,2255,1593
2267,1578,2309,1578,2309,1593,2267,1593
2699,1557,2813,1557,2813,1581,2699,1581
2830,1557,2836,1557,2836,1581,2830,1581
3233,1557,3345,1557,3345,1580,3233,1580
3364,1557,3370,1557,3370,1580,3364,1580
1763,1581,1786,1581,1786,1591,1763,1591
2995,1597,2995,1589,3026,1589,3026,1597
3805,1603,3880,1601,3880,1621,3805,1623
4564,1600,4589,1600,4589,1622,4564,1622
4593,1600,4598,1600,4598,1622,4593,1622
4600,1600,4621,1600,4621,1622,4600,1622
4628,1600,4665,1600,4665,1622,4628,1622
1914,1618,1967,1619,1967,1627,1914,1626
1906,1630,1931,1630,1931,1640,1906,1640
1936,1630,1948,1630,1948,1640,1936,1640
1954,1630,1956,1630,1956,1640,1954,1640
1961,1630,1973,1630,1973,1640,1961,1640
2995,1636,2995,1628,3026,1628,3026,1636
2742,1658,2783,1660,2782,1683,2741,1681
3241,1658,3281,1660,3280,1685,3240,1683
2995,1709,2995,1701,3026,1701,3026,1709
2995,1676,2995,1668,3026,1668,3026,1676
2035,1688,2081,1688,2081,1711,2035,1711
2028,1717,2035,1717,2035,1744,2028,1744
2042,1717,2049,1717,2049,1744,2042,1744
2056,1717,2063,1717,2063,1744,2056,1744
2065,1717,2090,1717,2090,1744,2065,1744
3804,1686,3900,1686,3900,1722,3804,1722
3915,1686,4060,1686,4060,1722,3915,1722
4073,1686,4234,1686,4234,1722,4073,1722
4511,1686,4581,1686,4581,1740,4511,1740
4582,1686,4597,1686,4597,1740,4582,1740
4602,1686,4642,1686,4642,1740,4602,1740
4654,1686,4733,1686,4733,1740,4654,1740
1663,1789,1663,1752,1684,1752,1684,1789
2006,1765,2108,1769,2107,1794,2005,1790
1309,1779,1349,1779,1349,1799,1309,1799
3291,1809,3295,1809,3296,1826,3292,1826
1214,1829,1229,1829,1229,1842,1214,1842
1237,1829,1246,1829,1246,1842,1237,1842
3215,1812,3219,1812,3220,1829,3216,1829
3221,1812,3225,1812,3226,1829,3222,1829
3226,1812,3230,1812,3231,1829,3227,1829
3235,1811,3239,1811,3240,1828,3236,1828
3262,1810,3266,1810,3267,1827,3263,1827
3213,1832,3228,1832,3228,1845,3213,1845
3237,1832,3254,1832,3254,1845,3237,1845
2033,1832,2073,1830,2074,1852,2034,1854
2652,1829,2668,1829,2668,1843,2652,1843
2675,1829,2688,1829,2688,1843,2675,1843
2312,2045,2320,2045,2320,2074,2312,2074
2341,2045,2379,2045,2379,2074,2341,2074
2343,2114,2423,2114,2423,2148,2343,2148
3513,2348,3513,2246,3542,2246,3542,2348
3513,2232,3513,2224,3542,2224,3542,2232
3513,2223,3513,2178,3542,2178,3542,2223
1106,2377,1106,2302,1127,2302,1127,2377
1136,2384,1136,2376,1167,2377,1167,2385
1137,2344,1139,2304,1171,2305,1169,2345
1353,2364,2698,2364,2698,2398,1353,2398
2706,2364,2715,2364,2715,2398,2706,2398
2724,2364,3002,2364,3002,2398,2724,2398
1050,2400,1050,2397,1065,2397,1065,2400
1447,2388,1444,2474,1397,2472,1400,2386
1948,2389,2522,2389,2522,2505,1948,2505
3682,2454,3737,2454,3737,2488,3682,2488
3756,2454,3787,2454,3787,2488,3756,2488
3804,2454,3912,2454,3912,2488,3804,2488
3932,2454,3957,2454,3957,2488,3932,2488
3977,2454,4109,2454,4109,2488,3977,2488
4116,2454,4182,2454,4182,2488,4116,2488
4196,2454,4205,2454,4205,2488,4196,2488
4203,2454,4212,2454,4212,2488,4203,2488
4212,2454,4346,2454,4346,2488,4212,2488
166,2525,321,2525,321,2547,166,2547
217,2559,223,2559,223,2582,217,2582
231,2559,237,2559,237,2582,231,2582
241,2559,247,2559,247,2582,241,2582
253,2559,259,2559,259,2582,253,2582
260,2559,286,2559,286,2582,260,2582
781,2708,781,2634,812,2634,812,2708
781,2623,781,2615,812,2615,812,2623
781,2602,781,2513,812,2513,812,2602
781,2506,781,2382,812,2382,812,2506
813,2581,813,2573,842,2573,842,2581
813,2564,813,2508,842,2508,842,2564
3346,2542,3346,2592,3323,2592,3323,2542
2185,2577,2185,2578,2177,2580,2177,2579
2233,2578,2277,2613,2268,2624,2224,2589
3095,2570,3139,2589,3132,2605,3088,2586
437,2591,517,2591,517,2613,437,2613
878,2758,878,2689,910,2689,910,2758
878,2675,878,2652,910,2652,910,2675
878,2640,878,2533,910,2533,910,2640
503,2648,531,2635,537,2647,508,2660
2227,2692,2275,2692,2275,2713,2227,2713
2291,2692,2296,2692,2296,2713,2291,2713
2307,2692,2379,2692,2379,2713,2307,2713
2390,2692,2395,2692,2395,2713,2390,2713
2406,2692,2480,2692,2480,2713,2406,2713
4013,2555,4034,2864,4018,2865,3997,2556
4308,2706,4320,2705,4321,2714,4309,2715
4302,2713,4308,2713,4308,2721,4302,2721
4309,2713,4310,2713,4310,2721,4309,2721
4311,2713,4316,2713,4316,2721,4311,2721
4321,2713,4327,2713,4327,2721,4321,2721
4120,2652,4120,2820,4112,2820,4112,2652
4127,2644,4127,2830,4119,2830,4119,2644
4124,2873,4124,2585,4158,2585,4158,2873
888,2781,937,2781,937,2819,888,2819
943,2781,1032,2781,1032,2819,943,2819
4178,2826,4179,2826,4179,2833,4178,2833
4184,2826,4185,2826,4185,2833,4184,2833
4190,2827,4191,2827,4191,2834,4190,2834
4193,2827,4203,2827,4203,2834,4193,2834
792,2910,840,2861,848,2868,800,2918
389,2924,504,2924,504,2971,389,2971
519,2924,562,2924,562,2971,519,2971
572,2924,730,2924,730,2971,572,2971
746,2924,807,2924,807,2971,746,2971
830,2924,931,2924,931,2971,830,2971
4273,2943,4282,2943,4282,2976,4273,2976
4324,2943,4373,2943,4373,2976,4324,2976
4436,2943,4445,2943,4445,2976,4436,2976
4497,2943,4506,2943,4506,2976,4497,2976
4303,2996,4308,2996,4308,3004,4303,3004
4308,2996,4309,2996,4309,3004,4308,3004
4311,2996,4317,2996,4317,3004,4311,3004
4319,2996,4327,2996,4327,3004,4319,3004
4177,3008,4182,3008,4182,3016,4177,3016
4184,3008,4185,3008,4185,3016,4184,3016
4186,3007,4191,3007,4191,3016,4186,3016
4193,3007,4203,3007,4203,3015,4193,3015
4421,3024,4431,3024,4431,3031,4421,3031
4415,3033,4420,3033,4420,3040,4415,3040
4421,3033,4422,3033,4422,3040,4421,3040
4424,3033,4429,3033,4429,3040,4424,3040
4432,3033,4438,3033,4438,3040,4432,3040
2344,3092,2344,3087,2364,3086,2364,3091
2394,3079,2397,3079,2397,3094,2394,3094
2434,3080,2437,3080,2437,3095,2434,3095
2474,3080,2477,3080,2477,3095,2474,3095
2514,3080,2517,3080,2517,3095,2514,3095
2554,3081,2557,3081,2557,3096,2554,3096
4103,3078,4110,3078,4110,3089,4103,3089
4095,3091,4100,3091,4100,3098,4095,3098
4102,3091,4103,3091,4103,3098,4102,3098
4104,3090,4109,3090,4109,3098,4104,3098
4111,3090,4121,3090,4121,3097,4111,3097
4332,3090,4345,3090,4345,3097,4332,3097
4334,3099,4342,3098,4343,3107,4335,3108
4326,3108,4332,3108,4332,3115,4326,3115
4334,3108,4335,3108,4335,3115,4334,3115
4335,3107,4354,3106,4354,3114,4335,3115
4102,3112,4104,3112,4104,3123,4102,3123
141,3117,166,3117,166,3144,141,3144
216,3117,223,3117,223,3144,216,3144
227,3117,234,3117,234,3144,227,3144
236,3117,243,3117,243,3144,236,3144
311,3117,318,3117,318,3144,311,3144
2353,3122,2359,3122,2360,3146,2354,3146
2396,3121,2402,3121,2403,3145,2397,3145
2436,3120,2442,3120,2443,3144,2437,3144
2476,3119,2482,3119,2483,3143,2477,3143
2516,3118,2522,3118,2523,3142,2517,3142
2556,3117,2562,3117,2563,3141,2557,3141
2598,3116,2604,3116,2605,3140,2599,3140
4022,3128,4118,3131,4118,3140,4022,3137
4031,3146,4132,3145,4132,3153,4031,3154
1866,3180,1962,3183,1961,3218,1865,3215
1975,3183,2095,3186,2094,3221,1974,3218
2167,3159,2245,3159,2245,3188,2167,3188
2147,3188,2270,3192,2269,3227,2146,3223
2395,3194,2461,3194,2461,3217,2395,3217
2467,3194,2560,3194,2560,3217,2467,3217
2740,3192,2835,3192,2835,3221,2740,3221
3003,3190,3070,3190,3070,3223,3003,3223
3073,3190,3082,3190,3082,3223,3073,3223
3084,3190,3167,3190,3167,3223,3084,3223
3345,3173,3436,3173,3436,3204,3345,3204
3269,3209,3373,3209,3373,3239,3269,3239
3384,3209,3450,3209,3450,3239,3384,3239
3457,3209,3500,3209,3500,3239,3457,3239
156,3275,161,3275,161,3297,156,3297
160,3275,233,3275,233,3297,160,3297
153,3303,192,3303,192,3325,153,3325
204,3303,291,3303,291,3325,204,3325
299,3303,399,3303,399,3325,299,3325
413,3303,459,3303,459,3325,413,3325
461,3303,623,3303,623,3325,461,3325
632,3303,637,3303,637,3325,632,3325
646,3303,706,3303,706,3325,646,3325
714,3303,752,3303,752,3325,714,3325
761,3303,852,3303,852,3325,761,3325
860,3303,906,3303,906,3325,860,3325
913,3303,1021,3303,1021,3325,913,3325
1031,3303,1080,3303,1080,3325,1031,3325
1090,3303,1102,3303,1102,3325,1090,3325
1116,3303,1192,3303,1192,3325,1116,3325
1200,3303,1238,3303,1238,3325,1200,3325
1247,3303,1317,3303,1317,3325,1247,3325
1325,3303,1345,3303,1345,3325,1325,3325
1357,3303,1376,3303,1376,3325,1357,3325
1389,3303,1409,3303,1409,3325,1389,3325
1423,3303,1494,3303,1494,3325,1423,3325
1493,3303,1498,3303,1498,3325,1493,3325
1505,3303,1547,3303,1547,3325,1505,3325
1551,3303,1694,3303,1694,3325,1551,3325
1704,3303,1750,3303,1750,3325,1704,3325
1757,3303,1888,3303,1888,3325,1757,3325
1900,3303,1905,3303,1905,3325,1900,3325
1909,3303,1914,3303,1914,3325,1909,3325
1916,3303,1952,3303,1952,3325,1916,3325
1964,3303,2068,3303,2068,3325,1964,3325
2079,3303,2084,3303,2084,3325,2079,3325
2100,3303,2121,3303,2121,3325,2100,3325
2130,3303,2171,3303,2171,3325,2130,3325
2185,3303,2206,3303,2206,3325,2185,3325
2219,3303,2295,3303,2295,3325,2219,3325
2308,3303,2332,3303,2332,3325,2308,3325
2343,3303,2348,3303,2348,3325,2343,3325
2348,3303,2353,3303,2353,3325,2348,3325
2353,3303,2411,3303,2411,3325,2353,3325
2422,3303,2527,3303,2527,3325,2422,3325
2527,3303,2532,3303,2532,3325,2527,3325
2541,3303,2578,3303,2578,3325,2541,3325
2586,3303,2700,3303,2700,3325,2586,3325
2708,3303,2825,3303,2825,3325,2708,3325
2826,3303,2831,3303,2831,3325,2826,3325
2838,3303,2999,3303,2999,3325,2838,3325
3008,3303,3028,3303,3028,3325,3008,3325
3040,3303,3202,3303,3202,3325,3040,3325
3204,3303,3209,3303,3209,3325,3204,3325
3217,3303,3260,3303,3260,3325,3217,3325
3264,3303,3284,3303,3284,3325,3264,3325
3298,3303,3318,3303,3318,3325,3298,3325
3329,3303,3364,3303,3364,3325,3329,3325
3370,3303,3467,3303,3467,3325,3370,3325
3474,3303,3505,3303,3505,3325,3474,3325
156,3330,278,3330,278,3355,156,3355
286,3330,339,3330,339,3355,286,3355
342,3330,348,3330,348,3355,342,3355
354,3330,386,3330,386,3355,354,3355
392,3330,474,3330,474,3355,392,3355
485,3330,521,3330,521,3355,485,3355
533,3330,589,3330,589,3355,533,3355
600,3330,636,3330,636,3355,600,3355
646,3330,675,3330,675,3355,646,3355
685,3330,818,3330,818,3355,685,3355
823,3330,829,3330,829,3355,823,3355
836,3330,875,3330,875,3355,836,3355
882,3330,994,3330,994,3355,882,3355
1005,3330,1028,3330,1028,3355,1005,3355
1036,3330,1103,3330,1103,3355,1036,3355
1106,3330,1112,3330,1112,3355,1106,3355
1125,3330,1195,3330,1195,3355,1125,3355
1197,3330,1203,3330,1203,3355,1197,3355
1210,3330,1252,3330,1252,3355,1210,3355
1264,3330,1353,3330,1353,3355,1264,3355
1363,3330,1411,3330,1411,3355,1363,3355
1419,3330,1455,3330,1455,3355,1419,3355
1465,3330,1471,3330,1471,3355,1465,3355
1470,3330,1476,3330,1476,3355,1470,3355
1476,3330,1624,3330,1624,3355,1476,3355
1629,3330,1665,3330,1665,3355,1629,3355
1676,3330,1809,3330,1809,3355,1676,3355
1823,3330,1869,3330,1869,3355,1823,3355
1874,3330,1943,3330,1943,3355,1874,3355
1954,3330,1960,3330,1960,3355,1954,3355
1972,3330,2010,3330,2010,3355,1972,3355
2019,3330,2103,3330,2103,3355,2019,3355
2102,3330,2108,3330,2108,3355,2102,3355
2115,3330,2129,3330,2129,3355,2115,3355
2141,3330,2218,3330,2218,3355,2141,3355
2224,3330,2230,3330,2230,3355,2224,3355
2237,3330,2243,3330,2243,3355,2237,3355
2242,3330,2248,3330,2248,3355,2242,3355
2249,3330,2393,3330,2393,3355,2249,3355
2399,3330,2422,3330,2422,3355,2399,3355
2427,3330,2456,3330,2456,3355,2427,3355
2465,3330,2587,3330,2587,3355,2465,3355
2594,3330,2630,3330,2630,3355,2594,3355
2642,3330,2766,3330,2766,3355,2642,3355
2780,3330,2825,3330,2825,3355,2780,3355
2832,3330,2963,3330,2963,3355,2832,3355
2973,3330,2979,3330,2979,3355,2973,3355
2983,3330,2989,3330,2989,3355,2983,3355
2990,3330,3027,3330,3027,3355,2990,3355
3033,3330,3126,3330,3126,3355,3033,3355
3659,3284,3751,3284,3751,3335,3659,3335
3762,3284,3776,3284,3776,3335,3762,3335
3793,3284,3822,3284,3822,3335,3793,3335
3835,3284,3849,3284,3849,3335,3835,3335
3843,3284,3881,3284,3881,3335,3843,3335
3887,3284,3901,3284,3901,3335,3887,3335
3902,3284,3973,3284,3973,3335,3902,3335
4272,3294,4388,3294,4388,3332,4272,3332
4403,3294,4413,3294,4413,3332,4403,3332
