4003,186,4279,186,4279,240,4003,240
3999,242,4279,242,4279,300,3999,300
4088,386,4094,386,4094,409,4088,409
4105,386,4138,386,4138,409,4105,409
4147,386,4168,386,4168,409,4147,409
4180,386,4225,386,4225,409,4180,409
4237,386,4243,386,4243,409,4237,409
4256,386,4341,386,4341,409,4256,409
4112,419,4174,419,4174,441,4112,441
4186,419,4240,419,4240,441,4186,441
4244,419,4302,419,4302,441,4244,441
312,507,554,342,602,412,359,576
4134,493,4281,493,4281,562,4134,562
3950,598,4023,598,4023,640,3950,640
4034,598,4170,598,4170,640,4034,640
4185,598,4196,598,4196,640,4185,640
4205,598,4277,598,4277,640,4205,640
4294,598,4355,598,4355,640,4294,640
4372,598,4479,598,4479,640,4372,640
4097,646,4199,646,4199,684,4097,684
4217,646,4330,646,4330,684,4217,684
3941,700,4017,700,4017,738,3941,738
4020,700,4070,700,4070,738,4020,738
4077,700,4087,700,4087,738,4077,738
4241,699,4329,699,4329,739,4241,739
4342,699,4353,699,4353,739,4342,739
3938,756,4016,756,4016,791,3938,791
4231,758,4265,758,4265,789,4231,789
3638,702,3820,702,3820,734,3638,734
3833,702,3841,702,3841,734,3833,734
4523,702,4657,702,4657,740,4523,740
4673,702,4683,702,4683,740,4673,740
4523,753,4561,753,4561,793,4523,793
4576,753,4691,753,4691,793,4576,793
723,793,760,790,762,819,725,822
769,789,777,788,779,817,771,818
1941,803,2079,803,2079,824,1941,824
2788,806,2811,806,2811,821,2788,821
2792,789,2814,789,2814,831,2792,831
2845,789,2905,789,2905,831,2845,831
2841,806,2862,806,2862,822,2841,822
1108,851,1139,851,1139,864,1108,864
3232,829,3299,832,3297,880,3230,877
719,899,719,871,733,871,733,899
4094,850,4344,850,4344,904,4094,904
1803,890,1803,898,1774,898,1774,890
866,954,866,899,901,899,901,954
1766,949,1767,939,1805,942,1804,952
3790,941,3883,941,3883,970,3790,970
4554,942,4563,942,4563,975,4554,975
4564,942,4573,942,4573,975,4564,975
4575,942,4594,942,4594,975,4575,975
4601,942,4643,942,4643,975,4601,975
458,962,520,962,520,993,458,993
3240,970,3295,970,3295,1005,3240,1005
262,972,267,978,241,997,237,990
272,985,277,991,251,1010,247,1003
1761,1004,1762,994,1800,997,1799,1007
898,992,911,992,911,1039,898,1039
990,992,1043,992,1043,1039,990,1039
1526,1001,1638,1001,1638,1043,1526,1043
3792,1002,3885,1002,3885,1026,3792,1026
3897,1002,3903,1002,3903,1026,3897,1026
3917,1002,4007,1002,4007,1026,3917,1026
4548,1000,4567,1000,4567,1034,4548,1034
4572,1000,4581,1000,4581,1034,4572,1034
4583,1000,4602,1000,4602,1034,4583,1034
4611,1000,4648,1000,4648,1034,4611,1034
3488,1022,3514,1021,3515,1038,3489,1040
296,1019,301,1025,275,1044,271,1037
1756,1066,1757,1056,1795,1059,1794,1069
318,1050,323,1056,297,1075,293,1068
677,1099,677,1042,710,1042,710,1099
735,1097,733,1066,747,1065,749,1096
1608,1060,1622,1058,1628,1107,1614,1109
1662,1053,1676,1051,1682,1100,1668,1102
1712,1046,1726,1044,1732,1093,1718,1095
3790,1064,3907,1064,3907,1085,3790,1085
3921,1064,3926,1064,3926,1085,3921,1085
4549,1067,4568,1067,4568,1088,4549,1088
4571,1067,4576,1067,4576,1088,4571,1088
4580,1067,4599,1067,4599,1088,4580,1088
4610,1067,4645,1067,4645,1088,4610,1088
3175,1097,3175,1093,3192,1093,3192,1097
3175,1094,3175,1090,3192,1090,3192,1094
343,1084,348,1090,322,1109,318,1102
2493,1078,2557,1078,2557,1115,2493,1115
2493,1124,2503,1124,2503,1162,2493,1162
2516,1124,2526,1124,2526,1162,2516,1162
2524,1124,2565,1124,2565,1162,2524,1162
365,1115,370,1121,344,1140,340,1133
3789,1125,3905,1125,3905,1146,3789,1146
3920,1125,3925,1125,3925,1146,3920,1146
4550,1125,4566,1125,4566,1154,4550,1154
4571,1125,4579,1125,4579,1154,4571,1154
4579,1125,4600,1125,4600,1154,4579,1154
4609,1125,4646,1125,4646,1154,4609,1154
468,1146,523,1148,522,1170,467,1168
1398,1162,1451,1162,1451,1183,1398,1183
846,1183,874,1183,874,1197,846,1197
3790,1177,3905,1177,3905,1206,3790,1206
3918,1177,3926,1177,3926,1206,3918,1206
4549,1179,4571,1179,4571,1209,4549,1209
4569,1179,4577,1179,4577,1209,4569,1209
4580,1179,4602,1179,4602,1209,4580,1209
4609,1179,4646,1179,4646,1209,4609,1209
386,1201,390,1201,391,1218,387,1218
1666,1204,1696,1204,1696,1216,1666,1216
3791,1231,3861,1231,3861,1262,3791,1262
3871,1231,3899,1231,3899,1262,3871,1262
3913,1231,3979,1231,3979,1262,3913,1262
4551,1233,4559,1233,4559,1262,4551,1262
4563,1233,4571,1233,4571,1262,4563,1262
4571,1233,4592,1233,4592,1262,4571,1262
4601,1233,4638,1233,4638,1262,4601,1262
507,1284,508,1269,516,1270,515,1285
3785,1291,3826,1291,3826,1316,3785,1316
4556,1283,4565,1283,4563,1318,4554,1318
4567,1283,4576,1283,4574,1318,4565,1318
4573,1283,4598,1284,4596,1320,4571,1319
4602,1285,4641,1287,4639,1322,4600,1320
2847,1365,2847,1309,2877,1309,2877,1365
3504,1338,3506,1346,3478,1353,3476,1345
3511,1365,3513,1373,3485,1380,3483,1372
3792,1345,3859,1345,3859,1372,3792,1372
3872,1345,3879,1345,3879,1372,3872,1372
3886,1345,3893,1345,3893,1372,3886,1372
3892,1345,3934,1345,3934,1372,3892,1372
4554,1345,4562,1345,4562,1374,4554,1374
4563,1345,4571,1345,4571,1374,4563,1374
4571,1345,4592,1345,4592,1374,4571,1374
4601,1345,4638,1345,4638,1374,4601,1374
2215,1382,2326,1382,2326,1436,2215,1436
2339,1382,2354,1382,2354,1436,2339,1436
2363,1382,2496,1382,2496,1436,2363,1436
3786,1416,3839,1414,3840,1433,3787,1435
4555,1410,4563,1410,4563,1441,4555,1441
4565,1410,4573,1410,4573,1441,4565,1441
4575,1410,4591,1410,4591,1441,4575,1441
4603,1410,4637,1410,4637,1441,4603,1441
1845,1455,1875,1455,1875,1470,1845,1470
594,1443,603,1443,602,1478,593,1478
601,1443,610,1443,609,1478,600,1478
651,1444,660,1444,659,1479,650,1479
702,1445,786,1447,785,1482,701,1480
381,1462,387,1462,387,1487,381,1487
438,1457,446,1457,446,1486,438,1486
492,1457,500,1457,500,1486,492,1486
1711,1517,1713,1517,1715,1528,1713,1529
1718,1516,1720,1516,1722,1527,1720,1528
1722,1515,1724,1515,1726,1526,1724,1527
3796,1502,3885,1502,3885,1536,3796,1536
3902,1502,4048,1502,4048,1536,3902,1536
4061,1502,4240,1502,4240,1536,4061,1536
2269,1521,2326,1521,2326,1554,2269,1554
4496,1499,4545,1499,4545,1543,4496,1543
4550,1499,4562,1499,4562,1543,4550,1543
4566,1499,4606,1499,4606,1543,4566,1543
4619,1499,4700,1499,4700,1543,4619,1543
1737,1547,1742,1550,1730,1570,1725,1567
1625,1569,1747,1569,1747,1600,1625,1600
1657,1596,1661,1596,1661,1614,1657,1614
1674,1596,1678,1596,1678,1614,1674,1614
1691,1596,1695,1596,1695,1614,1691,1614
1708,1596,1712,1596,1712,1614,1708,1614
1725,1596,1729,1596,1729,1614,1725,1614
1666,1616,1668,1616,1667,1628,1665,1628
3788,1600,3883,1600,3883,1633,3788,1633
4555,1605,4560,1605,4560,1626,4555,1626
4566,1605,4571,1605,4571,1626,4566,1626
4570,1605,4596,1605,4596,1626,4570,1626
4603,1605,4638,1605,4638,1626,4603,1626
1689,1618,1691,1618,1690,1630,1688,1630
1709,1619,1711,1619,1710,1631,1708,1631
924,1653,924,1644,959,1646,959,1655
495,1618,549,1617,551,1688,497,1690
556,1616,576,1615,578,1687,558,1688
573,1616,639,1614,641,1686,575,1688
655,1613,747,1610,749,1682,657,1685
1644,1627,1758,1617,1761,1658,1648,1668
3184,1622,3347,1622,3347,1684,3184,1684
3362,1622,3379,1622,3379,1684,3362,1684
1195,1679,1360,1679,1360,1721,1195,1721
1378,1679,1389,1679,1389,1721,1378,1721
1658,1683,1667,1683,1668,1717,1659,1717
1672,1683,1681,1683,1682,1717,1673,1717
1686,1683,1695,1683,1696,1717,1687,1717
1707,1682,1716,1682,1717,1716,1708,1716
1833,1680,1842,1680,1843,1714,1834,1714
1889,1678,1898,1678,1899,1712,1890,1712
921,1707,921,1698,956,1700,956,1709
1942,1676,1952,1676,1952,1712,1942,1712
1994,1676,2004,1676,2004,1712,1994,1712
3792,1686,3884,1686,3884,1722,3792,1722
3899,1686,4044,1686,4044,1722,3899,1722
4057,1686,4213,1686,4213,1722,4057,1722
1634,1708,1636,1708,1634,1719,1632,1719
4495,1682,4547,1682,4547,1740,4495,1740
4551,1682,4567,1682,4567,1740,4551,1740
4567,1682,4610,1682,4610,1740,4567,1740
4624,1682,4700,1682,4700,1740,4624,1740
379,1717,535,1724,533,1765,377,1758
560,1726,571,1726,569,1766,558,1766
658,1730,669,1730,667,1770,656,1770
716,1732,727,1732,725,1772,714,1772
919,1761,919,1752,954,1754,954,1763
1687,1776,1700,1776,1700,1790,1687,1790
1706,1776,1709,1776,1709,1790,1706,1790
1715,1776,1718,1776,1718,1790,1715,1790
289,1831,289,1773,320,1773,320,1831
916,1812,916,1803,951,1805,951,1814
1482,1843,1482,1793,1517,1793,1517,1843
2357,1825,2363,1825,2363,1848,2357,1848
2398,1825,2404,1825,2404,1848,2398,1848
2436,1825,2442,1825,2442,1848,2436,1848
2456,1837,2460,1837,2460,1854,2456,1854
2475,1825,2481,1825,2481,1848,2475,1848
2516,1825,2522,1825,2522,1848,2516,1848
2556,1825,2562,1825,2562,1848,2556,1848
2595,1825,2601,1825,2601,1848,2595,1848
2674,1825,2680,1825,2680,1848,2674,1848
2715,1825,2721,1825,2721,1848,2715,1848
2753,1825,2759,1825,2759,1848,2753,1848
2794,1825,2800,1825,2800,1848,2794,1848
913,1855,913,1846,948,1848,948,1857
2835,1825,2841,1825,2841,1848,2835,1848
2277,1837,2312,1837,2312,1854,2277,1854
2287,1861,2308,1861,2308,1880,2287,1880
2318,1861,2345,1861,2345,1880,2318,1880
2734,1863,2766,1863,2766,1879,2734,1879
1631,1854,1651,1856,1644,1925,1624,1923
1710,1861,1768,1867,1761,1936,1703,1931
1756,1866,1776,1868,1769,1937,1749,1935
3744,1889,3799,1889,3799,1906,3744,1906
3804,1889,3824,1889,3824,1906,3804,1906
3830,1889,3859,1889,3859,1906,3830,1906
3865,1889,3905,1889,3905,1906,3865,1906
3911,1889,3915,1889,3915,1906,3911,1906
3920,1889,3924,1889,3924,1906,3920,1906
3923,1889,3927,1889,3927,1906,3923,1906
3929,1889,3943,1889,3943,1906,3929,1906
3953,1889,3961,1889,3961,1906,3953,1906
3966,1889,3981,1889,3981,1906,3966,1906
4083,1885,4102,1885,4102,1907,4083,1907
4133,1891,4135,1891,4135,1901,4133,1901
4140,1891,4161,1891,4161,1901,4140,1901
4167,1891,4177,1891,4177,1901,4167,1901
4183,1891,4218,1891,4218,1901,4183,1901
4223,1891,4237,1891,4237,1901,4223,1901
4243,1891,4245,1891,4245,1901,4243,1901
4252,1891,4254,1891,4254,1901,4252,1901
4257,1891,4259,1891,4259,1901,4257,1901
4260,1891,4274,1891,4274,1901,4260,1901
4282,1891,4294,1891,4294,1901,4282,1901
4300,1891,4313,1891,4313,1901,4300,1901
4517,1890,4572,1890,4572,1904,4517,1904
2527,1914,2602,1914,2602,1929,2527,1929
2515,1929,2554,1929,2554,1947,2515,1947
2558,1929,2575,1929,2575,1947,2558,1947
2582,1929,2586,1929,2586,1947,2582,1947
2594,1929,2608,1929,2608,1947,2594,1947
3743,1931,3799,1931,3799,1946,3743,1946
3805,1931,3831,1931,3831,1946,3805,1946
3838,1931,3880,1931,3880,1946,3838,1946
3884,1931,3887,1931,3887,1946,3884,1946
3894,1931,3897,1931,3897,1946,3894,1946
3897,1931,3900,1931,3900,1946,3897,1946
3901,1931,3916,1931,3916,1946,3901,1946
3925,1931,3936,1931,3936,1946,3925,1946
3941,1931,3955,1931,3955,1946,3941,1946
4132,1927,4135,1927,4135,1941,4132,1941
4141,1927,4163,1927,4163,1941,4141,1941
4168,1927,4178,1927,4178,1941,4168,1941
4184,1927,4218,1927,4218,1941,4184,1941
4223,1927,4236,1927,4236,1941,4223,1941
4243,1927,4246,1927,4246,1941,4243,1941
4252,1927,4255,1927,4255,1941,4252,1941
4257,1927,4260,1927,4260,1941,4257,1941
4262,1927,4275,1927,4275,1941,4262,1941
4283,1927,4293,1927,4293,1941,4283,1941
4301,1927,4312,1927,4312,1941,4301,1941
4315,1927,4318,1927,4318,1941,4315,1941
4133,1941,4135,1941,4135,1951,4133,1951
4136,1941,4138,1941,4138,1951,4136,1951
4139,1941,4156,1941,4156,1951,4139,1951
4163,1941,4185,1941,4185,1951,4163,1951
4190,1941,4202,1941,4202,1951,4190,1951
4207,1941,4243,1941,4243,1951,4207,1951
4518,1933,4548,1933,4548,1945,4518,1945
4554,1933,4575,1933,4575,1945,4554,1945
3238,1962,3293,1962,3293,1994,3238,1994
3745,1975,3799,1975,3799,1987,3745,1987
3803,1975,3824,1975,3824,1987,3803,1987
3830,1975,3859,1975,3859,1987,3830,1987
3865,1975,3906,1975,3906,1987,3865,1987
3913,1975,3915,1975,3915,1987,3913,1987
3923,1975,3925,1975,3925,1987,3923,1987
3926,1975,3928,1975,3928,1987,3926,1987
3928,1975,3943,1975,3943,1987,3928,1987
3953,1975,3962,1975,3962,1987,3953,1987
3967,1975,3981,1975,3981,1987,3967,1987
4132,1980,4153,1980,4153,1992,4132,1992
4158,1980,4168,1980,4168,1992,4158,1992
4173,1980,4208,1980,4208,1992,4173,1992
4212,1980,4250,1980,4250,1992,4212,1992
4517,1981,4557,1981,4557,1993,4517,1993
4563,1981,4565,1981,4565,1993,4563,1993
4569,1981,4605,1981,4605,1993,4569,1993
4608,1981,4628,1981,4628,1993,4608,1993
1764,1994,1764,1997,1749,1997,1749,1994
2981,1927,2981,2077,2954,2077,2954,1927
1764,2015,1764,2018,1749,2018,1749,2015
3745,2015,3798,2015,3798,2026,3745,2026
3803,2015,3824,2015,3824,2026,3803,2026
3829,2015,3839,2015,3839,2026,3829,2026
3845,2015,3852,2015,3852,2026,3845,2026
3855,2015,3878,2015,3878,2026,3855,2026
3885,2015,3887,2015,3887,2026,3885,2026
3896,2015,3898,2015,3898,2026,3896,2026
3899,2015,3901,2015,3901,2026,3899,2026
3902,2015,3918,2015,3918,2026,3902,2026
3926,2015,3936,2015,3936,2026,3926,2026
3943,2015,3954,2015,3954,2026,3943,2026
4131,2015,4153,2015,4153,2028,4131,2028
4159,2015,4169,2015,4169,2028,4159,2028
4171,2015,4174,2015,4174,2028,4171,2028
4174,2015,4186,2015,4186,2028,4174,2028
4190,2015,4193,2015,4193,2028,4190,2028
4194,2015,4211,2015,4211,2028,4194,2028
4217,2015,4220,2015,4220,2028,4217,2028
4225,2015,4228,2015,4228,2028,4225,2028
4229,2015,4232,2015,4232,2028,4229,2028
4233,2015,4250,2015,4250,2028,4233,2028
4256,2015,4268,2015,4268,2028,4256,2028
4272,2015,4286,2015,4286,2028,4272,2028
4435,2010,4489,2010,4489,2034,4435,2034
3722,1865,3742,2281,3624,2286,3604,1871
586,1997,642,1997,642,2094,586,2094
4516,2023,4544,2023,4544,2034,4516,2034
4546,2023,4596,2023,4596,2034,4546,2034
1764,2035,1764,2038,1749,2038,1749,2035
1284,2031,1337,2028,1339,2063,1286,2066
3514,2041,3533,2041,3533,2056,3514,2056
1764,2058,1764,2061,1749,2061,1749,2058
3744,2059,3798,2059,3798,2070,3744,2070
3803,2059,3824,2059,3824,2070,3803,2070
3828,2059,3840,2059,3840,2070,3828,2070
3844,2059,3904,2059,3904,2070,3844,2070
3910,2059,3926,2059,3926,2070,3910,2070
3931,2059,3970,2059,3970,2070,3931,2070
4131,2058,4153,2058,4153,2071,4131,2071
4157,2058,4181,2058,4181,2071,4157,2071
4186,2058,4189,2058,4189,2071,4186,2071
4196,2058,4199,2058,4199,2071,4196,2071
4200,2058,4203,2058,4203,2071,4200,2071
4204,2058,4218,2058,4218,2071,4204,2071
4228,2058,4237,2058,4237,2071,4228,2071
4244,2058,4256,2058,4256,2071,4244,2071
4518,2061,4571,2061,4571,2076,4518,2076
4577,2061,4616,2061,4616,2076,4577,2076
4623,2061,4638,2061,4638,2076,4623,2076
4640,2061,4683,2061,4683,2076,4640,2076
4688,2061,4699,2061,4699,2076,4688,2076
4703,2061,4744,2061,4744,2076,4703,2076
1764,2079,1764,2082,1749,2082,1749,2079
3036,1983,3036,2189,3011,2189,3011,1983
2162,2145,2162,2073,2178,2073,2178,2145
2179,2157,2179,2121,2194,2121,2194,2157
2179,2116,2179,2100,2194,2100,2194,2116
2179,2091,2179,2088,2194,2088,2194,2091
2179,2077,2179,2067,2194,2067,2194,2077
1764,2101,1764,2104,1749,2104,1749,2101
3746,2097,3792,2097,3792,2112,3746,2112
3796,2097,3799,2097,3799,2112,3796,2112
3800,2097,3821,2097,3821,2112,3800,2112
3825,2097,3855,2097,3855,2112,3825,2112
3858,2097,3877,2097,3877,2112,3858,2112
3883,2097,3905,2097,3905,2112,3883,2112
3910,2097,3923,2097,3923,2112,3910,2112
3926,2097,3972,2097,3972,2112,3926,2112
3975,2097,3978,2097,3978,2112,3975,2112
3744,2112,3796,2112,3796,2122,3744,2122
3800,2112,3816,2112,3816,2122,3800,2122
3818,2112,3840,2112,3840,2122,3818,2122
4131,2104,4153,2104,4153,2117,4131,2117
4157,2104,4181,2104,4181,2117,4157,2117
4186,2104,4189,2104,4189,2117,4186,2117
4196,2104,4199,2104,4199,2117,4196,2117
4200,2104,4203,2104,4203,2117,4200,2117
4204,2104,4218,2104,4218,2117,4204,2117
4228,2104,4237,2104,4237,2117,4228,2117
4244,2104,4256,2104,4256,2117,4244,2117
4517,2102,4536,2102,4536,2116,4517,2116
4541,2102,4589,2102,4589,2116,4541,2116
4593,2102,4596,2102,4596,2116,4593,2116
4597,2102,4600,2102,4600,2116,4597,2116
4599,2102,4643,2102,4643,2116,4599,2116
4648,2102,4658,2102,4658,2116,4648,2116
4662,2102,4699,2102,4699,2116,4662,2116
1644,2125,1647,2125,1647,2139,1644,2139
1665,2124,1668,2124,1668,2138,1665,2138
1688,2124,1691,2124,1691,2138,1688,2138
1710,2124,1713,2124,1713,2138,1710,2138
1731,2123,1734,2123,1734,2137,1731,2137
2289,2158,2289,2108,2318,2108,2318,2158
2498,2118,2613,2118,2613,2156,2498,2156
2719,2099,2786,2099,2786,2130,2719,2130
2717,2140,2726,2140,2726,2174,2717,2174
2738,2140,2747,2140,2747,2174,2738,2174
2749,2140,2786,2140,2786,2174,2749,2174
3744,2145,3782,2145,3782,2158,3744,2158
3786,2145,3798,2145,3798,2158,3786,2158
3803,2145,3830,2145,3830,2158,3803,2158
3836,2145,3840,2145,3840,2158,3836,2158
4088,2136,4109,2138,4107,2162,4086,2161
4132,2139,4153,2139,4153,2154,4132,2154
4159,2139,4170,2139,4170,2154,4159,2154
4174,2139,4210,2139,4210,2154,4174,2154
4214,2139,4228,2139,4228,2154,4214,2154
4235,2139,4284,2139,4284,2154,4235,2154
4290,2139,4312,2139,4312,2154,4290,2154
4133,2139,4155,2141,4153,2167,4131,2165
4158,2141,4164,2141,4162,2166,4156,2166
4518,2146,4551,2147,4551,2159,4518,2158
4557,2147,4601,2148,4601,2159,4557,2158
4420,2155,4434,2154,4435,2164,4421,2165
1140,2182,1144,2182,1145,2199,1141,2199
1179,2181,1183,2181,1184,2198,1180,2198
1259,2178,1263,2178,1264,2195,1260,2195
1298,2176,1302,2176,1303,2193,1299,2193
1340,2175,1344,2175,1345,2192,1341,2192
1902,2179,1907,2179,1909,2200,1904,2201
3176,2180,3182,2180,3184,2203,3178,2203
4086,2179,4089,2179,4089,2194,4086,2194
4091,2179,4094,2179,4094,2194,4091,2194
3255,2174,3261,2174,3263,2197,3257,2197
1819,2187,1824,2187,1826,2208,1821,2209
1831,2186,1836,2186,1838,2207,1833,2208
1838,2185,1843,2185,1845,2206,1840,2207
1852,2184,1857,2184,1859,2205,1854,2206
1863,2183,1868,2183,1870,2204,1865,2205
3214,2177,3220,2177,3222,2200,3216,2200
4133,2179,4153,2179,4153,2194,4133,2194
4158,2179,4169,2179,4169,2194,4158,2194
4174,2179,4208,2179,4208,2194,4174,2194
4213,2179,4227,2179,4227,2194,4213,2194
4234,2179,4286,2179,4286,2194,4234,2194
4289,2179,4311,2179,4311,2194,4289,2194
4317,2179,4354,2179,4354,2194,4317,2194
3096,2185,3102,2185,3104,2208,3098,2208
3104,2185,3110,2185,3112,2208,3106,2208
3111,2184,3117,2184,3119,2207,3113,2207
3123,2183,3129,2183,3131,2206,3125,2206
3135,2182,3141,2182,3143,2205,3137,2205
1061,2188,1080,2188,1080,2206,1061,2206
1082,2188,1086,2188,1086,2206,1082,2206
1090,2188,1094,2188,1094,2206,1090,2206
1103,2188,1107,2188,1107,2206,1103,2206
1035,2210,1095,2210,1095,2228,1035,2228
1105,2210,1131,2210,1131,2228,1105,2228
3745,2187,3767,2187,3767,2202,3745,2202
3769,2187,3810,2187,3810,2202,3769,2202
4513,2185,4559,2185,4559,2196,4513,2196
4563,2185,4610,2185,4610,2196,4563,2196
4613,2185,4665,2185,4665,2196,4613,2196
4669,2185,4679,2185,4679,2196,4669,2196
4684,2185,4710,2185,4710,2196,4684,2196
4513,2199,4584,2199,4584,2208,4513,2208
435,2209,439,2209,439,2226,435,2226
485,2209,489,2209,489,2226,485,2226
539,2209,543,2209,543,2226,539,2226
556,2209,579,2209,579,2226,556,2226
591,2209,606,2209,606,2226,591,2226
647,2209,651,2209,651,2226,647,2226
698,2209,702,2209,702,2226,698,2226
1825,2210,1830,2210,1830,2231,1825,2231
1841,2210,1856,2210,1856,2231,1841,2231
2531,2213,2585,2213,2585,2242,2531,2242
3094,2211,3117,2211,3117,2232,3094,2232
3127,2211,3142,2211,3142,2232,3127,2232
4089,2217,4102,2218,4101,2233,4088,2232
4133,2220,4152,2220,4152,2234,4133,2234
4157,2220,4170,2220,4170,2234,4157,2234
4175,2220,4208,2220,4208,2234,4175,2234
4214,2220,4228,2220,4228,2234,4214,2234
4235,2220,4285,2220,4285,2234,4235,2234
4287,2220,4310,2220,4310,2234,4287,2234
4316,2220,4340,2220,4340,2234,4316,2234
4133,2221,4148,2222,4147,2236,4132,2235
4448,2225,4467,2225,4467,2235,4448,2235
3744,2229,3776,2229,3776,2243,3744,2243
3781,2229,3816,2229,3816,2243,3781,2243
3821,2229,3828,2229,3828,2243,3821,2243
3836,2229,3874,2229,3874,2243,3836,2243
4518,2229,4547,2229,4547,2243,4518,2243
4552,2229,4589,2229,4589,2243,4552,2243
4596,2229,4638,2229,4638,2243,4596,2243
4056,2267,4060,2267,4061,2284,4057,2284
4074,2266,4086,2265,4087,2283,4075,2284
4132,2266,4154,2266,4154,2280,4132,2280
4159,2266,4175,2266,4175,2280,4159,2280
4180,2266,4211,2266,4211,2280,4180,2280
4216,2266,4226,2266,4226,2280,4216,2280
4231,2266,4265,2266,4265,2280,4231,2280
3743,2277,3775,2277,3775,2289,3743,2289
3780,2277,3815,2277,3815,2289,3780,2289
3820,2277,3828,2277,3828,2289,3820,2289
3834,2277,3868,2277,3868,2289,3834,2289
4409,2269,4411,2269,4412,2290,4410,2290
4453,2268,4455,2268,4456,2289,4454,2289
4498,2268,4503,2268,4504,2289,4499,2289
4518,2267,4565,2266,4566,2287,4519,2288
575,2289,583,2289,582,2318,574,2318
590,2289,598,2289,597,2318,589,2318
598,2289,708,2291,707,2320,597,2318
1301,2285,1309,2285,1309,2314,1301,2314
1319,2285,1327,2285,1327,2314,1319,2314
1328,2285,1336,2285,1336,2314,1328,2314
1345,2285,1353,2285,1353,2314,1345,2314
3253,2292,3458,2294,3458,2317,3253,2315
4093,2310,4101,2310,4102,2318,4094,2319
4105,2309,4107,2309,4108,2318,4106,2318
4110,2309,4112,2309,4113,2318,4111,2318
3745,2318,3789,2318,3789,2331,3745,2331
3795,2318,3815,2318,3815,2331,3795,2331
3820,2318,3845,2318,3845,2331,3820,2331
3849,2318,3905,2318,3905,2331,3849,2331
4131,2319,4145,2319,4145,2332,4131,2332
4155,2319,4164,2319,4164,2332,4155,2332
4171,2319,4200,2319,4200,2332,4171,2332
4205,2319,4225,2319,4225,2332,4205,2332
4230,2319,4295,2319,4295,2332,4230,2332
4298,2319,4319,2319,4319,2332,4298,2332
4324,2319,4333,2319,4333,2332,4324,2332
4340,2319,4382,2319,4382,2332,4340,2332
2858,2294,2858,2371,2832,2371,2832,2294
3744,2360,3766,2360,3766,2373,3744,2373
3773,2360,3782,2360,3782,2373,3773,2373
3787,2360,3822,2360,3822,2373,3787,2373
3828,2360,3840,2360,3840,2373,3828,2373
3847,2360,3850,2360,3850,2373,3847,2373
3856,2360,3859,2360,3859,2373,3856,2373
3861,2360,3864,2360,3864,2373,3861,2373
3865,2360,3880,2360,3880,2373,3865,2373
3889,2360,3898,2360,3898,2373,3889,2373
3905,2360,3917,2360,3917,2373,3905,2373
4130,2359,4145,2359,4145,2372,4130,2372
4154,2359,4174,2359,4174,2372,4154,2372
4179,2359,4244,2359,4244,2372,4179,2372
4247,2359,4285,2359,4285,2372,4247,2372
4290,2359,4316,2359,4316,2372,4290,2372
4322,2359,4327,2359,4327,2372,4322,2372
2805,2394,2806,2368,2830,2369,2829,2395
453,2454,458,2457,445,2478,440,2475
3670,2448,3729,2448,3729,2484,3670,2484
3743,2448,3777,2448,3777,2484,3743,2484
3791,2448,3897,2448,3897,2484,3791,2484
3914,2448,3947,2448,3947,2484,3914,2484
3957,2448,4095,2448,4095,2484,3957,2484
4103,2448,4169,2448,4169,2484,4103,2484
4178,2448,4188,2448,4188,2484,4178,2484
4184,2448,4194,2448,4194,2484,4184,2484
4195,2448,4325,2448,4325,2484,4195,2484
484,2473,489,2476,476,2497,471,2494
517,2493,522,2496,509,2517,504,2514
550,2514,555,2517,542,2538,537,2535
4373,2570,4394,2569,4394,2580,4373,2581
4374,2582,4390,2581,4390,2592,4374,2593
4364,2597,4372,2597,4372,2607,4364,2607
4374,2597,4376,2597,4376,2607,4374,2607
4379,2597,4385,2597,4385,2607,4379,2607
4390,2597,4405,2597,4405,2607,4390,2607
4223,2728,4247,2728,4247,2737,4223,2737
4226,2738,4241,2738,4241,2750,4226,2750
4217,2754,4223,2754,4223,2764,4217,2764
4226,2754,4228,2754,4228,2764,4226,2764
4229,2754,4237,2754,4237,2764,4229,2764
4241,2754,4256,2754,4256,2764,4241,2764
4421,2795,4442,2795,4442,2805,4421,2805
4424,2806,4438,2805,4438,2817,4424,2818
4413,2822,4420,2822,4420,2832,4413,2832
4423,2822,4425,2822,4425,2832,4423,2832
4426,2822,4434,2822,4434,2832,4426,2832
4437,2822,4454,2822,4454,2832,4437,2832
4147,2931,4167,2931,4167,2941,4147,2941
4148,2942,4163,2942,4163,2954,4148,2954
4136,2956,4148,2956,4148,2968,4136,2968
4149,2956,4151,2956,4151,2968,4149,2968
4151,2956,4160,2956,4160,2968,4151,2968
4164,2956,4179,2956,4179,2968,4164,2968
3911,3004,3929,3000,3931,3011,3913,3015
3912,3008,3928,3008,3928,3023,3912,3023
3902,3028,3910,3028,3910,3038,3902,3038
3912,3028,3914,3028,3914,3038,3912,3038
3915,3028,3923,3028,3923,3038,3915,3038
3927,3028,3942,3028,3942,3038,3927,3038
4432,3027,4453,3027,4453,3037,4432,3037
4435,3037,4451,3037,4451,3051,4435,3051
4423,3054,4433,3054,4433,3064,4423,3064
4434,3054,4436,3054,4436,3064,4434,3064
4437,3054,4445,3054,4445,3064,4437,3064
4450,3054,4465,3054,4465,3064,4450,3064
2343,3081,2343,3075,2368,3075,2368,3081
1961,3076,1967,3076,1965,3100,1959,3100
2353,3064,2359,3064,2359,3088,2353,3088
2393,3064,2399,3064,2399,3088,2393,3088
2433,3064,2439,3064,2439,3088,2433,3088
2473,3064,2479,3064,2479,3088,2473,3088
2513,3064,2519,3064,2519,3088,2513,3088
2553,3064,2559,3064,2559,3088,2553,3088
2593,3064,2599,3064,2599,3088,2593,3088
4183,3085,4205,3085,4205,3095,4183,3095
4186,3096,4202,3096,4202,3107,4186,3107
4176,3110,4184,3110,4184,3122,4176,3122
4187,3110,4189,3110,4189,3122,4187,3122
4190,3110,4198,3110,4198,3122,4190,3122
4202,3110,4217,3110,4217,3122,4202,3122
2343,3123,2343,3117,2368,3117,2368,3123
2397,3114,2400,3114,2400,3128,2397,3128
2477,3113,2480,3113,2480,3127,2477,3127
2436,3114,2439,3114,2439,3128,2436,3128
2516,3113,2519,3113,2519,3127,2516,3127
2555,3112,2558,3112,2558,3126,2555,3126
165,3117,192,3118,191,3140,164,3139
2595,3112,2598,3112,2598,3126,2595,3126
1343,3120,1341,3138,1329,3137,1331,3119
264,3111,274,3111,274,3147,264,3147
278,3111,288,3111,288,3147,278,3147
289,3111,299,3111,299,3147,289,3147
1868,3168,1961,3170,1960,3203,1867,3201
1977,3170,2098,3173,2097,3206,1976,3203
2170,3145,2245,3145,2245,3174,2170,3174
2146,3175,2269,3178,2268,3210,2145,3207
2395,3177,2460,3177,2460,3208,2395,3208
2466,3177,2558,3177,2558,3208,2466,3208
3820,3158,4058,3158,4058,3195,3820,3195
4112,3158,4122,3158,4122,3195,4112,3195
2736,3179,2831,3179,2831,3208,2736,3208
3336,3161,3428,3161,3428,3192,3336,3192
3262,3197,3365,3197,3365,3224,3262,3224
3373,3197,3440,3197,3440,3224,3373,3224
3448,3197,3491,3197,3491,3224,3448,3224
2994,3180,3059,3180,3059,3202,2994,3202
3066,3180,3071,3180,3071,3202,3066,3202
3077,3180,3158,3180,3158,3202,3077,3202
175,3256,180,3256,180,3275,175,3275
179,3256,240,3256,240,3275,179,3275
176,3276,205,3276,205,3301,176,3301
216,3276,288,3276,288,3301,216,3301
292,3276,384,3276,384,3301,292,3301
392,3276,410,3276,410,3301,392,3301
417,3276,488,3276,488,3301,417,3301
496,3276,579,3276,579,3301,496,3301
587,3276,626,3276,626,3301,587,3301
631,3276,764,3276,764,3301,631,3301
765,3276,771,3276,771,3301,765,3301
778,3276,832,3276,832,3301,778,3301
839,3276,868,3276,868,3301,839,3301
876,3276,948,3276,948,3301,876,3301
960,3276,995,3276,995,3301,960,3301
1001,3276,1089,3276,1089,3301,1001,3301
1095,3276,1139,3276,1139,3301,1095,3301
1145,3276,1158,3276,1158,3301,1145,3301
1171,3276,1232,3276,1232,3301,1171,3301
1238,3276,1267,3276,1267,3301,1238,3301
1276,3276,1333,3276,1333,3301,1276,3301
1341,3276,1359,3276,1359,3301,1341,3301
1369,3276,1383,3276,1383,3301,1369,3301
1393,3276,1411,3276,1411,3301,1393,3301
1420,3276,1479,3276,1479,3301,1420,3301
1477,3276,1483,3276,1483,3301,1477,3301
1492,3276,1520,3276,1520,3301,1492,3301
1524,3276,1553,3276,1553,3301,1524,3301
1557,3276,1605,3276,1605,3301,1557,3301
1610,3276,1633,3276,1633,3301,1610,3301
1640,3276,1683,3276,1683,3301,1640,3301
1691,3276,1714,3276,1714,3301,1691,3301
1723,3276,1788,3276,1788,3301,1723,3301
1792,3276,1825,3276,1825,3301,1792,3301
1828,3276,1976,3276,1976,3301,1828,3301
1979,3276,2004,3276,2004,3301,1979,3301
2010,3276,2103,3276,2103,3301,2010,3301
2104,3276,2110,3276,2110,3301,2104,3301
2120,3276,2178,3276,2178,3301,2120,3301
2179,3276,2185,3276,2185,3301,2179,3301
2189,3276,2225,3276,2225,3301,2189,3301
2233,3276,2308,3276,2308,3301,2233,3301
2309,3276,2315,3276,2315,3301,2309,3301
2321,3276,2437,3276,2437,3301,2321,3301
2436,3276,2442,3276,2442,3301,2436,3301
2449,3276,2555,3276,2555,3301,2449,3301
2559,3276,2582,3276,2582,3301,2559,3301
2592,3276,2702,3276,2702,3301,2592,3301
2704,3276,2710,3276,2710,3301,2704,3301
2718,3276,2793,3276,2793,3301,2718,3301
2795,3276,2801,3276,2801,3301,2795,3301
2807,3276,2870,3276,2870,3301,2807,3301
2878,3276,2906,3276,2906,3301,2878,3301
2917,3276,2994,3276,2994,3301,2917,3301
3004,3276,3039,3276,3039,3301,3004,3301
3046,3276,3104,3276,3104,3301,3046,3301
3105,3276,3111,3276,3111,3301,3105,3301
3116,3276,3130,3276,3130,3301,3116,3301
3138,3276,3152,3276,3152,3301,3138,3301
3164,3276,3200,3276,3200,3301,3164,3301
3206,3276,3212,3276,3212,3301,3206,3301
3223,3276,3251,3276,3251,3301,3223,3301
3262,3276,3328,3276,3328,3301,3262,3301
3328,3276,3334,3276,3334,3301,3328,3301
3339,3276,3352,3276,3352,3301,3339,3301
3361,3276,3499,3276,3499,3301,3361,3301
174,3301,238,3301,238,3322,174,3322
242,3301,265,3301,265,3322,242,3322
272,3301,302,3301,302,3322,272,3322
310,3301,390,3301,390,3322,310,3322
398,3301,443,3301,443,3322,398,3322
449,3301,546,3301,546,3322,449,3322
555,3301,560,3301,560,3322,555,3322
564,3301,569,3301,569,3322,564,3322
569,3301,634,3301,634,3322,569,3322
640,3301,656,3301,656,3322,640,3322
667,3301,733,3301,733,3322,667,3322
741,3301,772,3301,772,3322,741,3322
781,3301,872,3301,872,3322,781,3322
882,3301,938,3301,938,3322,882,3322
944,3301,967,3301,967,3322,944,3322
974,3301,1065,3301,1065,3322,974,3322
1078,3301,1094,3301,1094,3322,1078,3322
1099,3301,1193,3301,1193,3322,1099,3322
1199,3301,1230,3301,1230,3322,1199,3322
1241,3301,1285,3301,1285,3322,1241,3322
1297,3301,1302,3301,1302,3322,1297,3322
1303,3301,1308,3301,1308,3322,1303,3322
1312,3301,1348,3301,1348,3322,1312,3322
1352,3301,1357,3301,1357,3322,1352,3322
1363,3301,1463,3301,1463,3322,1363,3322
1469,3301,1499,3301,1499,3322,1469,3322
1504,3301,1623,3301,1623,3322,1504,3322
1630,3301,1668,3301,1668,3322,1630,3322
1674,3301,1780,3301,1780,3322,1674,3322
1792,3301,1797,3301,1797,3322,1792,3322
1798,3301,1803,3301,1803,3322,1798,3322
1806,3301,1835,3301,1835,3322,1806,3322
1846,3301,1930,3301,1930,3322,1846,3322
1941,3301,1946,3301,1946,3322,1941,3322
1958,3301,1974,3301,1974,3322,1958,3322
1982,3301,2015,3301,2015,3322,1982,3322
2025,3301,2044,3301,2044,3322,2025,3322
2053,3301,2119,3301,2119,3322,2053,3322
2127,3301,2151,3301,2151,3322,2127,3322
2157,3301,2162,3301,2162,3322,2157,3322
2161,3301,2166,3301,2166,3322,2161,3322
2167,3301,2215,3301,2215,3322,2167,3322
2224,3301,2309,3301,2309,3322,2224,3322
2311,3301,2316,3301,2316,3322,2311,3322
2322,3301,2352,3301,2352,3322,2322,3322
2356,3301,2451,3301,2451,3322,2356,3322
2460,3301,2555,3301,2555,3322,2460,3322
2557,3301,2562,3301,2562,3322,2557,3322
2567,3301,2697,3301,2697,3322,2567,3322
2705,3301,2724,3301,2724,3322,2705,3322
2734,3301,2865,3301,2865,3322,2734,3322
2867,3301,2872,3301,2872,3322,2867,3322
2877,3301,2913,3301,2913,3322,2877,3322
2919,3301,2935,3301,2935,3322,2919,3322
2948,3301,2964,3301,2964,3322,2948,3322
2974,3301,3001,3301,3001,3322,2974,3322
3004,3301,3086,3301,3086,3322,3004,3322
3091,3301,3115,3301,3115,3322,3091,3322
3123,3301,3224,3301,3224,3322,3123,3322
3231,3301,3276,3301,3276,3322,3231,3322
3279,3301,3284,3301,3284,3322,3279,3322
3290,3301,3314,3301,3314,3322,3290,3322
3321,3301,3395,3301,3395,3322,3321,3322
3400,3301,3405,3301,3405,3322,3400,3322
3411,3301,3435,3301,3435,3322,3411,3322
174,3324,242,3324,242,3345,174,3345
244,3324,249,3324,249,3345,244,3345
255,3324,279,3324,279,3345,255,3345
287,3324,334,3324,334,3345,287,3345
339,3324,344,3324,344,3345,339,3345
351,3324,381,3324,381,3345,351,3345
387,3324,411,3324,411,3345,387,3345
422,3324,530,3324,530,3345,422,3345
540,3324,555,3324,555,3345,540,3345
561,3324,596,3324,596,3345,561,3345
602,3324,737,3324,737,3345,602,3345
737,3324,742,3324,742,3345,737,3345
745,3324,769,3324,769,3345,745,3345
775,3324,841,3324,841,3345,775,3345
845,3324,850,3324,850,3345,845,3345
854,3324,859,3324,859,3345,854,3345
858,3324,863,3324,863,3345,858,3345
863,3324,986,3324,986,3345,863,3345
991,3324,1006,3324,1006,3345,991,3345
1012,3324,1036,3324,1036,3345,1012,3345
1044,3324,1143,3324,1143,3345,1044,3345
1148,3324,1181,3324,1181,3345,1148,3345
1189,3324,1291,3324,1291,3345,1189,3345
1302,3324,1340,3324,1340,3345,1302,3345
1346,3324,1454,3324,1454,3345,1346,3345
1463,3324,1468,3324,1468,3345,1463,3345
1472,3324,1477,3324,1477,3345,1472,3345
1478,3324,1507,3324,1507,3345,1478,3345
1511,3324,1588,3324,1588,3345,1511,3345
1591,3324,1596,3324,1596,3345,1591,3345
379,3284,449,3284,449,3348,379,3348
453,3283,550,3283,550,3348,453,3348
557,3283,576,3283,576,3347,557,3347
583,3283,628,3283,628,3347,583,3347
648,3283,660,3283,660,3347,648,3347
668,3282,741,3282,741,3347,668,3347
743,3282,777,3282,777,3346,743,3346
785,3282,875,3282,875,3346,785,3346
882,3282,940,3282,940,3346,882,3346
945,3281,969,3281,969,3345,945,3345
973,3281,1070,3281,1070,3345,973,3345
1084,3281,1096,3281,1096,3345,1084,3345
1103,3281,1135,3281,1135,3345,1103,3345
1142,3280,1232,3280,1232,3345,1142,3345
1240,3280,1294,3280,1294,3344,1240,3344
1335,3280,1356,3280,1356,3344,1335,3344
1351,3280,1369,3280,1369,3344,1351,3344
1370,3279,1466,3279,1466,3344,1370,3344
1474,3279,1499,3279,1499,3343,1474,3343
1510,3278,1629,3277,1629,3342,1510,3343
1636,3278,1668,3278,1668,3342,1636,3342
1675,3278,1707,3278,1707,3342,1675,3342
1727,3278,1788,3278,1788,3342,1727,3342
1799,3278,1837,3278,1837,3342,1799,3342
1855,3277,1934,3277,1934,3341,1855,3341
1961,3277,1980,3277,1980,3341,1961,3341
1987,3277,2019,3277,2019,3341,1987,3341
2059,3276,2103,3276,2103,3341,2059,3341
2130,3276,2149,3276,2149,3340,2130,3340
2163,3276,2207,3276,2207,3340,2163,3340
2228,3276,2246,3276,2246,3340,2228,3340
2254,3275,2311,3275,2311,3340,2254,3340
2306,3275,2324,3275,2324,3339,2306,3339
2325,3275,2357,3275,2357,3339,2325,3339
2364,3275,2381,3275,2381,3339,2364,3339
2410,3275,2435,3275,2435,3339,2410,3339
2442,3275,2454,3275,2454,3339,2442,3339
2462,3274,2558,3274,2558,3339,2462,3339
2553,3274,2571,3274,2571,3338,2553,3338
2605,3274,2617,3274,2617,3338,2605,3338
2709,3274,2721,3274,2721,3338,2709,3338
2735,3273,2799,3273,2799,3338,2735,3338
2806,3273,2825,3273,2825,3337,2806,3337
2884,3273,2909,3273,2909,3337,2884,3337
2923,3273,2935,3273,2935,3337,2923,3337
2956,3272,3039,3272,3039,3337,2956,3337
3047,3272,3057,3272,3057,3336,3047,3336
3118,3272,3122,3272,3122,3336,3118,3336
3164,3271,3221,3271,3221,3336,3164,3336
3235,3271,3246,3271,3246,3335,3235,3335
3398,3270,3501,3270,3501,3335,3398,3335
3567,3270,3585,3270,3585,3334,3567,3334
3650,3269,3743,3269,3743,3333,3650,3333
3749,3269,3767,3269,3767,3333,3749,3333
3783,3269,3818,3269,3818,3333,3783,3333
3821,3269,3839,3269,3839,3333,3821,3333
3835,3269,3870,3269,3870,3333,3835,3333
3873,3268,3891,3268,3891,3332,3873,3332
3887,3268,3961,3268,3961,3332,3887,3332
4257,3278,4371,3278,4371,3318,4257,3318
4385,3278,4396,3278,4396,3318,4385,3318
4458,3278,4469,3278,4469,3318,4458,3318
