4014,166,4297,166,4297,228,4014,228
4021,224,4295,224,4295,287,4021,287
4106,372,4112,372,4112,397,4106,397
4121,372,4153,372,4153,397,4121,397
4163,372,4186,372,4186,397,4163,397
4197,372,4242,372,4242,397,4197,397
4256,372,4262,372,4262,397,4256,397
4275,372,4361,372,4361,397,4275,397
4131,405,4192,405,4192,428,4131,428
4205,405,4257,405,4257,428,4205,428
4263,405,4321,405,4321,428,4263,428
301,491,542,321,590,390,349,560
4146,477,4304,477,4304,551,4146,551
3965,588,4040,588,4040,628,3965,628
4055,588,4185,588,4185,628,4055,628
4205,588,4216,588,4216,628,4205,628
4224,588,4298,588,4298,628,4224,628
4312,588,4374,588,4374,628,4312,628
4390,588,4497,588,4497,628,4390,628
4118,632,4222,632,4222,675,4118,675
4242,632,4352,632,4352,675,4242,675
3956,692,4033,692,4033,730,3956,730
4037,692,4085,692,4085,730,4037,730
4093,692,4103,692,4103,730,4093,730
4260,689,4348,689,4348,729,4260,729
4361,689,4372,689,4372,729,4361,729
3957,744,4036,744,4036,787,3957,787
3651,694,3835,694,3835,725,3651,725
3849,694,3857,694,3857,725,3849,725
3284,735,3330,733,3331,757,3285,759
3335,734,3341,734,3342,757,3336,757
3343,733,3383,731,3384,754,3344,756
4548,693,4676,693,4676,729,4548,729
4696,693,4706,693,4706,729,4696,729
4543,746,4697,746,4697,782,4543,782
4254,739,4290,744,4284,785,4248,780
3460,783,3520,779,3521,795,3461,799
3315,811,3360,811,3360,828,3315,828
4109,844,4363,844,4363,892,4109,892
2973,928,3089,933,3088,947,2972,942
2447,956,2447,933,2460,933,2460,956
3800,931,3897,931,3897,962,3800,962
3913,931,3921,931,3921,962,3913,962
3934,931,4023,931,4023,962,3934,962
4037,931,4045,931,4045,962,4037,962
4058,931,4150,931,4150,962,4058,962
4566,939,4592,939,4592,962,4566,962
4592,939,4598,939,4598,962,4592,962
4601,939,4622,939,4622,962,4601,962
4630,939,4668,939,4668,962,4630,962
2801,971,2843,971,2843,992,2801,992
3801,997,3922,997,3922,1024,3801,1024
3936,997,3943,997,3943,1024,3936,1024
4571,999,4590,999,4590,1026,4571,1026
4593,999,4600,999,4600,1026,4593,1026
4600,999,4625,999,4625,1026,4600,1026
4630,999,4671,999,4671,1026,4630,1026
3134,1020,3134,1039,3117,1039,3117,1020
3134,1047,3134,1056,3117,1056,3117,1047
3153,1022,3153,1025,3138,1025,3138,1022
3153,1029,3153,1032,3138,1032,3138,1029
3153,1033,3153,1036,3138,1036,3138,1033
3153,1043,3153,1046,3138,1046,3138,1043
3803,1055,3920,1055,3920,1080,3803,1080
3933,1055,3939,1055,3939,1080,3933,1080
4568,1057,4589,1057,4589,1086,4568,1086
4593,1057,4601,1057,4601,1086,4593,1086
4601,1057,4622,1057,4622,1086,4601,1086
4631,1057,4668,1057,4668,1086,4631,1086
3134,1081,3134,1085,3117,1085,3117,1081
2284,1135,2284,1091,2307,1091,2307,1135
2293,1088,2307,1088,2307,1139,2293,1139
2350,1088,2402,1088,2402,1139,2350,1139
3191,1059,3192,1085,3182,1085,3181,1059
3192,1089,3192,1102,3182,1102,3182,1089
3192,1109,3192,1111,3182,1111,3182,1109
3193,1118,3193,1130,3183,1130,3183,1118
3205,1065,3207,1123,3195,1123,3193,1065
3134,1112,3134,1116,3117,1116,3117,1112
3802,1113,3921,1113,3921,1142,3802,1142
3934,1113,3942,1113,3942,1142,3934,1142
4569,1115,4592,1115,4592,1146,4569,1146
4592,1115,4600,1115,4600,1146,4592,1146
4601,1115,4624,1115,4624,1146,4601,1146
4629,1115,4668,1115,4668,1146,4629,1146
3134,1144,3134,1148,3117,1148,3117,1144
2952,1174,2952,1129,2974,1129,2974,1174
3802,1174,3874,1174,3874,1197,3802,1197
3884,1174,3913,1174,3913,1197,3884,1197
3924,1174,3972,1174,3972,1197,3924,1197
3297,1169,3297,1214,3275,1214,3275,1169
4573,1179,4578,1179,4578,1200,4573,1200
4586,1179,4591,1179,4591,1200,4586,1200
4595,1179,4614,1179,4614,1200,4595,1200
4625,1179,4660,1179,4660,1200,4625,1200
2724,1188,2847,1188,2847,1220,2724,1220
2867,1188,2875,1188,2875,1220,2867,1220
3805,1229,3875,1229,3875,1260,3805,1260
3887,1229,3895,1229,3895,1260,3887,1260
3900,1229,3908,1229,3908,1260,3900,1260
3907,1229,3952,1229,3952,1260,3907,1260
4577,1237,4582,1237,4582,1259,4577,1259
4588,1237,4593,1237,4593,1259,4588,1259
4597,1237,4613,1237,4613,1259,4597,1259
4625,1237,4661,1237,4661,1259,4625,1259
3801,1289,3840,1291,3839,1312,3800,1310
4575,1285,4583,1285,4583,1315,4575,1315
4585,1285,4593,1285,4593,1315,4585,1315
4593,1285,4614,1285,4614,1315,4593,1315
4623,1285,4662,1285,4662,1315,4623,1315
3801,1349,3855,1349,3855,1369,3801,1369
4573,1343,4581,1343,4581,1373,4573,1373
4586,1343,4594,1343,4594,1373,4586,1373
4594,1343,4616,1343,4616,1373,4594,1373
4621,1343,4660,1343,4660,1373,4621,1373
1523,1405,1548,1405,1548,1417,1523,1417
3807,1432,3906,1432,3906,1475,3807,1475
3922,1432,4071,1432,4071,1475,3922,1475
4076,1432,4263,1432,4263,1475,4076,1475
4513,1432,4568,1432,4568,1475,4513,1475
4572,1432,4584,1432,4584,1475,4572,1475
4587,1432,4626,1432,4626,1475,4587,1475
4644,1432,4723,1432,4723,1475,4644,1475
902,1504,902,1501,915,1501,915,1504
902,1495,902,1471,915,1471,915,1495
962,1530,962,1526,979,1526,979,1530
3803,1540,3926,1540,3926,1562,3803,1562
3944,1540,3949,1540,3949,1562,3944,1562
4567,1539,4588,1539,4588,1562,4567,1562
4592,1539,4598,1539,4598,1562,4592,1562
4601,1539,4622,1539,4622,1562,4601,1562
4630,1539,4668,1539,4668,1562,4630,1562
831,1560,870,1560,870,1581,831,1581
1095,1608,1095,1569,1122,1569,1122,1608
2192,1597,2192,1591,2215,1592,2215,1598
3804,1588,3928,1588,3928,1609,3804,1609
3944,1588,3949,1588,3949,1609,3944,1609
4572,1585,4579,1585,4579,1612,4572,1612
4586,1585,4593,1585,4593,1612,4586,1612
4594,1585,4614,1585,4614,1612,4594,1612
4624,1585,4660,1585,4660,1612,4624,1612
826,1603,875,1606,874,1629,825,1626
2191,1640,2191,1634,2214,1635,2214,1641
2189,1681,2189,1675,2212,1676,2212,1682
1719,1671,1732,1671,1732,1702,1719,1702
1878,1671,1942,1671,1942,1702,1878,1702
2404,1660,2495,1660,2495,1692,2404,1692
2504,1660,2512,1660,2512,1692,2504,1692
2520,1660,2622,1660,2622,1692,2520,1692
3810,1678,3898,1679,3898,1715,3810,1714
3916,1679,4063,1680,4063,1716,3916,1715
4073,1680,4234,1681,4234,1717,4073,1716
4510,1681,4571,1681,4571,1729,4510,1729
4581,1681,4594,1681,4594,1729,4581,1729
4598,1681,4641,1681,4641,1729,4598,1729
4653,1681,4732,1681,4732,1729,4653,1729
1071,1708,1113,1712,1111,1731,1069,1727
2188,1722,2188,1716,2211,1717,2211,1723
3063,1738,3060,1742,3044,1727,3048,1724
3040,1762,3037,1766,3021,1751,3025,1748
415,1740,421,1740,420,1765,414,1765
454,1742,460,1742,459,1767,453,1767
1908,1768,1908,1745,1922,1745,1922,1768
3019,1784,3016,1788,3000,1773,3004,1770
878,1768,901,1768,901,1781,878,1781
1764,1762,1800,1762,1800,1775,1764,1775
1766,1778,1768,1778,1768,1789,1766,1789
1783,1777,1785,1777,1785,1788,1783,1788
1800,1777,1802,1777,1802,1788,1800,1788
1746,1778,1748,1778,1748,1789,1746,1789
1817,1777,1819,1777,1819,1788,1817,1788
1834,1776,1836,1776,1836,1787,1834,1787
2998,1806,2995,1810,2979,1795,2983,1792
258,1819,258,1779,279,1779,279,1819
1745,1782,1847,1782,1847,1817,1745,1817
2257,1835,2257,1792,2282,1792,2282,1835
3013,1802,3030,1785,3040,1795,3023,1812
2977,1829,2974,1833,2958,1818,2962,1815
1206,1870,1207,1849,1223,1850,1222,1871
2934,1874,2931,1878,2915,1863,2919,1860
349,1858,475,1858,475,1892,349,1892
493,1858,502,1858,502,1892,493,1892
1225,1900,1225,1876,1246,1876,1246,1900
1654,1908,1654,1866,1675,1866,1675,1908
1766,1868,1771,1868,1772,1887,1767,1887
1780,1867,1785,1867,1786,1886,1781,1886
1794,1867,1799,1867,1800,1886,1795,1886
1806,1866,1811,1866,1812,1885,1807,1885
1820,1866,1825,1866,1826,1885,1821,1885
2913,1896,2910,1900,2894,1885,2898,1882
1768,1891,1770,1891,1770,1901,1768,1901
1779,1891,1781,1891,1781,1901,1779,1901
1796,1890,1798,1890,1798,1900,1796,1900
3758,1893,3814,1893,3814,1910,3758,1910
3819,1892,3839,1892,3839,1909,3819,1909
3846,1892,3873,1892,3873,1909,3846,1909
3879,1892,3921,1892,3921,1909,3879,1909
3926,1892,3930,1892,3930,1909,3926,1909
3936,1891,3940,1891,3940,1908,3936,1908
3940,1891,3944,1891,3944,1908,3940,1908
3944,1891,3960,1891,3960,1908,3944,1908
3966,1891,3978,1891,3978,1908,3966,1908
3983,1891,3997,1891,3997,1908,3983,1908
1813,1890,1815,1890,1815,1900,1813,1900
1831,1890,1833,1890,1833,1900,1831,1900
1804,1909,1816,1909,1816,1920,1804,1920
1820,1909,1822,1909,1822,1920,1820,1920
1826,1909,1828,1909,1828,1920,1826,1920
4101,1883,4121,1883,4121,1913,4101,1913
4150,1891,4152,1891,4152,1902,4150,1902
4158,1891,4180,1891,4180,1902,4158,1902
4183,1891,4195,1891,4195,1902,4183,1902
4201,1891,4236,1891,4236,1902,4201,1902
4239,1891,4255,1891,4255,1902,4239,1902
4261,1891,4263,1891,4263,1902,4261,1902
4271,1891,4273,1891,4273,1902,4271,1902
4275,1891,4277,1891,4277,1902,4275,1902
4278,1891,4294,1891,4294,1902,4278,1902
4302,1891,4312,1891,4312,1902,4302,1902
4317,1891,4330,1891,4330,1902,4317,1902
4538,1892,4594,1892,4594,1903,4538,1903
2893,1918,2890,1922,2874,1907,2878,1904
1846,1922,1846,1920,1858,1920,1858,1922
2423,1880,2433,1880,2433,1916,2423,1916
2444,1880,2496,1880,2496,1916,2444,1916
2416,1921,2446,1921,2446,1948,2416,1948
2450,1921,2457,1921,2457,1948,2450,1948
2458,1921,2488,1921,2488,1948,2458,1948
2873,1939,2870,1943,2854,1928,2858,1925
1813,2086,1813,2075,1854,2076,1854,2087
1819,1926,1825,1768,1866,1770,1860,1927
1044,1903,1114,1901,1116,1983,1046,1985
1432,1920,1558,1920,1558,1952,1432,1952
1575,1920,1583,1920,1583,1952,1575,1952
1846,1938,1846,1936,1858,1936,1858,1938
3759,1934,3813,1934,3813,1947,3759,1947
3817,1934,3846,1934,3846,1947,3817,1947
3852,1934,3893,1934,3893,1947,3852,1947
3898,1934,3901,1934,3901,1947,3898,1947
3908,1934,3911,1934,3911,1947,3908,1947
3912,1934,3915,1934,3915,1947,3912,1947
3916,1934,3930,1934,3930,1947,3916,1947
3940,1934,3949,1934,3949,1947,3940,1947
3955,1934,3968,1934,3968,1947,3955,1947
4150,1931,4152,1931,4152,1941,4150,1941
4158,1931,4178,1931,4178,1941,4158,1941
4183,1931,4195,1931,4195,1941,4183,1941
4199,1931,4234,1931,4234,1941,4199,1941
4241,1931,4255,1931,4255,1941,4241,1941
4261,1931,4263,1931,4263,1941,4261,1941
4271,1931,4273,1931,4273,1941,4271,1941
4275,1931,4277,1931,4277,1941,4275,1941
4279,1931,4294,1931,4294,1941,4279,1941
4302,1931,4312,1931,4312,1941,4302,1941
4317,1931,4330,1931,4330,1941,4317,1941
4334,1931,4336,1931,4336,1941,4334,1941
4149,1943,4151,1943,4151,1954,4149,1954
4154,1943,4156,1943,4156,1954,4154,1954
4157,1943,4173,1943,4173,1954,4157,1954
4181,1943,4203,1943,4203,1954,4181,1954
4207,1943,4219,1943,4219,1954,4207,1954
4224,1943,4261,1943,4261,1954,4224,1954
4539,1934,4569,1934,4569,1946,4539,1946
4575,1934,4597,1934,4597,1946,4575,1946
2912,1963,2949,1921,2960,1931,2923,1973
2919,1977,2937,1957,2948,1967,2930,1987
2940,1956,2947,1948,2958,1957,2950,1965
2952,1942,2954,1940,2964,1949,2962,1951
2958,1935,2965,1928,2975,1937,2968,1944
2850,1963,2847,1967,2831,1952,2835,1949
2845,1968,2842,1972,2826,1957,2830,1954
2829,1986,2826,1990,2810,1975,2814,1972
1846,1955,1846,1953,1858,1953,1858,1955
3677,1914,3677,1887,3706,1887,3706,1914
3677,1924,3677,1916,3706,1916,3706,1924
3677,1955,3677,1934,3706,1934,3706,1955
3677,2002,3677,1970,3706,1970,3706,2002
3677,2038,3677,2030,3706,2030,3706,2038
1846,1971,1846,1969,1858,1969,1858,1971
3758,1978,3812,1978,3812,1990,3758,1990
3818,1978,3837,1978,3837,1990,3818,1990
3844,1978,3873,1978,3873,1990,3844,1990
3879,1978,3920,1978,3920,1990,3879,1990
3927,1978,3929,1978,3929,1990,3927,1990
3937,1978,3939,1978,3939,1990,3937,1990
3941,1978,3943,1978,3943,1990,3941,1990
3944,1978,3960,1978,3960,1990,3944,1990
3967,1978,3978,1978,3978,1990,3967,1990
3983,1978,3997,1978,3997,1990,3983,1990
1846,1990,1846,1988,1858,1988,1858,1990
4148,1983,4170,1983,4170,1994,4148,1994
4176,1983,4186,1983,4186,1994,4176,1994
4191,1983,4226,1983,4226,1994,4191,1994
4231,1983,4266,1983,4266,1994,4231,1994
4537,1984,4577,1984,4577,1997,4537,1997
4584,1984,4587,1984,4587,1997,4584,1997
4592,1984,4626,1984,4626,1997,4592,1997
4631,1984,4651,1984,4651,1997,4631,1997
2807,2008,2804,2012,2788,1997,2792,1994
2901,1998,2903,1996,2913,2005,2911,2007
1780,2062,1780,2061,1788,2061,1788,2062
1779,2057,1777,1955,1785,1955,1787,2057
3149,1971,3203,1971,3203,1996,3149,1996
3142,2005,3150,2005,3150,2034,3142,2034
3157,2005,3165,2005,3165,2034,3157,2034
3172,2005,3180,2005,3180,2034,3172,2034
3182,2005,3209,2005,3209,2034,3182,2034
1846,2009,1846,2007,1858,2007,1858,2009
2977,2021,3005,1990,3027,2009,2999,2040
2787,2030,2784,2034,2768,2019,2772,2016
3758,2018,3812,2018,3812,2030,3758,2030
3816,2018,3838,2018,3838,2030,3816,2030
3844,2018,3853,2018,3853,2030,3844,2030
3859,2018,3867,2018,3867,2030,3859,2030
3871,2018,3894,2018,3894,2030,3871,2030
3900,2018,3902,2018,3902,2030,3900,2030
3910,2018,3912,2018,3912,2030,3910,2030
3914,2018,3916,2018,3916,2030,3914,2030
3917,2018,3933,2018,3933,2030,3917,2030
3940,2018,3951,2018,3951,2030,3940,2030
3956,2018,3970,2018,3970,2030,3956,2030
4147,2018,4171,2018,4171,2031,4147,2031
4177,2018,4187,2018,4187,2031,4177,2031
4189,2018,4192,2018,4192,2031,4189,2031
4192,2018,4204,2018,4204,2031,4192,2031
4207,2018,4210,2018,4210,2031,4207,2031
4212,2018,4229,2018,4229,2031,4212,2031
4235,2018,4238,2018,4238,2031,4235,2031
4243,2018,4246,2018,4246,2031,4243,2031
4249,2018,4252,2018,4252,2031,4249,2031
4253,2018,4267,2018,4267,2031,4253,2031
4276,2018,4285,2018,4285,2031,4276,2031
4293,2018,4306,2018,4306,2031,4293,2031
1846,2030,1846,2028,1858,2028,1858,2030
4538,2027,4565,2027,4565,2037,4538,2037
4567,2027,4619,2027,4619,2037,4567,2037
2766,2053,2763,2057,2747,2042,2751,2039
1846,2047,1846,2045,1858,2045,1858,2047
1846,2066,1846,2064,1858,2064,1858,2066
2744,2075,2741,2079,2725,2064,2729,2061
3758,2062,3812,2062,3812,2075,3758,2075
3817,2062,3838,2062,3838,2075,3817,2075
3844,2062,3853,2062,3853,2075,3844,2075
3858,2062,3919,2062,3919,2075,3858,2075
3926,2062,3940,2062,3940,2075,3926,2075
3946,2062,3986,2062,3986,2075,3946,2075
4149,2061,4170,2061,4170,2073,4149,2073
4175,2061,4197,2061,4197,2073,4175,2073
4205,2061,4207,2061,4207,2073,4205,2073
4213,2061,4215,2061,4215,2073,4213,2073
4218,2061,4220,2061,4220,2073,4218,2073
4221,2061,4236,2061,4236,2073,4221,2073
4246,2061,4254,2061,4254,2073,4246,2073
4263,2061,4274,2061,4274,2073,4263,2073
4537,2064,4592,2064,4592,2078,4537,2078
4597,2064,4638,2064,4638,2078,4597,2078
4642,2064,4659,2064,4659,2078,4642,2078
4663,2064,4707,2064,4707,2078,4663,2078
4711,2064,4721,2064,4721,2078,4711,2078
4727,2064,4769,2064,4769,2078,4727,2078
2737,2099,2747,2088,2756,2095,2746,2107
2753,2080,2765,2066,2775,2074,2763,2088
1846,2092,1846,2090,1858,2090,1858,2092
3113,2075,3224,2075,3224,2104,3113,2104
3244,2075,3252,2075,3252,2104,3244,2104
1846,2109,1846,2107,1858,2107,1858,2109
1143,2109,1145,2109,1145,2120,1143,2120
1158,2109,1160,2109,1160,2120,1158,2120
1174,2109,1176,2109,1176,2120,1174,2120
1208,2109,1210,2109,1210,2120,1208,2120
1225,2109,1227,2109,1227,2120,1225,2120
1242,2109,1244,2109,1244,2120,1242,2120
3676,2099,3684,2098,3689,2126,3681,2128
757,2114,761,2114,761,2132,757,2132
768,2114,772,2114,772,2132,768,2132
776,2114,780,2114,780,2132,776,2132
3757,2102,3806,2102,3806,2115,3757,2115
3810,2102,3813,2102,3813,2115,3810,2115
3814,2102,3834,2102,3834,2115,3814,2115
3839,2102,3866,2102,3866,2115,3839,2115
3873,2102,3892,2102,3892,2115,3873,2115
3898,2102,3920,2102,3920,2115,3898,2115
3924,2102,3937,2102,3937,2115,3924,2115
3941,2102,3987,2102,3987,2115,3941,2115
3990,2102,3993,2102,3993,2115,3990,2115
3758,2115,3810,2115,3810,2126,3758,2126
3814,2115,3828,2115,3828,2126,3814,2126
3833,2115,3855,2115,3855,2126,3833,2126
4538,2104,4557,2104,4557,2118,4538,2118
4562,2104,4610,2104,4610,2118,4562,2118
4614,2104,4617,2104,4617,2118,4614,2118
4618,2104,4621,2104,4621,2118,4618,2118
4621,2104,4665,2104,4665,2118,4621,2118
4670,2104,4680,2104,4680,2118,4670,2118
4684,2104,4723,2104,4723,2118,4684,2118
4147,2108,4171,2108,4171,2121,4147,2121
4175,2108,4199,2108,4199,2121,4175,2121
4204,2108,4207,2108,4207,2121,4204,2121
4214,2108,4217,2108,4217,2121,4214,2121
4218,2108,4221,2108,4221,2121,4218,2121
4222,2108,4236,2108,4236,2121,4222,2121
4246,2108,4255,2108,4255,2121,4246,2121
4262,2108,4274,2108,4274,2121,4262,2121
1257,2226,1257,2060,1289,2060,1289,2226
1257,2044,1257,2036,1289,2036,1289,2044
1257,2024,1257,2016,1289,2016,1289,2024
800,2115,804,2115,804,2133,800,2133
808,2115,812,2115,812,2133,808,2133
831,2115,835,2115,835,2133,831,2133
838,2116,842,2116,842,2134,838,2134
1846,2126,1846,2124,1858,2124,1858,2126
1846,2143,1846,2141,1858,2141,1858,2143
2168,2135,2214,2135,2214,2156,2168,2156
4148,2144,4171,2144,4171,2157,4148,2157
4174,2144,4186,2144,4186,2157,4174,2157
4190,2144,4227,2144,4227,2157,4190,2157
4232,2144,4247,2144,4247,2157,4232,2157
4253,2144,4302,2144,4302,2157,4253,2157
4307,2144,4330,2144,4330,2157,4307,2157
446,2149,486,2149,486,2169,446,2169
967,2150,1008,2150,1008,2168,967,2168
3757,2150,3796,2150,3796,2163,3757,2163
3800,2150,3812,2150,3812,2163,3800,2163
3817,2150,3846,2150,3846,2163,3817,2163
3850,2150,3856,2150,3856,2163,3850,2163
4538,2151,4573,2151,4573,2163,4538,2163
4578,2151,4622,2151,4622,2163,4578,2163
1846,2166,1846,2166,1858,2166,1858,2166
1474,2148,1519,2150,1518,2172,1473,2170
1481,2182,1485,2182,1484,2199,1480,2199
1522,2185,1526,2185,1525,2202,1521,2202
1528,2185,1532,2185,1531,2202,1527,2202
1530,2186,1553,2188,1552,2205,1529,2203
1846,2184,1846,2184,1858,2184,1858,2184
1420,2177,1424,2177,1423,2194,1419,2194
1450,2179,1454,2179,1453,2196,1449,2196
1911,2182,1914,2182,1914,2195,1911,2195
1942,2182,1945,2182,1945,2195,1942,2195
1973,2182,1976,2182,1976,2195,1973,2195
2013,2186,2016,2186,2015,2201,2012,2201
2020,2187,2023,2187,2022,2202,2019,2202
2026,2188,2029,2188,2028,2203,2025,2203
2036,2188,2039,2188,2038,2203,2035,2203
4148,2184,4171,2184,4171,2197,4148,2197
4174,2184,4186,2184,4186,2197,4174,2197
4190,2184,4227,2184,4227,2197,4190,2197
4232,2184,4247,2184,4247,2197,4232,2197
4253,2184,4302,2184,4302,2197,4253,2197
4308,2184,4328,2184,4328,2197,4308,2197
4335,2184,4374,2184,4374,2197,4335,2197
462,2185,466,2185,466,2202,462,2202
469,2185,473,2185,473,2202,469,2202
474,2185,478,2185,478,2202,474,2202
483,2185,487,2185,487,2202,483,2202
450,2205,465,2205,465,2221,450,2221
474,2205,486,2205,486,2221,474,2221
3757,2192,3780,2192,3780,2206,3757,2206
3785,2192,3823,2192,3823,2206,3785,2206
4534,2189,4580,2189,4580,2201,4534,2201
4585,2189,4631,2189,4631,2201,4585,2201
4635,2189,4687,2189,4687,2201,4635,2201
4690,2189,4702,2189,4702,2201,4690,2201
4706,2189,4733,2189,4733,2201,4706,2201
4535,2203,4606,2203,4606,2214,4535,2214
1506,2204,1522,2204,1522,2221,1506,2221
1529,2204,1542,2204,1542,2221,1529,2221
2051,2196,2205,2196,2205,2217,2051,2217
2162,2227,2352,2229,2352,2246,2162,2244
4148,2225,4171,2225,4171,2238,4148,2238
4174,2225,4186,2225,4186,2238,4174,2238
4190,2225,4227,2225,4227,2238,4190,2238
4232,2225,4247,2225,4247,2238,4232,2238
4253,2225,4302,2225,4302,2238,4253,2238
4308,2225,4328,2225,4328,2238,4308,2238
4336,2225,4358,2225,4358,2238,4336,2238
3757,2234,3790,2234,3790,2247,3757,2247
3793,2234,3829,2234,3829,2247,3793,2247
3833,2234,3842,2234,3842,2247,3833,2247
3849,2234,3888,2234,3888,2247,3849,2247
4467,2229,4487,2229,4487,2241,4467,2241
4537,2234,4566,2234,4566,2248,4537,2248
4571,2234,4611,2234,4611,2248,4571,2248
4617,2234,4661,2234,4661,2248,4617,2248
366,2236,454,2236,454,2243,366,2243
379,2246,436,2246,436,2257,379,2257
356,2259,399,2259,399,2269,356,2269
401,2259,415,2259,415,2269,401,2269
422,2259,424,2259,424,2269,422,2269
431,2259,441,2259,441,2269,431,2269
355,2271,434,2272,434,2280,355,2279
1929,2245,1986,2245,1986,2257,1929,2257
1921,2258,1947,2259,1947,2270,1921,2269
1951,2259,1964,2259,1964,2269,1951,2269
1971,2259,1973,2259,1973,2269,1971,2269
1980,2259,1992,2259,1992,2270,1980,2270
1927,2272,2000,2272,2000,2280,1927,2280
1516,2269,1520,2269,1518,2286,1514,2286
1529,2270,1533,2270,1531,2287,1527,2287
1533,2271,1555,2273,1553,2290,1531,2288
4148,2271,4172,2271,4172,2286,4148,2286
4177,2271,4193,2271,4193,2286,4177,2286
4198,2271,4229,2271,4229,2286,4198,2286
4234,2271,4245,2271,4245,2286,4234,2286
4249,2271,4284,2271,4284,2286,4249,2286
3757,2282,3790,2282,3790,2295,3757,2295
3793,2282,3829,2282,3829,2295,3793,2295
3833,2282,3845,2282,3845,2295,3833,2295
3849,2282,3882,2282,3882,2295,3849,2295
4091,2273,4104,2273,4104,2290,4091,2290
4439,2276,4482,2276,4482,2295,4439,2295
4519,2276,4524,2276,4524,2295,4519,2295
4538,2276,4585,2276,4585,2295,4538,2295
2195,2298,2237,2298,2237,2319,2195,2319
4108,2315,4134,2315,4134,2322,4108,2322
660,2307,700,2307,700,2338,660,2338
3758,2325,3803,2325,3803,2336,3758,2336
3808,2325,3830,2325,3830,2336,3808,2336
3834,2325,3859,2325,3859,2336,3834,2336
3864,2325,3919,2325,3919,2336,3864,2336
4148,2325,4163,2325,4163,2338,4148,2338
4172,2325,4181,2325,4181,2338,4172,2338
4189,2325,4218,2325,4218,2338,4189,2338
4223,2325,4243,2325,4243,2338,4223,2338
4247,2325,4313,2325,4313,2338,4247,2338
4316,2325,4338,2325,4338,2338,4316,2338
4343,2325,4353,2325,4353,2338,4343,2338
4358,2325,4400,2325,4400,2338,4358,2338
1219,2343,1266,2343,1266,2361,1219,2361
1649,2343,1698,2343,1698,2363,1649,2363
3759,2366,3781,2366,3781,2379,3759,2379
3786,2366,3795,2366,3795,2379,3786,2379
3802,2366,3837,2366,3837,2379,3802,2379
3841,2366,3856,2366,3856,2379,3841,2379
3862,2366,3865,2366,3865,2379,3862,2379
3870,2366,3873,2366,3873,2379,3870,2379
3876,2366,3879,2366,3879,2379,3876,2379
3879,2366,3895,2366,3895,2379,3879,2379
3903,2366,3912,2366,3912,2379,3903,2379
3919,2366,3932,2366,3932,2379,3919,2379
4148,2365,4162,2365,4162,2377,4148,2377
4170,2365,4191,2365,4191,2377,4170,2377
4197,2365,4262,2365,4262,2377,4197,2377
4265,2365,4302,2365,4302,2377,4265,2377
4307,2365,4334,2365,4334,2377,4307,2377
4341,2365,4346,2365,4346,2377,4341,2377
217,2446,217,2399,238,2399,238,2446
217,2395,217,2390,238,2390,238,2395
217,2385,217,2349,238,2349,238,2385
257,2418,260,2380,285,2382,282,2420
446,2378,499,2378,499,2399,446,2399
438,2408,444,2408,444,2431,438,2431
454,2408,460,2408,460,2431,454,2431
469,2408,475,2408,475,2431,469,2431
481,2408,507,2408,507,2431,481,2431
638,2376,747,2376,747,2410,638,2410
765,2376,774,2376,774,2410,765,2410
1783,2420,1783,2382,1805,2382,1805,2420
3682,2458,3738,2458,3738,2490,3682,2490
3753,2458,3789,2458,3789,2490,3753,2490
3802,2458,3913,2458,3913,2490,3802,2490
3930,2458,3959,2458,3959,2490,3930,2490
3975,2458,4112,2458,4112,2490,3975,2490
4117,2458,4185,2458,4185,2490,4117,2490
4196,2458,4204,2458,4204,2490,4196,2490
4203,2458,4211,2458,4211,2490,4203,2490
4209,2458,4343,2458,4343,2490,4209,2490
263,2526,263,2562,254,2562,254,2526
4380,2562,4401,2561,4401,2572,4380,2573
4382,2573,4397,2573,4397,2587,4382,2587
4368,2589,4380,2589,4380,2601,4368,2601
4382,2589,4384,2589,4384,2601,4382,2601
4385,2589,4393,2589,4393,2601,4385,2601
4397,2589,4412,2589,4412,2601,4397,2601
4165,2750,4165,2642,4194,2642,4194,2750
4244,2746,4266,2746,4266,2756,4244,2756
4246,2755,4261,2755,4261,2769,4246,2769
4236,2773,4242,2773,4242,2783,4236,2783
4245,2773,4247,2773,4247,2783,4245,2783
4250,2773,4256,2773,4256,2783,4250,2783
4261,2773,4276,2773,4276,2783,4261,2783
4239,2761,4247,2762,4244,2787,4236,2786
4245,2763,4251,2764,4248,2788,4242,2787
4251,2763,4262,2764,4259,2788,4248,2787
4265,2765,4278,2766,4275,2790,4262,2789
4320,2771,4323,2771,4320,2795,4317,2795
4363,2776,4366,2776,4363,2800,4360,2800
4421,2826,4443,2826,4443,2836,4421,2836
4423,2834,4437,2834,4437,2849,4423,2849
4412,2853,4420,2853,4420,2863,4412,2863
4422,2853,4424,2853,4424,2863,4422,2863
4426,2853,4434,2853,4434,2863,4426,2863
4438,2853,4453,2853,4453,2863,4438,2863
3954,2876,3955,2882,3933,2886,3931,2881
4150,2969,4160,2969,4160,2979,4150,2979
4161,2969,4163,2969,4163,2979,4161,2979
4164,2969,4172,2969,4172,2979,4164,2979
4176,2969,4191,2969,4191,2979,4176,2979
3967,3035,3987,3034,3987,3045,3967,3046
3968,3046,3984,3046,3984,3060,3968,3060
3955,3062,3967,3062,3967,3074,3955,3074
3968,3062,3970,3062,3970,3074,3968,3074
3970,3062,3979,3062,3979,3074,3970,3074
3984,3062,3999,3062,3999,3074,3984,3074
2343,3094,2343,3088,2368,3088,2368,3094
2394,3078,2398,3078,2398,3095,2394,3095
2433,3078,2437,3078,2437,3095,2433,3095
2473,3078,2477,3078,2477,3095,2473,3095
2514,3078,2518,3078,2518,3095,2514,3095
4355,3087,4378,3087,4378,3098,4355,3098
4357,3099,4375,3099,4375,3113,4357,3113
4347,3114,4357,3114,4357,3126,4347,3126
4358,3114,4360,3114,4360,3126,4358,3126
4361,3114,4369,3114,4369,3126,4361,3126
4374,3114,4388,3114,4388,3126,4374,3126
144,3119,165,3119,165,3148,144,3148
223,3119,231,3119,231,3148,223,3148
232,3119,240,3119,240,3148,232,3148
241,3119,249,3119,249,3148,241,3148
325,3119,333,3119,333,3148,325,3148
2343,3136,2343,3130,2368,3130,2368,3136
2353,3122,2359,3122,2360,3146,2354,3146
2395,3121,2401,3121,2402,3145,2396,3145
2438,3120,2444,3120,2445,3144,2439,3144
2475,3119,2481,3119,2482,3143,2476,3143
2518,3118,2524,3118,2525,3142,2519,3142
2558,3117,2564,3117,2565,3141,2559,3141
2598,3116,2604,3116,2605,3140,2599,3140
1866,3180,1960,3183,1959,3218,1865,3215
1975,3183,2095,3186,2094,3221,1974,3218
2164,3159,2244,3159,2244,3188,2164,3188
2147,3188,2270,3192,2269,3227,2146,3223
2398,3191,2462,3191,2462,3223,2398,3223
2469,3191,2562,3191,2562,3223,2469,3223
2739,3194,2834,3194,2834,3217,2739,3217
3005,3191,3065,3191,3065,3222,3005,3222
3074,3191,3082,3191,3082,3222,3074,3222
3084,3191,3170,3191,3170,3222,3084,3222
3347,3175,3439,3175,3439,3206,3347,3206
3270,3209,3373,3209,3373,3241,3270,3241
3385,3209,3446,3209,3446,3241,3385,3241
3462,3209,3503,3209,3503,3241,3462,3241
153,3272,157,3272,157,3290,153,3290
159,3272,218,3272,218,3290,159,3290
151,3294,184,3294,184,3315,151,3315
192,3294,265,3294,265,3315,192,3315
272,3294,364,3294,364,3315,272,3315
373,3294,388,3294,388,3315,373,3315
394,3294,468,3294,468,3315,394,3315
478,3294,560,3294,560,3315,478,3315
571,3294,609,3294,609,3315,571,3315
615,3294,747,3294,747,3315,615,3315
750,3294,755,3294,755,3315,750,3315
760,3294,813,3294,813,3315,760,3315
823,3294,853,3294,853,3315,823,3315
861,3294,934,3294,934,3315,861,3315
946,3294,980,3294,980,3315,946,3315
990,3294,1075,3294,1075,3315,990,3315
1085,3294,1126,3294,1126,3315,1085,3315
1132,3294,1147,3294,1147,3315,1132,3315
1156,3294,1218,3294,1218,3315,1156,3315
1228,3294,1258,3294,1258,3315,1228,3315
1266,3294,1321,3294,1321,3315,1266,3315
1329,3294,1348,3294,1348,3315,1329,3315
1357,3294,1372,3294,1372,3315,1357,3315
1385,3294,1400,3294,1400,3315,1385,3315
1412,3294,1469,3294,1469,3315,1412,3315
1469,3294,1474,3294,1474,3315,1469,3315
1483,3294,1510,3294,1510,3315,1483,3315
1518,3294,1541,3294,1541,3315,1518,3315
1550,3294,1594,3294,1594,3315,1550,3315
1604,3294,1623,3294,1623,3315,1604,3315
1633,3294,1677,3294,1677,3315,1633,3315
1684,3294,1707,3294,1707,3315,1684,3315
1717,3294,1783,3294,1783,3315,1717,3315
1785,3294,1819,3294,1819,3315,1785,3315
1823,3294,1970,3294,1970,3315,1823,3315
1972,3294,1999,3294,1999,3315,1972,3315
2005,3294,2100,3294,2100,3315,2005,3315
2103,3294,2108,3294,2108,3315,2103,3315
2115,3294,2175,3294,2175,3315,2115,3315
2178,3294,2183,3294,2183,3315,2178,3315
2189,3294,2223,3294,2223,3315,2189,3315
2232,3294,2307,3294,2307,3315,2232,3315
2307,3294,2312,3294,2312,3315,2307,3315
2322,3294,2436,3294,2436,3315,2322,3315
2437,3294,2442,3294,2442,3315,2437,3315
2449,3294,2555,3294,2555,3315,2449,3315
2563,3294,2582,3294,2582,3315,2563,3315
2592,3294,2703,3294,2703,3315,2592,3315
2706,3294,2711,3294,2711,3315,2706,3315
2720,3294,2796,3294,2796,3315,2720,3315
2798,3294,2803,3294,2803,3315,2798,3315
2812,3294,2876,3294,2876,3315,2812,3315
2882,3294,2912,3294,2912,3315,2882,3315
2920,3294,3000,3294,3000,3315,2920,3315
3008,3294,3046,3294,3046,3315,3008,3315
3051,3294,3110,3294,3110,3315,3051,3315
3113,3294,3118,3294,3118,3315,3113,3315
3121,3294,3137,3294,3137,3315,3121,3315
3148,3294,3159,3294,3159,3315,3148,3315
3171,3294,3210,3294,3210,3315,3171,3315
3216,3294,3221,3294,3221,3315,3216,3315
3229,3294,3258,3294,3258,3315,3229,3315
3269,3294,3337,3294,3337,3315,3269,3315
3339,3294,3344,3294,3344,3315,3339,3315
3347,3294,3363,3294,3363,3315,3347,3315
3370,3294,3508,3294,3508,3315,3370,3315
152,3314,217,3314,217,3339,152,3339
223,3314,246,3314,246,3339,223,3339
253,3314,281,3314,281,3339,253,3339
289,3314,369,3314,369,3339,289,3339
381,3314,424,3314,424,3339,381,3339
429,3314,527,3314,527,3339,429,3339
537,3314,543,3314,543,3339,537,3339
546,3314,552,3314,552,3339,546,3339
552,3314,615,3314,615,3339,552,3339
625,3314,639,3314,639,3339,625,3339
651,3314,718,3314,718,3339,651,3339
728,3314,757,3314,757,3339,728,3339
765,3314,858,3314,858,3339,765,3339
866,3314,923,3314,923,3339,866,3339
930,3314,953,3314,953,3339,930,3339
960,3314,1053,3314,1053,3339,960,3339
1064,3314,1082,3314,1082,3339,1064,3339
1086,3314,1183,3314,1183,3339,1086,3339
1191,3314,1220,3314,1220,3339,1191,3339
1228,3314,1274,3314,1274,3339,1228,3339
1285,3314,1291,3314,1291,3339,1285,3339
1293,3314,1299,3314,1299,3339,1293,3339
1301,3314,1338,3314,1338,3339,1301,3339
1340,3314,1346,3314,1346,3339,1340,3339
1351,3314,1456,3314,1456,3339,1351,3339
1462,3314,1490,3314,1490,3339,1462,3339
1495,3314,1616,3314,1616,3339,1495,3339
1623,3314,1662,3314,1662,3339,1623,3339
1667,3314,1776,3314,1776,3339,1667,3339
1785,3314,1791,3314,1791,3339,1785,3339
1792,3314,1798,3314,1798,3339,1792,3339
1801,3314,1830,3314,1830,3339,1801,3339
1839,3314,1927,3314,1927,3339,1839,3339
1935,3314,1941,3314,1941,3339,1935,3339
1953,3314,1971,3314,1971,3339,1953,3339
1980,3314,2013,3314,2013,3339,1980,3339
2023,3314,2041,3314,2041,3339,2023,3339
2050,3314,2117,3314,2117,3339,2050,3339
2126,3314,2149,3314,2149,3339,2126,3339
2154,3314,2160,3314,2160,3339,2154,3339
2159,3314,2165,3314,2165,3339,2159,3339
2167,3314,2214,3314,2214,3339,2167,3339
2219,3314,2306,3314,2306,3339,2219,3339
2310,3314,2316,3314,2316,3339,2310,3339
2322,3314,2351,3314,2351,3339,2322,3339
2357,3314,2451,3314,2451,3339,2357,3339
2461,3314,2556,3314,2556,3339,2461,3339
2557,3314,2563,3314,2563,3339,2557,3339
2569,3314,2702,3314,2702,3339,2569,3339
2710,3314,2728,3314,2728,3339,2710,3339
2738,3314,2871,3314,2871,3339,2738,3339
2871,3314,2877,3314,2877,3339,2871,3339
2884,3314,2917,3314,2917,3339,2884,3339
2926,3314,2940,3314,2940,3339,2926,3339
2951,3314,2969,3314,2969,3339,2951,3339
2980,3314,3008,3314,3008,3339,2980,3339
3011,3314,3093,3314,3093,3339,3011,3339
3101,3314,3122,3314,3122,3339,3101,3339
3134,3314,3233,3314,3233,3339,3134,3339
3239,3314,3287,3314,3287,3339,3239,3339
3287,3314,3293,3314,3293,3339,3287,3339
3298,3314,3323,3314,3323,3339,3298,3339
3330,3314,3405,3314,3405,3339,3330,3339
3410,3314,3416,3314,3416,3339,3410,3339
3420,3314,3445,3314,3445,3339,3420,3339
152,3340,220,3340,220,3361,152,3361
224,3340,229,3340,229,3361,224,3361
232,3340,259,3340,259,3361,232,3361
267,3340,312,3340,312,3361,267,3361
317,3340,322,3340,322,3361,317,3361
331,3340,361,3340,361,3361,331,3361
366,3340,391,3340,391,3361,366,3361
401,3340,513,3340,513,3361,401,3361
523,3340,538,3340,538,3361,523,3361
543,3340,576,3340,576,3361,543,3361
583,3340,721,3340,721,3361,583,3361
722,3340,727,3340,727,3361,722,3361
730,3340,753,3340,753,3361,730,3361
759,3340,827,3340,827,3361,759,3361
829,3340,834,3340,834,3361,829,3361
840,3340,845,3340,845,3361,840,3361
844,3340,849,3340,849,3361,844,3361
850,3340,970,3340,970,3361,850,3361
975,3340,994,3340,994,3361,975,3361
996,3340,1019,3340,1019,3361,996,3361
1031,3340,1131,3340,1131,3361,1031,3361
1138,3340,1168,3340,1168,3361,1138,3361
1176,3340,1280,3340,1280,3361,1176,3361
1293,3340,1332,3340,1332,3361,1293,3361
1334,3340,1443,3340,1443,3361,1334,3361
1454,3340,1459,3340,1459,3361,1454,3361
1463,3340,1468,3340,1468,3361,1463,3361
1469,3340,1497,3340,1497,3361,1469,3361
1502,3340,1579,3340,1579,3361,1502,3361
1584,3340,1589,3340,1589,3361,1584,3361
3660,3291,3748,3291,3748,3333,3660,3333
3764,3291,3775,3291,3775,3333,3764,3333
3797,3291,3828,3291,3828,3333,3797,3333
3833,3291,3844,3291,3844,3333,3833,3333
3849,3291,3880,3291,3880,3333,3849,3333
3885,3291,3896,3291,3896,3333,3885,3333
3901,3291,3968,3291,3968,3333,3901,3333
4276,3292,4393,3292,4393,3335,4276,3335
4403,3292,4415,3292,4415,3335,4403,3335
4477,3292,4489,3292,4489,3335,4477,3335
