4014,166,4297,166,4297,228,4014,228
4021,224,4295,224,4295,287,4021,287
903,286,902,355,868,354,869,285
901,384,901,393,867,392,867,383
941,356,941,410,912,410,912,356
1515,331,1568,331,1568,362,1515,362
1575,331,1583,331,1583,362,1575,362
1582,331,1631,331,1631,362,1582,362
4106,372,4112,372,4112,397,4106,397
4121,372,4153,372,4153,397,4121,397
4163,372,4186,372,4186,397,4163,397
4197,372,4242,372,4242,397,4197,397
4256,372,4262,372,4262,397,4256,397
4275,372,4361,372,4361,397,4275,397
4131,405,4192,405,4192,428,4131,428
4205,405,4257,405,4257,428,4205,428
4263,405,4321,405,4321,428,4263,428
1536,430,1589,430,1589,455,1536,455
900,458,900,467,866,466,866,457
1343,482,1476,482,1476,516,1343,516
301,493,540,323,587,390,349,560
899,510,899,519,865,518,865,509
899,538,899,547,865,546,865,537
898,552,898,561,864,560,864,551
4146,477,4304,477,4304,551,4146,551
1403,560,1466,560,1466,594,1403,594
1393,602,1402,602,1402,636,1393,636
1410,602,1419,602,1419,636,1410,636
1428,602,1437,602,1437,636,1428,636
1443,602,1474,602,1474,636,1443,636
815,588,889,583,890,601,816,606
2196,568,2196,616,2154,616,2154,568
2243,526,2243,578,2209,578,2209,526
2243,584,2243,593,2209,593,2209,584
2243,597,2243,641,2209,641,2209,597
897,636,897,645,863,644,863,635
896,678,896,687,862,686,862,677
895,717,895,726,861,725,861,716
3965,587,4041,587,4041,628,3965,628
4050,587,4187,587,4187,628,4050,628
4202,587,4213,587,4213,628,4202,628
4226,587,4297,587,4297,628,4226,628
4310,587,4376,587,4376,628,4310,628
4386,587,4497,587,4497,628,4386,628
4118,632,4222,632,4222,675,4118,675
4242,632,4352,632,4352,675,4242,675
3956,692,4033,692,4033,730,3956,730
4037,692,4085,692,4085,730,4037,730
4093,692,4103,692,4103,730,4093,730
4260,689,4347,689,4347,729,4260,729
4361,689,4372,689,4372,729,4361,729
3957,744,4036,744,4036,787,3957,787
3651,694,3835,694,3835,725,3651,725
3849,694,3857,694,3857,725,3849,725
4544,692,4677,692,4677,730,4544,730
4697,692,4707,692,4707,730,4697,730
4543,746,4697,746,4697,782,4543,782
4246,745,4283,740,4288,779,4252,785
1600,823,1600,857,1586,857,1586,823
4106,844,4361,844,4361,891,4106,891
1227,871,1292,871,1292,886,1227,886
1216,887,1247,887,1247,901,1216,901
1252,887,1268,887,1268,901,1252,901
1275,887,1278,887,1278,901,1275,901
1288,887,1298,887,1298,901,1288,901
1707,930,1711,930,1709,947,1705,947
1716,931,1720,931,1718,948,1714,948
1721,932,1725,932,1723,949,1719,949
1734,933,1738,933,1736,950,1732,950
1075,932,1079,932,1079,950,1075,950
1083,932,1087,932,1087,950,1083,950
1091,932,1095,932,1095,950,1091,950
1102,932,1106,932,1106,950,1102,950
1076,949,1095,950,1094,972,1075,971
1106,951,1129,952,1128,973,1105,972
3804,931,3899,931,3899,962,3804,962
1362,961,1366,961,1366,978,1362,978
1399,961,1403,961,1403,978,1399,978
1702,950,1735,951,1734,974,1701,973
1740,952,1746,952,1745,975,1739,975
4572,939,4579,939,4579,966,4572,966
4586,939,4593,939,4593,966,4586,966
4594,939,4614,939,4614,966,4594,966
4623,939,4663,939,4663,966,4623,966
1435,961,1439,961,1439,978,1435,978
1453,961,1457,961,1457,978,1453,978
1777,953,1783,953,1782,976,1776,976
2187,950,2192,954,2177,973,2173,969
2203,962,2208,966,2193,985,2189,981
2234,985,2239,989,2224,1008,2220,1004
2262,1006,2267,1010,2252,1029,2248,1025
2291,1028,2296,1032,2281,1051,2277,1047
2322,1050,2327,1054,2312,1073,2308,1069
2354,1074,2416,1120,2401,1139,2340,1093
1849,955,1855,955,1854,978,1848,978
2835,972,2945,972,2945,1012,2835,1012
2988,972,3040,972,3040,1012,2988,1012
3803,995,3897,995,3897,1024,3803,1024
3910,995,3918,995,3918,1024,3910,1024
3932,995,4023,995,4023,1024,3932,1024
4570,996,4593,996,4593,1027,4570,1027
4593,996,4601,996,4601,1027,4593,1027
4602,996,4625,996,4625,1027,4602,1027
4630,996,4670,996,4670,1027,4630,1027
938,941,941,1133,906,1133,903,942
2371,1058,2371,1047,2413,1047,2413,1058
2371,1050,2371,1039,2413,1039,2413,1050
2371,1024,2371,1013,2413,1013,2413,1024
2371,1011,2371,1000,2413,1000,2413,1011
3803,1054,3920,1054,3920,1079,3803,1079
3936,1054,3942,1054,3942,1079,3936,1079
4571,1057,4590,1057,4590,1084,4571,1084
4593,1057,4600,1057,4600,1084,4593,1084
4600,1057,4625,1057,4625,1084,4600,1084
4630,1057,4671,1057,4671,1084,4630,1084
1411,1130,1462,1130,1462,1152,1411,1152
3804,1117,3921,1117,3921,1142,3804,1142
3934,1117,3940,1117,3940,1142,3934,1142
4577,1116,4585,1116,4585,1147,4577,1147
4587,1116,4595,1116,4595,1147,4587,1147
4595,1116,4618,1116,4618,1147,4595,1147
4623,1116,4664,1116,4664,1147,4623,1147
2899,1147,2899,1140,2925,1140,2925,1147
2391,1105,2391,1113,2360,1114,2360,1106
2391,1121,2391,1129,2360,1130,2360,1122
2392,1166,2393,1218,2362,1219,2361,1167
2953,1129,3093,1129,3093,1175,2953,1175
3113,1129,3126,1129,3126,1175,3113,1175
2850,1252,2853,1200,2893,1203,2890,1254
2855,1173,2856,1162,2896,1164,2895,1175
2857,1136,2858,1125,2898,1127,2897,1138
2205,1175,2265,1171,2268,1219,2208,1223
3804,1171,3923,1171,3923,1202,3804,1202
3934,1171,3942,1171,3942,1202,3934,1202
2646,1195,2646,1190,2667,1189,2667,1194
2899,1196,2899,1189,2925,1189,2925,1196
4570,1178,4590,1178,4590,1200,4570,1200
4593,1178,4598,1178,4598,1200,4593,1200
4600,1178,4620,1178,4620,1200,4600,1200
4628,1178,4669,1178,4669,1200,4628,1200
941,1201,941,1210,907,1210,907,1201
2448,1213,2462,1215,2461,1224,2447,1222
3438,1213,3438,1217,3420,1218,3420,1214
3550,1203,3550,1208,3529,1208,3529,1203
3550,1218,3550,1223,3529,1223,3529,1218
3550,1233,3550,1238,3529,1238,3529,1233
3550,1242,3550,1247,3529,1247,3529,1242
2899,1234,2899,1227,2925,1227,2925,1234
3802,1229,3873,1229,3873,1256,3802,1256
3883,1229,3913,1229,3913,1256,3883,1256
3925,1229,3994,1229,3994,1256,3925,1256
4574,1227,4582,1227,4582,1258,4574,1258
4587,1227,4595,1227,4595,1258,4587,1258
4596,1227,4614,1227,4614,1258,4596,1258
4623,1227,4664,1227,4664,1258,4623,1258
3440,1249,3440,1253,3422,1254,3422,1250
3442,1285,3442,1289,3424,1290,3424,1286
2319,1291,2319,1299,2287,1301,2287,1293
3804,1285,3872,1285,3872,1316,3804,1316
3889,1285,3897,1285,3897,1316,3889,1316
3902,1285,3910,1285,3910,1316,3902,1316
3909,1285,3948,1285,3948,1316,3909,1316
4576,1285,4584,1285,4584,1314,4576,1314
4585,1285,4593,1285,4593,1314,4585,1314
4593,1285,4614,1285,4614,1314,4593,1314
4623,1285,4660,1285,4660,1314,4623,1314
942,1289,942,1308,908,1308,908,1289
943,1327,943,1346,909,1346,909,1327
2430,1311,2433,1311,2434,1325,2431,1325
2449,1311,2452,1311,2453,1325,2450,1325
2469,1310,2472,1310,2473,1324,2470,1324
2481,1309,2484,1309,2485,1323,2482,1323
3445,1321,3445,1325,3427,1326,3427,1322
2322,1330,2322,1338,2290,1340,2290,1332
2091,1349,2091,1377,2081,1377,2081,1349
2357,1342,2363,1342,2364,1365,2358,1365
2409,1339,2438,1338,2439,1362,2410,1363
3802,1345,3855,1345,3855,1364,3802,1364
4573,1340,4581,1340,4581,1372,4573,1372
4586,1340,4594,1340,4594,1372,4586,1372
4596,1340,4614,1340,4614,1372,4596,1372
4621,1340,4662,1340,4662,1372,4621,1372
1978,1350,2162,1354,2161,1404,1977,1400
2239,1357,2288,1358,2287,1407,2238,1406
2232,1359,2281,1359,2281,1380,2232,1380
3447,1356,3448,1372,3429,1373,3428,1357
3448,1383,3449,1397,3431,1398,3430,1384
2325,1383,2325,1391,2293,1393,2293,1385
3470,1370,3470,1374,3454,1374,3454,1370
3470,1380,3470,1384,3454,1384,3454,1380
3470,1387,3470,1391,3454,1391,3454,1387
3470,1397,3470,1401,3454,1401,3454,1397
804,1380,804,1438,784,1438,784,1380
2797,1428,2797,1455,2784,1455,2784,1428
3807,1430,3905,1430,3905,1472,3807,1472
3917,1430,4068,1430,4068,1472,3917,1472
4079,1430,4261,1430,4261,1472,4079,1472
4516,1428,4564,1429,4563,1472,4515,1471
4570,1429,4582,1429,4581,1472,4569,1472
4582,1429,4630,1430,4629,1474,4581,1473
4640,1431,4727,1433,4726,1476,4639,1474
803,1511,808,1445,838,1448,833,1513
1335,1538,1436,1538,1436,1578,1335,1578
1448,1538,1459,1538,1459,1578,1448,1578
1463,1538,1584,1538,1584,1578,1463,1578
3807,1534,3930,1534,3930,1565,3807,1565
3943,1534,3951,1534,3951,1565,3943,1565
4571,1532,4590,1532,4590,1565,4571,1565
4594,1532,4603,1532,4603,1565,4594,1565
4601,1532,4625,1532,4625,1565,4601,1565
4632,1532,4668,1532,4668,1565,4632,1565
1197,1549,1197,1603,1172,1603,1172,1549
3345,1555,3345,1574,3332,1574,3332,1555
2518,1568,2570,1563,2572,1588,2520,1593
2521,1548,2573,1548,2573,1599,2521,1599
2672,1548,2686,1548,2686,1599,2672,1599
3807,1585,3929,1585,3929,1606,3807,1606
3945,1585,3950,1585,3950,1606,3945,1606
4573,1585,4579,1585,4579,1608,4573,1608
4585,1585,4591,1585,4591,1608,4585,1608
4594,1585,4615,1585,4615,1608,4594,1608
4624,1585,4658,1585,4658,1608,4624,1608
2469,1573,2530,1585,2514,1668,2453,1656
2576,1594,2714,1621,2699,1703,2560,1676
2710,1636,2710,1663,2698,1663,2698,1636
1440,1664,1500,1664,1500,1696,1440,1696
1433,1702,1444,1702,1444,1742,1433,1742
1454,1702,1465,1702,1465,1742,1454,1742
1463,1702,1501,1702,1501,1742,1463,1742
3808,1680,3901,1680,3901,1712,3808,1712
3917,1680,4060,1680,4060,1712,3917,1712
4073,1680,4231,1680,4231,1712,4073,1712
4513,1668,4585,1668,4585,1732,4513,1732
4583,1668,4601,1668,4601,1732,4583,1732
4601,1668,4648,1668,4648,1732,4601,1732
4658,1668,4740,1668,4740,1732,4658,1732
928,1755,928,1772,910,1772,910,1755
928,1785,928,1808,910,1808,910,1785
950,1757,950,1763,927,1764,927,1758
950,1764,950,1770,927,1771,927,1765
951,1781,951,1787,928,1788,928,1782
953,1814,953,1820,930,1821,930,1815
2057,1773,2065,1773,2065,1802,2057,1802
3547,1785,3547,1789,3529,1790,3529,1786
3548,1801,3548,1805,3530,1806,3530,1802
3549,1810,3549,1814,3531,1815,3531,1811
2885,1812,2885,1861,2861,1861,2861,1812
2471,1833,2524,1844,2516,1882,2463,1871
955,1853,955,1859,932,1860,932,1854
663,1842,721,1842,721,1882,663,1882
635,1883,646,1883,646,1923,635,1923
652,1883,663,1883,663,1923,652,1923
668,1883,679,1883,679,1923,668,1923
689,1883,700,1883,700,1923,689,1923
704,1883,733,1883,733,1923,704,1923
863,1831,863,1864,849,1864,849,1831
863,1869,863,1882,849,1882,849,1869
863,1891,863,1894,849,1894,849,1891
863,1903,863,1913,849,1913,849,1903
877,1840,877,1907,864,1907,864,1840
2693,1895,2693,1867,2711,1867,2711,1895
3758,1893,3814,1893,3814,1910,3758,1910
3819,1892,3839,1892,3839,1909,3819,1909
3846,1892,3873,1892,3873,1909,3846,1909
3879,1892,3921,1892,3921,1909,3879,1909
3926,1892,3930,1892,3930,1909,3926,1909
3936,1891,3940,1891,3940,1908,3936,1908
3940,1891,3944,1891,3944,1908,3940,1908
3944,1891,3960,1891,3960,1908,3944,1908
3966,1891,3978,1891,3978,1908,3966,1908
3983,1891,3997,1891,3997,1908,3983,1908
4150,1891,4152,1891,4152,1902,4150,1902
4158,1891,4180,1891,4180,1902,4158,1902
4183,1891,4195,1891,4195,1902,4183,1902
4201,1891,4236,1891,4236,1902,4201,1902
4239,1891,4255,1891,4255,1902,4239,1902
4261,1891,4263,1891,4263,1902,4261,1902
4271,1891,4273,1891,4273,1902,4271,1902
4275,1891,4277,1891,4277,1902,4275,1902
4278,1891,4294,1891,4294,1902,4278,1902
4302,1891,4312,1891,4312,1902,4302,1902
4317,1891,4330,1891,4330,1902,4317,1902
4101,1883,4121,1883,4121,1913,4101,1913
2607,1892,2669,1900,2664,1932,2603,1925
4538,1892,4594,1892,4594,1903,4538,1903
2950,1907,3093,1907,3093,1943,2950,1943
3112,1907,3122,1907,3122,1943,3112,1943
958,1925,958,1931,935,1932,935,1926
3451,1923,3451,1943,3429,1943,3429,1923
3451,1950,3451,1967,3429,1967,3429,1950
3759,1934,3813,1934,3813,1947,3759,1947
3817,1934,3846,1934,3846,1947,3817,1947
3852,1934,3893,1934,3893,1947,3852,1947
3898,1934,3901,1934,3901,1947,3898,1947
3908,1934,3911,1934,3911,1947,3908,1947
3912,1934,3915,1934,3915,1947,3912,1947
3916,1934,3930,1934,3930,1947,3916,1947
3940,1934,3949,1934,3949,1947,3940,1947
3955,1934,3968,1934,3968,1947,3955,1947
4150,1931,4152,1931,4152,1941,4150,1941
4158,1931,4178,1931,4178,1941,4158,1941
4183,1931,4195,1931,4195,1941,4183,1941
4199,1931,4234,1931,4234,1941,4199,1941
4241,1931,4255,1931,4255,1941,4241,1941
4261,1931,4263,1931,4263,1941,4261,1941
4271,1931,4273,1931,4273,1941,4271,1941
4275,1931,4277,1931,4277,1941,4275,1941
4279,1931,4294,1931,4294,1941,4279,1941
4302,1931,4312,1931,4312,1941,4302,1941
4317,1931,4330,1931,4330,1941,4317,1941
4334,1931,4336,1931,4336,1941,4334,1941
4149,1943,4151,1943,4151,1954,4149,1954
4154,1943,4156,1943,4156,1954,4154,1954
4157,1943,4173,1943,4173,1954,4157,1954
4181,1943,4203,1943,4203,1954,4181,1954
4207,1943,4219,1943,4219,1954,4207,1954
4224,1943,4261,1943,4261,1954,4224,1954
4539,1934,4569,1934,4569,1946,4539,1946
4575,1934,4597,1934,4597,1946,4575,1946
3471,1938,3471,1942,3454,1941,3454,1937
3471,1947,3471,1951,3454,1950,3454,1946
3470,1953,3470,1957,3453,1956,3453,1952
3470,1963,3470,1967,3453,1966,3453,1962
960,1961,960,1967,937,1968,937,1962
2627,1951,2627,1998,2604,1998,2604,1951
2123,1974,2150,1974,2150,1987,2123,1987
3675,1912,3675,1890,3706,1890,3706,1912
3675,1954,3675,1931,3706,1931,3706,1954
3675,2000,3675,1972,3706,1972,3706,2000
3675,2039,3675,2031,3706,2031,3706,2039
3758,1978,3812,1978,3812,1990,3758,1990
3818,1978,3837,1978,3837,1990,3818,1990
3844,1978,3873,1978,3873,1990,3844,1990
3879,1978,3920,1978,3920,1990,3879,1990
3927,1978,3929,1978,3929,1990,3927,1990
3937,1978,3939,1978,3939,1990,3937,1990
3941,1978,3943,1978,3943,1990,3941,1990
3944,1978,3960,1978,3960,1990,3944,1990
3967,1978,3978,1978,3978,1990,3967,1990
3983,1978,3997,1978,3997,1990,3983,1990
4148,1983,4170,1983,4170,1994,4148,1994
4176,1983,4186,1983,4186,1994,4176,1994
4191,1983,4226,1983,4226,1994,4191,1994
4231,1983,4266,1983,4266,1994,4231,1994
4537,1984,4577,1984,4577,1997,4537,1997
4584,1984,4587,1984,4587,1997,4584,1997
4592,1984,4626,1984,4626,1997,4592,1997
4631,1984,4651,1984,4651,1997,4631,1997
962,1997,962,2003,939,2004,939,1998
1867,1991,1867,2020,1853,2020,1853,1991
3758,2018,3812,2018,3812,2030,3758,2030
3816,2018,3838,2018,3838,2030,3816,2030
3844,2018,3853,2018,3853,2030,3844,2030
3859,2018,3867,2018,3867,2030,3859,2030
3871,2018,3894,2018,3894,2030,3871,2030
3900,2018,3902,2018,3902,2030,3900,2030
3910,2018,3912,2018,3912,2030,3910,2030
3914,2018,3916,2018,3916,2030,3914,2030
3917,2018,3933,2018,3933,2030,3917,2030
3940,2018,3951,2018,3951,2030,3940,2030
3956,2018,3970,2018,3970,2030,3956,2030
4147,2018,4171,2018,4171,2031,4147,2031
4177,2018,4187,2018,4187,2031,4177,2031
4189,2018,4192,2018,4192,2031,4189,2031
4192,2018,4204,2018,4204,2031,4192,2031
4207,2018,4210,2018,4210,2031,4207,2031
4212,2018,4229,2018,4229,2031,4212,2031
4235,2018,4238,2018,4238,2031,4235,2031
4243,2018,4246,2018,4246,2031,4243,2031
4249,2018,4252,2018,4252,2031,4249,2031
4253,2018,4267,2018,4267,2031,4253,2031
4276,2018,4285,2018,4285,2031,4276,2031
4293,2018,4306,2018,4306,2031,4293,2031
3085,2025,3137,2025,3137,2046,3085,2046
4538,2027,4565,2027,4565,2037,4538,2037
4567,2027,4619,2027,4619,2037,4567,2037
1848,2038,1975,2031,1977,2078,1850,2085
2005,2029,2106,2024,2108,2072,2008,2077
2647,2068,2647,2054,2658,2054,2658,2068
3758,2062,3812,2062,3812,2075,3758,2075
3817,2062,3838,2062,3838,2075,3817,2075
3844,2062,3853,2062,3853,2075,3844,2075
3858,2062,3919,2062,3919,2075,3858,2075
3926,2062,3940,2062,3940,2075,3926,2075
3946,2062,3986,2062,3986,2075,3946,2075
4149,2061,4170,2061,4170,2073,4149,2073
4175,2061,4197,2061,4197,2073,4175,2073
4205,2061,4207,2061,4207,2073,4205,2073
4213,2061,4215,2061,4215,2073,4213,2073
4218,2061,4220,2061,4220,2073,4218,2073
4221,2061,4236,2061,4236,2073,4221,2073
4246,2061,4254,2061,4254,2073,4246,2073
4263,2061,4274,2061,4274,2073,4263,2073
4537,2064,4592,2064,4592,2078,4537,2078
4597,2064,4638,2064,4638,2078,4597,2078
4642,2064,4659,2064,4659,2078,4642,2078
4663,2064,4707,2064,4707,2078,4663,2078
4711,2064,4721,2064,4721,2078,4711,2078
4727,2064,4769,2064,4769,2078,4727,2078
1392,2083,1444,2084,1443,2137,1391,2136
1441,2085,1455,2085,1454,2137,1440,2137
1558,2087,1572,2087,1571,2139,1557,2139
1579,2087,1593,2087,1592,2139,1578,2139
1611,2088,1640,2089,1639,2141,1610,2140
1664,2089,1678,2089,1677,2141,1663,2141
1680,2089,1694,2089,1693,2141,1679,2141
1743,2093,1735,2131,1706,2125,1714,2087
3757,2102,3806,2102,3806,2115,3757,2115
3810,2102,3813,2102,3813,2115,3810,2115
3814,2102,3834,2102,3834,2115,3814,2115
3839,2102,3866,2102,3866,2115,3839,2115
3873,2102,3892,2102,3892,2115,3873,2115
3898,2102,3920,2102,3920,2115,3898,2115
3924,2102,3937,2102,3937,2115,3924,2115
3941,2102,3987,2102,3987,2115,3941,2115
3990,2102,3993,2102,3993,2115,3990,2115
3758,2115,3810,2115,3810,2126,3758,2126
3814,2115,3828,2115,3828,2126,3814,2126
3833,2115,3855,2115,3855,2126,3833,2126
4147,2108,4171,2108,4171,2121,4147,2121
4175,2108,4199,2108,4199,2121,4175,2121
4204,2108,4207,2108,4207,2121,4204,2121
4214,2108,4217,2108,4217,2121,4214,2121
4218,2108,4221,2108,4221,2121,4218,2121
4222,2108,4236,2108,4236,2121,4222,2121
4246,2108,4255,2108,4255,2121,4246,2121
4262,2108,4274,2108,4274,2121,4262,2121
4538,2104,4557,2104,4557,2118,4538,2118
4562,2104,4610,2104,4610,2118,4562,2118
4614,2104,4617,2104,4617,2118,4614,2118
4618,2104,4621,2104,4621,2118,4618,2118
4621,2104,4665,2104,4665,2118,4621,2118
4670,2104,4680,2104,4680,2118,4670,2118
4684,2104,4723,2104,4723,2118,4684,2118
1317,2120,1317,2153,1305,2153,1305,2120
1638,2145,1638,2141,1654,2141,1654,2145
1638,2127,1638,2123,1654,2123,1654,2127
1638,2115,1638,2111,1654,2111,1654,2115
1174,2146,1174,2143,1187,2143,1187,2146
798,2128,798,2180,775,2180,775,2128
1527,2090,1527,2124,1509,2124,1509,2090
1527,2140,1527,2144,1509,2144,1509,2140
1527,2159,1527,2163,1509,2163,1509,2159
1527,2180,1527,2184,1509,2184,1509,2180
1527,2201,1527,2205,1509,2205,1509,2201
4148,2144,4171,2144,4171,2157,4148,2157
4174,2144,4186,2144,4186,2157,4174,2157
4190,2144,4227,2144,4227,2157,4190,2157
4232,2144,4247,2144,4247,2157,4232,2157
4253,2144,4302,2144,4302,2157,4253,2157
4307,2144,4330,2144,4330,2157,4307,2157
3757,2150,3796,2150,3796,2163,3757,2163
3800,2150,3812,2150,3812,2163,3800,2163
3817,2150,3846,2150,3846,2163,3817,2163
3850,2150,3856,2150,3856,2163,3850,2163
1633,2136,1633,2180,1616,2180,1616,2136
4538,2151,4573,2151,4573,2163,4538,2163
4578,2151,4622,2151,4622,2163,4578,2163
1174,2165,1174,2162,1187,2162,1187,2165
1174,2185,1174,2182,1187,2182,1187,2185
1449,2196,1449,2174,1464,2174,1464,2196
1638,2186,1638,2182,1654,2182,1654,2186
1638,2166,1638,2162,1654,2162,1654,2166
4148,2184,4171,2184,4171,2197,4148,2197
4174,2184,4186,2184,4186,2197,4174,2197
4190,2184,4227,2184,4227,2197,4190,2197
4232,2184,4247,2184,4247,2197,4232,2197
4253,2184,4302,2184,4302,2197,4253,2197
4308,2184,4328,2184,4328,2197,4308,2197
4335,2184,4374,2184,4374,2197,4335,2197
3757,2192,3780,2192,3780,2206,3757,2206
3785,2192,3823,2192,3823,2206,3785,2206
4534,2189,4580,2189,4580,2201,4534,2201
4585,2189,4631,2189,4631,2201,4585,2201
4635,2189,4687,2189,4687,2201,4635,2201
4690,2189,4702,2189,4702,2201,4690,2201
4706,2189,4733,2189,4733,2201,4706,2201
4535,2203,4606,2203,4606,2214,4535,2214
606,2201,736,2201,736,2243,606,2243
758,2201,769,2201,769,2243,758,2243
1638,2227,1638,2223,1654,2223,1654,2227
4148,2225,4171,2225,4171,2238,4148,2238
4174,2225,4186,2225,4186,2238,4174,2238
4190,2225,4227,2225,4227,2238,4190,2238
4232,2225,4247,2225,4247,2238,4232,2238
4253,2225,4302,2225,4302,2238,4253,2238
4308,2225,4328,2225,4328,2238,4308,2238
4336,2225,4358,2225,4358,2238,4336,2238
3757,2234,3790,2234,3790,2247,3757,2247
3793,2234,3829,2234,3829,2247,3793,2247
3833,2234,3842,2234,3842,2247,3833,2247
3849,2234,3888,2234,3888,2247,3849,2247
4467,2229,4487,2229,4487,2241,4467,2241
4537,2234,4566,2234,4566,2248,4537,2248
4571,2234,4611,2234,4611,2248,4571,2248
4617,2234,4661,2234,4661,2248,4617,2248
4148,2271,4172,2271,4172,2286,4148,2286
4177,2271,4193,2271,4193,2286,4177,2286
4198,2271,4229,2271,4229,2286,4198,2286
4234,2271,4245,2271,4245,2286,4234,2286
4249,2271,4284,2271,4284,2286,4249,2286
3757,2282,3790,2282,3790,2295,3757,2295
3793,2282,3829,2282,3829,2295,3793,2295
3833,2282,3845,2282,3845,2295,3833,2295
3849,2282,3882,2282,3882,2295,3849,2295
4091,2273,4104,2273,4104,2290,4091,2290
4439,2276,4482,2276,4482,2295,4439,2295
4519,2276,4524,2276,4524,2295,4519,2295
4538,2276,4585,2276,4585,2295,4538,2295
1118,2312,1122,2312,1123,2329,1119,2329
1131,2312,1192,2309,1193,2326,1132,2329
4108,2315,4134,2315,4134,2322,4108,2322
3758,2325,3803,2325,3803,2336,3758,2336
3808,2325,3830,2325,3830,2336,3808,2336
3834,2325,3859,2325,3859,2336,3834,2336
3864,2325,3919,2325,3919,2336,3864,2336
4148,2325,4163,2325,4163,2338,4148,2338
4172,2325,4181,2325,4181,2338,4172,2338
4189,2325,4218,2325,4218,2338,4189,2338
4223,2325,4243,2325,4243,2338,4223,2338
4247,2325,4313,2325,4313,2338,4247,2338
4316,2325,4338,2325,4338,2338,4316,2338
4343,2325,4353,2325,4353,2338,4343,2338
4358,2325,4400,2325,4400,2338,4358,2338
3759,2366,3781,2366,3781,2379,3759,2379
3786,2366,3795,2366,3795,2379,3786,2379
3802,2366,3837,2366,3837,2379,3802,2379
3841,2366,3856,2366,3856,2379,3841,2379
3862,2366,3865,2366,3865,2379,3862,2379
3870,2366,3873,2366,3873,2379,3870,2379
3876,2366,3879,2366,3879,2379,3876,2379
3879,2366,3895,2366,3895,2379,3879,2379
3903,2366,3912,2366,3912,2379,3903,2379
3919,2366,3932,2366,3932,2379,3919,2379
4148,2365,4162,2365,4162,2377,4148,2377
4170,2365,4191,2365,4191,2377,4170,2377
4197,2365,4262,2365,4262,2377,4197,2377
4265,2365,4302,2365,4302,2377,4265,2377
4307,2365,4334,2365,4334,2377,4307,2377
4341,2365,4346,2365,4346,2377,4341,2377
957,2400,957,2405,938,2404,938,2399
954,2434,954,2439,935,2438,935,2433
865,2409,865,2441,851,2441,851,2409
865,2445,865,2461,851,2461,851,2445
865,2470,865,2473,851,2473,851,2470
865,2479,865,2492,851,2492,851,2479
880,2420,880,2484,867,2484,867,2420
1291,2422,1440,2422,1440,2459,1291,2459
1460,2422,1470,2422,1470,2459,1460,2459
952,2470,952,2475,933,2474,933,2469
3682,2458,3738,2458,3738,2490,3682,2490
3753,2458,3789,2458,3789,2490,3753,2490
3802,2458,3913,2458,3913,2490,3802,2490
3930,2458,3959,2458,3959,2490,3930,2490
3975,2458,4112,2458,4112,2490,3975,2490
4117,2458,4185,2458,4185,2490,4117,2490
4196,2458,4204,2458,4204,2490,4196,2490
4203,2458,4211,2458,4211,2490,4203,2490
4209,2458,4343,2458,4343,2490,4209,2490
927,2499,927,2520,909,2520,909,2499
927,2530,927,2543,909,2543,909,2530
949,2518,949,2523,930,2522,930,2517
948,2526,948,2531,929,2530,929,2525
948,2532,948,2537,929,2536,929,2531
947,2542,947,2547,928,2546,928,2541
1197,2517,1197,2560,1172,2560,1172,2517
4380,2562,4401,2561,4401,2572,4380,2573
4382,2573,4397,2573,4397,2587,4382,2587
4368,2589,4380,2589,4380,2601,4368,2601
4382,2589,4384,2589,4384,2601,4382,2601
4385,2589,4393,2589,4393,2601,4385,2601
4397,2589,4412,2589,4412,2601,4397,2601
927,2592,927,2713,904,2713,904,2592
4165,2750,4165,2642,4194,2642,4194,2750
484,2713,501,2717,496,2737,479,2733
1380,2712,1432,2712,1432,2734,1380,2734
502,2740,548,2737,549,2755,503,2758
675,2707,719,2707,719,2738,675,2738
645,2757,698,2759,697,2789,644,2787
704,2759,712,2759,711,2788,703,2788
714,2760,760,2762,759,2790,713,2789
4235,2761,4249,2762,4246,2788,4232,2787
4246,2763,4252,2764,4249,2788,4243,2788
4252,2763,4261,2764,4258,2789,4249,2788
4263,2765,4281,2767,4278,2792,4260,2790
4244,2746,4266,2746,4266,2756,4244,2756
4246,2755,4261,2755,4261,2769,4246,2769
4236,2773,4242,2773,4242,2783,4236,2783
4245,2773,4247,2773,4247,2783,4245,2783
4250,2773,4256,2773,4256,2783,4250,2783
4261,2773,4276,2773,4276,2783,4261,2783
4319,2770,4323,2770,4320,2795,4316,2795
4363,2775,4367,2775,4364,2800,4360,2800
4421,2826,4443,2826,4443,2836,4421,2836
4423,2834,4437,2834,4437,2849,4423,2849
4412,2853,4420,2853,4420,2863,4412,2863
4422,2853,4424,2853,4424,2863,4422,2863
4426,2853,4434,2853,4434,2863,4426,2863
4438,2853,4453,2853,4453,2863,4438,2863
3956,2878,3957,2884,3934,2886,3933,2880
4150,2969,4160,2969,4160,2979,4150,2979
4161,2969,4163,2969,4163,2979,4161,2979
4164,2969,4172,2969,4172,2979,4164,2979
4176,2969,4191,2969,4191,2979,4176,2979
3967,3035,3987,3034,3987,3045,3967,3046
3968,3046,3984,3046,3984,3060,3968,3060
3955,3062,3967,3062,3967,3074,3955,3074
3968,3062,3970,3062,3970,3074,3968,3074
3970,3062,3979,3062,3979,3074,3970,3074
3984,3062,3999,3062,3999,3074,3984,3074
2394,3078,2397,3078,2397,3092,2394,3092
2435,3079,2438,3079,2438,3093,2435,3093
2475,3079,2478,3079,2478,3093,2475,3093
2343,3094,2343,3088,2368,3088,2368,3094
2514,3080,2517,3080,2517,3094,2514,3094
4357,3086,4377,3086,4377,3098,4357,3098
4356,3100,4373,3100,4373,3113,4356,3113
4347,3115,4357,3115,4357,3125,4347,3125
4358,3115,4360,3115,4360,3125,4358,3125
4361,3115,4369,3115,4369,3125,4361,3125
4373,3115,4388,3115,4388,3125,4373,3125
2343,3136,2343,3130,2368,3130,2368,3136
141,3125,166,3125,166,3152,141,3152
236,3125,243,3125,243,3152,236,3152
247,3125,254,3125,254,3152,247,3152
258,3125,265,3125,265,3152,258,3152
2353,3120,2359,3120,2359,3144,2353,3144
2395,3119,2401,3119,2401,3143,2395,3143
2438,3119,2444,3119,2444,3143,2438,3143
2478,3118,2484,3118,2484,3142,2478,3142
2518,3117,2524,3117,2524,3141,2518,3141
2558,3117,2564,3117,2564,3141,2558,3141
2598,3116,2604,3116,2604,3140,2598,3140
1866,3180,1960,3183,1959,3218,1865,3215
1975,3183,2095,3186,2094,3221,1974,3218
2164,3159,2244,3159,2244,3188,2164,3188
2147,3188,2270,3192,2269,3227,2146,3223
2398,3191,2462,3191,2462,3223,2398,3223
2469,3191,2562,3191,2562,3223,2469,3223
2739,3194,2834,3194,2834,3217,2739,3217
3005,3191,3065,3191,3065,3222,3005,3222
3074,3191,3082,3191,3082,3222,3074,3222
3084,3191,3170,3191,3170,3222,3084,3222
3347,3175,3439,3175,3439,3206,3347,3206
3270,3209,3373,3209,3373,3241,3270,3241
3385,3209,3446,3209,3446,3241,3385,3241
3462,3209,3503,3209,3503,3241,3462,3241
153,3272,157,3272,157,3290,153,3290
159,3272,218,3272,218,3290,159,3290
151,3294,184,3294,184,3315,151,3315
192,3294,265,3294,265,3315,192,3315
272,3294,364,3294,364,3315,272,3315
373,3294,388,3294,388,3315,373,3315
394,3294,468,3294,468,3315,394,3315
478,3294,560,3294,560,3315,478,3315
571,3294,609,3294,609,3315,571,3315
615,3294,747,3294,747,3315,615,3315
750,3294,755,3294,755,3315,750,3315
760,3294,813,3294,813,3315,760,3315
823,3294,853,3294,853,3315,823,3315
861,3294,934,3294,934,3315,861,3315
946,3294,980,3294,980,3315,946,3315
990,3294,1075,3294,1075,3315,990,3315
1085,3294,1126,3294,1126,3315,1085,3315
1132,3294,1147,3294,1147,3315,1132,3315
1156,3294,1218,3294,1218,3315,1156,3315
1228,3294,1258,3294,1258,3315,1228,3315
1266,3294,1321,3294,1321,3315,1266,3315
1329,3294,1348,3294,1348,3315,1329,3315
1357,3294,1372,3294,1372,3315,1357,3315
1385,3294,1400,3294,1400,3315,1385,3315
1412,3294,1469,3294,1469,3315,1412,3315
1469,3294,1474,3294,1474,3315,1469,3315
1483,3294,1510,3294,1510,3315,1483,3315
1518,3294,1541,3294,1541,3315,1518,3315
1550,3294,1594,3294,1594,3315,1550,3315
1604,3294,1623,3294,1623,3315,1604,3315
1633,3294,1677,3294,1677,3315,1633,3315
1684,3294,1707,3294,1707,3315,1684,3315
1717,3294,1783,3294,1783,3315,1717,3315
1785,3294,1819,3294,1819,3315,1785,3315
1823,3294,1970,3294,1970,3315,1823,3315
1972,3294,1999,3294,1999,3315,1972,3315
2005,3294,2100,3294,2100,3315,2005,3315
2103,3294,2108,3294,2108,3315,2103,3315
2115,3294,2175,3294,2175,3315,2115,3315
2178,3294,2183,3294,2183,3315,2178,3315
2189,3294,2223,3294,2223,3315,2189,3315
2232,3294,2307,3294,2307,3315,2232,3315
2307,3294,2312,3294,2312,3315,2307,3315
2322,3294,2436,3294,2436,3315,2322,3315
2437,3294,2442,3294,2442,3315,2437,3315
2449,3294,2555,3294,2555,3315,2449,3315
2563,3294,2582,3294,2582,3315,2563,3315
2592,3294,2703,3294,2703,3315,2592,3315
2706,3294,2711,3294,2711,3315,2706,3315
2720,3294,2796,3294,2796,3315,2720,3315
2798,3294,2803,3294,2803,3315,2798,3315
2812,3294,2876,3294,2876,3315,2812,3315
2882,3294,2912,3294,2912,3315,2882,3315
2920,3294,3000,3294,3000,3315,2920,3315
3008,3294,3046,3294,3046,3315,3008,3315
3051,3294,3110,3294,3110,3315,3051,3315
3113,3294,3118,3294,3118,3315,3113,3315
3121,3294,3137,3294,3137,3315,3121,3315
3148,3294,3159,3294,3159,3315,3148,3315
3171,3294,3210,3294,3210,3315,3171,3315
3216,3294,3221,3294,3221,3315,3216,3315
3229,3294,3258,3294,3258,3315,3229,3315
3269,3294,3337,3294,3337,3315,3269,3315
3339,3294,3344,3294,3344,3315,3339,3315
3347,3294,3363,3294,3363,3315,3347,3315
3370,3294,3508,3294,3508,3315,3370,3315
152,3314,217,3314,217,3339,152,3339
223,3314,246,3314,246,3339,223,3339
253,3314,281,3314,281,3339,253,3339
289,3314,369,3314,369,3339,289,3339
381,3314,424,3314,424,3339,381,3339
429,3314,527,3314,527,3339,429,3339
537,3314,543,3314,543,3339,537,3339
546,3314,552,3314,552,3339,546,3339
552,3314,615,3314,615,3339,552,3339
625,3314,639,3314,639,3339,625,3339
651,3314,718,3314,718,3339,651,3339
728,3314,757,3314,757,3339,728,3339
765,3314,858,3314,858,3339,765,3339
866,3314,923,3314,923,3339,866,3339
930,3314,953,3314,953,3339,930,3339
960,3314,1053,3314,1053,3339,960,3339
1064,3314,1082,3314,1082,3339,1064,3339
1086,3314,1183,3314,1183,3339,1086,3339
1191,3314,1220,3314,1220,3339,1191,3339
1228,3314,1274,3314,1274,3339,1228,3339
1285,3314,1291,3314,1291,3339,1285,3339
1293,3314,1299,3314,1299,3339,1293,3339
1301,3314,1338,3314,1338,3339,1301,3339
1340,3314,1346,3314,1346,3339,1340,3339
1351,3314,1456,3314,1456,3339,1351,3339
1462,3314,1490,3314,1490,3339,1462,3339
1495,3314,1616,3314,1616,3339,1495,3339
1623,3314,1662,3314,1662,3339,1623,3339
1667,3314,1776,3314,1776,3339,1667,3339
1785,3314,1791,3314,1791,3339,1785,3339
1792,3314,1798,3314,1798,3339,1792,3339
1801,3314,1830,3314,1830,3339,1801,3339
1839,3314,1927,3314,1927,3339,1839,3339
1935,3314,1941,3314,1941,3339,1935,3339
1953,3314,1971,3314,1971,3339,1953,3339
1980,3314,2013,3314,2013,3339,1980,3339
2023,3314,2041,3314,2041,3339,2023,3339
2050,3314,2117,3314,2117,3339,2050,3339
2126,3314,2149,3314,2149,3339,2126,3339
2154,3314,2160,3314,2160,3339,2154,3339
2159,3314,2165,3314,2165,3339,2159,3339
2167,3314,2214,3314,2214,3339,2167,3339
2219,3314,2306,3314,2306,3339,2219,3339
2310,3314,2316,3314,2316,3339,2310,3339
2322,3314,2351,3314,2351,3339,2322,3339
2357,3314,2451,3314,2451,3339,2357,3339
2461,3314,2556,3314,2556,3339,2461,3339
2557,3314,2563,3314,2563,3339,2557,3339
2569,3314,2702,3314,2702,3339,2569,3339
2710,3314,2728,3314,2728,3339,2710,3339
2738,3314,2871,3314,2871,3339,2738,3339
2871,3314,2877,3314,2877,3339,2871,3339
2884,3314,2917,3314,2917,3339,2884,3339
2926,3314,2940,3314,2940,3339,2926,3339
2951,3314,2969,3314,2969,3339,2951,3339
2980,3314,3008,3314,3008,3339,2980,3339
3011,3314,3093,3314,3093,3339,3011,3339
3101,3314,3122,3314,3122,3339,3101,3339
3134,3314,3233,3314,3233,3339,3134,3339
3239,3314,3287,3314,3287,3339,3239,3339
3287,3314,3293,3314,3293,3339,3287,3339
3298,3314,3323,3314,3323,3339,3298,3339
3330,3314,3405,3314,3405,3339,3330,3339
3410,3314,3416,3314,3416,3339,3410,3339
3420,3314,3445,3314,3445,3339,3420,3339
152,3340,220,3340,220,3361,152,3361
224,3340,229,3340,229,3361,224,3361
232,3340,259,3340,259,3361,232,3361
267,3340,312,3340,312,3361,267,3361
317,3340,322,3340,322,3361,317,3361
331,3340,361,3340,361,3361,331,3361
366,3340,391,3340,391,3361,366,3361
401,3340,513,3340,513,3361,401,3361
523,3340,538,3340,538,3361,523,3361
543,3340,576,3340,576,3361,543,3361
583,3340,721,3340,721,3361,583,3361
722,3340,727,3340,727,3361,722,3361
730,3340,753,3340,753,3361,730,3361
759,3340,827,3340,827,3361,759,3361
829,3340,834,3340,834,3361,829,3361
840,3340,845,3340,845,3361,840,3361
844,3340,849,3340,849,3361,844,3361
850,3340,970,3340,970,3361,850,3361
975,3340,994,3340,994,3361,975,3361
996,3340,1019,3340,1019,3361,996,3361
1031,3340,1131,3340,1131,3361,1031,3361
1138,3340,1168,3340,1168,3361,1138,3361
1176,3340,1280,3340,1280,3361,1176,3361
1293,3340,1332,3340,1332,3361,1293,3361
1334,3340,1443,3340,1443,3361,1334,3361
1454,3340,1459,3340,1459,3361,1454,3361
1463,3340,1468,3340,1468,3361,1463,3361
1469,3340,1497,3340,1497,3361,1469,3361
1502,3340,1579,3340,1579,3361,1502,3361
1584,3340,1589,3340,1589,3361,1584,3361
3660,3294,3748,3294,3748,3332,3660,3332
3762,3294,3772,3294,3772,3332,3762,3332
3796,3294,3825,3294,3825,3332,3796,3332
3832,3294,3842,3294,3842,3332,3832,3332
3851,3294,3878,3294,3878,3332,3851,3332
3887,3294,3897,3294,3897,3332,3887,3332
3901,3294,3969,3294,3969,3332,3901,3332
4273,3291,4391,3291,4391,3333,4273,3333
4402,3291,4413,3291,4413,3333,4402,3333
4479,3291,4490,3291,4490,3333,4479,3333
