4014,166,4297,166,4297,228,4014,228
4021,224,4295,224,4295,287,4021,287
4106,372,4112,372,4112,397,4106,397
4121,372,4153,372,4153,397,4121,397
4163,372,4186,372,4186,397,4163,397
4197,372,4242,372,4242,397,4197,397
4256,372,4262,372,4262,397,4256,397
4275,372,4361,372,4361,397,4275,397
4131,405,4192,405,4192,428,4131,428
4205,405,4257,405,4257,428,4205,428
4263,405,4321,405,4321,428,4263,428
301,491,542,321,590,390,349,560
4146,477,4304,477,4304,551,4146,551
3965,588,4040,588,4040,628,3965,628
4055,588,4185,588,4185,628,4055,628
4205,588,4216,588,4216,628,4205,628
4224,588,4298,588,4298,628,4224,628
4312,588,4374,588,4374,628,4312,628
4390,588,4497,588,4497,628,4390,628
4118,632,4222,632,4222,675,4118,675
4242,632,4352,632,4352,675,4242,675
3958,688,4030,688,4030,727,3958,727
4036,688,4086,688,4086,727,4036,727
4094,688,4105,688,4105,727,4094,727
4260,689,4348,689,4348,729,4260,729
4361,689,4372,689,4372,729,4361,729
3955,744,4036,744,4036,787,3955,787
3650,690,3840,690,3840,728,3650,728
3850,690,3860,690,3860,728,3850,728
4234,736,4287,745,4280,783,4227,773
4547,687,4676,690,4675,731,4546,728
4695,691,4706,691,4705,731,4694,731
4547,746,4583,746,4583,784,4547,784
4597,746,4717,746,4717,784,4597,784
2000,762,2002,762,2004,770,2002,771
2009,760,2011,760,2013,768,2011,769
2192,782,2201,782,2201,817,2192,817
2214,782,2268,782,2268,817,2214,817
2252,782,2259,782,2259,817,2252,817
2356,782,2363,782,2363,817,2356,817
2441,782,2450,782,2450,817,2441,817
2462,782,2471,782,2471,817,2462,817
2484,782,2493,782,2493,817,2484,817
2502,782,2511,782,2511,817,2502,817
2523,782,2532,782,2532,817,2523,817
2545,782,2554,782,2554,817,2545,817
2581,782,2590,782,2590,817,2581,817
2592,782,2601,782,2601,817,2592,817
2836,782,2890,782,2890,845,2836,845
3086,782,3212,782,3212,845,3086,845
2119,838,2166,838,2166,860,2119,860
4111,846,4360,846,4360,893,4111,893
2369,966,2369,961,2388,961,2388,966
2369,958,2369,953,2388,953,2388,958
2369,952,2369,947,2388,947,2388,952
2369,940,2369,935,2388,935,2388,940
2395,983,2393,960,2410,959,2412,981
2392,955,2391,939,2408,937,2410,953
3801,929,3897,929,3897,964,3801,964
3912,929,3921,929,3921,964,3912,964
3933,929,4024,929,4024,964,3933,964
4568,939,4589,939,4589,962,4568,962
4593,939,4599,939,4599,962,4593,962
4602,939,4623,939,4623,962,4602,962
4628,939,4671,939,4671,962,4628,962
3802,993,3896,993,3896,1020,3802,1020
2398,1014,2398,1010,2415,1008,2415,1012
4574,998,4579,998,4579,1020,4574,1020
4586,998,4591,998,4591,1020,4586,1020
4597,998,4613,998,4613,1020,4597,1020
4625,998,4661,998,4661,1020,4625,1020
2315,1063,2315,997,2328,997,2328,1063
2329,1076,2329,1040,2343,1040,2343,1076
2329,1037,2329,1022,2343,1022,2343,1037
2329,1015,2329,1012,2343,1012,2343,1015
2329,1003,2329,990,2343,990,2343,1003
2401,1049,2401,1045,2418,1043,2418,1047
3803,1050,3922,1050,3922,1081,3803,1081
3936,1050,3944,1050,3944,1081,3936,1081
4571,1055,4590,1055,4590,1082,4571,1082
4593,1055,4600,1055,4600,1082,4593,1082
4600,1055,4625,1055,4625,1082,4600,1082
4630,1055,4671,1055,4671,1082,4630,1082
2405,1085,2405,1081,2422,1079,2422,1083
2408,1121,2408,1117,2425,1115,2425,1119
2800,1100,2941,1100,2941,1140,2800,1140
2963,1100,2974,1100,2974,1140,2963,1140
3197,1140,3197,1091,3228,1091,3228,1140
3801,1111,3922,1111,3922,1138,3801,1138
3933,1111,3940,1111,3940,1138,3933,1138
2212,1191,2212,1138,2246,1138,2246,1191
4571,1112,4594,1112,4594,1143,4571,1143
4594,1112,4602,1112,4602,1143,4594,1143
4603,1112,4626,1112,4626,1143,4603,1143
4631,1112,4670,1112,4670,1143,4631,1143
4574,1162,4584,1162,4584,1198,4574,1198
4585,1162,4595,1162,4595,1198,4585,1198
4597,1162,4617,1162,4617,1198,4597,1198
4622,1162,4662,1162,4662,1198,4622,1198
3803,1166,3922,1166,3922,1197,3803,1197
3933,1166,3941,1166,3941,1197,3933,1197
2068,1212,2174,1212,2174,1248,2068,1248
3802,1225,3875,1225,3875,1254,3802,1254
3887,1225,3914,1225,3914,1254,3887,1254
3926,1225,3974,1225,3974,1254,3926,1254
4572,1228,4578,1228,4578,1251,4572,1251
4586,1228,4592,1228,4592,1251,4586,1251
4591,1228,4617,1228,4617,1251,4591,1251
4622,1228,4660,1228,4660,1251,4622,1251
3803,1287,3872,1287,3872,1308,3803,1308
3889,1287,3894,1287,3894,1308,3889,1308
3902,1287,3907,1287,3907,1308,3902,1308
3908,1287,3950,1287,3950,1308,3908,1308
4574,1284,4582,1284,4582,1315,4574,1315
4587,1284,4595,1284,4595,1315,4587,1315
4593,1284,4614,1284,4614,1315,4593,1315
4624,1284,4659,1284,4659,1315,4624,1315
1666,1376,1666,1371,1687,1370,1687,1375
1665,1357,1664,1330,1685,1329,1686,1356
3801,1349,3855,1349,3855,1369,3801,1369
4575,1345,4582,1345,4582,1372,4575,1372
4586,1345,4593,1345,4593,1372,4586,1372
4594,1345,4614,1345,4614,1372,4594,1372
4623,1345,4663,1345,4663,1372,4623,1372
384,1364,390,1364,390,1387,384,1387
384,1364,396,1364,396,1387,384,1387
495,1364,507,1364,507,1387,495,1387
552,1364,558,1364,558,1387,552,1387
559,1364,565,1364,565,1387,559,1387
785,1367,789,1367,789,1384,785,1384
810,1367,814,1367,814,1384,810,1384
853,1367,857,1367,857,1384,853,1384
896,1367,900,1367,900,1384,896,1384
923,1367,1337,1367,1337,1384,923,1384
1325,1367,1329,1367,1329,1384,1325,1384
1334,1367,1338,1367,1338,1384,1334,1384
1719,1357,1719,1421,1690,1421,1690,1357
2087,1368,2145,1368,2145,1405,2087,1405
2372,1406,2372,1402,2388,1402,2388,1406
2372,1399,2372,1395,2388,1395,2388,1399
2372,1392,2372,1388,2388,1388,2388,1392
2372,1380,2372,1376,2388,1376,2388,1380
2393,1433,2392,1427,2416,1425,2417,1431
2391,1418,2390,1402,2414,1400,2415,1416
2389,1395,2387,1377,2411,1375,2413,1393
2082,1411,2091,1410,2094,1444,2085,1445
2100,1410,2109,1409,2112,1443,2103,1444
2112,1409,2146,1406,2149,1440,2115,1443
436,1447,506,1453,503,1478,434,1472
532,1456,550,1458,548,1483,530,1481
562,1459,583,1461,581,1486,560,1484
515,1444,539,1444,539,1460,515,1460
540,1444,544,1444,544,1460,540,1460
545,1444,549,1444,549,1460,545,1460
557,1444,561,1444,561,1460,557,1460
855,1447,863,1447,863,1478,855,1478
779,1447,839,1447,839,1478,779,1478
1308,1443,1312,1443,1312,1461,1308,1461
1316,1443,1320,1443,1320,1461,1316,1461
1324,1443,1328,1443,1328,1461,1324,1461
1335,1443,1339,1443,1339,1461,1335,1461
1307,1463,1326,1463,1326,1480,1307,1480
1335,1463,1351,1463,1351,1480,1335,1480
2314,1499,2314,1431,2329,1431,2329,1499
2329,1508,2329,1475,2343,1475,2343,1508
2329,1471,2329,1458,2343,1458,2343,1471
2329,1448,2329,1445,2343,1445,2343,1448
2329,1438,2329,1425,2343,1425,2343,1438
3808,1436,3901,1436,3901,1468,3808,1468
3920,1436,4067,1436,4067,1468,3920,1468
4078,1436,4257,1436,4257,1468,4078,1468
4515,1432,4563,1432,4563,1475,4515,1475
4568,1432,4580,1432,4580,1475,4568,1475
4587,1432,4627,1432,4627,1475,4587,1475
4644,1432,4723,1432,4723,1475,4644,1475
2395,1468,2394,1462,2418,1460,2419,1466
2399,1505,2398,1499,2422,1497,2423,1503
3108,1502,3117,1502,3116,1537,3107,1537
3141,1503,3196,1504,3195,1540,3140,1539
3239,1506,3248,1506,3247,1541,3238,1541
2402,1543,2401,1537,2425,1535,2426,1541
1582,1639,1582,1462,1594,1462,1594,1639
3800,1531,3898,1531,3898,1562,3800,1562
4575,1537,4580,1537,4580,1558,4575,1558
4586,1537,4591,1537,4591,1558,4586,1558
4595,1537,4614,1537,4614,1558,4595,1558
4625,1537,4660,1537,4660,1558,4625,1558
652,1576,701,1576,701,1597,652,1597
1294,1574,1348,1574,1348,1599,1294,1599
1353,1574,1359,1574,1359,1599,1353,1599
1945,1598,2012,1598,2012,1612,1945,1612
1936,1613,1967,1613,1967,1625,1936,1625
1972,1613,1988,1613,1988,1625,1972,1625
1995,1613,1997,1613,1997,1625,1995,1625
2006,1613,2018,1613,2018,1625,2006,1625
1070,1617,1089,1616,1090,1627,1071,1628
3807,1622,3903,1622,3903,1656,3807,1656
3915,1622,4061,1622,4061,1656,3915,1656
4075,1622,4232,1622,4232,1656,4075,1656
671,1641,682,1644,669,1684,659,1681
4481,1622,4527,1622,4527,1672,4481,1672
4536,1622,4550,1622,4550,1672,4536,1672
4548,1622,4593,1622,4593,1672,4548,1672
4605,1622,4688,1622,4688,1672,4605,1672
1755,1659,1784,1659,1784,1674,1755,1674
2225,1660,2228,1660,2228,1675,2225,1675
2233,1660,2236,1660,2236,1675,2233,1675
2239,1660,2242,1660,2242,1675,2239,1675
2252,1660,2255,1660,2255,1675,2252,1675
335,1666,351,1664,359,1721,343,1723
458,1648,474,1646,482,1703,466,1705
511,1641,527,1639,535,1696,519,1698
557,1634,573,1632,581,1689,565,1691
2757,1708,2757,1660,2788,1660,2788,1708
1719,1687,1723,1687,1723,1704,1719,1704
1759,1688,1763,1688,1763,1705,1759,1705
1795,1688,1799,1688,1799,1705,1795,1705
1833,1689,1837,1689,1837,1706,1833,1706
1905,1690,1909,1690,1909,1707,1905,1707
1941,1690,1945,1690,1945,1707,1941,1707
1978,1691,1982,1691,1982,1708,1978,1708
2087,1689,2091,1689,2092,1707,2088,1707
2121,1687,2125,1687,2126,1705,2122,1705
2159,1684,2163,1684,2164,1702,2160,1702
2198,1681,2219,1680,2220,1699,2199,1700
2229,1679,2255,1677,2256,1695,2230,1697
3122,1682,3193,1682,3193,1738,3122,1738
822,1742,830,1743,827,1772,819,1771
870,1747,878,1748,875,1777,867,1776
917,1751,925,1752,922,1781,914,1780
1050,1663,1050,1683,979,1683,979,1663
1050,1746,1050,1837,979,1837,979,1746
1050,1857,1050,1920,979,1920,979,1857
412,1842,412,1791,434,1791,434,1842
3135,1807,3137,1807,3137,1819,3135,1819
3171,1807,3173,1807,3173,1819,3171,1819
3208,1807,3210,1807,3210,1819,3208,1819
1121,1901,1121,1849,1145,1849,1145,1901
2207,1869,2261,1869,2261,1898,2207,1898
3758,1893,3814,1893,3814,1910,3758,1910
3819,1892,3839,1892,3839,1909,3819,1909
3846,1892,3873,1892,3873,1909,3846,1909
3879,1892,3921,1892,3921,1909,3879,1909
3926,1892,3930,1892,3930,1909,3926,1909
3936,1891,3940,1891,3940,1908,3936,1908
3940,1891,3944,1891,3944,1908,3940,1908
3944,1891,3960,1891,3960,1908,3944,1908
3966,1891,3978,1891,3978,1908,3966,1908
3983,1891,3997,1891,3997,1908,3983,1908
4150,1891,4152,1891,4152,1902,4150,1902
4158,1891,4180,1891,4180,1902,4158,1902
4183,1891,4195,1891,4195,1902,4183,1902
4201,1891,4236,1891,4236,1902,4201,1902
4239,1891,4255,1891,4255,1902,4239,1902
4261,1891,4263,1891,4263,1902,4261,1902
4271,1891,4273,1891,4273,1902,4271,1902
4275,1891,4277,1891,4277,1902,4275,1902
4278,1891,4294,1891,4294,1902,4278,1902
4302,1891,4312,1891,4312,1902,4302,1902
4317,1891,4330,1891,4330,1902,4317,1902
4538,1892,4594,1892,4594,1903,4538,1903
602,1891,745,1891,745,1933,602,1933
769,1891,780,1891,780,1933,769,1933
4101,1883,4121,1883,4121,1913,4101,1913
1240,1892,1381,1892,1381,1932,1240,1932
1403,1892,1414,1892,1414,1932,1403,1932
3303,2049,3303,1981,3335,1981,3335,2049
3303,1968,3303,1960,3335,1960,3335,1968
3303,1955,3303,1947,3335,1947,3335,1955
3303,1912,3303,1904,3335,1904,3335,1912
3303,1876,3303,1868,3335,1868,3335,1876
3303,1839,3303,1831,3335,1831,3335,1839
3303,1803,3303,1795,3335,1795,3335,1803
3759,1934,3813,1934,3813,1947,3759,1947
3817,1934,3846,1934,3846,1947,3817,1947
3852,1934,3893,1934,3893,1947,3852,1947
3898,1934,3901,1934,3901,1947,3898,1947
3908,1934,3911,1934,3911,1947,3908,1947
3912,1934,3915,1934,3915,1947,3912,1947
3916,1934,3930,1934,3930,1947,3916,1947
3940,1934,3949,1934,3949,1947,3940,1947
3955,1934,3968,1934,3968,1947,3955,1947
4150,1931,4152,1931,4152,1941,4150,1941
4158,1931,4178,1931,4178,1941,4158,1941
4183,1931,4195,1931,4195,1941,4183,1941
4199,1931,4234,1931,4234,1941,4199,1941
4241,1931,4255,1931,4255,1941,4241,1941
4261,1931,4263,1931,4263,1941,4261,1941
4271,1931,4273,1931,4273,1941,4271,1941
4275,1931,4277,1931,4277,1941,4275,1941
4279,1931,4294,1931,4294,1941,4279,1941
4302,1931,4312,1931,4312,1941,4302,1941
4317,1931,4330,1931,4330,1941,4317,1941
4334,1931,4336,1931,4336,1941,4334,1941
4149,1943,4151,1943,4151,1954,4149,1954
4154,1943,4156,1943,4156,1954,4154,1954
4157,1943,4173,1943,4173,1954,4157,1954
4181,1943,4203,1943,4203,1954,4181,1954
4207,1943,4219,1943,4219,1954,4207,1954
4224,1943,4261,1943,4261,1954,4224,1954
4539,1934,4569,1934,4569,1946,4539,1946
4575,1934,4597,1934,4597,1946,4575,1946
3675,1912,3675,1890,3706,1890,3706,1912
3675,1954,3675,1931,3706,1931,3706,1954
3675,2000,3675,1972,3706,1972,3706,2000
3675,2039,3675,2031,3706,2031,3706,2039
457,1972,463,1972,464,1995,458,1995
501,1970,507,1970,508,1993,502,1993
549,1968,555,1968,556,1991,550,1991
599,1967,605,1967,606,1990,600,1990
3758,1978,3812,1978,3812,1990,3758,1990
3818,1978,3837,1978,3837,1990,3818,1990
3844,1978,3873,1978,3873,1990,3844,1990
3879,1978,3920,1978,3920,1990,3879,1990
3927,1978,3929,1978,3929,1990,3927,1990
3937,1978,3939,1978,3939,1990,3937,1990
3941,1978,3943,1978,3943,1990,3941,1990
3944,1978,3960,1978,3960,1990,3944,1990
3967,1978,3978,1978,3978,1990,3967,1990
3983,1978,3997,1978,3997,1990,3983,1990
4148,1983,4170,1983,4170,1994,4148,1994
4176,1983,4186,1983,4186,1994,4176,1994
4191,1983,4226,1983,4226,1994,4191,1994
4231,1983,4266,1983,4266,1994,4231,1994
4537,1984,4577,1984,4577,1997,4537,1997
4584,1984,4587,1984,4587,1997,4584,1997
4592,1984,4626,1984,4626,1997,4592,1997
4631,1984,4651,1984,4651,1997,4631,1997
993,2015,993,2006,1028,2006,1028,2015
3181,2010,3233,2010,3233,2046,3181,2046
3235,2010,3245,2010,3245,2046,3235,2046
3758,2018,3812,2018,3812,2030,3758,2030
3816,2018,3838,2018,3838,2030,3816,2030
3844,2018,3853,2018,3853,2030,3844,2030
3859,2018,3867,2018,3867,2030,3859,2030
3871,2018,3894,2018,3894,2030,3871,2030
3900,2018,3902,2018,3902,2030,3900,2030
3910,2018,3912,2018,3912,2030,3910,2030
3914,2018,3916,2018,3916,2030,3914,2030
3917,2018,3933,2018,3933,2030,3917,2030
3940,2018,3951,2018,3951,2030,3940,2030
3956,2018,3970,2018,3970,2030,3956,2030
4147,2018,4171,2018,4171,2031,4147,2031
4177,2018,4187,2018,4187,2031,4177,2031
4189,2018,4192,2018,4192,2031,4189,2031
4192,2018,4204,2018,4204,2031,4192,2031
4207,2018,4210,2018,4210,2031,4207,2031
4212,2018,4229,2018,4229,2031,4212,2031
4235,2018,4238,2018,4238,2031,4235,2031
4243,2018,4246,2018,4246,2031,4243,2031
4249,2018,4252,2018,4252,2031,4249,2031
4253,2018,4267,2018,4267,2031,4253,2031
4276,2018,4285,2018,4285,2031,4276,2031
4293,2018,4306,2018,4306,2031,4293,2031
4538,2027,4565,2027,4565,2037,4538,2037
4567,2027,4619,2027,4619,2037,4567,2037
993,2065,993,2056,1028,2056,1028,2065
2244,2043,2346,2043,2346,2085,2244,2085
3758,2062,3812,2062,3812,2075,3758,2075
3817,2062,3838,2062,3838,2075,3817,2075
3844,2062,3853,2062,3853,2075,3844,2075
3858,2062,3919,2062,3919,2075,3858,2075
3926,2062,3940,2062,3940,2075,3926,2075
3946,2062,3986,2062,3986,2075,3946,2075
4149,2061,4170,2061,4170,2073,4149,2073
4175,2061,4197,2061,4197,2073,4175,2073
4205,2061,4207,2061,4207,2073,4205,2073
4213,2061,4215,2061,4215,2073,4213,2073
4218,2061,4220,2061,4220,2073,4218,2073
4221,2061,4236,2061,4236,2073,4221,2073
4246,2061,4254,2061,4254,2073,4246,2073
4263,2061,4274,2061,4274,2073,4263,2073
4537,2064,4592,2064,4592,2078,4537,2078
4597,2064,4638,2064,4638,2078,4597,2078
4642,2064,4659,2064,4659,2078,4642,2078
4663,2064,4707,2064,4707,2078,4663,2078
4711,2064,4721,2064,4721,2078,4711,2078
4727,2064,4769,2064,4769,2078,4727,2078
1689,2114,1689,2064,1716,2064,1716,2114
3757,2102,3806,2102,3806,2115,3757,2115
3810,2102,3813,2102,3813,2115,3810,2115
3814,2102,3834,2102,3834,2115,3814,2115
3839,2102,3866,2102,3866,2115,3839,2115
3873,2102,3892,2102,3892,2115,3873,2115
3898,2102,3920,2102,3920,2115,3898,2115
3924,2102,3937,2102,3937,2115,3924,2115
3941,2102,3987,2102,3987,2115,3941,2115
3990,2102,3993,2102,3993,2115,3990,2115
3758,2115,3810,2115,3810,2126,3758,2126
3814,2115,3828,2115,3828,2126,3814,2126
3833,2115,3855,2115,3855,2126,3833,2126
4147,2108,4171,2108,4171,2121,4147,2121
4175,2108,4199,2108,4199,2121,4175,2121
4204,2108,4207,2108,4207,2121,4204,2121
4214,2108,4217,2108,4217,2121,4214,2121
4218,2108,4221,2108,4221,2121,4218,2121
4222,2108,4236,2108,4236,2121,4222,2121
4246,2108,4255,2108,4255,2121,4246,2121
4262,2108,4274,2108,4274,2121,4262,2121
4538,2104,4557,2104,4557,2118,4538,2118
4562,2104,4610,2104,4610,2118,4562,2118
4614,2104,4617,2104,4617,2118,4614,2118
4618,2104,4621,2104,4621,2118,4618,2118
4621,2104,4665,2104,4665,2118,4621,2118
4670,2104,4680,2104,4680,2118,4670,2118
4684,2104,4723,2104,4723,2118,4684,2118
993,2141,993,2132,1028,2132,1028,2141
3757,2150,3796,2150,3796,2163,3757,2163
3800,2150,3812,2150,3812,2163,3800,2163
3817,2150,3846,2150,3846,2163,3817,2163
3850,2150,3856,2150,3856,2163,3850,2163
4148,2144,4171,2144,4171,2157,4148,2157
4174,2144,4186,2144,4186,2157,4174,2157
4190,2144,4227,2144,4227,2157,4190,2157
4232,2144,4247,2144,4247,2157,4232,2157
4253,2144,4302,2144,4302,2157,4253,2157
4307,2144,4330,2144,4330,2157,4307,2157
4538,2151,4573,2151,4573,2163,4538,2163
4578,2151,4622,2151,4622,2163,4578,2163
2262,2136,2321,2136,2321,2173,2262,2173
2261,2177,2272,2177,2272,2217,2261,2217
2277,2177,2288,2177,2288,2217,2277,2217
2292,2177,2322,2177,2322,2217,2292,2217
3371,2289,3375,2152,3434,2154,3430,2291
3379,2072,3380,2056,3437,2058,3437,2074
4148,2184,4171,2184,4171,2197,4148,2197
4174,2184,4186,2184,4186,2197,4174,2197
4190,2184,4227,2184,4227,2197,4190,2197
4232,2184,4247,2184,4247,2197,4232,2197
4253,2184,4302,2184,4302,2197,4253,2197
4308,2184,4328,2184,4328,2197,4308,2197
4335,2184,4374,2184,4374,2197,4335,2197
2443,2190,2449,2190,2449,2213,2443,2213
2542,2189,2548,2189,2547,2212,2541,2212
2593,2190,2599,2190,2598,2213,2592,2213
2641,2191,2647,2191,2646,2214,2640,2214
2689,2192,2695,2192,2694,2215,2688,2215
2739,2194,2745,2194,2744,2217,2738,2217
3757,2192,3780,2192,3780,2206,3757,2206
3785,2192,3823,2192,3823,2206,3785,2206
2789,2195,2838,2196,2837,2219,2788,2218
4534,2189,4580,2189,4580,2201,4534,2201
4585,2189,4631,2189,4631,2201,4585,2201
4635,2189,4687,2189,4687,2201,4635,2201
4690,2189,4702,2189,4702,2201,4690,2201
4706,2189,4733,2189,4733,2201,4706,2201
4535,2203,4606,2203,4606,2214,4535,2214
579,2222,629,2222,629,2245,579,2245
715,2223,745,2223,745,2240,715,2240
3225,2216,3234,2215,3236,2250,3227,2251
4148,2225,4171,2225,4171,2238,4148,2238
4174,2225,4186,2225,4186,2238,4174,2238
4190,2225,4227,2225,4227,2238,4190,2238
4232,2225,4247,2225,4247,2238,4232,2238
4253,2225,4302,2225,4302,2238,4253,2238
4308,2225,4328,2225,4328,2238,4308,2238
4336,2225,4358,2225,4358,2238,4336,2238
3022,2228,3141,2221,3143,2257,3024,2264
3757,2234,3790,2234,3790,2247,3757,2247
3793,2234,3829,2234,3829,2247,3793,2247
3833,2234,3842,2234,3842,2247,3833,2247
3849,2234,3888,2234,3888,2247,3849,2247
4467,2229,4487,2229,4487,2241,4467,2241
4537,2234,4566,2234,4566,2248,4537,2248
4571,2234,4611,2234,4611,2248,4571,2248
4617,2234,4661,2234,4661,2248,4617,2248
1312,2251,1317,2251,1316,2270,1311,2270
1331,2252,1377,2253,1376,2272,1330,2271
3326,2261,3327,2261,3329,2268,3328,2269
3336,2258,3337,2258,3339,2265,3338,2266
3341,2257,3354,2253,3357,2261,3343,2265
4148,2271,4172,2271,4172,2286,4148,2286
4177,2271,4193,2271,4193,2286,4177,2286
4198,2271,4229,2271,4229,2286,4198,2286
4234,2271,4245,2271,4245,2286,4234,2286
4249,2271,4284,2271,4284,2286,4249,2286
3757,2282,3790,2282,3790,2295,3757,2295
3793,2282,3829,2282,3829,2295,3793,2295
3833,2282,3845,2282,3845,2295,3833,2295
3849,2282,3882,2282,3882,2295,3849,2295
4091,2273,4104,2273,4104,2290,4091,2290
4439,2276,4482,2276,4482,2295,4439,2295
4519,2276,4524,2276,4524,2295,4519,2295
4538,2276,4585,2276,4585,2295,4538,2295
2903,2283,2974,2283,2974,2312,2903,2312
3340,2304,3342,2304,3343,2314,3341,2314
3345,2303,3347,2303,3348,2313,3346,2313
3351,2303,3353,2303,3354,2313,3352,2313
3356,2303,3358,2303,3359,2313,3357,2313
3361,2302,3363,2302,3364,2312,3362,2312
4108,2315,4134,2315,4134,2322,4108,2322
1396,2320,1441,2320,1441,2340,1396,2340
3758,2325,3803,2325,3803,2336,3758,2336
3808,2325,3830,2325,3830,2336,3808,2336
3834,2325,3859,2325,3859,2336,3834,2336
3864,2325,3919,2325,3919,2336,3864,2336
4148,2325,4163,2325,4163,2338,4148,2338
4172,2325,4181,2325,4181,2338,4172,2338
4189,2325,4218,2325,4218,2338,4189,2338
4223,2325,4243,2325,4243,2338,4223,2338
4247,2325,4313,2325,4313,2338,4247,2338
4316,2325,4338,2325,4338,2338,4316,2338
4343,2325,4353,2325,4353,2338,4343,2338
4358,2325,4400,2325,4400,2338,4358,2338
1417,2321,1433,2316,1444,2349,1427,2354
3041,2331,3049,2331,3049,2360,3041,2360
3065,2330,3073,2330,3073,2359,3065,2359
3080,2330,3088,2330,3088,2359,3080,2359
3104,2330,3112,2330,3112,2359,3104,2359
3128,2329,3136,2329,3136,2358,3128,2358
3140,2329,3148,2329,3148,2358,3140,2358
3152,2328,3158,2328,3158,2357,3152,2357
3215,2327,3259,2326,3259,2356,3216,2357
745,2383,745,2332,772,2332,772,2383
3165,2348,3165,2345,3180,2345,3180,2348
3043,2339,3054,2340,3052,2382,3041,2381
3090,2342,3101,2343,3099,2385,3088,2384
3136,2344,3167,2346,3165,2388,3134,2386
3165,2367,3165,2364,3180,2364,3180,2367
1477,2369,1504,2368,1504,2379,1477,2380
3215,2348,3226,2349,3224,2391,3213,2390
3759,2366,3781,2366,3781,2379,3759,2379
3786,2366,3795,2366,3795,2379,3786,2379
3802,2366,3837,2366,3837,2379,3802,2379
3841,2366,3856,2366,3856,2379,3841,2379
3862,2366,3865,2366,3865,2379,3862,2379
3870,2366,3873,2366,3873,2379,3870,2379
3876,2366,3879,2366,3879,2379,3876,2379
3879,2366,3895,2366,3895,2379,3879,2379
3903,2366,3912,2366,3912,2379,3903,2379
3919,2366,3932,2366,3932,2379,3919,2379
4148,2365,4162,2365,4162,2377,4148,2377
4170,2365,4191,2365,4191,2377,4170,2377
4197,2365,4262,2365,4262,2377,4197,2377
4265,2365,4302,2365,4302,2377,4265,2377
4307,2365,4334,2365,4334,2377,4307,2377
4341,2365,4346,2365,4346,2377,4341,2377
1123,2430,1123,2401,1137,2401,1137,2430
1340,2400,1447,2406,1445,2441,1338,2435
1456,2407,1465,2408,1463,2441,1454,2441
1463,2407,1472,2408,1470,2441,1461,2441
1487,2408,1496,2409,1494,2442,1485,2442
3054,2434,3054,2429,3075,2429,3075,2434
3054,2421,3054,2416,3075,2416,3075,2421
3054,2411,3054,2395,3075,2395,3075,2411
3116,2411,3116,2439,3101,2439,3101,2411
3164,2388,3164,2385,3179,2385,3179,2388
3164,2409,3164,2406,3179,2406,3179,2409
3183,2449,3183,2445,3201,2445,3201,2449
3183,2432,3183,2428,3201,2428,3201,2432
3183,2417,3183,2413,3201,2413,3201,2417
3183,2402,3183,2398,3201,2398,3201,2402
3183,2387,3183,2383,3201,2383,3201,2387
3163,2428,3163,2425,3178,2425,3178,2428
3163,2449,3163,2446,3178,2446,3178,2449
2701,2424,2714,2425,2711,2472,2698,2471
2744,2427,2757,2428,2754,2475,2741,2474
2792,2430,2805,2431,2802,2478,2789,2477
2840,2432,2853,2433,2850,2480,2837,2479
3162,2475,3162,2472,3177,2472,3177,2475
3683,2456,3737,2456,3737,2490,3683,2490
3756,2456,3787,2456,3787,2490,3756,2490
3805,2456,3912,2456,3912,2490,3805,2490
3931,2456,3962,2456,3962,2490,3931,2490
3976,2456,4109,2456,4109,2490,3976,2490
4117,2456,4183,2456,4183,2490,4117,2490
4196,2456,4205,2456,4205,2490,4196,2490
4203,2456,4212,2456,4212,2490,4203,2490
4212,2456,4346,2456,4346,2490,4212,2490
4292,2576,4302,2576,4302,2585,4292,2585
4285,2587,4291,2587,4291,2593,4285,2593
4293,2587,4294,2587,4294,2593,4293,2593
4295,2587,4300,2587,4300,2593,4295,2593
4303,2587,4311,2587,4311,2593,4303,2593
4175,2657,4185,2657,4185,2665,4175,2665
4169,2667,4174,2667,4174,2675,4169,2675
4176,2667,4177,2667,4177,2675,4176,2675
4178,2667,4183,2667,4183,2676,4178,2676
4186,2668,4196,2668,4196,2676,4186,2676
4386,2577,4386,2619,4353,2619,4353,2577
4386,2657,4386,2676,4353,2676,4353,2657
4386,2737,4386,2855,4353,2855,4353,2737
4310,2723,4320,2723,4320,2733,4310,2733
4303,2733,4309,2733,4309,2741,4303,2741
4310,2733,4311,2733,4311,2741,4310,2741
4313,2733,4318,2733,4318,2741,4313,2741
4322,2733,4323,2733,4323,2741,4322,2741
4174,2831,4188,2831,4188,2838,4174,2838
4175,2839,4185,2838,4185,2846,4175,2847
4168,2849,4174,2849,4174,2855,4168,2855
4176,2849,4177,2849,4177,2855,4176,2855
4178,2849,4183,2849,4183,2855,4178,2855
4186,2849,4196,2849,4196,2855,4186,2855
4375,2896,4371,2952,4353,2951,4357,2895
4131,2998,4155,2998,4155,3006,4131,3006
4174,3031,4186,3031,4186,3039,4174,3039
2395,3078,2398,3078,2398,3092,2395,3092
2434,3079,2437,3079,2437,3093,2434,3093
2343,3094,2343,3088,2368,3088,2368,3094
2475,3080,2478,3080,2478,3094,2475,3094
2515,3081,2518,3081,2518,3095,2515,3095
4489,3097,4492,3104,4484,3108,4481,3101
2343,3136,2343,3130,2368,3130,2368,3136
2353,3122,2359,3122,2360,3146,2354,3146
142,3128,168,3128,168,3151,142,3151
2395,3121,2401,3121,2402,3145,2396,3145
238,3128,244,3128,244,3151,238,3151
248,3128,254,3128,254,3151,248,3151
257,3128,263,3128,263,3151,257,3151
2438,3120,2444,3120,2445,3144,2439,3144
2475,3119,2481,3119,2482,3143,2476,3143
2518,3118,2524,3118,2525,3142,2519,3142
4093,3121,4101,3121,4101,3129,4093,3129
4085,3130,4090,3130,4090,3138,4085,3138
4092,3130,4093,3130,4093,3138,4092,3138
4095,3129,4100,3129,4100,3138,4095,3138
4102,3129,4112,3129,4112,3137,4102,3137
2558,3117,2564,3117,2565,3141,2559,3141
2598,3116,2604,3116,2605,3140,2599,3140
4342,3128,4354,3128,4354,3135,4342,3135
4344,3137,4352,3137,4352,3144,4344,3145
4336,3146,4341,3146,4341,3153,4336,3153
4342,3146,4343,3146,4343,3153,4342,3153
4346,3146,4351,3146,4351,3153,4346,3153
4353,3146,4363,3146,4363,3153,4353,3153
2164,3159,2244,3159,2244,3188,2164,3188
2147,3188,2270,3192,2269,3227,2146,3223
4023,3182,4143,3182,4143,3189,4023,3189
4022,3190,4129,3190,4129,3197,4022,3197
1866,3180,1960,3183,1959,3218,1865,3215
1975,3183,2095,3186,2094,3221,1974,3218
4412,3190,4413,3190,4413,3198,4412,3198
4466,3182,4531,3182,4531,3189,4466,3189
4457,3189,4520,3188,4520,3197,4457,3198
4263,3199,4338,3199,4338,3205,4263,3205
4338,3199,4339,3199,4339,3205,4338,3205
2398,3191,2462,3191,2462,3223,2398,3223
2469,3191,2562,3191,2562,3223,2469,3223
2739,3194,2834,3194,2834,3217,2739,3217
3005,3191,3065,3191,3065,3222,3005,3222
3074,3191,3082,3191,3082,3222,3074,3222
3084,3191,3170,3191,3170,3222,3084,3222
3347,3175,3439,3175,3439,3206,3347,3206
3270,3209,3373,3209,3373,3241,3270,3241
3385,3209,3446,3209,3446,3241,3385,3241
3462,3209,3503,3209,3503,3241,3462,3241
4118,3213,4201,3215,4201,3222,4118,3220
153,3272,157,3272,157,3290,153,3290
159,3272,218,3272,218,3290,159,3290
151,3294,184,3294,184,3315,151,3315
192,3294,265,3294,265,3315,192,3315
272,3294,364,3294,364,3315,272,3315
373,3294,388,3294,388,3315,373,3315
394,3294,468,3294,468,3315,394,3315
478,3294,560,3294,560,3315,478,3315
571,3294,609,3294,609,3315,571,3315
615,3294,747,3294,747,3315,615,3315
750,3294,755,3294,755,3315,750,3315
760,3294,813,3294,813,3315,760,3315
823,3294,853,3294,853,3315,823,3315
861,3294,934,3294,934,3315,861,3315
946,3294,980,3294,980,3315,946,3315
990,3294,1075,3294,1075,3315,990,3315
1085,3294,1126,3294,1126,3315,1085,3315
1132,3294,1147,3294,1147,3315,1132,3315
1156,3294,1218,3294,1218,3315,1156,3315
1228,3294,1258,3294,1258,3315,1228,3315
1266,3294,1321,3294,1321,3315,1266,3315
1329,3294,1348,3294,1348,3315,1329,3315
1357,3294,1372,3294,1372,3315,1357,3315
1385,3294,1400,3294,1400,3315,1385,3315
1412,3294,1469,3294,1469,3315,1412,3315
1469,3294,1474,3294,1474,3315,1469,3315
1483,3294,1510,3294,1510,3315,1483,3315
1518,3294,1541,3294,1541,3315,1518,3315
1550,3294,1594,3294,1594,3315,1550,3315
1604,3294,1623,3294,1623,3315,1604,3315
1633,3294,1677,3294,1677,3315,1633,3315
1684,3294,1707,3294,1707,3315,1684,3315
1717,3294,1783,3294,1783,3315,1717,3315
1785,3294,1819,3294,1819,3315,1785,3315
1823,3294,1970,3294,1970,3315,1823,3315
1972,3294,1999,3294,1999,3315,1972,3315
2005,3294,2100,3294,2100,3315,2005,3315
2103,3294,2108,3294,2108,3315,2103,3315
2115,3294,2175,3294,2175,3315,2115,3315
2178,3294,2183,3294,2183,3315,2178,3315
2189,3294,2223,3294,2223,3315,2189,3315
2232,3294,2307,3294,2307,3315,2232,3315
2307,3294,2312,3294,2312,3315,2307,3315
2322,3294,2436,3294,2436,3315,2322,3315
2437,3294,2442,3294,2442,3315,2437,3315
2449,3294,2555,3294,2555,3315,2449,3315
2563,3294,2582,3294,2582,3315,2563,3315
2592,3294,2703,3294,2703,3315,2592,3315
2706,3294,2711,3294,2711,3315,2706,3315
2720,3294,2796,3294,2796,3315,2720,3315
2798,3294,2803,3294,2803,3315,2798,3315
2812,3294,2876,3294,2876,3315,2812,3315
2882,3294,2912,3294,2912,3315,2882,3315
2920,3294,3000,3294,3000,3315,2920,3315
3008,3294,3046,3294,3046,3315,3008,3315
3051,3294,3110,3294,3110,3315,3051,3315
3113,3294,3118,3294,3118,3315,3113,3315
3121,3294,3137,3294,3137,3315,3121,3315
3148,3294,3159,3294,3159,3315,3148,3315
3171,3294,3210,3294,3210,3315,3171,3315
3216,3294,3221,3294,3221,3315,3216,3315
3229,3294,3258,3294,3258,3315,3229,3315
3269,3294,3337,3294,3337,3315,3269,3315
3339,3294,3344,3294,3344,3315,3339,3315
3347,3294,3363,3294,3363,3315,3347,3315
3370,3294,3508,3294,3508,3315,3370,3315
152,3314,217,3314,217,3339,152,3339
223,3314,246,3314,246,3339,223,3339
253,3314,281,3314,281,3339,253,3339
289,3314,369,3314,369,3339,289,3339
381,3314,424,3314,424,3339,381,3339
429,3314,527,3314,527,3339,429,3339
537,3314,543,3314,543,3339,537,3339
546,3314,552,3314,552,3339,546,3339
552,3314,615,3314,615,3339,552,3339
625,3314,639,3314,639,3339,625,3339
651,3314,718,3314,718,3339,651,3339
728,3314,757,3314,757,3339,728,3339
765,3314,858,3314,858,3339,765,3339
866,3314,923,3314,923,3339,866,3339
930,3314,953,3314,953,3339,930,3339
960,3314,1053,3314,1053,3339,960,3339
1064,3314,1082,3314,1082,3339,1064,3339
1086,3314,1183,3314,1183,3339,1086,3339
1191,3314,1220,3314,1220,3339,1191,3339
1228,3314,1274,3314,1274,3339,1228,3339
1285,3314,1291,3314,1291,3339,1285,3339
1293,3314,1299,3314,1299,3339,1293,3339
1301,3314,1338,3314,1338,3339,1301,3339
1340,3314,1346,3314,1346,3339,1340,3339
1351,3314,1456,3314,1456,3339,1351,3339
1462,3314,1490,3314,1490,3339,1462,3339
1495,3314,1616,3314,1616,3339,1495,3339
1623,3314,1662,3314,1662,3339,1623,3339
1667,3314,1776,3314,1776,3339,1667,3339
1785,3314,1791,3314,1791,3339,1785,3339
1792,3314,1798,3314,1798,3339,1792,3339
1801,3314,1830,3314,1830,3339,1801,3339
1839,3314,1927,3314,1927,3339,1839,3339
1935,3314,1941,3314,1941,3339,1935,3339
1953,3314,1971,3314,1971,3339,1953,3339
1980,3314,2013,3314,2013,3339,1980,3339
2023,3314,2041,3314,2041,3339,2023,3339
2050,3314,2117,3314,2117,3339,2050,3339
2126,3314,2149,3314,2149,3339,2126,3339
2154,3314,2160,3314,2160,3339,2154,3339
2159,3314,2165,3314,2165,3339,2159,3339
2167,3314,2214,3314,2214,3339,2167,3339
2219,3314,2306,3314,2306,3339,2219,3339
2310,3314,2316,3314,2316,3339,2310,3339
2322,3314,2351,3314,2351,3339,2322,3339
2357,3314,2451,3314,2451,3339,2357,3339
2461,3314,2556,3314,2556,3339,2461,3339
2557,3314,2563,3314,2563,3339,2557,3339
2569,3314,2702,3314,2702,3339,2569,3339
2710,3314,2728,3314,2728,3339,2710,3339
2738,3314,2871,3314,2871,3339,2738,3339
2871,3314,2877,3314,2877,3339,2871,3339
2884,3314,2917,3314,2917,3339,2884,3339
2926,3314,2940,3314,2940,3339,2926,3339
2951,3314,2969,3314,2969,3339,2951,3339
2980,3314,3008,3314,3008,3339,2980,3339
3011,3314,3093,3314,3093,3339,3011,3339
3101,3314,3122,3314,3122,3339,3101,3339
3134,3314,3233,3314,3233,3339,3134,3339
3239,3314,3287,3314,3287,3339,3239,3339
3287,3314,3293,3314,3293,3339,3287,3339
3298,3314,3323,3314,3323,3339,3298,3339
3330,3314,3405,3314,3405,3339,3330,3339
3410,3314,3416,3314,3416,3339,3410,3339
3420,3314,3445,3314,3445,3339,3420,3339
152,3340,220,3340,220,3361,152,3361
224,3340,229,3340,229,3361,224,3361
232,3340,259,3340,259,3361,232,3361
267,3340,312,3340,312,3361,267,3361
317,3340,322,3340,322,3361,317,3361
331,3340,361,3340,361,3361,331,3361
366,3340,391,3340,391,3361,366,3361
401,3340,513,3340,513,3361,401,3361
523,3340,538,3340,538,3361,523,3361
543,3340,576,3340,576,3361,543,3361
583,3340,721,3340,721,3361,583,3361
722,3340,727,3340,727,3361,722,3361
730,3340,753,3340,753,3361,730,3361
759,3340,827,3340,827,3361,759,3361
829,3340,834,3340,834,3361,829,3361
840,3340,845,3340,845,3361,840,3361
844,3340,849,3340,849,3361,844,3361
850,3340,970,3340,970,3361,850,3361
975,3340,994,3340,994,3361,975,3361
996,3340,1019,3340,1019,3361,996,3361
1031,3340,1131,3340,1131,3361,1031,3361
1138,3340,1168,3340,1168,3361,1138,3361
1176,3340,1280,3340,1280,3361,1176,3361
1293,3340,1332,3340,1332,3361,1293,3361
1334,3340,1443,3340,1443,3361,1334,3361
1454,3340,1459,3340,1459,3361,1454,3361
1463,3340,1468,3340,1468,3361,1463,3361
1469,3340,1497,3340,1497,3361,1469,3361
1502,3340,1579,3340,1579,3361,1502,3361
1584,3340,1589,3340,1589,3361,1584,3361
3660,3292,3748,3292,3748,3332,3660,3332
3764,3292,3775,3292,3775,3332,3764,3332
3796,3292,3825,3292,3825,3332,3796,3332
3834,3292,3845,3292,3845,3332,3834,3332
3849,3292,3878,3292,3878,3332,3849,3332
3887,3292,3898,3292,3898,3332,3887,3332
3896,3292,3967,3292,3967,3332,3896,3332
4273,3286,4393,3286,4393,3337,4273,3337
4402,3286,4416,3286,4416,3337,4402,3337
4480,3286,4494,3286,4494,3337,4480,3337
