4015,170,4299,170,4299,228,4015,228
4019,226,4297,226,4297,284,4019,284
4106,374,4112,374,4112,398,4106,398
4120,374,4155,374,4155,398,4120,398
4164,374,4186,374,4186,398,4164,398
4196,374,4243,374,4243,398,4196,398
4256,374,4262,374,4262,398,4256,398
4273,374,4361,374,4361,398,4273,398
4130,406,4189,406,4189,429,4130,429
4204,406,4256,406,4256,429,4204,429
4262,406,4319,406,4319,429,4262,429
302,486,649,247,699,321,352,559
4156,472,4302,472,4302,551,4156,551
3967,588,4042,588,4042,631,3967,631
4051,588,4191,588,4191,631,4051,631
4205,588,4217,588,4217,631,4205,631
4221,588,4295,588,4295,631,4221,631
4313,588,4374,588,4374,631,4313,631
4392,588,4497,588,4497,631,4392,631
4116,632,4217,632,4217,679,4116,679
4234,632,4349,632,4349,679,4234,679
3957,689,4031,689,4031,729,3957,729
4037,689,4087,689,4087,729,4037,729
4092,689,4103,689,4103,729,4092,729
4261,690,4344,690,4344,728,4261,728
4362,690,4372,690,4372,728,4362,728
3949,744,4036,744,4036,787,3949,787
4249,747,4282,747,4282,783,4249,783
3651,694,3835,694,3835,725,3651,725
3849,694,3857,694,3857,725,3849,725
4542,692,4675,692,4675,730,4542,730
4697,692,4707,692,4707,730,4697,730
4549,748,4578,748,4578,786,4549,786
4597,748,4717,748,4717,786,4597,786
1432,835,1490,833,1491,867,1433,869
4107,847,4356,847,4356,893,4107,893
3803,933,3896,933,3896,962,3803,962
3910,933,3918,933,3918,962,3910,962
3932,933,4023,933,4023,962,3932,962
4569,940,4588,940,4588,961,4569,961
4593,940,4598,940,4598,961,4593,961
4600,940,4619,940,4619,961,4600,961
4629,940,4668,940,4668,961,4629,961
859,1004,859,950,890,950,890,1004
1414,966,1529,970,1528,1006,1413,1002
1777,940,1845,940,1845,977,1777,977
1755,983,1766,983,1766,1025,1755,1025
1772,983,1783,983,1783,1025,1772,1025
1789,983,1800,983,1800,1025,1789,1025
1811,983,1822,983,1822,1025,1811,1025
1827,983,1857,983,1857,1025,1827,1025
3803,997,3897,997,3897,1026,3803,1026
4574,1003,4580,1003,4580,1026,4574,1026
4586,1003,4592,1003,4592,1026,4586,1026
4592,1003,4613,1003,4613,1026,4592,1026
4622,1003,4660,1003,4660,1026,4622,1026
3804,1059,3918,1059,3918,1090,3804,1090
4570,1066,4587,1066,4587,1089,4570,1089
4592,1066,4598,1066,4598,1089,4592,1089
4600,1066,4621,1066,4621,1089,4600,1089
4630,1066,4668,1066,4668,1089,4630,1089
3806,1126,3875,1126,3875,1157,3806,1157
3887,1126,3895,1126,3895,1157,3887,1157
3900,1126,3908,1126,3908,1157,3900,1157
3908,1126,3952,1126,3952,1157,3908,1157
4573,1125,4582,1125,4582,1159,4573,1159
4583,1125,4592,1125,4592,1159,4583,1159
4593,1125,4618,1125,4618,1159,4593,1159
4620,1125,4664,1125,4664,1159,4620,1159
1052,1147,1126,1147,1126,1164,1052,1164
1040,1165,1077,1165,1077,1180,1040,1180
1082,1165,1098,1165,1098,1180,1082,1180
1108,1165,1111,1165,1111,1180,1108,1180
1119,1165,1133,1165,1133,1180,1119,1180
1770,1152,1843,1152,1843,1168,1770,1168
1758,1169,1793,1169,1793,1185,1758,1185
1798,1169,1816,1169,1816,1185,1798,1185
1824,1169,1828,1169,1828,1185,1824,1185
1838,1169,1849,1169,1849,1185,1838,1185
825,1181,906,1181,906,1208,825,1208
1981,1212,1985,1213,1983,1229,1979,1229
1990,1213,1994,1214,1992,1230,1988,1230
1997,1214,2001,1215,1999,1231,1995,1231
2010,1216,2014,1217,2012,1233,2008,1233
990,1212,994,1212,994,1230,990,1230
998,1212,1002,1212,1002,1230,998,1230
1006,1212,1010,1212,1010,1230,1006,1230
1019,1212,1023,1212,1023,1230,1019,1230
988,1233,1011,1234,1010,1251,987,1250
1020,1235,1036,1236,1035,1253,1019,1252
3805,1217,3901,1216,3901,1255,3805,1256
3918,1217,4067,1216,4067,1254,3918,1255
4079,1215,4256,1214,4256,1252,4079,1254
4516,1216,4564,1216,4564,1259,4516,1259
4569,1216,4581,1216,4581,1259,4569,1259
4582,1216,4630,1216,4630,1259,4582,1259
4639,1216,4726,1216,4726,1259,4639,1259
1584,1246,1588,1246,1588,1269,1584,1269
1622,1246,1626,1246,1626,1269,1622,1269
1678,1246,1684,1246,1684,1269,1678,1269
1718,1246,1724,1246,1724,1269,1718,1269
1757,1246,1763,1246,1763,1269,1757,1269
1838,1246,1844,1246,1844,1269,1838,1269
1948,1234,1972,1234,1972,1255,1948,1255
1983,1234,2010,1234,2010,1255,1983,1255
1958,1246,1964,1246,1964,1269,1958,1269
1877,1246,1883,1246,1883,1269,1877,1269
1918,1246,1924,1246,1924,1269,1918,1269
2032,1269,2086,1269,2086,1298,2032,1298
2808,1301,2821,1301,2821,1347,2808,1347
2869,1301,2882,1301,2882,1347,2869,1347
2897,1301,2910,1301,2910,1347,2897,1347
2921,1301,2934,1301,2934,1347,2921,1347
2952,1301,3011,1301,3011,1347,2952,1347
3802,1314,3899,1314,3899,1345,3802,1345
4540,1318,4545,1318,4545,1340,4540,1340
4550,1318,4555,1318,4555,1340,4550,1340
4560,1318,4576,1318,4576,1340,4560,1340
4588,1318,4624,1318,4624,1340,4588,1340
2904,1351,2915,1352,2911,1392,2900,1391
2943,1353,3013,1359,3009,1401,2939,1395
3806,1404,3898,1404,3898,1440,3806,1440
3918,1404,4058,1404,4058,1440,3918,1440
4076,1404,4232,1404,4232,1440,4076,1440
4478,1400,4525,1400,4525,1451,4478,1451
4534,1400,4548,1400,4548,1451,4534,1451
4554,1400,4591,1400,4591,1451,4554,1451
4607,1400,4683,1400,4683,1451,4607,1451
2655,1438,2835,1414,2846,1496,2666,1520
2905,1403,2962,1395,2974,1478,2916,1486
2170,1607,2238,1611,2236,1645,2168,1641
835,1614,851,1614,851,1672,835,1672
946,1632,955,1632,956,1665,947,1665
1000,1630,1009,1630,1010,1663,1001,1663
1051,1629,1060,1629,1061,1662,1052,1662
1106,1627,1115,1627,1116,1660,1107,1660
1157,1625,1166,1625,1167,1658,1158,1658
2165,1649,2176,1649,2176,1691,2165,1691
2187,1649,2198,1649,2198,1691,2187,1691
2197,1649,2236,1649,2236,1691,2197,1691
861,1770,861,1716,890,1716,890,1770
1599,1768,1599,1714,1630,1714,1630,1768
1050,1757,1210,1757,1210,1799,1050,1799
1232,1757,1243,1757,1243,1799,1232,1799
2152,1761,2262,1761,2262,1805,2152,1805
2924,1822,2927,1822,2927,1835,2924,1835
2945,1822,2948,1822,2948,1835,2945,1835
2967,1822,2970,1822,2970,1835,2967,1835
2988,1822,2991,1822,2991,1835,2988,1835
3011,1822,3014,1822,3014,1835,3011,1835
2626,1914,2757,1914,2757,1952,2626,1952
927,1971,933,1971,933,1996,927,1996
979,1971,985,1971,985,1996,979,1996
1037,1968,1045,1968,1045,2000,1037,2000
1090,1968,1098,1968,1098,2000,1090,2000
2055,1954,2064,1954,2064,1988,2055,1988
2111,1957,2119,1957,2119,1988,2111,1988
2166,1957,2174,1957,2174,1988,2166,1988
2220,1957,2228,1957,2228,1988,2220,1988
2566,1764,2566,1781,2506,1780,2506,1763
2565,1831,2565,1848,2505,1847,2505,1830
2565,1886,2565,1903,2505,1902,2505,1885
2564,1941,2564,1958,2504,1957,2504,1940
2563,1995,2563,2012,2503,2011,2503,1994
2562,2050,2562,2067,2502,2066,2502,2049
2562,2101,2559,2267,2498,2266,2501,2100
3017,1985,3022,2044,2991,2047,2986,1988
1760,2087,1760,2081,1785,2081,1785,2087
2752,2070,2806,2070,2806,2104,2752,2104
2619,2111,2790,2111,2790,2153,2619,2153
2627,2120,2627,2129,2593,2130,2593,2121
1760,2142,1760,2136,1785,2136,1785,2142
1129,2153,1187,2153,1187,2174,1129,2174
1759,2195,1759,2187,1788,2187,1788,2195
2662,2119,2662,2151,2648,2151,2648,2119
2662,2155,2662,2158,2648,2158,2648,2155
2662,2176,2662,2179,2648,2179,2648,2176
2662,2198,2662,2201,2648,2201,2648,2198
2662,2219,2662,2222,2648,2222,2648,2219
2662,2242,2662,2245,2648,2245,2648,2242
2662,2262,2662,2265,2648,2265,2648,2262
2738,2166,2738,2171,2717,2171,2717,2166
2738,2184,2738,2189,2717,2189,2717,2184
2738,2202,2738,2207,2717,2207,2717,2202
2738,2219,2738,2224,2717,2224,2717,2219
2738,2235,2738,2240,2717,2240,2717,2235
3682,2458,3739,2458,3739,2489,3682,2489
3754,2458,3788,2458,3788,2489,3754,2489
3802,2458,3912,2458,3912,2489,3802,2489
3927,2458,3961,2458,3961,2489,3927,2489
3975,2458,4111,2458,4111,2489,3975,2489
4117,2458,4185,2458,4185,2489,4117,2489
4196,2458,4204,2458,4204,2489,4196,2489
4203,2458,4211,2458,4211,2489,4203,2489
4209,2458,4342,2458,4342,2489,4209,2489
4392,2579,4413,2579,4413,2589,4392,2589
4392,2589,4409,2589,4409,2602,4392,2602
4384,2606,4390,2606,4390,2616,4384,2616
4393,2606,4395,2606,4395,2616,4393,2616
4396,2606,4404,2606,4404,2616,4396,2616
4408,2606,4423,2606,4423,2616,4408,2616
4241,2737,4264,2737,4264,2747,4241,2747
4244,2749,4260,2749,4260,2762,4244,2762
4232,2764,4241,2764,4241,2774,4232,2774
4243,2764,4245,2764,4245,2774,4243,2774
4248,2764,4254,2764,4254,2774,4248,2774
4259,2764,4274,2764,4274,2774,4259,2774
4439,2806,4462,2807,4462,2816,4439,2815
4442,2815,4460,2813,4462,2827,4444,2829
4432,2831,4439,2831,4439,2841,4432,2841
4442,2831,4444,2831,4444,2841,4442,2841
4445,2831,4453,2831,4453,2841,4445,2841
4458,2831,4473,2831,4473,2841,4458,2841
4163,2942,4186,2942,4186,2956,4163,2956
4154,2968,4164,2968,4164,2981,4154,2981
4164,2968,4167,2968,4167,2981,4164,2981
4168,2968,4178,2968,4178,2981,4168,2981
4180,2968,4196,2968,4196,2981,4180,2981
3923,3013,3945,3013,3945,3023,3923,3023
3925,3023,3943,3023,3943,3037,3925,3037
3916,3039,3924,3039,3924,3051,3916,3051
3927,3039,3929,3039,3929,3051,3927,3051
3930,3039,3938,3039,3938,3051,3930,3051
3942,3039,3957,3039,3957,3051,3942,3051
4451,3039,4474,3039,4474,3050,4451,3050
4454,3051,4469,3051,4469,3064,4454,3064
4441,3066,4453,3066,4453,3079,4441,3079
4453,3066,4456,3066,4456,3079,4453,3079
4458,3066,4465,3066,4465,3079,4458,3079
4469,3066,4485,3066,4485,3079,4469,3079
2344,3092,2344,3087,2364,3086,2364,3091
1867,3029,2455,3029,2455,3154,1867,3154
2394,3079,2397,3079,2397,3094,2394,3094
2434,3080,2437,3080,2437,3095,2434,3095
2474,3080,2477,3080,2477,3095,2474,3095
2514,3080,2517,3080,2517,3095,2514,3095
2554,3081,2557,3081,2557,3096,2554,3096
4200,3097,4222,3097,4222,3107,4200,3107
4203,3108,4218,3107,4219,3120,4204,3121
2353,3122,2359,3122,2360,3146,2354,3146
143,3124,173,3124,173,3157,143,3157
2396,3121,2402,3121,2403,3145,2397,3145
247,3124,256,3124,256,3157,247,3157
260,3124,269,3124,269,3157,260,3157
270,3124,279,3124,279,3157,270,3157
2436,3120,2442,3120,2443,3144,2437,3144
2476,3119,2482,3119,2483,3143,2477,3143
2516,3118,2522,3118,2523,3142,2517,3142
2598,3116,2604,3116,2605,3140,2599,3140
4191,3124,4202,3124,4202,3134,4191,3134
4203,3124,4205,3124,4205,3134,4203,3134
4206,3124,4214,3124,4214,3134,4206,3134
4219,3124,4234,3124,4234,3134,4219,3134
2556,3117,2562,3117,2563,3141,2557,3141
1866,3180,1962,3183,1961,3218,1865,3215
1975,3183,2095,3186,2094,3221,1974,3218
2167,3159,2245,3159,2245,3188,2167,3188
2147,3188,2270,3192,2269,3227,2146,3223
2395,3194,2461,3194,2461,3217,2395,3217
2467,3194,2560,3194,2560,3217,2467,3217
2740,3192,2835,3192,2835,3221,2740,3221
3003,3190,3070,3190,3070,3223,3003,3223
3073,3190,3082,3190,3082,3223,3073,3223
3084,3190,3167,3190,3167,3223,3084,3223
3345,3173,3436,3173,3436,3204,3345,3204
3269,3209,3373,3209,3373,3239,3269,3239
3384,3209,3450,3209,3450,3239,3384,3239
3457,3209,3500,3209,3500,3239,3457,3239
154,3274,160,3274,160,3297,154,3297
159,3274,232,3274,232,3297,159,3297
153,3303,192,3303,192,3325,153,3325
204,3303,291,3303,291,3325,204,3325
299,3303,399,3303,399,3325,299,3325
413,3303,459,3303,459,3325,413,3325
461,3303,623,3303,623,3325,461,3325
632,3303,637,3303,637,3325,632,3325
646,3303,706,3303,706,3325,646,3325
714,3303,752,3303,752,3325,714,3325
761,3303,852,3303,852,3325,761,3325
860,3303,906,3303,906,3325,860,3325
913,3303,1021,3303,1021,3325,913,3325
1031,3303,1080,3303,1080,3325,1031,3325
1090,3303,1102,3303,1102,3325,1090,3325
1116,3303,1192,3303,1192,3325,1116,3325
1200,3303,1238,3303,1238,3325,1200,3325
1247,3303,1317,3303,1317,3325,1247,3325
1325,3303,1345,3303,1345,3325,1325,3325
1357,3303,1376,3303,1376,3325,1357,3325
1389,3303,1409,3303,1409,3325,1389,3325
1423,3303,1494,3303,1494,3325,1423,3325
1493,3303,1498,3303,1498,3325,1493,3325
1505,3303,1547,3303,1547,3325,1505,3325
1551,3303,1694,3303,1694,3325,1551,3325
1704,3303,1750,3303,1750,3325,1704,3325
1757,3303,1888,3303,1888,3325,1757,3325
1900,3303,1905,3303,1905,3325,1900,3325
1909,3303,1914,3303,1914,3325,1909,3325
1916,3303,1952,3303,1952,3325,1916,3325
1964,3303,2068,3303,2068,3325,1964,3325
2079,3303,2084,3303,2084,3325,2079,3325
2100,3303,2121,3303,2121,3325,2100,3325
2130,3303,2171,3303,2171,3325,2130,3325
2185,3303,2206,3303,2206,3325,2185,3325
2219,3303,2295,3303,2295,3325,2219,3325
2308,3303,2332,3303,2332,3325,2308,3325
2343,3303,2348,3303,2348,3325,2343,3325
2348,3303,2353,3303,2353,3325,2348,3325
2353,3303,2411,3303,2411,3325,2353,3325
2422,3303,2527,3303,2527,3325,2422,3325
2527,3303,2532,3303,2532,3325,2527,3325
2541,3303,2578,3303,2578,3325,2541,3325
2586,3303,2700,3303,2700,3325,2586,3325
2708,3303,2825,3303,2825,3325,2708,3325
2826,3303,2831,3303,2831,3325,2826,3325
2838,3303,2999,3303,2999,3325,2838,3325
3008,3303,3028,3303,3028,3325,3008,3325
3040,3303,3202,3303,3202,3325,3040,3325
3204,3303,3209,3303,3209,3325,3204,3325
3217,3303,3260,3303,3260,3325,3217,3325
3264,3303,3284,3303,3284,3325,3264,3325
3298,3303,3318,3303,3318,3325,3298,3325
3329,3303,3364,3303,3364,3325,3329,3325
3370,3303,3467,3303,3467,3325,3370,3325
3474,3303,3505,3303,3505,3325,3474,3325
156,3330,278,3330,278,3355,156,3355
286,3330,339,3330,339,3355,286,3355
342,3330,348,3330,348,3355,342,3355
354,3330,386,3330,386,3355,354,3355
392,3330,474,3330,474,3355,392,3355
485,3330,521,3330,521,3355,485,3355
533,3330,589,3330,589,3355,533,3355
600,3330,636,3330,636,3355,600,3355
646,3330,675,3330,675,3355,646,3355
685,3330,818,3330,818,3355,685,3355
823,3330,829,3330,829,3355,823,3355
836,3330,875,3330,875,3355,836,3355
882,3330,994,3330,994,3355,882,3355
1005,3330,1028,3330,1028,3355,1005,3355
1036,3330,1103,3330,1103,3355,1036,3355
1106,3330,1112,3330,1112,3355,1106,3355
1125,3330,1195,3330,1195,3355,1125,3355
1197,3330,1203,3330,1203,3355,1197,3355
1210,3330,1252,3330,1252,3355,1210,3355
1264,3330,1353,3330,1353,3355,1264,3355
1363,3330,1411,3330,1411,3355,1363,3355
1419,3330,1455,3330,1455,3355,1419,3355
1465,3330,1471,3330,1471,3355,1465,3355
1470,3330,1476,3330,1476,3355,1470,3355
1476,3330,1624,3330,1624,3355,1476,3355
1629,3330,1665,3330,1665,3355,1629,3355
1676,3330,1809,3330,1809,3355,1676,3355
1823,3330,1869,3330,1869,3355,1823,3355
1874,3330,1943,3330,1943,3355,1874,3355
1954,3330,1960,3330,1960,3355,1954,3355
1972,3330,2010,3330,2010,3355,1972,3355
2019,3330,2103,3330,2103,3355,2019,3355
2102,3330,2108,3330,2108,3355,2102,3355
2115,3330,2129,3330,2129,3355,2115,3355
2141,3330,2218,3330,2218,3355,2141,3355
2224,3330,2230,3330,2230,3355,2224,3355
2237,3330,2243,3330,2243,3355,2237,3355
2242,3330,2248,3330,2248,3355,2242,3355
2249,3330,2393,3330,2393,3355,2249,3355
2399,3330,2422,3330,2422,3355,2399,3355
2427,3330,2456,3330,2456,3355,2427,3355
2465,3330,2587,3330,2587,3355,2465,3355
2594,3330,2630,3330,2630,3355,2594,3355
2642,3330,2766,3330,2766,3355,2642,3355
2780,3330,2825,3330,2825,3355,2780,3355
2832,3330,2963,3330,2963,3355,2832,3355
2973,3330,2979,3330,2979,3355,2973,3355
2983,3330,2989,3330,2989,3355,2983,3355
2990,3330,3027,3330,3027,3355,2990,3355
3033,3330,3126,3330,3126,3355,3033,3355
3659,3284,3751,3284,3751,3335,3659,3335
3762,3284,3776,3284,3776,3335,3762,3335
3793,3284,3822,3284,3822,3335,3793,3335
3835,3284,3849,3284,3849,3335,3835,3335
3843,3284,3881,3284,3881,3335,3843,3335
3887,3284,3901,3284,3901,3335,3887,3335
3902,3284,3973,3284,3973,3335,3902,3335
4277,3295,4391,3295,4391,3331,4277,3331
4401,3295,4411,3295,4411,3331,4401,3331
