4015,170,4299,170,4299,228,4015,228
4019,226,4297,226,4297,284,4019,284
4106,374,4112,374,4112,398,4106,398
4120,374,4155,374,4155,398,4120,398
4164,374,4186,374,4186,398,4164,398
4196,374,4243,374,4243,398,4196,398
4256,374,4262,374,4262,398,4256,398
4273,374,4361,374,4361,398,4273,398
4130,406,4189,406,4189,429,4130,429
4204,406,4256,406,4256,429,4204,429
4262,406,4319,406,4319,429,4262,429
302,486,649,247,699,321,352,559
4156,472,4302,472,4302,551,4156,551
3967,588,4042,588,4042,631,3967,631
4051,588,4191,588,4191,631,4051,631
4205,588,4217,588,4217,631,4205,631
4221,588,4295,588,4295,631,4221,631
4313,588,4374,588,4374,631,4313,631
4392,588,4497,588,4497,631,4392,631
4112,632,4221,632,4221,679,4112,679
4238,632,4353,632,4353,679,4238,679
3957,689,4031,689,4031,729,3957,729
4037,689,4087,689,4087,729,4037,729
4092,689,4103,689,4103,729,4092,729
4259,690,4348,690,4348,728,4259,728
4364,690,4374,690,4374,728,4364,728
3952,750,4038,746,4039,780,3953,784
4245,744,4287,744,4287,782,4245,782
3654,690,3840,693,3839,728,3653,725
3848,693,3857,693,3856,727,3847,727
4547,692,4675,692,4675,730,4547,730
4695,692,4705,692,4705,730,4695,730
4543,746,4617,746,4617,783,4543,783
4105,845,4361,845,4361,893,4105,893
3801,935,3898,935,3898,962,3801,962
4576,939,4582,939,4582,962,4576,962
4585,939,4591,939,4591,962,4585,962
4594,939,4615,939,4615,962,4594,962
4623,939,4661,939,4661,962,4623,962
3804,995,3896,995,3896,1026,3804,1026
3911,995,3919,995,3919,1026,3911,1026
3933,995,4022,995,4022,1026,3933,1026
4567,1003,4587,1003,4587,1025,4567,1025
4593,1003,4598,1003,4598,1025,4593,1025
4599,1003,4624,1003,4624,1025,4599,1025
4627,1003,4668,1003,4668,1025,4627,1025
3804,1055,3919,1055,3919,1084,3804,1084
3935,1055,3943,1055,3943,1084,3935,1084
4575,1061,4582,1061,4582,1088,4575,1088
4586,1061,4593,1061,4593,1088,4586,1088
4594,1061,4614,1061,4614,1088,4594,1088
4623,1061,4663,1061,4663,1088,4623,1088
3802,1117,3918,1117,3918,1144,3802,1144
3934,1117,3941,1117,3941,1144,3934,1144
4575,1119,4582,1119,4582,1147,4575,1147
4587,1119,4594,1119,4594,1147,4587,1147
4596,1119,4615,1119,4615,1147,4596,1147
4624,1119,4660,1119,4660,1147,4624,1147
3801,1173,3918,1173,3918,1200,3801,1200
3933,1173,3940,1173,3940,1200,3933,1200
4566,1174,4586,1174,4586,1196,4566,1196
4592,1174,4597,1174,4597,1196,4592,1196
4599,1174,4618,1174,4618,1196,4599,1196
4626,1174,4667,1174,4667,1196,4626,1196
917,1244,923,1243,925,1266,919,1267
3802,1235,3874,1235,3874,1256,3802,1256
3885,1235,3913,1235,3913,1256,3885,1256
3923,1235,3970,1235,3970,1256,3923,1256
4571,1233,4577,1233,4577,1256,4571,1256
4585,1233,4591,1233,4591,1256,4585,1256
4595,1233,4612,1233,4612,1256,4595,1256
4621,1233,4659,1233,4659,1256,4621,1256
672,1270,750,1262,752,1286,675,1294
2789,1279,2817,1279,2817,1295,2789,1295
2818,1279,2822,1279,2822,1295,2818,1295
2824,1279,2859,1279,2859,1295,2824,1295
3129,1275,3210,1275,3210,1306,3129,1306
3217,1275,3225,1275,3225,1306,3217,1306
3225,1275,3261,1275,3261,1306,3225,1306
3439,1293,3439,1295,3430,1295,3430,1293
1703,1298,1753,1298,1753,1312,1703,1312
2706,1294,2707,1309,2697,1310,2695,1295
3806,1288,3873,1288,3873,1322,3806,1322
3888,1288,3897,1288,3897,1322,3888,1322
3902,1288,3911,1288,3911,1322,3902,1322
3906,1288,3950,1288,3950,1322,3906,1322
4576,1291,4582,1291,4582,1315,4576,1315
4586,1291,4592,1291,4592,1315,4586,1315
4592,1291,4614,1291,4614,1315,4592,1315
4620,1291,4660,1291,4660,1315,4620,1315
3438,1318,3438,1320,3429,1320,3429,1318
2329,1324,2361,1324,2361,1335,2329,1335
2697,1290,2697,1363,2690,1363,2690,1290
3438,1342,3438,1344,3429,1344,3429,1342
1377,1341,1407,1341,1407,1349,1377,1349
2748,1370,2748,1337,2769,1337,2769,1370
3804,1348,3853,1348,3853,1380,3804,1380
4573,1350,4579,1350,4579,1374,4573,1374
4585,1350,4591,1350,4591,1374,4585,1374
4595,1350,4612,1350,4612,1374,4595,1374
4623,1350,4659,1350,4659,1374,4623,1374
1603,1382,1602,1352,1625,1351,1626,1381
2668,1393,2668,1395,2656,1395,2656,1393
1604,1413,1604,1407,1627,1406,1627,1412
2797,1431,2797,1396,2818,1396,2818,1431
2822,1436,2822,1431,2843,1431,2843,1436
2822,1423,2822,1418,2843,1418,2843,1423
2822,1414,2822,1409,2843,1409,2843,1414
2822,1408,2822,1385,2843,1385,2843,1408
2668,1416,2668,1418,2656,1418,2656,1416
2081,1425,2081,1424,2089,1424,2089,1425
1320,1488,1320,1399,1344,1399,1344,1488
1320,1389,1320,1383,1344,1383,1344,1389
2081,1437,2081,1436,2089,1436,2089,1437
1604,1444,1604,1438,1627,1437,1627,1443
2668,1438,2668,1440,2656,1440,2656,1438
2673,1451,2672,1435,2683,1435,2684,1451
1119,1452,1119,1450,1129,1450,1129,1452
1119,1447,1119,1445,1129,1445,1129,1447
1119,1443,1119,1441,1129,1441,1129,1443
1119,1436,1119,1434,1129,1434,1129,1436
1134,1473,1134,1471,1145,1470,1145,1472
1133,1467,1132,1455,1143,1455,1144,1466
1132,1449,1131,1435,1143,1434,1144,1448
2081,1449,2081,1448,2089,1448,2089,1449
3319,1331,3315,1553,3280,1552,3284,1330
1849,1476,1849,1432,1872,1432,1872,1476
1193,1482,1195,1451,1211,1452,1209,1483
3807,1436,3900,1436,3900,1479,3807,1479
3922,1436,4065,1436,4065,1479,3922,1479
4076,1436,4256,1436,4256,1479,4076,1479
4515,1436,4563,1436,4563,1479,4515,1479
4568,1436,4580,1436,4580,1479,4568,1479
4581,1436,4629,1436,4629,1479,4581,1479
4638,1436,4725,1436,4725,1479,4638,1479
2081,1462,2081,1461,2089,1461,2089,1462
2668,1460,2668,1462,2656,1462,2656,1460
1605,1475,1605,1469,1628,1468,1628,1474
2081,1473,2081,1472,2089,1472,2089,1473
2668,1484,2668,1486,2656,1486,2656,1484
2081,1489,2081,1488,2089,1488,2089,1489
1135,1496,1135,1494,1146,1493,1146,1495
1606,1504,1606,1498,1629,1497,1629,1503
1136,1517,1136,1515,1147,1514,1147,1516
2668,1528,2668,1530,2656,1530,2656,1528
1137,1540,1137,1538,1148,1537,1148,1539
2668,1550,2668,1552,2656,1552,2656,1550
4576,1541,4581,1541,4581,1563,4576,1563
4586,1541,4591,1541,4591,1563,4586,1563
4596,1541,4612,1541,4612,1563,4596,1563
4624,1541,4660,1541,4660,1563,4624,1563
3807,1539,3928,1539,3928,1566,3807,1566
1138,1562,1138,1560,1149,1559,1149,1561
2702,1585,2701,1545,2710,1545,2711,1585
2712,1592,2712,1571,2720,1571,2720,1592
2712,1569,2712,1561,2720,1561,2720,1569
2712,1555,2712,1554,2720,1554,2720,1555
2712,1549,2712,1541,2720,1541,2720,1549
2046,1560,2048,1560,2048,1572,2046,1572
2058,1559,2060,1559,2060,1571,2058,1571
2668,1572,2668,1574,2656,1574,2656,1572
2002,1572,2075,1575,2074,1597,2001,1594
2817,1622,2817,1542,2836,1542,2836,1622
2870,1601,2870,1570,2888,1570,2888,1601
2529,1612,2529,1582,2540,1582,2540,1612
3018,1597,3016,1567,3031,1566,3033,1596
2349,1686,2349,1624,2372,1624,2372,1686
2349,1614,2349,1608,2372,1608,2372,1614
2349,1602,2349,1528,2372,1528,2372,1602
2668,1594,2668,1596,2656,1596,2656,1594
3511,1590,3512,1590,3512,1598,3511,1598
2406,1630,2406,1597,2427,1597,2427,1630
2431,1631,2431,1626,2453,1626,2453,1631
2431,1619,2431,1614,2453,1614,2453,1619
2431,1612,2431,1592,2453,1592,2453,1612
3135,1666,3135,1605,3164,1605,3164,1666
3135,1584,3135,1576,3164,1576,3164,1584
3535,1705,3535,1669,3560,1669,3560,1705
3535,1656,3535,1650,3560,1650,3560,1656
3535,1642,3535,1589,3560,1589,3560,1642
3535,1578,3535,1572,3560,1572,3560,1578
3535,1563,3535,1512,3560,1512,3560,1563
3806,1602,3877,1602,3877,1623,3806,1623
3902,1602,3907,1602,3907,1623,3902,1623
4565,1595,4588,1595,4588,1626,4565,1626
4591,1595,4599,1595,4599,1626,4591,1626
4600,1595,4623,1595,4623,1626,4600,1626
4628,1595,4668,1595,4668,1626,4628,1626
2656,1662,2656,1659,2670,1659,2670,1662
3806,1655,3879,1655,3879,1686,3806,1686
3899,1655,3907,1655,3907,1686,3899,1686
4563,1657,4590,1657,4590,1686,4563,1686
4592,1657,4600,1657,4600,1686,4592,1686
4600,1657,4621,1657,4621,1686,4600,1686
4630,1657,4667,1657,4667,1686,4630,1686
3314,1626,3314,1717,3284,1717,3284,1626
2657,1685,2657,1682,2671,1682,2671,1685
235,1782,235,1700,253,1700,253,1782
235,1691,235,1687,253,1687,253,1691
235,1687,235,1649,253,1649,253,1687
659,1746,659,1682,686,1682,686,1746
659,1663,659,1656,686,1656,686,1663
1101,1722,1101,1686,1112,1686,1112,1722
341,1710,341,1742,316,1742,316,1710
1311,1714,1342,1714,1342,1730,1311,1730
2657,1707,2657,1704,2671,1704,2671,1707
2658,1740,2658,1737,2672,1737,2672,1740
2658,1736,2658,1733,2672,1733,2672,1736
2658,1731,2658,1728,2672,1728,2672,1731
2658,1725,2658,1722,2672,1722,2672,1725
2672,1743,2672,1729,2684,1729,2684,1743
2672,1725,2672,1709,2684,1709,2684,1725
3805,1754,3899,1754,3899,1788,3805,1788
3913,1754,4058,1754,4058,1788,3913,1788
4073,1754,4233,1754,4233,1788,4073,1788
4513,1754,4577,1754,4577,1804,4513,1804
4585,1754,4599,1754,4599,1804,4585,1804
4596,1754,4643,1754,4643,1804,4596,1804
4655,1754,4738,1754,4738,1804,4655,1804
1137,1829,1137,1827,1148,1828,1148,1830
2808,1823,2841,1823,2841,1838,2808,1838
1322,1886,1322,1798,1343,1798,1343,1886
1322,1784,1322,1779,1343,1779,1343,1784
1194,1863,1191,1828,1209,1826,1212,1861
3237,1822,3268,1822,3268,1837,3237,1837
1135,1850,1135,1848,1146,1849,1146,1851
1134,1872,1134,1870,1145,1871,1145,1873
2732,1896,2737,1853,2771,1857,2766,1900
3156,1871,3235,1871,3235,1888,3156,1888
1133,1893,1133,1891,1144,1892,1144,1894
1130,1939,1131,1927,1143,1928,1142,1940
1131,1922,1132,1912,1144,1913,1143,1923
208,2035,208,2037,196,2036,196,2034
1941,2055,1941,2027,1959,2027,1959,2055
1119,2060,1119,2059,1127,2059,1127,2060
1119,2056,1119,2055,1127,2055,1127,2056
1120,2051,1120,2050,1128,2050,1128,2051
1120,2044,1120,2043,1128,2043,1128,2044
206,2061,206,2063,194,2062,194,2060
1132,2083,1132,2081,1144,2081,1144,2083
1132,2079,1131,2065,1143,2065,1144,2079
1131,2059,1130,2045,1143,2045,1144,2059
205,2087,205,2089,193,2088,193,2086
448,2078,456,2081,445,2112,436,2109
1133,2105,1133,2103,1145,2103,1145,2105
204,2112,204,2114,192,2113,192,2111
1134,2127,1134,2125,1146,2125,1146,2127
1135,2150,1135,2148,1147,2148,1147,2150
448,2142,526,2142,526,2160,448,2160
538,2142,542,2142,542,2160,538,2160
542,2142,578,2142,578,2160,542,2160
700,2159,749,2139,754,2150,704,2170
1136,2172,1136,2170,1148,2170,1148,2172
558,2184,561,2184,561,2198,558,2198
584,2184,587,2184,587,2198,584,2198
633,2184,636,2184,636,2198,633,2198
659,2184,662,2184,662,2198,659,2198
710,2184,713,2184,713,2198,710,2198
720,2184,723,2184,723,2198,720,2198
735,2184,738,2184,738,2198,735,2198
752,2184,755,2184,755,2198,752,2198
786,2184,789,2184,789,2198,786,2198
1137,2196,1137,2194,1149,2194,1149,2196
1194,2234,1194,2202,1210,2202,1210,2234
1319,2257,1319,2169,1345,2169,1345,2257
1319,2155,1319,2148,1345,2148,1345,2155
892,2217,925,2218,925,2236,892,2235
929,2218,933,2218,933,2235,929,2235
935,2218,962,2219,962,2237,935,2236
1634,2262,1634,2225,1655,2225,1655,2262
1866,2286,1866,2221,1887,2221,1887,2286
1596,2392,1595,2319,1613,2319,1614,2392
1596,2306,1596,2274,1613,2274,1613,2306
2524,2248,2709,2248,2709,2299,2524,2299
2581,2302,2590,2302,2590,2336,2581,2336
2595,2302,2604,2302,2604,2336,2595,2336
2609,2302,2618,2302,2618,2336,2609,2336
2623,2302,2632,2302,2632,2336,2623,2336
2636,2302,2661,2302,2661,2336,2636,2336
3300,2483,3301,2398,3340,2398,3339,2483
3302,2390,3302,2380,3340,2380,3340,2390
3301,2366,3302,2253,3341,2253,3340,2366
3303,2238,3303,2228,3341,2228,3341,2238
3303,2218,3304,2155,3343,2155,3342,2218
3353,2550,3354,2399,3385,2399,3384,2550
3355,2381,3355,2373,3386,2373,3386,2381
3355,2349,3355,2341,3386,2341,3386,2349
3356,2282,3356,2274,3387,2274,3387,2282
3356,2247,3356,2239,3387,2239,3387,2247
3357,2183,3357,2175,3388,2175,3388,2183
3357,2151,3357,2143,3388,2143,3388,2151
3393,2415,3392,2337,3428,2337,3429,2415
3392,2319,3392,2287,3427,2287,3427,2319
3391,2277,3389,2148,3425,2148,3427,2277
1334,2365,1368,2365,1368,2383,1334,2383
2856,2368,2957,2365,2958,2400,2857,2403
1162,2405,1178,2406,1177,2415,1161,2414
1263,2412,1267,2412,1267,2420,1263,2420
1288,2412,1339,2415,1338,2424,1287,2421
3259,2412,3259,2457,3244,2457,3244,2412
3680,2454,3739,2454,3739,2488,3680,2488
3753,2454,3790,2454,3790,2488,3753,2488
3801,2454,3914,2454,3914,2488,3801,2488
3929,2454,3960,2454,3960,2488,3929,2488
3974,2454,4110,2454,4110,2488,3974,2488
4118,2454,4186,2454,4186,2488,4118,2488
4194,2454,4203,2454,4203,2488,4194,2488
4201,2454,4210,2454,4210,2488,4201,2488
4208,2454,4343,2454,4343,2488,4208,2488
3425,2562,3484,2562,3484,2596,3425,2596
3493,2562,3601,2562,3601,2596,3493,2596
3088,2674,3094,2669,3116,2692,3110,2697
3098,2665,3113,2651,3134,2675,3120,2688
3114,2651,3120,2646,3142,2669,3136,2674
3119,2646,3125,2641,3147,2664,3141,2669
3124,2641,3130,2636,3152,2659,3146,2664
3130,2635,3136,2630,3158,2653,3152,2658
3135,2630,3141,2625,3163,2648,3157,2653
3142,2624,3148,2619,3170,2642,3164,2647
3147,2619,3153,2614,3175,2637,3169,2642
3152,2614,3158,2609,3180,2632,3174,2637
3158,2609,3164,2604,3186,2627,3180,2632
3165,2603,3171,2598,3193,2621,3187,2626
3169,2599,3175,2594,3197,2617,3191,2622
3175,2593,3181,2588,3203,2611,3197,2616
3181,2587,3187,2582,3209,2605,3203,2610
3186,2583,3192,2578,3214,2601,3208,2606
3191,2578,3197,2573,3219,2596,3213,2601
3198,2571,3204,2566,3226,2589,3220,2594
3203,2567,3209,2562,3231,2585,3225,2590
4013,2555,4034,2864,4018,2865,3997,2556
4302,2713,4308,2713,4308,2721,4302,2721
4309,2713,4310,2713,4310,2721,4309,2721
4311,2713,4316,2713,4316,2721,4311,2721
4321,2713,4327,2713,4327,2721,4321,2721
4120,2652,4120,2820,4112,2820,4112,2652
4127,2644,4127,2830,4119,2830,4119,2644
4124,2873,4124,2585,4158,2585,4158,2873
2756,2760,2895,2760,2895,2798,2756,2798
2912,2760,2962,2760,2962,2798,2912,2798
2980,2760,3164,2760,3164,2798,2980,2798
3184,2760,3260,2760,3260,2798,3184,2798
3288,2760,3408,2760,3408,2798,3288,2798
4178,2826,4179,2826,4179,2833,4178,2833
4184,2826,4185,2826,4185,2833,4184,2833
4190,2827,4191,2827,4191,2834,4190,2834
4193,2827,4203,2827,4203,2834,4193,2834
4235,2928,4490,2950,4487,2979,4232,2957
4303,2996,4308,2996,4308,3004,4303,3004
4308,2996,4309,2996,4309,3004,4308,3004
4311,2996,4317,2996,4317,3004,4311,3004
4319,2996,4327,2996,4327,3004,4319,3004
4177,3008,4182,3008,4182,3016,4177,3016
4184,3008,4185,3008,4185,3016,4184,3016
4186,3007,4191,3007,4191,3016,4186,3016
4193,3007,4203,3007,4203,3015,4193,3015
4415,3032,4420,3032,4420,3040,4415,3040
4422,3032,4423,3032,4423,3040,4422,3040
4423,3032,4429,3032,4429,3041,4423,3041
4432,3033,4440,3033,4440,3041,4432,3041
2344,3092,2344,3087,2364,3086,2364,3091
1854,3029,2268,3029,2268,3155,1854,3155
2394,3079,2397,3079,2397,3094,2394,3094
2434,3080,2437,3080,2437,3095,2434,3095
2474,3080,2477,3080,2477,3095,2474,3095
2514,3080,2517,3080,2517,3095,2514,3095
2554,3081,2557,3081,2557,3096,2554,3096
4103,3078,4110,3078,4110,3089,4103,3089
4095,3091,4100,3091,4100,3098,4095,3098
4102,3091,4103,3091,4103,3098,4102,3098
4104,3090,4109,3090,4109,3098,4104,3098
4111,3090,4121,3090,4121,3097,4111,3097
4334,3099,4342,3098,4343,3107,4335,3108
4326,3108,4332,3108,4332,3115,4326,3115
4333,3108,4334,3108,4334,3115,4333,3115
4335,3107,4354,3106,4354,3114,4335,3115
4102,3112,4104,3112,4104,3123,4102,3123
143,3114,160,3114,160,3133,143,3133
202,3114,207,3114,207,3133,202,3133
210,3114,215,3114,215,3133,210,3133
214,3114,219,3114,219,3133,214,3133
2353,3122,2359,3122,2360,3146,2354,3146
2396,3121,2402,3121,2403,3145,2397,3145
2436,3120,2442,3120,2443,3144,2437,3144
2476,3119,2482,3119,2483,3143,2477,3143
2516,3118,2522,3118,2523,3142,2517,3142
2556,3117,2562,3117,2563,3141,2557,3141
2598,3116,2604,3116,2605,3140,2599,3140
4022,3128,4118,3131,4118,3140,4022,3137
4031,3146,4132,3145,4132,3153,4031,3154
4142,3141,4193,3141,4193,3156,4142,3156
4272,3139,4312,3144,4310,3160,4270,3156
1866,3180,1962,3183,1961,3218,1865,3215
1975,3183,2095,3186,2094,3221,1974,3218
2167,3159,2245,3159,2245,3188,2167,3188
2147,3188,2270,3192,2269,3227,2146,3223
2397,3193,2460,3193,2460,3217,2397,3217
2469,3193,2560,3193,2560,3217,2469,3217
2740,3192,2835,3192,2835,3221,2740,3221
3003,3190,3070,3190,3070,3223,3003,3223
3073,3190,3082,3190,3082,3223,3073,3223
3084,3190,3167,3190,3167,3223,3084,3223
3345,3173,3436,3173,3436,3204,3345,3204
3269,3209,3373,3209,3373,3239,3269,3239
3384,3209,3450,3209,3450,3239,3384,3239
3457,3209,3500,3209,3500,3239,3457,3239
156,3275,161,3275,161,3297,156,3297
160,3275,233,3275,233,3297,160,3297
153,3303,192,3303,192,3325,153,3325
204,3303,291,3303,291,3325,204,3325
299,3303,399,3303,399,3325,299,3325
413,3303,459,3303,459,3325,413,3325
461,3303,623,3303,623,3325,461,3325
632,3303,637,3303,637,3325,632,3325
646,3303,706,3303,706,3325,646,3325
714,3303,752,3303,752,3325,714,3325
761,3303,852,3303,852,3325,761,3325
860,3303,906,3303,906,3325,860,3325
913,3303,1021,3303,1021,3325,913,3325
1031,3303,1080,3303,1080,3325,1031,3325
1090,3303,1102,3303,1102,3325,1090,3325
1116,3303,1192,3303,1192,3325,1116,3325
1200,3303,1238,3303,1238,3325,1200,3325
1247,3303,1317,3303,1317,3325,1247,3325
1325,3303,1345,3303,1345,3325,1325,3325
1357,3303,1376,3303,1376,3325,1357,3325
1389,3303,1409,3303,1409,3325,1389,3325
1423,3303,1494,3303,1494,3325,1423,3325
1493,3303,1498,3303,1498,3325,1493,3325
1505,3303,1547,3303,1547,3325,1505,3325
1551,3303,1694,3303,1694,3325,1551,3325
1704,3303,1750,3303,1750,3325,1704,3325
1757,3303,1888,3303,1888,3325,1757,3325
1900,3303,1905,3303,1905,3325,1900,3325
1909,3303,1914,3303,1914,3325,1909,3325
1916,3303,1952,3303,1952,3325,1916,3325
1964,3303,2068,3303,2068,3325,1964,3325
2079,3303,2084,3303,2084,3325,2079,3325
2100,3303,2121,3303,2121,3325,2100,3325
2130,3303,2171,3303,2171,3325,2130,3325
2185,3303,2206,3303,2206,3325,2185,3325
2219,3303,2295,3303,2295,3325,2219,3325
2308,3303,2332,3303,2332,3325,2308,3325
2343,3303,2348,3303,2348,3325,2343,3325
2348,3303,2353,3303,2353,3325,2348,3325
2353,3303,2411,3303,2411,3325,2353,3325
2422,3303,2527,3303,2527,3325,2422,3325
2527,3303,2532,3303,2532,3325,2527,3325
2541,3303,2578,3303,2578,3325,2541,3325
2586,3303,2700,3303,2700,3325,2586,3325
2708,3303,2825,3303,2825,3325,2708,3325
2826,3303,2831,3303,2831,3325,2826,3325
2838,3303,2999,3303,2999,3325,2838,3325
3008,3303,3028,3303,3028,3325,3008,3325
3040,3303,3202,3303,3202,3325,3040,3325
3204,3303,3209,3303,3209,3325,3204,3325
3217,3303,3260,3303,3260,3325,3217,3325
3264,3303,3284,3303,3284,3325,3264,3325
3298,3303,3318,3303,3318,3325,3298,3325
3329,3303,3364,3303,3364,3325,3329,3325
3370,3303,3467,3303,3467,3325,3370,3325
3474,3303,3505,3303,3505,3325,3474,3325
156,3330,278,3330,278,3355,156,3355
286,3330,339,3330,339,3355,286,3355
342,3330,348,3330,348,3355,342,3355
354,3330,386,3330,386,3355,354,3355
392,3330,474,3330,474,3355,392,3355
485,3330,521,3330,521,3355,485,3355
533,3330,589,3330,589,3355,533,3355
600,3330,636,3330,636,3355,600,3355
646,3330,675,3330,675,3355,646,3355
685,3330,818,3330,818,3355,685,3355
823,3330,829,3330,829,3355,823,3355
836,3330,875,3330,875,3355,836,3355
882,3330,994,3330,994,3355,882,3355
1005,3330,1028,3330,1028,3355,1005,3355
1036,3330,1103,3330,1103,3355,1036,3355
1106,3330,1112,3330,1112,3355,1106,3355
1125,3330,1195,3330,1195,3355,1125,3355
1197,3330,1203,3330,1203,3355,1197,3355
1210,3330,1252,3330,1252,3355,1210,3355
1264,3330,1353,3330,1353,3355,1264,3355
1363,3330,1411,3330,1411,3355,1363,3355
1419,3330,1455,3330,1455,3355,1419,3355
1465,3330,1471,3330,1471,3355,1465,3355
1470,3330,1476,3330,1476,3355,1470,3355
1476,3330,1624,3330,1624,3355,1476,3355
1629,3330,1665,3330,1665,3355,1629,3355
1676,3330,1809,3330,1809,3355,1676,3355
1823,3330,1869,3330,1869,3355,1823,3355
1874,3330,1943,3330,1943,3355,1874,3355
1954,3330,1960,3330,1960,3355,1954,3355
1972,3330,2010,3330,2010,3355,1972,3355
2019,3330,2103,3330,2103,3355,2019,3355
2102,3330,2108,3330,2108,3355,2102,3355
2115,3330,2129,3330,2129,3355,2115,3355
2141,3330,2218,3330,2218,3355,2141,3355
2224,3330,2230,3330,2230,3355,2224,3355
2237,3330,2243,3330,2243,3355,2237,3355
2242,3330,2248,3330,2248,3355,2242,3355
2249,3330,2393,3330,2393,3355,2249,3355
2399,3330,2422,3330,2422,3355,2399,3355
2427,3330,2456,3330,2456,3355,2427,3355
2465,3330,2587,3330,2587,3355,2465,3355
2594,3330,2630,3330,2630,3355,2594,3355
2642,3330,2766,3330,2766,3355,2642,3355
2780,3330,2825,3330,2825,3355,2780,3355
2832,3330,2963,3330,2963,3355,2832,3355
2973,3330,2979,3330,2979,3355,2973,3355
2983,3330,2989,3330,2989,3355,2983,3355
2990,3330,3027,3330,3027,3355,2990,3355
3033,3330,3126,3330,3126,3355,3033,3355
3659,3284,3751,3284,3751,3335,3659,3335
3762,3284,3776,3284,3776,3335,3762,3335
3793,3284,3822,3284,3822,3335,3793,3335
3835,3284,3849,3284,3849,3335,3835,3335
3843,3284,3881,3284,3881,3335,3843,3335
3887,3284,3901,3284,3901,3335,3887,3335
3902,3284,3973,3284,3973,3335,3902,3335
4276,3292,4393,3292,4393,3335,4276,3335
4403,3292,4415,3292,4415,3335,4403,3335
