4015,170,4299,170,4299,228,4015,228
4019,226,4297,226,4297,284,4019,284
4106,374,4112,374,4112,398,4106,398
4120,374,4155,374,4155,398,4120,398
4164,374,4186,374,4186,398,4164,398
4196,374,4243,374,4243,398,4196,398
4256,374,4262,374,4262,398,4256,398
4273,374,4361,374,4361,398,4273,398
4130,406,4189,406,4189,429,4130,429
4204,406,4256,406,4256,429,4204,429
4262,406,4319,406,4319,429,4262,429
303,482,654,244,704,318,354,556
4156,472,4302,472,4302,551,4156,551
1498,556,1499,556,1499,564,1498,564
1532,556,1533,556,1533,564,1532,564
1562,556,1563,556,1563,564,1562,564
1593,556,1594,556,1594,564,1593,564
1622,556,1623,556,1623,564,1622,564
1662,586,1667,586,1667,608,1662,608
1712,586,1778,587,1778,610,1712,609
1791,587,1796,587,1796,609,1791,609
1804,587,1900,588,1900,611,1804,610
1913,589,1918,589,1918,611,1913,611
1921,589,1964,589,1964,611,1921,611
2998,593,3066,587,3068,609,3000,615
2817,629,2855,624,2857,641,2820,647
257,697,257,698,249,698,249,697
3967,588,4042,588,4042,631,3967,631
4051,588,4191,588,4191,631,4051,631
4205,588,4217,588,4217,631,4205,631
4221,588,4295,588,4295,631,4221,631
4313,588,4374,588,4374,631,4313,631
4392,588,4497,588,4497,631,4392,631
4116,632,4217,632,4217,679,4116,679
4234,632,4349,632,4349,679,4234,679
3957,689,4031,689,4031,729,3957,729
4037,689,4087,689,4087,729,4037,729
4092,689,4103,689,4103,729,4092,729
4259,690,4348,690,4348,728,4259,728
4364,690,4374,690,4374,728,4364,728
3954,743,4036,743,4036,788,3954,788
4245,744,4287,744,4287,782,4245,782
1293,598,1308,798,1273,801,1258,601
1810,690,1850,690,1850,707,1810,707
1958,690,1962,690,1962,707,1958,707
212,801,212,746,235,746,235,801
212,737,212,716,235,716,235,737
212,706,212,625,235,625,235,706
2036,690,2040,690,2040,707,2036,707
2052,690,2056,690,2056,707,2052,707
2077,690,2081,690,2081,707,2077,707
3649,689,3841,689,3841,728,3649,728
3847,689,3858,689,3858,728,3847,728
257,725,257,726,249,726,249,725
3136,767,3135,730,3152,730,3153,767
3135,711,3135,707,3152,707,3152,711
3117,768,3117,766,3129,766,3129,768
3117,761,3117,759,3129,759,3129,761
3117,757,3117,755,3129,755,3129,757
3117,748,3117,746,3129,746,3129,748
4547,692,4675,692,4675,730,4547,730
4695,692,4705,692,4705,730,4695,730
4543,747,4616,744,4618,779,4545,782
257,741,257,742,249,742,249,741
257,768,257,769,249,769,249,768
3136,792,3136,788,3153,788,3153,792
257,812,257,813,249,813,249,812
3137,817,3137,813,3154,813,3154,817
3137,844,3137,840,3154,840,3154,844
3104,845,3104,865,3096,865,3096,845
3138,871,3138,867,3155,867,3155,871
4107,847,4356,847,4356,893,4107,893
2801,866,2897,866,2897,891,2801,891
2915,866,2921,866,2921,891,2915,891
2529,873,2529,908,2512,908,2512,873
1145,818,1151,915,1127,916,1121,819
1151,926,1151,932,1128,933,1128,927
1152,942,1154,984,1130,985,1128,943
1791,885,1861,885,1861,919,1791,919
1885,885,1894,885,1894,919,1885,919
2669,915,2669,881,2689,881,2689,915
264,1022,264,955,283,955,283,1022
264,942,264,897,283,897,283,942
264,883,264,878,283,878,283,883
264,869,264,824,283,824,283,869
3076,934,3076,884,3087,884,3087,934
3088,940,3087,917,3099,917,3100,940
3088,913,3088,903,3099,903,3099,913
3087,896,3087,894,3098,894,3098,896
3087,888,3087,880,3098,880,3098,888
3138,898,3138,894,3155,894,3155,898
3161,924,3161,890,3181,890,3181,924
3139,925,3139,921,3156,921,3156,925
2837,924,2881,924,2881,943,2837,943
3095,952,3099,913,3106,914,3102,953
3139,952,3139,948,3156,948,3156,952
605,941,671,939,672,961,606,963
2822,939,2833,940,2831,981,2820,981
2830,939,2841,940,2839,981,2828,981
2847,940,2858,941,2856,982,2845,982
2856,940,2867,941,2865,982,2854,982
2870,941,2892,942,2890,984,2868,983
3801,935,3898,935,3898,962,3801,962
927,940,1050,940,1050,958,927,958
957,965,962,965,962,985,957,985
967,965,972,965,972,985,967,985
975,965,980,965,980,985,975,985
984,965,989,965,989,985,984,985
989,965,1012,965,1012,985,989,985
4576,940,4581,940,4581,961,4576,961
4585,940,4590,940,4590,961,4585,961
4591,940,4614,940,4614,961,4591,961
4624,940,4659,940,4659,961,4624,961
3140,1004,3140,1000,3157,1000,3157,1004
3804,995,3896,995,3896,1026,3804,1026
3911,995,3919,995,3919,1026,3911,1026
3933,995,4022,995,4022,1026,3933,1026
4568,1003,4585,1003,4585,1026,4568,1026
4592,1003,4598,1003,4598,1026,4592,1026
4601,1003,4622,1003,4622,1026,4601,1026
4627,1003,4670,1003,4670,1026,4627,1026
136,1025,210,1025,210,1046,136,1046
154,1051,159,1051,159,1072,154,1072
163,1051,168,1051,168,1072,163,1072
172,1051,177,1051,177,1072,172,1072
181,1051,200,1051,200,1072,181,1072
3140,1031,3140,1027,3157,1027,3157,1031
3121,1060,3121,1037,3133,1037,3133,1060
3141,1058,3141,1054,3158,1054,3158,1058
3804,1055,3919,1055,3919,1084,3804,1084
3935,1055,3943,1055,3943,1084,3935,1084
4569,1061,4588,1061,4588,1088,4569,1088
4591,1061,4598,1061,4598,1088,4591,1088
4602,1061,4622,1061,4622,1088,4602,1088
4628,1061,4669,1061,4669,1088,4628,1088
3141,1085,3141,1081,3158,1081,3158,1085
3110,1103,3111,1103,3111,1111,3110,1111
3142,1114,3142,1110,3159,1110,3159,1114
886,1121,901,1106,911,1116,896,1131
903,1104,905,1102,915,1112,913,1114
907,1100,909,1098,919,1108,917,1110
911,1096,913,1094,923,1104,921,1106
914,1093,940,1068,950,1078,925,1104
3802,1117,3918,1117,3918,1144,3802,1144
3934,1117,3941,1117,3941,1144,3934,1144
4569,1119,4588,1119,4588,1146,4569,1146
4591,1119,4598,1119,4598,1146,4591,1146
4598,1119,4623,1119,4623,1146,4598,1146
4628,1119,4669,1119,4669,1146,4628,1146
349,1149,441,1149,441,1180,349,1180
451,1149,486,1149,486,1180,451,1180
498,1149,620,1149,620,1180,498,1180
637,1149,685,1149,685,1180,637,1180
701,1149,787,1149,787,1180,701,1180
1811,1177,1906,1177,1906,1198,1811,1198
1812,1200,1816,1200,1816,1217,1812,1217
1842,1200,1846,1200,1846,1217,1842,1217
1873,1199,1877,1199,1877,1216,1873,1216
1903,1199,1907,1199,1907,1216,1903,1216
3801,1173,3918,1173,3918,1200,3801,1200
3933,1173,3940,1173,3940,1200,3933,1200
4568,1173,4587,1173,4587,1200,4568,1200
4591,1173,4598,1173,4598,1200,4591,1200
4597,1173,4622,1173,4622,1200,4597,1200
4628,1173,4668,1173,4668,1200,4628,1200
1132,1201,1135,1201,1135,1216,1132,1216
1140,1201,1143,1201,1143,1216,1140,1216
1171,1201,1174,1201,1174,1216,1171,1216
1201,1201,1204,1201,1204,1216,1201,1216
1233,1201,1236,1201,1236,1216,1233,1216
1354,1201,1358,1201,1358,1218,1354,1218
1385,1201,1389,1201,1389,1218,1385,1218
1416,1201,1420,1201,1420,1218,1416,1218
1446,1201,1450,1201,1450,1218,1446,1218
1506,1201,1510,1201,1510,1218,1506,1218
1538,1200,1542,1200,1542,1217,1538,1217
1630,1200,1634,1200,1634,1217,1630,1217
1689,1200,1693,1200,1693,1217,1689,1217
1722,1200,1726,1200,1726,1217,1722,1217
1750,1200,1754,1200,1754,1217,1750,1217
1934,1199,1938,1199,1938,1216,1934,1216
1965,1199,1969,1199,1969,1216,1965,1216
1995,1199,1999,1199,1999,1216,1995,1216
2026,1199,2030,1199,2030,1216,2026,1216
2118,1201,2122,1201,2122,1218,2118,1218
2148,1201,2152,1201,2152,1218,2148,1218
2161,1201,2165,1201,2165,1218,2161,1218
2210,1201,2214,1201,2214,1218,2210,1218
2238,1200,2242,1200,2242,1217,2238,1217
2269,1200,2273,1200,2273,1217,2269,1217
2363,1200,2367,1200,2367,1217,2363,1217
2393,1200,2397,1200,2397,1217,2393,1217
2424,1200,2428,1200,2428,1217,2424,1217
2454,1200,2458,1200,2458,1217,2454,1217
2485,1199,2489,1199,2489,1216,2485,1216
2546,1199,2550,1199,2550,1216,2546,1216
2577,1199,2581,1199,2581,1216,2577,1216
3802,1235,3874,1235,3874,1256,3802,1256
3885,1235,3913,1235,3913,1256,3885,1256
3923,1235,3970,1235,3970,1256,3923,1256
4573,1234,4578,1234,4578,1255,4573,1255
4584,1234,4589,1234,4589,1255,4584,1255
4590,1234,4613,1234,4613,1255,4590,1255
4623,1234,4658,1234,4658,1255,4623,1255
3806,1288,3873,1288,3873,1322,3806,1322
3888,1288,3897,1288,3897,1322,3888,1322
3902,1288,3911,1288,3911,1322,3902,1322
3906,1288,3950,1288,3950,1322,3906,1322
4575,1286,4584,1286,4584,1321,4575,1321
4586,1286,4595,1286,4595,1321,4586,1321
4591,1286,4617,1286,4617,1321,4591,1321
4622,1286,4660,1286,4660,1321,4622,1321
3802,1350,3853,1350,3853,1377,3802,1377
4574,1351,4579,1351,4579,1373,4574,1373
4586,1351,4591,1351,4591,1373,4586,1373
4590,1351,4615,1351,4615,1373,4590,1373
4622,1351,4658,1351,4658,1373,4622,1373
2137,1401,2218,1404,2217,1428,2136,1425
2293,1408,2299,1408,2298,1431,2292,1431
1502,1405,1508,1405,1508,1430,1502,1430
1513,1405,1569,1405,1569,1430,1513,1430
1580,1405,1586,1405,1586,1430,1580,1430
1597,1405,1639,1405,1639,1430,1597,1430
1640,1405,1646,1405,1646,1430,1640,1430
1650,1405,1682,1405,1682,1430,1650,1430
1568,1446,1606,1446,1606,1470,1568,1470
2378,1418,2445,1419,2445,1439,2378,1438
2457,1419,2462,1419,2462,1438,2457,1438
2472,1418,2567,1419,2567,1439,2472,1438
2581,1420,2586,1420,2586,1439,2581,1439
2588,1420,2630,1420,2630,1439,2588,1439
2139,1439,2171,1427,2176,1442,2145,1454
3807,1436,3900,1436,3900,1479,3807,1479
3922,1436,4065,1436,4065,1479,3922,1479
4076,1436,4256,1436,4256,1479,4076,1479
4514,1432,4561,1432,4561,1483,4514,1483
4570,1432,4584,1432,4584,1483,4570,1483
4582,1432,4629,1432,4629,1483,4582,1483
4641,1432,4726,1432,4726,1483,4641,1483
3805,1537,3928,1534,3929,1570,3806,1573
3943,1534,3952,1534,3953,1569,3944,1569
4571,1539,4590,1539,4590,1566,4571,1566
4591,1539,4598,1539,4598,1566,4591,1566
4597,1539,4622,1539,4622,1566,4597,1566
4628,1539,4668,1539,4668,1566,4628,1566
1564,1589,1610,1589,1610,1616,1564,1616
1558,1619,1564,1619,1564,1644,1558,1644
1574,1619,1580,1619,1580,1644,1574,1644
1587,1619,1593,1619,1593,1644,1587,1644
1595,1619,1618,1619,1618,1644,1595,1644
3804,1601,3927,1601,3927,1623,3804,1623
3944,1601,3949,1601,3949,1623,3944,1623
4574,1595,4582,1595,4582,1626,4574,1626
4587,1595,4595,1595,4595,1626,4587,1626
4592,1595,4615,1595,4615,1626,4592,1626
4623,1595,4664,1595,4664,1626,4623,1626
1711,1661,1711,1624,1731,1624,1731,1661
3087,1627,3136,1605,3146,1627,3097,1649
3805,1657,3879,1657,3879,1683,3805,1683
3899,1657,3906,1657,3906,1683,3899,1683
4565,1657,4590,1657,4590,1684,4565,1684
4592,1657,4599,1657,4599,1684,4592,1684
4600,1657,4620,1657,4620,1684,4600,1684
4626,1657,4667,1657,4667,1684,4626,1684
1530,1677,1627,1677,1627,1704,1530,1704
1641,1677,1648,1677,1648,1704,1641,1704
3117,1677,3211,1664,3215,1693,3121,1707
1304,1717,1305,1691,1322,1692,1321,1718
1325,1730,1325,1715,1338,1715,1338,1730
1325,1708,1325,1696,1338,1696,1338,1708
1932,1714,1932,1715,1925,1718,1925,1717
1936,1721,1936,1722,1929,1725,1929,1724
3803,1719,3881,1719,3881,1741,3803,1741
3900,1719,3905,1719,3905,1741,3900,1741
4563,1719,4597,1719,4597,1741,4563,1741
4598,1719,4603,1719,4603,1741,4598,1741
4605,1719,4629,1719,4629,1741,4605,1741
4633,1719,4674,1719,4674,1741,4633,1741
1301,1775,1301,1771,1318,1772,1318,1776
1302,1750,1302,1746,1319,1747,1319,1751
1360,1791,1360,1742,1369,1742,1369,1791
1368,1799,1368,1774,1378,1774,1378,1799
1368,1770,1368,1760,1378,1760,1378,1770
1368,1753,1368,1751,1378,1751,1378,1753
1369,1744,1369,1735,1379,1735,1379,1744
3401,1780,3457,1763,3464,1784,3407,1801
1300,1802,1300,1798,1317,1799,1317,1803
1298,1833,1298,1829,1315,1830,1315,1834
3806,1812,3898,1812,3898,1848,3806,1848
3918,1812,4058,1812,4058,1848,3918,1848
4076,1812,4232,1812,4232,1848,4076,1848
4504,1810,4575,1810,4575,1861,4504,1861
4584,1810,4598,1810,4598,1861,4584,1861
4596,1810,4643,1810,4643,1861,4596,1861
4657,1810,4733,1810,4733,1861,4657,1861
680,1884,680,1849,694,1849,694,1884
1405,1852,1418,1850,1425,1895,1413,1897
1429,1848,1468,1841,1476,1888,1437,1894
2631,1876,2635,1876,2636,1894,2632,1894
2658,1874,2691,1873,2692,1892,2659,1893
3458,1911,3458,1903,3489,1903,3489,1911
1393,1965,1431,1965,1431,1991,1393,1991
805,2041,861,2041,861,2068,805,2068
873,2041,1021,2041,1021,2068,873,2068
1036,2041,1130,2041,1130,2068,1036,2068
3458,2213,3458,2146,3489,2146,3489,2213
3458,2135,3458,2127,3489,2127,3489,2135
3458,2116,3458,2022,3489,2022,3489,2116
3458,2013,3458,2005,3489,2005,3489,2013
3458,2002,3458,1959,3489,1959,3489,2002
1706,2136,1706,2132,1723,2133,1723,2137
1707,2130,1707,2126,1724,2127,1724,2131
1707,2125,1708,2110,1725,2111,1724,2126
2994,2134,2994,2099,3016,2099,3016,2134
1354,2130,1461,2130,1461,2153,1354,2153
1477,2130,1483,2130,1483,2153,1477,2153
1534,2159,1534,2120,1553,2120,1553,2159
1727,2150,1727,2136,1740,2136,1740,2150
1727,2128,1727,2119,1740,2119,1740,2128
1703,2170,1703,2166,1720,2167,1720,2171
2539,2154,2614,2154,2614,2190,2539,2190
2636,2154,2646,2154,2646,2190,2636,2190
1701,2197,1701,2193,1718,2194,1718,2198
1699,2223,1699,2219,1716,2220,1716,2224
1711,2420,1711,2417,1725,2417,1725,2420
1711,2414,1711,2411,1725,2411,1725,2414
1711,2409,1711,2406,1725,2406,1725,2409
1711,2402,1711,2399,1725,2399,1725,2402
1711,2397,1711,2394,1725,2394,1725,2397
1727,2433,1727,2417,1738,2417,1738,2433
1727,2413,1727,2400,1738,2400,1738,2413
1704,2453,1704,2451,1715,2451,1715,2453
3682,2454,3737,2454,3737,2488,3682,2488
3756,2454,3787,2454,3787,2488,3756,2488
3804,2454,3912,2454,3912,2488,3804,2488
3932,2454,3957,2454,3957,2488,3932,2488
3977,2454,4109,2454,4109,2488,3977,2488
4116,2454,4182,2454,4182,2488,4116,2488
4196,2454,4205,2454,4205,2488,4196,2488
4203,2454,4212,2454,4212,2488,4203,2488
4212,2454,4346,2454,4346,2488,4212,2488
1704,2481,1704,2479,1715,2479,1715,2481
1704,2507,1704,2505,1715,2505,1715,2507
1706,2534,1706,2532,1716,2531,1716,2533
4124,2580,4124,2571,4158,2571,4158,2580
1409,2573,1412,2573,1412,2588,1409,2588
1446,2573,1449,2573,1449,2588,1446,2588
1330,2613,1336,2613,1336,2636,1330,2636
1356,2613,1460,2613,1460,2636,1356,2636
1479,2613,1485,2613,1485,2636,1479,2636
1639,2632,1639,2595,1660,2595,1660,2632
4124,2629,4124,2620,4158,2620,4158,2629
4308,2706,4320,2705,4321,2714,4309,2715
4302,2713,4308,2713,4308,2721,4302,2721
4309,2713,4310,2713,4310,2721,4309,2721
4311,2713,4316,2713,4316,2721,4311,2721
4321,2713,4327,2713,4327,2721,4321,2721
4120,2652,4120,2820,4112,2820,4112,2652
4127,2644,4127,2830,4119,2830,4119,2644
4124,2762,4124,2753,4158,2753,4158,2762
1321,2800,1328,2801,1326,2826,1319,2826
1395,2805,1433,2808,1431,2835,1393,2832
1440,2809,1447,2810,1445,2835,1438,2835
2514,2807,2609,2807,2609,2826,2514,2826
2621,2807,2626,2807,2626,2826,2621,2826
2629,2807,2671,2807,2671,2826,2629,2826
4185,2817,4193,2816,4194,2825,4186,2826
1553,2817,1560,2818,1558,2843,1551,2843
4178,2826,4179,2826,4179,2833,4178,2833
4184,2826,4185,2826,4185,2833,4184,2833
4190,2827,4191,2827,4191,2834,4190,2834
4193,2827,4203,2827,4203,2834,4193,2834
4124,2863,4124,2854,4158,2854,4158,2863
4267,2937,4275,2937,4274,2966,4266,2966
4327,2940,4491,2948,4489,2977,4326,2969
4182,2993,4192,2991,4195,3004,4185,3007
4303,2996,4308,2996,4308,3004,4303,3004
4308,2996,4309,2996,4309,3004,4308,3004
4311,2996,4317,2996,4317,3004,4311,3004
4319,2996,4327,2996,4327,3004,4319,3004
4177,3008,4182,3008,4182,3016,4177,3016
4184,3008,4185,3008,4185,3016,4184,3016
4186,3007,4191,3007,4191,3016,4186,3016
4193,3007,4203,3007,4203,3015,4193,3015
4415,3033,4420,3033,4420,3040,4415,3040
4421,3033,4422,3033,4422,3040,4421,3040
4424,3033,4429,3033,4429,3040,4424,3040
4432,3033,4438,3033,4438,3040,4432,3040
2344,3092,2344,3087,2364,3086,2364,3091
2394,3079,2397,3079,2397,3094,2394,3094
2434,3080,2437,3080,2437,3095,2434,3095
2474,3080,2477,3080,2477,3095,2474,3095
2514,3080,2517,3080,2517,3095,2514,3095
2554,3081,2557,3081,2557,3096,2554,3096
4103,3078,4110,3078,4110,3089,4103,3089
4095,3091,4100,3091,4100,3098,4095,3098
4102,3091,4103,3091,4103,3098,4102,3098
4104,3090,4109,3090,4109,3098,4104,3098
4111,3090,4121,3090,4121,3097,4111,3097
4334,3099,4342,3098,4343,3107,4335,3108
4326,3108,4332,3108,4332,3115,4326,3115
4333,3108,4334,3108,4334,3115,4333,3115
4335,3107,4354,3106,4354,3114,4335,3115
4102,3112,4104,3112,4104,3123,4102,3123
145,3119,161,3119,161,3140,145,3140
214,3119,219,3119,219,3140,214,3140
223,3119,228,3119,228,3140,223,3140
229,3119,234,3119,234,3140,229,3140
2353,3122,2359,3122,2360,3146,2354,3146
2396,3121,2402,3121,2403,3145,2397,3145
2436,3120,2442,3120,2443,3144,2437,3144
2476,3119,2482,3119,2483,3143,2477,3143
2516,3118,2522,3118,2523,3142,2517,3142
2556,3117,2562,3117,2563,3141,2557,3141
2598,3116,2604,3116,2605,3140,2599,3140
4022,3128,4118,3131,4118,3140,4022,3137
4031,3146,4132,3145,4132,3153,4031,3154
4142,3141,4193,3141,4193,3156,4142,3156
1866,3180,1962,3183,1961,3218,1865,3215
1975,3183,2095,3186,2094,3221,1974,3218
2167,3159,2245,3159,2245,3188,2167,3188
2147,3188,2270,3192,2269,3227,2146,3223
2395,3194,2461,3194,2461,3217,2395,3217
2467,3194,2560,3194,2560,3217,2467,3217
2740,3192,2835,3192,2835,3221,2740,3221
3003,3190,3070,3190,3070,3223,3003,3223
3073,3190,3082,3190,3082,3223,3073,3223
3084,3190,3167,3190,3167,3223,3084,3223
3345,3173,3436,3173,3436,3204,3345,3204
3269,3209,3373,3209,3373,3239,3269,3239
3384,3209,3450,3209,3450,3239,3384,3239
3457,3209,3500,3209,3500,3239,3457,3239
156,3275,161,3275,161,3297,156,3297
160,3275,233,3275,233,3297,160,3297
153,3303,192,3303,192,3325,153,3325
204,3303,291,3303,291,3325,204,3325
299,3303,399,3303,399,3325,299,3325
413,3303,459,3303,459,3325,413,3325
461,3303,623,3303,623,3325,461,3325
632,3303,637,3303,637,3325,632,3325
646,3303,706,3303,706,3325,646,3325
714,3303,752,3303,752,3325,714,3325
761,3303,852,3303,852,3325,761,3325
860,3303,906,3303,906,3325,860,3325
913,3303,1021,3303,1021,3325,913,3325
1031,3303,1080,3303,1080,3325,1031,3325
1090,3303,1102,3303,1102,3325,1090,3325
1116,3303,1192,3303,1192,3325,1116,3325
1200,3303,1238,3303,1238,3325,1200,3325
1247,3303,1317,3303,1317,3325,1247,3325
1325,3303,1345,3303,1345,3325,1325,3325
1357,3303,1376,3303,1376,3325,1357,3325
1389,3303,1409,3303,1409,3325,1389,3325
1423,3303,1494,3303,1494,3325,1423,3325
1493,3303,1498,3303,1498,3325,1493,3325
1505,3303,1547,3303,1547,3325,1505,3325
1551,3303,1694,3303,1694,3325,1551,3325
1704,3303,1750,3303,1750,3325,1704,3325
1757,3303,1888,3303,1888,3325,1757,3325
1900,3303,1905,3303,1905,3325,1900,3325
1909,3303,1914,3303,1914,3325,1909,3325
1916,3303,1952,3303,1952,3325,1916,3325
1964,3303,2068,3303,2068,3325,1964,3325
2079,3303,2084,3303,2084,3325,2079,3325
2100,3303,2121,3303,2121,3325,2100,3325
2130,3303,2171,3303,2171,3325,2130,3325
2185,3303,2206,3303,2206,3325,2185,3325
2219,3303,2295,3303,2295,3325,2219,3325
2308,3303,2332,3303,2332,3325,2308,3325
2343,3303,2348,3303,2348,3325,2343,3325
2348,3303,2353,3303,2353,3325,2348,3325
2353,3303,2411,3303,2411,3325,2353,3325
2422,3303,2527,3303,2527,3325,2422,3325
2527,3303,2532,3303,2532,3325,2527,3325
2541,3303,2578,3303,2578,3325,2541,3325
2586,3303,2700,3303,2700,3325,2586,3325
2708,3303,2825,3303,2825,3325,2708,3325
2826,3303,2831,3303,2831,3325,2826,3325
2838,3303,2999,3303,2999,3325,2838,3325
3008,3303,3028,3303,3028,3325,3008,3325
3040,3303,3202,3303,3202,3325,3040,3325
3204,3303,3209,3303,3209,3325,3204,3325
3217,3303,3260,3303,3260,3325,3217,3325
3264,3303,3284,3303,3284,3325,3264,3325
3298,3303,3318,3303,3318,3325,3298,3325
3329,3303,3364,3303,3364,3325,3329,3325
3370,3303,3467,3303,3467,3325,3370,3325
3474,3303,3505,3303,3505,3325,3474,3325
156,3330,278,3330,278,3355,156,3355
286,3330,339,3330,339,3355,286,3355
342,3330,348,3330,348,3355,342,3355
354,3330,386,3330,386,3355,354,3355
392,3330,474,3330,474,3355,392,3355
485,3330,521,3330,521,3355,485,3355
533,3330,589,3330,589,3355,533,3355
600,3330,636,3330,636,3355,600,3355
646,3330,675,3330,675,3355,646,3355
685,3330,818,3330,818,3355,685,3355
823,3330,829,3330,829,3355,823,3355
836,3330,875,3330,875,3355,836,3355
882,3330,994,3330,994,3355,882,3355
1005,3330,1028,3330,1028,3355,1005,3355
1036,3330,1103,3330,1103,3355,1036,3355
1106,3330,1112,3330,1112,3355,1106,3355
1125,3330,1195,3330,1195,3355,1125,3355
1197,3330,1203,3330,1203,3355,1197,3355
1210,3330,1252,3330,1252,3355,1210,3355
1264,3330,1353,3330,1353,3355,1264,3355
1363,3330,1411,3330,1411,3355,1363,3355
1419,3330,1455,3330,1455,3355,1419,3355
1465,3330,1471,3330,1471,3355,1465,3355
1470,3330,1476,3330,1476,3355,1470,3355
1476,3330,1624,3330,1624,3355,1476,3355
1629,3330,1665,3330,1665,3355,1629,3355
1676,3330,1809,3330,1809,3355,1676,3355
1823,3330,1869,3330,1869,3355,1823,3355
1874,3330,1943,3330,1943,3355,1874,3355
1954,3330,1960,3330,1960,3355,1954,3355
1972,3330,2010,3330,2010,3355,1972,3355
2019,3330,2103,3330,2103,3355,2019,3355
2102,3330,2108,3330,2108,3355,2102,3355
2115,3330,2129,3330,2129,3355,2115,3355
2141,3330,2218,3330,2218,3355,2141,3355
2224,3330,2230,3330,2230,3355,2224,3355
2237,3330,2243,3330,2243,3355,2237,3355
2242,3330,2248,3330,2248,3355,2242,3355
2249,3330,2393,3330,2393,3355,2249,3355
2399,3330,2422,3330,2422,3355,2399,3355
2427,3330,2456,3330,2456,3355,2427,3355
2465,3330,2587,3330,2587,3355,2465,3355
2594,3330,2630,3330,2630,3355,2594,3355
2642,3330,2766,3330,2766,3355,2642,3355
2780,3330,2825,3330,2825,3355,2780,3355
2832,3330,2963,3330,2963,3355,2832,3355
2973,3330,2979,3330,2979,3355,2973,3355
2983,3330,2989,3330,2989,3355,2983,3355
2990,3330,3027,3330,3027,3355,2990,3355
3033,3330,3126,3330,3126,3355,3033,3355
3659,3284,3751,3284,3751,3335,3659,3335
3762,3284,3776,3284,3776,3335,3762,3335
3793,3284,3822,3284,3822,3335,3793,3335
3835,3284,3849,3284,3849,3335,3835,3335
3843,3284,3881,3284,3881,3335,3843,3335
3887,3284,3901,3284,3901,3335,3887,3335
3902,3284,3973,3284,3973,3335,3902,3335
4276,3292,4393,3292,4393,3335,4276,3335
4403,3292,4415,3292,4415,3335,4403,3335
