4015,170,4299,170,4299,228,4015,228
4019,226,4297,226,4297,284,4019,284
4106,374,4112,374,4112,398,4106,398
4120,374,4155,374,4155,398,4120,398
4164,374,4186,374,4186,398,4164,398
4196,374,4243,374,4243,398,4196,398
4256,374,4262,374,4262,398,4256,398
4273,374,4361,374,4361,398,4273,398
4130,406,4189,406,4189,429,4130,429
4204,406,4256,406,4256,429,4204,429
4262,406,4319,406,4319,429,4262,429
2261,434,2320,429,2321,445,2263,451
2506,458,2506,467,2473,467,2473,458
2834,465,2834,459,2857,459,2857,465
2506,516,2506,525,2473,525,2473,516
302,486,649,247,699,321,352,559
1307,512,1320,511,1322,558,1309,559
1330,512,1407,508,1409,555,1332,559
1446,506,1459,505,1461,552,1448,553
1480,504,1593,499,1595,545,1482,551
1610,498,1623,497,1625,544,1612,545
1653,496,1666,495,1668,542,1655,543
1677,494,1690,493,1692,540,1679,541
1752,491,1812,488,1814,535,1754,538
1877,485,1890,484,1892,531,1879,532
4145,481,4302,481,4302,551,4145,551
2506,567,2506,576,2473,576,2473,567
2506,621,2506,630,2473,630,2473,621
1797,595,1813,594,1816,652,1800,653
1516,612,1569,609,1572,668,1519,671
2782,724,2800,612,2813,615,2795,726
2506,676,2506,685,2473,685,2473,676
2840,789,2840,783,2863,783,2863,789
2839,772,2839,766,2862,766,2862,772
2839,791,2835,587,2859,587,2863,791
3967,588,4042,588,4042,631,3967,631
4051,588,4191,588,4191,631,4051,631
4205,588,4217,588,4217,631,4205,631
4221,588,4295,588,4295,631,4221,631
4313,588,4374,588,4374,631,4313,631
4392,588,4497,588,4497,631,4392,631
4115,632,4217,632,4217,679,4115,679
4233,632,4348,632,4348,679,4233,679
3960,689,4029,689,4029,729,3960,729
4041,689,4084,689,4084,729,4041,729
4094,689,4105,689,4105,729,4094,729
4259,687,4347,687,4347,729,4259,729
4361,687,4372,687,4372,729,4361,729
3949,744,4036,744,4036,787,3949,787
4231,746,4241,746,4241,784,4231,784
4246,746,4289,746,4289,784,4246,784
3650,692,3840,692,3840,730,3650,730
3846,692,3856,692,3856,730,3846,730
2232,697,2393,705,2390,753,2230,745
2412,706,2425,707,2423,754,2410,753
1248,719,1261,720,1259,766,1246,766
1296,721,1309,722,1307,768,1294,768
1344,723,1357,724,1355,770,1342,770
1459,727,1512,729,1510,777,1457,775
1570,732,1583,733,1581,779,1568,779
1695,737,1708,738,1706,784,1693,784
4542,692,4675,692,4675,730,4542,730
4697,692,4707,692,4707,730,4697,730
4550,745,4579,745,4579,785,4550,785
4596,745,4716,745,4716,785,4596,785
1781,740,1794,741,1792,787,1779,787
2166,813,2175,814,2173,847,2164,847
2712,833,2711,827,2734,825,2735,831
2233,817,2242,818,2240,851,2231,851
2285,820,2294,821,2292,854,2283,854
2341,823,2350,824,2348,857,2339,857
4107,847,4356,847,4356,893,4107,893
2720,912,2719,906,2742,904,2743,910
2723,949,2722,943,2745,941,2746,947
3801,935,3898,935,3898,962,3801,962
4573,937,4581,937,4581,966,4573,966
4585,937,4593,937,4593,966,4585,966
4593,937,4614,937,4614,966,4593,966
4623,937,4660,937,4660,966,4623,966
2729,1016,2728,1010,2751,1008,2752,1014
2728,1009,2727,1003,2750,1001,2751,1007
2728,1000,2727,994,2750,992,2751,998
2726,988,2725,982,2748,980,2749,986
2750,1019,2750,996,2771,996,2771,1019
2750,984,2750,960,2771,960,2771,984
3804,993,3898,993,3898,1022,3804,1022
3911,993,3919,993,3919,1022,3911,1022
3930,993,4021,993,4021,1022,3930,1022
4569,1001,4590,1001,4590,1024,4569,1024
4592,1001,4598,1001,4598,1024,4592,1024
4600,1001,4621,1001,4621,1024,4600,1024
4630,1001,4668,1001,4668,1024,4630,1024
1883,1027,1899,1027,1898,1085,1882,1085
1948,1028,1964,1028,1963,1086,1947,1086
2001,1029,2017,1029,2016,1087,2000,1087
2110,1031,2126,1031,2125,1089,2109,1089
2166,1032,2182,1032,2181,1090,2165,1090
2219,1033,2235,1033,2234,1091,2218,1091
2272,1033,2288,1033,2287,1091,2271,1091
2325,1034,2341,1034,2340,1092,2324,1092
2378,1035,2394,1035,2393,1093,2377,1093
2437,1036,2453,1036,2452,1094,2436,1094
2490,1037,2506,1037,2505,1095,2489,1095
2544,1038,2560,1038,2559,1096,2543,1096
3804,1053,3919,1053,3919,1082,3804,1082
3935,1053,3943,1053,3943,1082,3935,1082
4568,1060,4589,1060,4589,1083,4568,1083
4593,1060,4599,1060,4599,1083,4593,1083
4603,1060,4620,1060,4620,1083,4603,1083
4629,1060,4667,1060,4667,1083,4629,1083
1567,1095,1738,1088,1741,1156,1570,1163
1859,1083,1878,1082,1881,1149,1862,1150
2792,1167,2788,1071,2806,1070,2810,1166
3800,1111,3921,1111,3921,1142,3800,1142
3932,1111,3940,1111,3940,1142,3932,1142
4574,1118,4580,1118,4580,1141,4574,1141
4586,1118,4592,1118,4592,1141,4586,1141
4596,1118,4613,1118,4613,1141,4596,1141
4622,1118,4660,1118,4660,1141,4622,1141
3804,1172,3872,1172,3872,1194,3804,1194
3884,1172,3912,1172,3912,1194,3884,1194
3925,1172,3996,1172,3996,1194,3925,1194
4572,1172,4577,1172,4577,1194,4572,1194
4586,1172,4591,1172,4591,1194,4586,1194
4590,1172,4615,1172,4615,1194,4590,1194
4622,1172,4658,1172,4658,1194,4622,1194
2723,1235,2723,1227,2754,1227,2754,1235
2723,1228,2723,1220,2754,1220,2754,1228
2723,1219,2723,1211,2754,1211,2754,1219
2723,1206,2723,1198,2754,1198,2754,1206
2754,1253,2754,1232,2773,1232,2773,1253
2754,1220,2754,1206,2773,1206,2773,1220
2840,1245,2840,1240,2861,1240,2861,1245
2840,1228,2840,1223,2861,1223,2861,1228
2840,1219,2840,1214,2861,1214,2861,1219
2840,1199,2840,1194,2861,1194,2861,1199
4575,1231,4580,1231,4580,1253,4575,1253
4586,1231,4591,1231,4591,1253,4586,1253
4594,1231,4613,1231,4613,1253,4594,1253
4623,1231,4659,1231,4659,1253,4623,1253
3800,1229,3839,1229,3839,1256,3800,1256
1640,1233,1652,1232,1656,1275,1644,1276
1647,1232,1659,1231,1663,1274,1651,1275
1675,1230,1730,1225,1734,1268,1679,1273
1332,1263,1386,1261,1387,1283,1333,1285
3800,1289,3854,1289,3854,1316,3800,1316
4573,1287,4581,1287,4581,1316,4573,1316
4585,1287,4593,1287,4593,1316,4585,1316
4593,1287,4614,1287,4614,1316,4593,1316
4623,1287,4660,1287,4660,1316,4623,1316
2227,1352,2392,1352,2392,1395,2227,1395
2407,1352,2419,1352,2419,1395,2407,1395
2620,1432,2622,1378,2657,1380,2655,1433
2624,1362,2624,1353,2658,1354,2658,1363
3806,1380,3902,1380,3902,1414,3806,1414
3918,1380,4068,1380,4068,1414,3918,1414
4076,1380,4259,1380,4259,1414,4076,1414
4515,1372,4562,1372,4562,1423,4515,1423
4571,1372,4585,1372,4585,1423,4571,1423
4583,1372,4630,1372,4630,1423,4583,1423
4644,1372,4720,1372,4720,1423,4644,1423
1478,1401,1532,1401,1532,1423,1478,1423
3802,1479,3898,1479,3898,1506,3802,1506
4572,1477,4579,1477,4579,1504,4572,1504
4586,1477,4593,1477,4593,1504,4586,1504
4594,1477,4614,1477,4614,1504,4594,1504
4624,1477,4660,1477,4660,1504,4624,1504
1417,1494,1532,1494,1532,1532,1417,1532
2288,1564,2341,1564,2341,1601,2288,1601
3805,1566,3899,1566,3899,1600,3805,1600
3913,1566,4058,1566,4058,1600,3913,1600
4073,1566,4233,1566,4233,1600,4073,1600
1223,1666,1224,1655,1265,1657,1265,1668
1225,1622,1228,1568,1270,1570,1267,1624
4518,1548,4571,1550,4568,1622,4515,1620
4571,1550,4591,1551,4588,1623,4568,1622
4594,1551,4633,1552,4630,1624,4591,1623
4644,1552,4723,1555,4720,1627,4641,1624
1348,1651,1356,1651,1356,1680,1348,1680
1402,1651,1410,1651,1410,1680,1402,1680
1456,1651,1464,1651,1464,1680,1456,1680
1510,1651,1518,1651,1518,1680,1510,1680
2429,1791,2489,1791,2489,1823,2429,1823
2559,1818,2612,1818,2612,1839,2559,1839
2272,1952,2272,1948,2289,1950,2289,1954
2273,1945,2273,1941,2290,1943,2290,1947
2274,1938,2274,1934,2291,1936,2291,1940
2276,1924,2276,1920,2293,1922,2293,1926
2295,1986,2295,1963,2316,1963,2316,1986
2295,1954,2295,1926,2316,1926,2316,1954
2763,1978,2763,1975,2777,1975,2777,1978
2267,2001,2267,1997,2284,1999,2284,2003
2279,2000,2279,2004,2262,2004,2262,2000
2764,2024,2764,2021,2778,2021,2778,2024
2262,2040,2262,2036,2279,2038,2279,2042
2279,2040,2279,2044,2262,2044,2262,2040
2764,2071,2764,2068,2778,2068,2778,2071
2280,2079,2280,2083,2263,2083,2263,2079
1296,2085,1305,2084,1307,2117,1298,2118
1378,2079,1387,2078,1389,2111,1380,2112
1431,2076,1440,2075,1442,2108,1433,2109
1485,2080,1493,2079,1496,2108,1488,2109
2764,2116,2764,2113,2778,2113,2778,2116
2765,2161,2765,2158,2779,2158,2779,2161
2280,2159,2280,2163,2263,2163,2263,2159
1168,2186,1200,2185,1201,2204,1169,2205
1216,2184,1221,2184,1222,2203,1217,2203
1238,2184,1243,2184,1244,2203,1239,2203
1260,2183,1265,2183,1266,2202,1261,2202
1280,2182,1285,2182,1286,2201,1281,2201
2167,2234,2167,2176,2198,2176,2198,2234
2280,2200,2280,2204,2263,2204,2263,2200
2765,2207,2765,2204,2779,2204,2779,2207
1325,2202,1325,2245,1247,2245,1247,2202
2280,2240,2280,2244,2263,2244,2263,2240
1583,2227,1701,2227,1701,2275,1583,2275
1710,2227,1723,2227,1723,2275,1710,2275
1736,2227,1868,2227,1868,2275,1736,2275
2349,2281,2349,2208,2365,2208,2365,2281
2366,2293,2366,2257,2381,2257,2381,2293
2366,2253,2366,2234,2381,2234,2381,2253
2366,2225,2366,2222,2381,2222,2381,2225
2366,2216,2366,2199,2381,2199,2381,2216
2396,2209,2396,2290,2383,2290,2383,2209
1204,2253,1209,2253,1209,2274,1204,2274
1219,2253,1224,2253,1224,2274,1219,2274
1237,2253,1242,2253,1242,2274,1237,2274
1254,2253,1259,2253,1259,2274,1254,2274
1272,2253,1277,2253,1277,2274,1272,2274
2434,2284,2434,2225,2458,2225,2458,2284
2535,2253,2650,2253,2650,2293,2535,2293
2281,2279,2281,2283,2264,2283,2264,2279
2766,2299,2766,2297,2777,2297,2777,2299
1685,2324,1683,2332,1655,2325,1657,2317
2281,2321,2281,2325,2264,2325,2264,2321
2766,2346,2766,2344,2777,2344,2777,2346
2281,2358,2281,2362,2264,2362,2264,2358
2766,2393,2766,2391,2777,2391,2777,2393
2281,2400,2281,2404,2264,2404,2264,2400
1696,2378,1765,2378,1765,2415,1696,2415
1541,2429,1552,2429,1554,2469,1543,2469
1594,2427,1605,2427,1607,2467,1596,2467
1653,2424,1710,2422,1712,2462,1655,2464
1713,2422,1724,2422,1726,2462,1715,2462
1726,2421,1764,2419,1766,2459,1728,2461
2587,2378,2597,2378,2597,2416,2587,2416
2614,2378,2685,2378,2685,2416,2614,2416
2614,2422,2625,2422,2625,2462,2614,2462
2630,2422,2641,2422,2641,2462,2630,2462
2644,2422,2680,2422,2680,2462,2644,2462
2766,2437,2766,2435,2777,2435,2777,2437
2281,2439,2281,2443,2264,2443,2264,2439
1377,2433,1385,2433,1385,2462,1377,2462
1431,2433,1439,2433,1439,2462,1431,2462
2297,2471,2297,2440,2315,2440,2315,2471
3681,2454,3739,2454,3739,2490,3681,2490
3755,2454,3788,2454,3788,2490,3755,2490
3803,2454,3913,2454,3913,2490,3803,2490
3929,2454,3962,2454,3962,2490,3929,2490
3973,2454,4110,2454,4110,2490,3973,2490
4118,2454,4184,2454,4184,2490,4118,2490
4194,2454,4204,2454,4204,2490,4194,2490
4201,2454,4211,2454,4211,2490,4201,2490
4211,2454,4344,2454,4344,2490,4211,2490
2766,2483,2766,2481,2777,2481,2777,2483
2282,2481,2282,2485,2265,2485,2265,2481
2766,2512,2766,2510,2777,2510,2777,2512
2282,2520,2282,2524,2265,2524,2265,2520
2766,2529,2766,2527,2777,2527,2777,2529
2766,2574,2766,2572,2777,2572,2777,2574
4290,2569,4302,2569,4302,2575,4290,2575
4291,2578,4301,2577,4302,2586,4292,2587
4285,2587,4290,2587,4290,2593,4285,2593
4292,2587,4293,2587,4293,2593,4292,2593
4294,2587,4299,2587,4299,2593,4294,2593
4302,2587,4310,2587,4310,2593,4302,2593
2844,2592,2870,2592,2870,2615,2844,2615
4385,2577,4385,2621,4351,2621,4351,2577
1716,2612,1773,2612,1773,2637,1716,2637
2754,2630,2831,2625,2832,2641,2755,2646
4175,2657,4183,2657,4183,2665,4175,2665
4167,2668,4173,2668,4173,2675,4167,2675
4174,2668,4175,2668,4175,2675,4174,2675
4177,2668,4182,2668,4182,2675,4177,2675
4185,2668,4195,2668,4195,2675,4185,2675
2539,2682,2601,2682,2601,2716,2539,2716
2605,2682,2614,2682,2614,2716,2605,2716
2616,2682,2665,2682,2665,2716,2616,2716
4405,2655,4396,2720,4385,2719,4394,2654
4310,2724,4318,2724,4318,2732,4310,2732
4302,2734,4308,2734,4308,2741,4302,2741
4310,2734,4311,2734,4311,2741,4310,2741
4312,2734,4317,2734,4317,2741,4312,2741
4320,2734,4328,2734,4328,2741,4320,2741
4385,2733,4385,2875,4351,2875,4351,2733
4174,2840,4184,2839,4185,2846,4175,2847
4167,2848,4173,2848,4173,2855,4167,2855
4174,2848,4175,2848,4175,2855,4174,2855
4177,2848,4183,2848,4183,2855,4177,2855
4185,2848,4195,2848,4195,2855,4185,2855
4184,2848,4194,2848,4194,2884,4184,2884
4224,2848,4284,2848,4284,2884,4224,2884
4091,2992,4092,2992,4092,2999,4091,2999
4102,2992,4166,2992,4166,2999,4102,2999
4174,3022,4188,3023,4188,3030,4174,3029
4175,3029,4185,3029,4185,3040,4175,3040
4167,3041,4173,3041,4173,3048,4167,3048
4174,3041,4175,3041,4175,3048,4174,3048
4177,3041,4183,3041,4183,3048,4177,3048
4185,3041,4195,3041,4195,3048,4185,3048
2394,3079,2397,3079,2397,3094,2394,3094
2344,3092,2344,3087,2364,3086,2364,3091
2434,3080,2437,3080,2437,3095,2434,3095
2474,3080,2477,3080,2477,3095,2474,3095
2514,3080,2517,3080,2517,3095,2514,3095
4255,3079,4257,3079,4258,3091,4256,3091
2554,3081,2557,3081,2557,3096,2554,3096
4477,3101,4487,3100,4487,3109,4477,3110
4089,3115,4098,3110,4102,3117,4093,3122
4470,3111,4476,3111,4476,3119,4470,3119
4477,3111,4478,3111,4478,3119,4477,3119
4479,3111,4485,3111,4485,3119,4479,3119
4487,3111,4497,3111,4497,3119,4487,3119
2353,3122,2359,3122,2360,3146,2354,3146
143,3124,173,3124,173,3157,143,3157
2396,3121,2402,3121,2403,3145,2397,3145
2436,3120,2442,3120,2443,3144,2437,3144
247,3124,256,3124,256,3157,247,3157
260,3124,269,3124,269,3157,260,3157
270,3124,279,3124,279,3157,270,3157
2476,3119,2482,3119,2483,3143,2477,3143
2598,3116,2604,3116,2605,3140,2599,3140
2516,3118,2522,3118,2523,3142,2517,3142
4092,3118,4102,3118,4102,3129,4092,3129
4084,3129,4090,3129,4090,3137,4084,3137
4091,3129,4092,3129,4092,3137,4091,3137
4093,3129,4099,3129,4099,3137,4093,3137
4101,3129,4111,3129,4111,3137,4101,3137
2556,3117,2562,3117,2563,3141,2557,3141
4342,3127,4354,3128,4353,3136,4342,3135
4342,3136,4352,3136,4352,3143,4342,3143
4335,3146,4364,3146,4364,3152,4335,3152
4092,3155,4095,3155,4095,3168,4092,3168
4051,3173,4114,3172,4114,3180,4051,3181
4028,3178,4110,3180,4110,3190,4028,3188
3992,3189,4142,3189,4142,3197,3992,3197
4449,3183,4516,3184,4516,3191,4449,3190
2167,3159,2245,3159,2245,3188,2167,3188
2147,3188,2270,3192,2269,3227,2146,3223
1866,3180,1962,3183,1961,3218,1865,3215
1975,3183,2095,3186,2094,3221,1974,3218
2395,3194,2461,3194,2461,3217,2395,3217
2467,3194,2560,3194,2560,3217,2467,3217
4263,3183,4285,3183,4285,3190,4263,3190
4259,3190,4340,3190,4340,3197,4259,3197
4253,3198,4256,3198,4256,3205,4253,3205
4296,3199,4339,3200,4339,3207,4296,3206
3345,3173,3436,3173,3436,3204,3345,3204
3269,3209,3373,3209,3373,3239,3269,3239
3384,3209,3450,3209,3450,3239,3384,3239
3457,3209,3500,3209,3500,3239,3457,3239
4443,3197,4520,3196,4520,3205,4443,3206
2740,3192,2835,3192,2835,3221,2740,3221
3003,3190,3070,3190,3070,3223,3003,3223
3073,3190,3082,3190,3082,3223,3073,3223
3084,3190,3167,3190,3167,3223,3084,3223
154,3274,160,3274,160,3297,154,3297
159,3274,232,3274,232,3297,159,3297
153,3303,192,3303,192,3325,153,3325
204,3303,291,3303,291,3325,204,3325
299,3303,399,3303,399,3325,299,3325
413,3303,459,3303,459,3325,413,3325
461,3303,623,3303,623,3325,461,3325
632,3303,637,3303,637,3325,632,3325
646,3303,706,3303,706,3325,646,3325
714,3303,752,3303,752,3325,714,3325
761,3303,852,3303,852,3325,761,3325
860,3303,906,3303,906,3325,860,3325
913,3303,1021,3303,1021,3325,913,3325
1031,3303,1080,3303,1080,3325,1031,3325
1090,3303,1102,3303,1102,3325,1090,3325
1116,3303,1192,3303,1192,3325,1116,3325
1200,3303,1238,3303,1238,3325,1200,3325
1247,3303,1317,3303,1317,3325,1247,3325
1325,3303,1345,3303,1345,3325,1325,3325
1357,3303,1376,3303,1376,3325,1357,3325
1389,3303,1409,3303,1409,3325,1389,3325
1423,3303,1494,3303,1494,3325,1423,3325
1493,3303,1498,3303,1498,3325,1493,3325
1505,3303,1547,3303,1547,3325,1505,3325
1551,3303,1694,3303,1694,3325,1551,3325
1704,3303,1750,3303,1750,3325,1704,3325
1757,3303,1888,3303,1888,3325,1757,3325
1900,3303,1905,3303,1905,3325,1900,3325
1909,3303,1914,3303,1914,3325,1909,3325
1916,3303,1952,3303,1952,3325,1916,3325
1964,3303,2068,3303,2068,3325,1964,3325
2079,3303,2084,3303,2084,3325,2079,3325
2100,3303,2121,3303,2121,3325,2100,3325
2130,3303,2171,3303,2171,3325,2130,3325
2185,3303,2206,3303,2206,3325,2185,3325
2219,3303,2295,3303,2295,3325,2219,3325
2308,3303,2332,3303,2332,3325,2308,3325
2343,3303,2348,3303,2348,3325,2343,3325
2348,3303,2353,3303,2353,3325,2348,3325
2353,3303,2411,3303,2411,3325,2353,3325
2422,3303,2527,3303,2527,3325,2422,3325
2527,3303,2532,3303,2532,3325,2527,3325
2541,3303,2578,3303,2578,3325,2541,3325
2586,3303,2700,3303,2700,3325,2586,3325
2708,3303,2825,3303,2825,3325,2708,3325
2826,3303,2831,3303,2831,3325,2826,3325
2838,3303,2999,3303,2999,3325,2838,3325
3008,3303,3028,3303,3028,3325,3008,3325
3040,3303,3202,3303,3202,3325,3040,3325
3204,3303,3209,3303,3209,3325,3204,3325
3217,3303,3260,3303,3260,3325,3217,3325
3264,3303,3284,3303,3284,3325,3264,3325
3298,3303,3318,3303,3318,3325,3298,3325
3329,3303,3364,3303,3364,3325,3329,3325
3370,3303,3467,3303,3467,3325,3370,3325
3474,3303,3505,3303,3505,3325,3474,3325
156,3330,278,3330,278,3355,156,3355
286,3330,339,3330,339,3355,286,3355
342,3330,348,3330,348,3355,342,3355
354,3330,386,3330,386,3355,354,3355
392,3330,474,3330,474,3355,392,3355
485,3330,521,3330,521,3355,485,3355
533,3330,589,3330,589,3355,533,3355
600,3330,636,3330,636,3355,600,3355
646,3330,675,3330,675,3355,646,3355
685,3330,818,3330,818,3355,685,3355
823,3330,829,3330,829,3355,823,3355
836,3330,875,3330,875,3355,836,3355
882,3330,994,3330,994,3355,882,3355
1005,3330,1028,3330,1028,3355,1005,3355
1036,3330,1103,3330,1103,3355,1036,3355
1106,3330,1112,3330,1112,3355,1106,3355
1125,3330,1195,3330,1195,3355,1125,3355
1197,3330,1203,3330,1203,3355,1197,3355
1210,3330,1252,3330,1252,3355,1210,3355
1264,3330,1353,3330,1353,3355,1264,3355
1363,3330,1411,3330,1411,3355,1363,3355
1419,3330,1455,3330,1455,3355,1419,3355
1465,3330,1471,3330,1471,3355,1465,3355
1470,3330,1476,3330,1476,3355,1470,3355
1476,3330,1624,3330,1624,3355,1476,3355
1629,3330,1665,3330,1665,3355,1629,3355
1676,3330,1809,3330,1809,3355,1676,3355
1823,3330,1869,3330,1869,3355,1823,3355
1874,3330,1943,3330,1943,3355,1874,3355
1954,3330,1960,3330,1960,3355,1954,3355
1972,3330,2010,3330,2010,3355,1972,3355
2019,3330,2103,3330,2103,3355,2019,3355
2102,3330,2108,3330,2108,3355,2102,3355
2115,3330,2129,3330,2129,3355,2115,3355
2141,3330,2218,3330,2218,3355,2141,3355
2224,3330,2230,3330,2230,3355,2224,3355
2237,3330,2243,3330,2243,3355,2237,3355
2242,3330,2248,3330,2248,3355,2242,3355
2249,3330,2393,3330,2393,3355,2249,3355
2399,3330,2422,3330,2422,3355,2399,3355
2427,3330,2456,3330,2456,3355,2427,3355
2465,3330,2587,3330,2587,3355,2465,3355
2594,3330,2630,3330,2630,3355,2594,3355
2642,3330,2766,3330,2766,3355,2642,3355
2780,3330,2825,3330,2825,3355,2780,3355
2832,3330,2963,3330,2963,3355,2832,3355
2973,3330,2979,3330,2979,3355,2973,3355
2983,3330,2989,3330,2989,3355,2983,3355
2990,3330,3027,3330,3027,3355,2990,3355
3033,3330,3126,3330,3126,3355,3033,3355
3664,3282,3746,3282,3746,3340,3664,3340
3760,3282,3776,3282,3776,3340,3760,3340
3796,3282,3829,3282,3829,3340,3796,3340
3831,3282,3847,3282,3847,3340,3831,3340
3859,3282,3902,3282,3902,3340,3859,3340
3907,3282,3923,3282,3923,3340,3907,3340
3913,3282,3977,3282,3977,3340,3913,3340
3972,3282,3988,3282,3988,3340,3972,3340
3989,3282,4090,3282,4090,3340,3989,3340
4273,3292,4393,3292,4393,3332,4273,3332
4405,3292,4416,3292,4416,3332,4405,3332
