4014,166,4297,166,4297,228,4014,228
4021,224,4295,224,4295,287,4021,287
4106,372,4112,372,4112,397,4106,397
4121,372,4153,372,4153,397,4121,397
4163,372,4186,372,4186,397,4163,397
4197,372,4242,372,4242,397,4197,397
4256,372,4262,372,4262,397,4256,397
4275,372,4361,372,4361,397,4275,397
4131,405,4192,405,4192,428,4131,428
4205,405,4257,405,4257,428,4205,428
4263,405,4321,405,4321,428,4263,428
301,491,542,321,590,390,349,560
4146,477,4304,477,4304,551,4146,551
1609,613,1629,613,1629,682,1609,682
1736,613,1795,613,1795,682,1736,682
2040,613,2262,613,2262,682,2040,682
2288,613,2364,613,2364,682,2288,682
2789,641,2843,641,2843,672,2789,672
1108,684,1108,686,1097,686,1097,684
3965,587,4041,587,4041,628,3965,628
4050,587,4187,587,4187,628,4050,628
4202,587,4213,587,4213,628,4202,628
4226,587,4297,587,4297,628,4226,628
4310,587,4376,587,4376,628,4310,628
4386,587,4497,587,4497,628,4386,628
4118,632,4222,632,4222,675,4118,675
4242,632,4352,632,4352,675,4242,675
3955,688,4029,688,4029,731,3955,731
4039,688,4086,688,4086,731,4039,731
4091,688,4103,688,4103,731,4091,731
4260,689,4347,689,4347,729,4260,729
4361,689,4372,689,4372,729,4361,729
3955,744,4029,744,4029,787,3955,787
4250,744,4284,744,4284,781,4250,781
1107,707,1107,709,1096,709,1096,707
3652,693,3839,693,3839,727,3652,727
3850,693,3859,693,3859,727,3850,727
1107,727,1107,729,1096,729,1096,727
2504,794,2504,788,2527,788,2527,794
2505,752,2505,722,2528,722,2528,752
2537,776,2537,757,2558,757,2558,776
2537,744,2537,717,2558,717,2558,744
4547,687,4676,690,4675,731,4546,728
4695,691,4706,691,4705,731,4694,731
4547,746,4583,746,4583,784,4547,784
4597,746,4717,746,4717,784,4597,784
1105,786,1105,788,1094,788,1094,786
999,785,1038,785,1038,819,999,819
1110,784,1119,784,1119,818,1110,818
1166,783,1175,783,1175,817,1166,817
1218,783,1227,783,1227,817,1218,817
1274,782,1283,782,1283,816,1274,816
1327,788,1335,788,1334,817,1326,817
1381,790,1389,790,1388,819,1380,819
2504,834,2504,828,2527,828,2527,834
985,854,993,853,997,882,989,883
1012,851,1020,850,1024,879,1016,880
1017,850,1025,849,1029,878,1021,879
1023,849,1031,848,1035,877,1027,878
1026,849,1034,848,1038,877,1030,878
1014,851,1020,850,1024,879,1018,880
1077,843,1083,842,1087,871,1081,872
1423,876,1423,865,1463,864,1463,875
2504,875,2504,869,2527,869,2527,875
4106,844,4361,844,4361,891,4106,891
995,892,1018,891,1020,933,997,934
1036,890,1097,887,1099,929,1038,932
1091,887,1102,886,1104,928,1093,929
1668,873,1780,873,1780,917,1668,917
1794,873,1806,873,1806,917,1794,917
1816,873,1950,873,1950,917,1816,917
1424,929,1424,918,1464,917,1464,928
1030,945,1045,945,1045,958,1030,958
1051,945,1054,945,1054,958,1051,958
1058,945,1061,945,1061,958,1058,958
2503,954,2503,948,2526,948,2526,954
3804,931,3899,931,3899,962,3804,962
4576,939,4583,939,4583,966,4576,966
4587,939,4594,939,4594,966,4587,966
4594,939,4614,939,4614,966,4594,966
4625,939,4660,939,4660,966,4625,966
2503,995,2503,989,2526,989,2526,995
2290,1028,2290,975,2327,975,2327,1028
3803,995,3897,995,3897,1024,3803,1024
3910,995,3918,995,3918,1024,3910,1024
3932,995,4023,995,4023,1024,3932,1024
4569,997,4591,997,4591,1027,4569,1027
4592,997,4600,997,4600,1027,4592,1027
4600,997,4622,997,4622,1027,4600,1027
4632,997,4669,997,4669,1027,4632,1027
2503,1034,2503,1028,2526,1028,2526,1034
966,1034,1032,1032,1033,1067,967,1069
1082,1030,1091,1030,1092,1065,1083,1065
2594,1074,2594,999,2608,999,2608,1074
2609,1087,2609,1050,2623,1050,2623,1087
2609,1043,2609,1028,2623,1028,2623,1043
2609,1019,2609,1016,2623,1016,2623,1019
2609,1007,2609,992,2623,992,2623,1007
2773,1026,2888,1026,2888,1082,2773,1082
2503,1074,2503,1068,2526,1068,2526,1074
3803,1053,3919,1053,3919,1080,3803,1080
3935,1053,3942,1053,3942,1080,3935,1080
4569,1055,4592,1055,4592,1086,4569,1086
4592,1055,4600,1055,4600,1086,4592,1086
4605,1055,4623,1055,4623,1086,4605,1086
4629,1055,4668,1055,4668,1086,4629,1086
2502,1115,2502,1109,2525,1109,2525,1115
955,1116,987,1117,987,1137,955,1136
1003,1117,1008,1117,1008,1136,1003,1136
1025,1118,1030,1118,1030,1137,1025,1137
1047,1118,1052,1118,1052,1137,1047,1137
3802,1113,3921,1113,3921,1142,3802,1142
3934,1113,3942,1113,3942,1142,3934,1142
4576,1115,4584,1115,4584,1145,4576,1145
4586,1115,4594,1115,4594,1145,4586,1145
4594,1115,4616,1115,4616,1145,4594,1145
4624,1115,4663,1115,4663,1145,4624,1145
2502,1154,2502,1148,2525,1148,2525,1154
970,1142,1064,1141,1064,1175,970,1176
1105,1140,1114,1140,1114,1174,1105,1174
1164,1140,1173,1140,1173,1174,1164,1174
1220,1139,1229,1139,1229,1173,1220,1173
1273,1138,1282,1138,1282,1172,1273,1172
1322,1148,1326,1148,1327,1165,1323,1165
1872,1141,1941,1141,1941,1181,1872,1181
1871,1185,1882,1185,1882,1227,1871,1227
1893,1185,1904,1185,1904,1227,1893,1227
1903,1185,1942,1185,1942,1227,1903,1227
2793,1144,2857,1144,2857,1176,2793,1176
2789,1183,2800,1183,2800,1224,2789,1224
2810,1183,2821,1183,2821,1224,2810,1224
2820,1183,2858,1183,2858,1224,2820,1224
3802,1169,3875,1169,3875,1198,3802,1198
3887,1169,3914,1169,3914,1198,3887,1198
3926,1169,3974,1169,3974,1198,3926,1198
4573,1172,4578,1172,4578,1194,4573,1194
4587,1172,4592,1172,4592,1194,4587,1194
4591,1172,4616,1172,4616,1194,4591,1194
4623,1172,4659,1172,4659,1194,4623,1194
2502,1194,2502,1188,2525,1188,2525,1194
2502,1235,2502,1229,2525,1229,2525,1235
2542,1265,2542,1234,2557,1234,2557,1265
3797,1229,3842,1229,3842,1256,3797,1256
4575,1222,4584,1222,4584,1257,4575,1257
4585,1222,4594,1222,4594,1257,4585,1257
4597,1222,4616,1222,4616,1257,4597,1257
4625,1222,4663,1222,4663,1257,4625,1257
2501,1274,2501,1268,2524,1268,2524,1274
1190,1294,1220,1294,1220,1310,1190,1310
3801,1287,3855,1287,3855,1316,3801,1316
4574,1286,4582,1286,4582,1317,4574,1317
4587,1286,4595,1286,4595,1317,4587,1317
4596,1286,4614,1286,4614,1317,4596,1317
4624,1286,4659,1286,4659,1317,4624,1317
2501,1314,2501,1308,2524,1308,2524,1314
3804,1380,3904,1380,3904,1414,3804,1414
3920,1380,4065,1380,4065,1414,3920,1414
4078,1380,4261,1380,4261,1414,4078,1414
4513,1375,4562,1375,4562,1419,4513,1419
4572,1375,4584,1375,4584,1419,4572,1419
4587,1375,4627,1375,4627,1419,4587,1419
4641,1375,4722,1375,4722,1419,4641,1419
1541,1413,1572,1413,1572,1427,1541,1427
2140,1405,2161,1406,2160,1436,2139,1435
2176,1407,2184,1407,2183,1436,2175,1436
2179,1407,2187,1407,2186,1436,2178,1436
2209,1409,2217,1409,2216,1438,2208,1438
2239,1410,2247,1410,2246,1439,2238,1439
2257,1411,2265,1411,2264,1440,2256,1440
2276,1412,2283,1412,2282,1441,2275,1441
2368,1416,2517,1422,2516,1451,2367,1445
2536,1423,2544,1423,2543,1452,2535,1452
2976,1445,3047,1436,3051,1465,2980,1474
3804,1477,3898,1477,3898,1506,3804,1506
2090,1484,2145,1484,2145,1516,2090,1516
4574,1478,4580,1478,4580,1501,4574,1501
4586,1478,4592,1478,4592,1501,4586,1501
4594,1478,4615,1478,4615,1501,4594,1501
4624,1478,4662,1478,4662,1501,4624,1501
965,1529,965,1497,976,1497,976,1529
3810,1566,3899,1566,3899,1600,3810,1600
3918,1566,4058,1566,4058,1600,3918,1600
4073,1566,4233,1566,4233,1600,4073,1600
1152,1576,1270,1567,1275,1637,1157,1646
1355,1561,1375,1559,1380,1628,1360,1630
4511,1556,4570,1556,4570,1620,4511,1620
4568,1556,4586,1556,4586,1620,4568,1620
4586,1556,4633,1556,4633,1620,4586,1620
4643,1556,4725,1556,4725,1620,4643,1620
1280,1655,1332,1655,1332,1695,1280,1695
2290,1733,2290,1680,2324,1680,2324,1733
2014,1731,2174,1731,2174,1771,2014,1771
2195,1731,2206,1731,2206,1771,2195,1771
2500,1776,2500,1770,2524,1768,2524,1774
2617,1812,2617,1803,2650,1805,2650,1814
2618,1795,2618,1786,2651,1788,2651,1797
2619,1786,2621,1756,2654,1758,2652,1788
2503,1815,2503,1809,2527,1807,2527,1813
1132,1802,1292,1802,1292,1864,1132,1864
2506,1855,2506,1849,2530,1847,2530,1853
1494,1862,1524,1862,1524,1880,1494,1880
2508,1895,2508,1889,2532,1887,2532,1893
3758,1893,3814,1893,3814,1910,3758,1910
3819,1892,3839,1892,3839,1909,3819,1909
3846,1892,3873,1892,3873,1909,3846,1909
3879,1892,3921,1892,3921,1909,3879,1909
3926,1892,3930,1892,3930,1909,3926,1909
3936,1891,3940,1891,3940,1908,3936,1908
3940,1891,3944,1891,3944,1908,3940,1908
3944,1891,3960,1891,3960,1908,3944,1908
3966,1891,3978,1891,3978,1908,3966,1908
3983,1891,3997,1891,3997,1908,3983,1908
4101,1883,4121,1883,4121,1913,4101,1913
4150,1891,4152,1891,4152,1902,4150,1902
4158,1891,4180,1891,4180,1902,4158,1902
4183,1891,4195,1891,4195,1902,4183,1902
4201,1891,4236,1891,4236,1902,4201,1902
4239,1891,4255,1891,4255,1902,4239,1902
4261,1891,4263,1891,4263,1902,4261,1902
4271,1891,4273,1891,4273,1902,4271,1902
4275,1891,4277,1891,4277,1902,4275,1902
4278,1891,4294,1891,4294,1902,4278,1902
4302,1891,4312,1891,4312,1902,4302,1902
4317,1891,4330,1891,4330,1902,4317,1902
4538,1892,4594,1892,4594,1903,4538,1903
1105,1908,1170,1908,1170,1959,1105,1959
3759,1934,3813,1934,3813,1947,3759,1947
3817,1934,3846,1934,3846,1947,3817,1947
3852,1934,3893,1934,3893,1947,3852,1947
3898,1934,3901,1934,3901,1947,3898,1947
3908,1934,3911,1934,3911,1947,3908,1947
3912,1934,3915,1934,3915,1947,3912,1947
3916,1934,3930,1934,3930,1947,3916,1947
3940,1934,3949,1934,3949,1947,3940,1947
3955,1934,3968,1934,3968,1947,3955,1947
4539,1934,4569,1934,4569,1946,4539,1946
4575,1934,4597,1934,4597,1946,4575,1946
2514,1972,2514,1966,2538,1964,2538,1970
2513,1965,2513,1959,2537,1957,2537,1963
2513,1957,2513,1951,2537,1949,2537,1955
2512,1945,2512,1939,2536,1937,2536,1943
2511,1934,2511,1928,2535,1926,2535,1932
4150,1931,4152,1931,4152,1941,4150,1941
4158,1931,4178,1931,4178,1941,4158,1941
4183,1931,4195,1931,4195,1941,4183,1941
4199,1931,4234,1931,4234,1941,4199,1941
4241,1931,4255,1931,4255,1941,4241,1941
4261,1931,4263,1931,4263,1941,4261,1941
4271,1931,4273,1931,4273,1941,4271,1941
4275,1931,4277,1931,4277,1941,4275,1941
4279,1931,4294,1931,4294,1941,4279,1941
4302,1931,4312,1931,4312,1941,4302,1941
4317,1931,4330,1931,4330,1941,4317,1941
4334,1931,4336,1931,4336,1941,4334,1941
4149,1943,4151,1943,4151,1954,4149,1954
4154,1943,4156,1943,4156,1954,4154,1954
4157,1943,4173,1943,4173,1954,4157,1954
4181,1943,4203,1943,4203,1954,4181,1954
4207,1943,4219,1943,4219,1954,4207,1954
4224,1943,4261,1943,4261,1954,4224,1954
2541,1977,2541,1954,2561,1954,2561,1977
2541,1943,2541,1929,2561,1929,2561,1943
3675,1912,3675,1890,3706,1890,3706,1912
3675,1954,3675,1931,3706,1931,3706,1954
3675,2000,3675,1972,3706,1972,3706,2000
3675,2039,3675,2031,3706,2031,3706,2039
2267,1966,2277,1966,2277,2003,2267,2003
3758,1978,3812,1978,3812,1990,3758,1990
3818,1978,3837,1978,3837,1990,3818,1990
3844,1978,3873,1978,3873,1990,3844,1990
3879,1978,3920,1978,3920,1990,3879,1990
3927,1978,3929,1978,3929,1990,3927,1990
3937,1978,3939,1978,3939,1990,3937,1990
3941,1978,3943,1978,3943,1990,3941,1990
3944,1978,3960,1978,3960,1990,3944,1990
3967,1978,3978,1978,3978,1990,3967,1990
3983,1978,3997,1978,3997,1990,3983,1990
4148,1983,4170,1983,4170,1994,4148,1994
4176,1983,4186,1983,4186,1994,4176,1994
4191,1983,4226,1983,4226,1994,4191,1994
4231,1983,4266,1983,4266,1994,4231,1994
4537,1984,4577,1984,4577,1997,4537,1997
4584,1984,4587,1984,4587,1997,4584,1997
4592,1984,4626,1984,4626,1997,4592,1997
4631,1984,4651,1984,4651,1997,4631,1997
3758,2018,3812,2018,3812,2030,3758,2030
3816,2018,3838,2018,3838,2030,3816,2030
3844,2018,3853,2018,3853,2030,3844,2030
3859,2018,3867,2018,3867,2030,3859,2030
3871,2018,3894,2018,3894,2030,3871,2030
3900,2018,3902,2018,3902,2030,3900,2030
3910,2018,3912,2018,3912,2030,3910,2030
3914,2018,3916,2018,3916,2030,3914,2030
3917,2018,3933,2018,3933,2030,3917,2030
3940,2018,3951,2018,3951,2030,3940,2030
3956,2018,3970,2018,3970,2030,3956,2030
4147,2018,4171,2018,4171,2031,4147,2031
4177,2018,4187,2018,4187,2031,4177,2031
4189,2018,4192,2018,4192,2031,4189,2031
4192,2018,4204,2018,4204,2031,4192,2031
4207,2018,4210,2018,4210,2031,4207,2031
4212,2018,4229,2018,4229,2031,4212,2031
4235,2018,4238,2018,4238,2031,4235,2031
4243,2018,4246,2018,4246,2031,4243,2031
4249,2018,4252,2018,4252,2031,4249,2031
4253,2018,4267,2018,4267,2031,4253,2031
4276,2018,4285,2018,4285,2031,4276,2031
4293,2018,4306,2018,4306,2031,4293,2031
4538,2027,4565,2027,4565,2037,4538,2037
4567,2027,4619,2027,4619,2037,4567,2037
3758,2062,3812,2062,3812,2075,3758,2075
3817,2062,3838,2062,3838,2075,3817,2075
3844,2062,3853,2062,3853,2075,3844,2075
3858,2062,3919,2062,3919,2075,3858,2075
3926,2062,3940,2062,3940,2075,3926,2075
3946,2062,3986,2062,3986,2075,3946,2075
1392,2057,1462,2065,1459,2090,1389,2082
1490,2069,1496,2070,1493,2094,1487,2093
4149,2061,4170,2061,4170,2073,4149,2073
4175,2061,4197,2061,4197,2073,4175,2073
4205,2061,4207,2061,4207,2073,4205,2073
4213,2061,4215,2061,4215,2073,4213,2073
4218,2061,4220,2061,4220,2073,4218,2073
4221,2061,4236,2061,4236,2073,4221,2073
4246,2061,4254,2061,4254,2073,4246,2073
4263,2061,4274,2061,4274,2073,4263,2073
4537,2064,4592,2064,4592,2078,4537,2078
4597,2064,4638,2064,4638,2078,4597,2078
4642,2064,4659,2064,4659,2078,4642,2078
4663,2064,4707,2064,4707,2078,4663,2078
4711,2064,4721,2064,4721,2078,4711,2078
4727,2064,4769,2064,4769,2078,4727,2078
1244,2049,1287,2050,1286,2114,1243,2113
1399,2052,1462,2053,1461,2116,1398,2115
1491,2053,1545,2054,1544,2118,1490,2117
1246,2085,1276,2085,1276,2101,1246,2101
1637,2056,1745,2058,1744,2121,1636,2119
3757,2102,3806,2102,3806,2115,3757,2115
3810,2102,3813,2102,3813,2115,3810,2115
3814,2102,3834,2102,3834,2115,3814,2115
3839,2102,3866,2102,3866,2115,3839,2115
3873,2102,3892,2102,3892,2115,3873,2115
3898,2102,3920,2102,3920,2115,3898,2115
3924,2102,3937,2102,3937,2115,3924,2115
3941,2102,3987,2102,3987,2115,3941,2115
3990,2102,3993,2102,3993,2115,3990,2115
3758,2115,3810,2115,3810,2126,3758,2126
3814,2115,3828,2115,3828,2126,3814,2126
3833,2115,3855,2115,3855,2126,3833,2126
4147,2108,4171,2108,4171,2121,4147,2121
4175,2108,4199,2108,4199,2121,4175,2121
4204,2108,4207,2108,4207,2121,4204,2121
4214,2108,4217,2108,4217,2121,4214,2121
4218,2108,4221,2108,4221,2121,4218,2121
4222,2108,4236,2108,4236,2121,4222,2121
4246,2108,4255,2108,4255,2121,4246,2121
4262,2108,4274,2108,4274,2121,4262,2121
4538,2104,4557,2104,4557,2118,4538,2118
4562,2104,4610,2104,4610,2118,4562,2118
4614,2104,4617,2104,4617,2118,4614,2118
4618,2104,4621,2104,4621,2118,4618,2118
4621,2104,4665,2104,4665,2118,4621,2118
4670,2104,4680,2104,4680,2118,4670,2118
4684,2104,4723,2104,4723,2118,4684,2118
1935,2150,1935,2119,1950,2119,1950,2150
3757,2150,3796,2150,3796,2163,3757,2163
3800,2150,3812,2150,3812,2163,3800,2163
3817,2150,3846,2150,3846,2163,3817,2163
3850,2150,3856,2150,3856,2163,3850,2163
4148,2144,4171,2144,4171,2157,4148,2157
4174,2144,4186,2144,4186,2157,4174,2157
4190,2144,4227,2144,4227,2157,4190,2157
4232,2144,4247,2144,4247,2157,4232,2157
4253,2144,4302,2144,4302,2157,4253,2157
4307,2144,4330,2144,4330,2157,4307,2157
4538,2151,4573,2151,4573,2163,4538,2163
4578,2151,4622,2151,4622,2163,4578,2163
1526,2192,1526,2181,1568,2180,1568,2191
4148,2184,4171,2184,4171,2197,4148,2197
4174,2184,4186,2184,4186,2197,4174,2197
4190,2184,4227,2184,4227,2197,4190,2197
4232,2184,4247,2184,4247,2197,4232,2197
4253,2184,4302,2184,4302,2197,4253,2197
4308,2184,4328,2184,4328,2197,4308,2197
4335,2184,4374,2184,4374,2197,4335,2197
3757,2192,3780,2192,3780,2206,3757,2206
3785,2192,3823,2192,3823,2206,3785,2206
4534,2189,4580,2189,4580,2201,4534,2201
4585,2189,4631,2189,4631,2201,4585,2201
4635,2189,4687,2189,4687,2201,4635,2201
4690,2189,4702,2189,4702,2201,4690,2201
4706,2189,4733,2189,4733,2201,4706,2201
4535,2203,4606,2203,4606,2214,4535,2214
4148,2225,4171,2225,4171,2238,4148,2238
4174,2225,4186,2225,4186,2238,4174,2238
4190,2225,4227,2225,4227,2238,4190,2238
4232,2225,4247,2225,4247,2238,4232,2238
4253,2225,4302,2225,4302,2238,4253,2238
4308,2225,4328,2225,4328,2238,4308,2238
4336,2225,4358,2225,4358,2238,4336,2238
3757,2234,3790,2234,3790,2247,3757,2247
3793,2234,3829,2234,3829,2247,3793,2247
3833,2234,3842,2234,3842,2247,3833,2247
3849,2234,3888,2234,3888,2247,3849,2247
4467,2229,4487,2229,4487,2241,4467,2241
4537,2234,4566,2234,4566,2248,4537,2248
4571,2234,4611,2234,4611,2248,4571,2248
4617,2234,4661,2234,4661,2248,4617,2248
2627,2268,2627,2263,2648,2263,2648,2268
2627,2250,2627,2245,2648,2245,2648,2250
2627,2242,2627,2219,2648,2219,2648,2242
1473,2265,1503,2268,1500,2299,1470,2296
1536,2271,1581,2275,1578,2305,1533,2301
2506,2307,2506,2301,2530,2302,2530,2308
2507,2266,2508,2235,2533,2236,2532,2267
2537,2291,2537,2272,2558,2272,2558,2291
2537,2260,2537,2232,2558,2232,2558,2260
4148,2271,4172,2271,4172,2286,4148,2286
4177,2271,4193,2271,4193,2286,4177,2286
4198,2271,4229,2271,4229,2286,4198,2286
4234,2271,4245,2271,4245,2286,4234,2286
4249,2271,4284,2271,4284,2286,4249,2286
1469,2282,1500,2282,1500,2296,1469,2296
4091,2273,4104,2273,4104,2290,4091,2290
3757,2282,3790,2282,3790,2295,3757,2295
3793,2282,3829,2282,3829,2295,3793,2295
3833,2282,3845,2282,3845,2295,3833,2295
3849,2282,3882,2282,3882,2295,3849,2295
4439,2276,4482,2276,4482,2295,4439,2295
4519,2276,4524,2276,4524,2295,4519,2295
4538,2276,4585,2276,4585,2295,4538,2295
4108,2315,4134,2315,4134,2322,4108,2322
1706,2313,1714,2314,1712,2343,1704,2342
1536,2326,1543,2406,1513,2408,1506,2328
1757,2316,1765,2317,1763,2346,1755,2345
1808,2320,1816,2321,1814,2350,1806,2349
3758,2325,3803,2325,3803,2336,3758,2336
3808,2325,3830,2325,3830,2336,3808,2336
3834,2325,3859,2325,3859,2336,3834,2336
3864,2325,3919,2325,3919,2336,3864,2336
4148,2325,4163,2325,4163,2338,4148,2338
4172,2325,4181,2325,4181,2338,4172,2338
4189,2325,4218,2325,4218,2338,4189,2338
4223,2325,4243,2325,4243,2338,4223,2338
4247,2325,4313,2325,4313,2338,4247,2338
4316,2325,4338,2325,4338,2338,4316,2338
4343,2325,4353,2325,4353,2338,4343,2338
4358,2325,4400,2325,4400,2338,4358,2338
2294,2403,2294,2349,2325,2349,2325,2403
3759,2366,3781,2366,3781,2379,3759,2379
3786,2366,3795,2366,3795,2379,3786,2379
3802,2366,3837,2366,3837,2379,3802,2379
3841,2366,3856,2366,3856,2379,3841,2379
3862,2366,3865,2366,3865,2379,3862,2379
3870,2366,3873,2366,3873,2379,3870,2379
3876,2366,3879,2366,3879,2379,3876,2379
3879,2366,3895,2366,3895,2379,3879,2379
3903,2366,3912,2366,3912,2379,3903,2379
3919,2366,3932,2366,3932,2379,3919,2379
4148,2365,4162,2365,4162,2377,4148,2377
4170,2365,4191,2365,4191,2377,4170,2377
4197,2365,4262,2365,4262,2377,4197,2377
4265,2365,4302,2365,4302,2377,4265,2377
4307,2365,4334,2365,4334,2377,4307,2377
4341,2365,4346,2365,4346,2377,4341,2377
1530,2405,1529,2375,1572,2374,1573,2404
2503,2387,2503,2381,2527,2382,2527,2388
1018,2377,1022,2384,997,2400,993,2394
1536,2411,1538,2381,1552,2382,1550,2412
1194,2420,1195,2414,1218,2416,1218,2422
2501,2427,2501,2421,2525,2422,2525,2428
1041,2412,1045,2419,1020,2435,1016,2429
1351,2412,1361,2413,1359,2448,1349,2448
1423,2416,1470,2419,1468,2454,1421,2452
2014,2425,2174,2425,2174,2467,2014,2467
2196,2425,2207,2425,2207,2467,2196,2467
1063,2445,1067,2452,1042,2468,1038,2462
2500,2469,2500,2463,2524,2464,2524,2470
3683,2456,3737,2456,3737,2490,3683,2490
3756,2456,3787,2456,3787,2490,3756,2490
3805,2456,3912,2456,3912,2490,3805,2490
3931,2456,3962,2456,3962,2490,3931,2490
3976,2456,4109,2456,4109,2490,3976,2490
4117,2456,4183,2456,4183,2490,4117,2490
4196,2456,4205,2456,4205,2490,4196,2490
4203,2456,4212,2456,4212,2490,4203,2490
4212,2456,4346,2456,4346,2490,4212,2490
1085,2478,1089,2485,1064,2501,1060,2495
1108,2512,1112,2519,1087,2535,1083,2529
1911,2626,1912,2613,1959,2617,1958,2630
1913,2607,1914,2594,1961,2598,1960,2611
1916,2573,1917,2560,1964,2564,1963,2577
1919,2525,1924,2457,1971,2461,1966,2529
2305,2441,2306,2454,2259,2457,2258,2444
2309,2494,2310,2507,2263,2510,2262,2497
2312,2549,2313,2562,2266,2565,2265,2552
2316,2604,2317,2617,2270,2620,2269,2607
1151,2567,1143,2620,1120,2617,1127,2564
4292,2576,4302,2576,4302,2585,4292,2585
4285,2587,4291,2587,4291,2593,4285,2593
4293,2587,4294,2587,4294,2593,4293,2593
4295,2587,4300,2587,4300,2593,4295,2593
4303,2587,4311,2587,4311,2593,4303,2593
960,2591,967,2591,967,2617,960,2617
981,2591,988,2591,988,2617,981,2617
1003,2591,1010,2591,1010,2617,1003,2617
1013,2591,1020,2591,1020,2617,1013,2617
1043,2591,1050,2591,1050,2617,1043,2617
1054,2591,1061,2591,1061,2617,1054,2617
1084,2591,1091,2591,1091,2617,1084,2617
1095,2591,1102,2591,1102,2617,1095,2617
1426,2736,1428,2677,1444,2678,1442,2737
1429,2662,1429,2658,1445,2659,1445,2663
1430,2642,1430,2638,1446,2639,1446,2643
1431,2620,1431,2616,1447,2617,1447,2621
2049,2659,2110,2659,2110,2684,2049,2684
4175,2657,4185,2657,4185,2665,4175,2665
4169,2667,4174,2667,4174,2675,4169,2675
4176,2667,4177,2667,4177,2675,4176,2675
4178,2667,4183,2667,4183,2676,4178,2676
4186,2668,4196,2668,4196,2676,4186,2676
1904,2717,1905,2704,1952,2708,1951,2721
4387,2574,4387,2624,4353,2624,4353,2574
4387,2653,4387,2678,4353,2678,4353,2653
4387,2736,4387,2872,4353,2872,4353,2736
4310,2724,4320,2723,4321,2732,4311,2733
4303,2734,4309,2734,4309,2741,4303,2741
4310,2734,4311,2734,4311,2741,4310,2741
4312,2734,4318,2734,4318,2741,4312,2741
4321,2734,4329,2734,4329,2741,4321,2741
4174,2831,4188,2831,4188,2838,4174,2838
4175,2839,4185,2838,4185,2846,4175,2847
4168,2849,4174,2849,4174,2855,4168,2855
4176,2849,4177,2849,4177,2855,4176,2855
4178,2849,4183,2849,4183,2855,4178,2855
4186,2849,4196,2849,4196,2855,4186,2855
4303,2873,4309,2873,4309,2880,4303,2880
4310,2873,4311,2873,4311,2880,4310,2880
4312,2873,4318,2873,4318,2880,4312,2880
4321,2873,4329,2873,4329,2880,4321,2880
4174,3024,4188,3022,4189,3031,4175,3033
4175,3031,4187,3030,4187,3039,4175,3040
2395,3078,2398,3078,2398,3092,2395,3092
2434,3079,2437,3079,2437,3093,2434,3093
2343,3094,2343,3088,2368,3088,2368,3094
2475,3080,2478,3080,2478,3094,2475,3094
2515,3081,2518,3081,2518,3095,2515,3095
2556,3080,2559,3080,2557,3094,2554,3094
2598,3085,2601,3085,2599,3099,2596,3099
4479,3094,4488,3096,4486,3104,4477,3103
4477,3101,4489,3100,4490,3112,4478,3113
2343,3136,2343,3130,2368,3130,2368,3136
2353,3120,2359,3120,2359,3144,2353,3144
140,3124,171,3124,171,3158,140,3158
2395,3119,2401,3119,2401,3143,2395,3143
2438,3119,2444,3119,2444,3143,2438,3143
247,3124,256,3124,256,3158,247,3158
261,3124,270,3124,270,3158,261,3158
268,3124,277,3124,277,3158,268,3158
2598,3116,2604,3116,2604,3140,2598,3140
2478,3118,2484,3118,2484,3142,2478,3142
2518,3117,2524,3117,2524,3141,2518,3141
4093,3121,4101,3121,4101,3129,4093,3129
4084,3131,4090,3131,4090,3138,4084,3138
4093,3131,4094,3131,4094,3138,4093,3138
4094,3130,4100,3130,4100,3138,4094,3138
4102,3130,4112,3130,4112,3137,4102,3137
2558,3117,2564,3117,2564,3141,2558,3141
4342,3128,4354,3128,4354,3135,4342,3135
4344,3137,4352,3137,4352,3144,4344,3145
842,3151,842,3146,863,3146,863,3151
4336,3146,4341,3146,4341,3153,4336,3153
4342,3146,4343,3146,4343,3153,4342,3153
4346,3146,4351,3146,4351,3153,4346,3153
4353,3146,4363,3146,4363,3153,4353,3153
1091,3125,1097,3125,1099,3193,1093,3193
842,3180,842,3175,863,3175,863,3180
2164,3159,2244,3159,2244,3188,2164,3188
2147,3188,2270,3192,2269,3227,2146,3223
4023,3182,4143,3182,4143,3189,4023,3189
4022,3190,4129,3190,4129,3197,4022,3197
1866,3180,1960,3183,1959,3218,1865,3215
1975,3183,2095,3186,2094,3221,1974,3218
4412,3190,4413,3190,4413,3198,4412,3198
4466,3182,4531,3182,4531,3189,4466,3189
4457,3189,4520,3188,4520,3197,4457,3198
4263,3199,4338,3199,4338,3205,4263,3205
4338,3199,4339,3199,4339,3205,4338,3205
2398,3191,2462,3191,2462,3223,2398,3223
2469,3191,2562,3191,2562,3223,2469,3223
2739,3194,2834,3194,2834,3217,2739,3217
3005,3191,3065,3191,3065,3222,3005,3222
3074,3191,3082,3191,3082,3222,3074,3222
3084,3191,3170,3191,3170,3222,3084,3222
3347,3175,3439,3175,3439,3206,3347,3206
3270,3209,3373,3209,3373,3241,3270,3241
3385,3209,3446,3209,3446,3241,3385,3241
3462,3209,3503,3209,3503,3241,3462,3241
4118,3213,4201,3215,4201,3222,4118,3220
153,3272,157,3272,157,3290,153,3290
159,3272,218,3272,218,3290,159,3290
151,3294,184,3294,184,3315,151,3315
192,3294,265,3294,265,3315,192,3315
272,3294,364,3294,364,3315,272,3315
373,3294,388,3294,388,3315,373,3315
394,3294,468,3294,468,3315,394,3315
478,3294,560,3294,560,3315,478,3315
571,3294,609,3294,609,3315,571,3315
615,3294,747,3294,747,3315,615,3315
750,3294,755,3294,755,3315,750,3315
760,3294,813,3294,813,3315,760,3315
823,3294,853,3294,853,3315,823,3315
861,3294,934,3294,934,3315,861,3315
946,3294,980,3294,980,3315,946,3315
990,3294,1075,3294,1075,3315,990,3315
1085,3294,1126,3294,1126,3315,1085,3315
1132,3294,1147,3294,1147,3315,1132,3315
1156,3294,1218,3294,1218,3315,1156,3315
1228,3294,1258,3294,1258,3315,1228,3315
1266,3294,1321,3294,1321,3315,1266,3315
1329,3294,1348,3294,1348,3315,1329,3315
1357,3294,1372,3294,1372,3315,1357,3315
1385,3294,1400,3294,1400,3315,1385,3315
1412,3294,1469,3294,1469,3315,1412,3315
1469,3294,1474,3294,1474,3315,1469,3315
1483,3294,1510,3294,1510,3315,1483,3315
1518,3294,1541,3294,1541,3315,1518,3315
1550,3294,1594,3294,1594,3315,1550,3315
1604,3294,1623,3294,1623,3315,1604,3315
1633,3294,1677,3294,1677,3315,1633,3315
1684,3294,1707,3294,1707,3315,1684,3315
1717,3294,1783,3294,1783,3315,1717,3315
1785,3294,1819,3294,1819,3315,1785,3315
1823,3294,1970,3294,1970,3315,1823,3315
1972,3294,1999,3294,1999,3315,1972,3315
2005,3294,2100,3294,2100,3315,2005,3315
2103,3294,2108,3294,2108,3315,2103,3315
2115,3294,2175,3294,2175,3315,2115,3315
2178,3294,2183,3294,2183,3315,2178,3315
2189,3294,2223,3294,2223,3315,2189,3315
2232,3294,2307,3294,2307,3315,2232,3315
2307,3294,2312,3294,2312,3315,2307,3315
2322,3294,2436,3294,2436,3315,2322,3315
2437,3294,2442,3294,2442,3315,2437,3315
2449,3294,2555,3294,2555,3315,2449,3315
2563,3294,2582,3294,2582,3315,2563,3315
2592,3294,2703,3294,2703,3315,2592,3315
2706,3294,2711,3294,2711,3315,2706,3315
2720,3294,2796,3294,2796,3315,2720,3315
2798,3294,2803,3294,2803,3315,2798,3315
2812,3294,2876,3294,2876,3315,2812,3315
2882,3294,2912,3294,2912,3315,2882,3315
2920,3294,3000,3294,3000,3315,2920,3315
3008,3294,3046,3294,3046,3315,3008,3315
3051,3294,3110,3294,3110,3315,3051,3315
3113,3294,3118,3294,3118,3315,3113,3315
3121,3294,3137,3294,3137,3315,3121,3315
3148,3294,3159,3294,3159,3315,3148,3315
3171,3294,3210,3294,3210,3315,3171,3315
3216,3294,3221,3294,3221,3315,3216,3315
3229,3294,3258,3294,3258,3315,3229,3315
3269,3294,3337,3294,3337,3315,3269,3315
3339,3294,3344,3294,3344,3315,3339,3315
3347,3294,3363,3294,3363,3315,3347,3315
3370,3294,3508,3294,3508,3315,3370,3315
152,3314,217,3314,217,3339,152,3339
223,3314,246,3314,246,3339,223,3339
253,3314,281,3314,281,3339,253,3339
289,3314,369,3314,369,3339,289,3339
381,3314,424,3314,424,3339,381,3339
429,3314,527,3314,527,3339,429,3339
537,3314,543,3314,543,3339,537,3339
546,3314,552,3314,552,3339,546,3339
552,3314,615,3314,615,3339,552,3339
625,3314,639,3314,639,3339,625,3339
651,3314,718,3314,718,3339,651,3339
728,3314,757,3314,757,3339,728,3339
765,3314,858,3314,858,3339,765,3339
866,3314,923,3314,923,3339,866,3339
930,3314,953,3314,953,3339,930,3339
960,3314,1053,3314,1053,3339,960,3339
1064,3314,1082,3314,1082,3339,1064,3339
1086,3314,1183,3314,1183,3339,1086,3339
1191,3314,1220,3314,1220,3339,1191,3339
1228,3314,1274,3314,1274,3339,1228,3339
1285,3314,1291,3314,1291,3339,1285,3339
1293,3314,1299,3314,1299,3339,1293,3339
1301,3314,1338,3314,1338,3339,1301,3339
1340,3314,1346,3314,1346,3339,1340,3339
1351,3314,1456,3314,1456,3339,1351,3339
1462,3314,1490,3314,1490,3339,1462,3339
1495,3314,1616,3314,1616,3339,1495,3339
1623,3314,1662,3314,1662,3339,1623,3339
1667,3314,1776,3314,1776,3339,1667,3339
1785,3314,1791,3314,1791,3339,1785,3339
1792,3314,1798,3314,1798,3339,1792,3339
1801,3314,1830,3314,1830,3339,1801,3339
1839,3314,1927,3314,1927,3339,1839,3339
1935,3314,1941,3314,1941,3339,1935,3339
1953,3314,1971,3314,1971,3339,1953,3339
1980,3314,2013,3314,2013,3339,1980,3339
2023,3314,2041,3314,2041,3339,2023,3339
2050,3314,2117,3314,2117,3339,2050,3339
2126,3314,2149,3314,2149,3339,2126,3339
2154,3314,2160,3314,2160,3339,2154,3339
2159,3314,2165,3314,2165,3339,2159,3339
2167,3314,2214,3314,2214,3339,2167,3339
2219,3314,2306,3314,2306,3339,2219,3339
2310,3314,2316,3314,2316,3339,2310,3339
2322,3314,2351,3314,2351,3339,2322,3339
2357,3314,2451,3314,2451,3339,2357,3339
2461,3314,2556,3314,2556,3339,2461,3339
2557,3314,2563,3314,2563,3339,2557,3339
2569,3314,2702,3314,2702,3339,2569,3339
2710,3314,2728,3314,2728,3339,2710,3339
2738,3314,2871,3314,2871,3339,2738,3339
2871,3314,2877,3314,2877,3339,2871,3339
2884,3314,2917,3314,2917,3339,2884,3339
2926,3314,2940,3314,2940,3339,2926,3339
2951,3314,2969,3314,2969,3339,2951,3339
2980,3314,3008,3314,3008,3339,2980,3339
3011,3314,3093,3314,3093,3339,3011,3339
3101,3314,3122,3314,3122,3339,3101,3339
3134,3314,3233,3314,3233,3339,3134,3339
3239,3314,3287,3314,3287,3339,3239,3339
3287,3314,3293,3314,3293,3339,3287,3339
3298,3314,3323,3314,3323,3339,3298,3339
3330,3314,3405,3314,3405,3339,3330,3339
3410,3314,3416,3314,3416,3339,3410,3339
3420,3314,3445,3314,3445,3339,3420,3339
152,3340,220,3340,220,3361,152,3361
224,3340,229,3340,229,3361,224,3361
232,3340,259,3340,259,3361,232,3361
267,3340,312,3340,312,3361,267,3361
317,3340,322,3340,322,3361,317,3361
331,3340,361,3340,361,3361,331,3361
366,3340,391,3340,391,3361,366,3361
401,3340,513,3340,513,3361,401,3361
523,3340,538,3340,538,3361,523,3361
543,3340,576,3340,576,3361,543,3361
583,3340,721,3340,721,3361,583,3361
722,3340,727,3340,727,3361,722,3361
730,3340,753,3340,753,3361,730,3361
759,3340,827,3340,827,3361,759,3361
829,3340,834,3340,834,3361,829,3361
840,3340,845,3340,845,3361,840,3361
844,3340,849,3340,849,3361,844,3361
850,3340,970,3340,970,3361,850,3361
975,3340,994,3340,994,3361,975,3361
996,3340,1019,3340,1019,3361,996,3361
1031,3340,1131,3340,1131,3361,1031,3361
1138,3340,1168,3340,1168,3361,1138,3361
1176,3340,1280,3340,1280,3361,1176,3361
1293,3340,1332,3340,1332,3361,1293,3361
1334,3340,1443,3340,1443,3361,1334,3361
1454,3340,1459,3340,1459,3361,1454,3361
1463,3340,1468,3340,1468,3361,1463,3361
1469,3340,1497,3340,1497,3361,1469,3361
1502,3340,1579,3340,1579,3361,1502,3361
1584,3340,1589,3340,1589,3361,1584,3361
3660,3292,3748,3292,3748,3332,3660,3332
3764,3292,3775,3292,3775,3332,3764,3332
3796,3292,3825,3292,3825,3332,3796,3332
3834,3292,3845,3292,3845,3332,3834,3332
3849,3292,3878,3292,3878,3332,3849,3332
3887,3292,3898,3292,3898,3332,3887,3332
3896,3292,3967,3292,3967,3332,3896,3332
4273,3287,4394,3287,4394,3336,4273,3336
4402,3287,4416,3287,4416,3336,4402,3336
4477,3287,4491,3287,4491,3336,4477,3336
