4015,170,4299,170,4299,228,4015,228
4019,226,4297,226,4297,284,4019,284
4106,374,4112,374,4112,398,4106,398
4120,374,4155,374,4155,398,4120,398
4164,374,4186,374,4186,398,4164,398
4196,374,4243,374,4243,398,4196,398
4256,374,4262,374,4262,398,4256,398
4273,374,4361,374,4361,398,4273,398
4130,406,4189,406,4189,429,4130,429
4204,406,4256,406,4256,429,4204,429
4262,406,4319,406,4319,429,4262,429
302,486,649,247,699,321,352,559
4156,472,4302,472,4302,551,4156,551
3967,588,4042,588,4042,631,3967,631
4051,588,4191,588,4191,631,4051,631
4205,588,4217,588,4217,631,4205,631
4221,588,4295,588,4295,631,4221,631
4313,588,4374,588,4374,631,4313,631
4392,588,4497,588,4497,631,4392,631
4112,632,4221,632,4221,679,4112,679
4238,632,4353,632,4353,679,4238,679
3955,689,4029,689,4029,729,3955,729
4041,689,4084,689,4084,729,4041,729
4094,689,4105,689,4105,729,4094,729
4259,690,4348,690,4348,728,4259,728
4364,690,4374,690,4374,728,4364,728
3951,749,4036,749,4036,785,3951,785
4245,744,4287,744,4287,782,4245,782
3651,694,3835,694,3835,725,3651,725
3849,694,3857,694,3857,725,3849,725
4547,692,4675,692,4675,730,4547,730
4695,692,4705,692,4705,730,4695,730
4543,747,4616,744,4618,779,4545,782
4107,847,4356,847,4356,893,4107,893
3801,935,3898,935,3898,962,3801,962
4574,939,4580,939,4580,962,4574,962
4586,939,4592,939,4592,962,4586,962
4595,939,4612,939,4612,962,4595,962
4622,939,4660,939,4660,962,4622,962
3804,993,3898,993,3898,1022,3804,1022
3911,993,3919,993,3919,1022,3911,1022
3930,993,4021,993,4021,1022,3930,1022
4569,1001,4586,1001,4586,1024,4569,1024
4592,1001,4598,1001,4598,1024,4592,1024
4603,1001,4620,1001,4620,1024,4603,1024
4629,1001,4667,1001,4667,1024,4629,1024
3802,1057,3919,1057,3919,1079,3802,1079
3935,1057,3940,1057,3940,1079,3935,1079
4569,1057,4590,1057,4590,1086,4569,1086
4591,1057,4599,1057,4599,1086,4591,1086
4598,1057,4625,1057,4625,1086,4598,1086
4627,1057,4670,1057,4670,1086,4627,1086
3802,1115,3918,1115,3918,1142,3802,1142
3934,1115,3941,1115,3941,1142,3934,1142
4570,1116,4586,1116,4586,1145,4570,1145
4591,1116,4599,1116,4599,1145,4591,1145
4598,1116,4625,1116,4625,1145,4598,1145
4627,1116,4670,1116,4670,1145,4627,1145
4574,1164,4583,1164,4583,1197,4574,1197
4584,1164,4593,1164,4593,1197,4584,1197
4595,1164,4614,1164,4614,1197,4595,1197
4621,1164,4663,1164,4663,1197,4621,1197
3804,1165,3919,1165,3919,1194,3804,1194
3932,1165,3940,1165,3940,1194,3932,1194
3136,1183,3137,1183,3137,1190,3136,1190
3138,1183,3139,1183,3139,1190,3138,1190
485,1192,552,1192,552,1207,485,1207
442,1189,442,1267,416,1267,416,1189
808,1190,835,1190,835,1208,808,1208
839,1190,843,1190,843,1208,839,1208
845,1190,868,1190,868,1208,845,1208
825,1222,851,1222,851,1240,825,1240
2348,1172,2366,1238,2347,1243,2329,1177
1246,1218,1276,1218,1276,1253,1246,1253
2065,1226,2090,1226,2090,1247,2065,1247
2931,1207,2998,1207,2998,1225,2931,1225
3006,1207,3010,1207,3010,1225,3006,1225
3013,1207,3044,1207,3044,1225,3013,1225
2945,1234,2949,1234,2949,1251,2945,1251
2964,1234,2989,1234,2989,1251,2964,1251
3806,1218,3874,1218,3874,1253,3806,1253
3883,1218,3915,1218,3915,1253,3883,1253
3927,1218,3972,1218,3972,1253,3927,1253
4574,1221,4582,1221,4582,1252,4574,1252
4583,1221,4591,1221,4591,1252,4583,1252
4592,1221,4615,1221,4615,1252,4592,1252
4620,1221,4660,1221,4660,1252,4620,1252
1627,1252,1636,1252,1636,1285,1627,1285
1634,1252,1643,1252,1643,1285,1634,1285
1763,1255,1764,1278,1749,1279,1748,1256
965,1275,965,1285,958,1285,958,1275
965,1292,965,1302,958,1302,958,1292
979,1276,980,1288,969,1288,968,1276
984,1305,984,1307,973,1307,973,1305
3565,1394,3565,1209,3587,1209,3587,1394
1407,1297,1410,1297,1410,1311,1407,1311
4574,1284,4580,1284,4580,1307,4574,1307
4584,1284,4590,1284,4590,1307,4584,1307
4592,1284,4613,1284,4613,1307,4592,1307
4622,1284,4660,1284,4660,1307,4622,1307
3806,1281,3875,1281,3875,1312,3806,1312
3887,1281,3895,1281,3895,1312,3887,1312
3900,1281,3908,1281,3908,1312,3900,1312
3907,1281,3952,1281,3952,1312,3907,1312
1336,1314,1336,1318,1319,1317,1319,1313
984,1324,984,1326,973,1326,973,1324
1513,1311,1513,1340,1498,1340,1498,1311
1513,1340,1513,1343,1498,1343,1498,1340
1647,1317,1682,1317,1682,1338,1647,1338
1702,1317,1707,1317,1707,1338,1702,1338
2286,1325,2286,1327,2274,1328,2274,1326
1334,1336,1334,1340,1317,1339,1317,1335
984,1343,984,1345,973,1345,973,1343
1750,1341,1777,1343,1776,1365,1749,1363
1838,1331,1838,1356,1824,1356,1824,1331
2018,1334,2094,1334,2094,1353,2018,1353
2104,1334,2109,1334,2109,1353,2104,1353
2239,1330,2241,1356,2226,1357,2224,1331
2287,1344,2287,1346,2275,1347,2275,1345
3804,1338,3852,1338,3852,1369,3804,1369
4572,1345,4577,1345,4577,1366,4572,1366
4585,1345,4590,1345,4590,1366,4585,1366
4592,1345,4611,1345,4611,1366,4592,1366
4621,1345,4660,1345,4660,1366,4621,1366
984,1362,984,1364,973,1364,973,1362
1333,1361,1333,1365,1316,1364,1316,1360
984,1380,984,1382,973,1382,973,1380
2287,1364,2287,1366,2275,1367,2275,1365
2288,1367,2289,1381,2277,1382,2276,1368
2288,1382,2288,1384,2276,1385,2276,1383
2289,1384,2290,1396,2277,1397,2276,1385
1331,1388,1331,1392,1314,1391,1314,1387
1839,1389,1839,1392,1825,1392,1825,1389
984,1400,984,1402,973,1402,973,1400
439,1391,439,1416,424,1416,424,1391
526,1396,577,1396,577,1418,526,1418
596,1396,601,1396,601,1418,596,1418
1330,1413,1330,1417,1313,1416,1313,1412
984,1419,984,1421,973,1421,973,1419
3151,1414,3363,1419,3362,1440,3151,1435
984,1438,984,1440,973,1440,973,1438
795,1434,795,1461,782,1461,782,1434
1485,1444,1570,1428,1572,1442,1488,1458
1491,1438,1504,1434,1508,1448,1495,1451
1509,1433,1512,1432,1516,1446,1513,1446
1507,1434,1558,1420,1562,1433,1511,1447
2794,1431,2845,1431,2845,1457,2794,1457
2861,1431,2868,1431,2868,1457,2861,1457
843,1428,843,1497,827,1497,827,1428
3810,1433,3902,1432,3902,1468,3810,1469
3920,1433,4064,1432,4064,1467,3920,1468
4079,1431,4259,1429,4259,1465,4079,1467
984,1457,984,1459,973,1459,973,1457
4515,1424,4562,1424,4562,1475,4515,1475
4571,1424,4585,1424,4585,1475,4571,1475
4583,1424,4630,1424,4630,1475,4583,1475
4642,1424,4727,1424,4727,1475,4642,1475
1489,1449,1552,1449,1552,1475,1489,1475
1041,1457,1043,1482,1031,1483,1029,1458
1167,1458,1221,1458,1221,1477,1167,1477
1227,1458,1232,1458,1232,1477,1227,1477
1239,1458,1300,1458,1300,1477,1239,1477
1323,1458,1358,1458,1358,1477,1323,1477
984,1496,984,1498,973,1498,973,1496
1508,1498,1513,1498,1513,1517,1508,1517
1526,1498,1531,1498,1531,1517,1526,1517
984,1515,984,1517,973,1517,973,1515
3394,1536,3393,1537,3384,1529,3385,1528
965,1525,965,1538,957,1538,957,1525
984,1534,984,1536,973,1536,973,1534
821,1529,852,1529,852,1546,821,1546
820,1550,824,1550,824,1568,820,1568
830,1550,834,1550,834,1568,830,1568
836,1550,853,1550,853,1568,836,1568
1224,1528,1255,1528,1255,1546,1224,1546
1223,1549,1228,1549,1228,1568,1223,1568
1233,1549,1238,1549,1238,1568,1233,1568
1238,1549,1255,1549,1255,1568,1238,1568
3800,1531,3898,1531,3898,1560,3800,1560
4573,1533,4579,1533,4579,1556,4573,1556
4585,1533,4591,1533,4591,1556,4585,1556
4594,1533,4615,1533,4615,1556,4594,1556
4623,1533,4661,1533,4661,1556,4623,1556
984,1553,984,1555,973,1555,973,1553
227,1525,227,1555,210,1555,210,1525
227,1565,227,1569,210,1569,210,1565
227,1576,227,1624,210,1624,210,1576
227,1633,227,1637,210,1637,210,1633
227,1644,227,1693,210,1693,210,1644
2291,1586,2290,1605,2274,1604,2275,1585
2289,1620,2289,1623,2274,1622,2274,1619
3804,1589,3881,1589,3881,1618,3804,1618
3901,1589,3909,1589,3909,1618,3901,1618
4568,1589,4591,1589,4591,1620,4568,1620
4591,1589,4599,1589,4599,1620,4591,1620
4600,1589,4623,1589,4623,1620,4600,1620
4628,1589,4668,1589,4668,1620,4628,1620
1747,1609,1777,1609,1777,1627,1747,1627
672,1619,672,1648,657,1648,657,1619
1708,1629,1708,1653,1690,1653,1690,1629
2035,1624,2112,1624,2112,1642,2035,1642
2123,1624,2127,1624,2127,1642,2123,1642
2241,1618,2241,1644,2223,1644,2223,1618
2288,1639,2288,1642,2273,1641,2273,1638
445,1619,445,1672,411,1672,411,1619
445,1680,445,1689,411,1689,411,1680
3232,1644,3253,1626,3266,1641,3245,1659
3255,1623,3259,1620,3271,1634,3267,1637
3266,1613,3315,1570,3329,1586,3280,1629
3322,1565,3326,1562,3338,1576,3334,1579
3334,1556,3364,1530,3377,1544,3346,1570
2286,1658,2286,1661,2271,1660,2271,1657
3806,1647,3879,1647,3879,1678,3806,1678
3899,1647,3907,1647,3907,1678,3899,1678
4563,1649,4590,1649,4590,1678,4563,1678
4592,1649,4600,1649,4600,1678,4592,1678
4600,1649,4621,1649,4621,1678,4600,1678
4630,1649,4667,1649,4667,1678,4630,1678
900,1669,905,1694,892,1697,886,1672
1748,1710,1770,1710,1770,1725,1748,1725
2063,1741,2090,1741,2090,1755,2063,1755
3808,1748,3896,1748,3896,1780,3808,1780
3917,1748,4060,1748,4060,1780,3917,1780
4073,1748,4231,1748,4231,1780,4073,1780
4507,1747,4579,1747,4579,1793,4507,1793
4585,1747,4598,1747,4598,1793,4585,1793
4595,1747,4645,1747,4645,1793,4595,1793
4653,1747,4738,1747,4738,1793,4653,1793
2612,1773,2681,1772,2681,1790,2612,1791
2690,1773,2694,1773,2694,1790,2690,1790
2697,1773,2725,1773,2725,1790,2697,1790
2771,1772,2775,1772,2775,1789,2771,1789
2939,1780,2941,1780,2941,1789,2939,1789
445,1851,445,1860,411,1860,411,1851
445,1862,445,1871,411,1871,411,1862
445,1876,445,1885,411,1885,411,1876
812,1856,813,1875,803,1875,802,1856
797,1862,797,1872,789,1872,789,1862
797,1879,797,1891,789,1891,789,1879
813,1894,813,1896,803,1896,803,1894
889,1893,889,1916,872,1916,872,1893
814,1914,814,1916,804,1916,804,1914
986,1912,1063,1912,1063,1933,986,1933
1074,1912,1079,1912,1079,1933,1074,1933
1341,1915,1374,1917,1373,1933,1340,1931
1533,1916,1588,1916,1588,1934,1533,1934
815,1951,815,1953,805,1953,805,1951
1338,1959,1361,1960,1360,1978,1337,1977
1529,1949,1529,1975,1520,1975,1520,1949
815,1971,815,1973,805,1973,805,1971
816,1988,816,1990,806,1990,806,1988
374,1999,377,1998,380,2011,377,2012
985,2000,991,1999,994,2022,988,2023
1002,1998,1028,1995,1031,2019,1005,2022
278,2013,597,2019,596,2055,277,2049
584,2018,594,2018,593,2054,583,2054
332,2035,344,2035,343,2078,331,2078
352,2035,356,2035,355,2078,351,2078
405,2036,409,2036,408,2079,404,2079
467,2037,530,2038,529,2082,466,2081
544,2038,577,2039,576,2083,543,2082
462,2053,529,2052,529,2070,462,2071
538,2053,542,2053,542,2070,538,2070
545,2052,573,2052,573,2069,545,2069
3680,2454,3737,2454,3737,2490,3680,2490
3753,2454,3787,2454,3787,2490,3753,2490
3805,2454,3911,2454,3911,2490,3805,2490
3927,2454,3961,2454,3961,2490,3927,2490
3975,2454,4112,2454,4112,2490,3975,2490
4116,2454,4187,2454,4187,2490,4116,2490
4192,2454,4202,2454,4202,2490,4192,2490
4199,2454,4209,2454,4209,2490,4199,2490
4213,2454,4347,2454,4347,2490,4213,2490
380,2667,380,2585,416,2585,416,2667
380,2571,380,2538,416,2538,416,2571
380,2523,380,2395,416,2395,416,2523
456,2719,456,2627,507,2627,507,2719
456,2619,456,2605,507,2605,507,2619
456,2594,456,2487,507,2487,507,2594
456,2480,456,2323,507,2323,507,2480
492,2572,491,2556,549,2553,550,2569
490,2544,487,2476,545,2473,548,2541
499,2729,498,2705,557,2702,558,2726
1096,2514,1282,2514,1282,2550,1096,2550
1143,2560,1151,2560,1151,2592,1143,2592
1156,2560,1164,2560,1164,2592,1156,2592
1170,2560,1178,2560,1178,2592,1170,2592
1186,2560,1194,2560,1194,2592,1186,2592
1194,2560,1223,2560,1223,2592,1194,2592
4375,2555,4393,2555,4393,2565,4375,2565
4376,2562,4391,2562,4391,2574,4376,2574
4366,2579,4374,2579,4374,2588,4366,2588
4376,2579,4378,2579,4378,2588,4376,2588
4380,2579,4386,2579,4386,2588,4380,2588
4390,2579,4404,2579,4404,2588,4390,2588
823,2624,922,2624,922,2660,823,2660
1055,2639,1063,2639,1063,2668,1055,2668
1067,2639,1075,2639,1075,2668,1067,2668
1076,2639,1084,2639,1084,2668,1076,2668
1088,2639,1096,2639,1096,2668,1088,2668
1096,2639,1117,2639,1117,2668,1096,2668
4232,2655,4253,2654,4253,2662,4232,2663
4234,2662,4249,2662,4249,2675,4234,2675
4226,2678,4232,2678,4232,2686,4226,2686
4236,2678,4237,2678,4237,2686,4236,2686
4236,2677,4246,2677,4246,2686,4236,2686
4248,2677,4262,2677,4262,2685,4248,2685
224,2730,279,2730,279,2765,224,2765
289,2730,397,2730,397,2765,289,2765
4280,2727,4312,2726,4312,2737,4280,2738
4284,2742,4307,2741,4307,2752,4284,2753
4411,2767,4433,2767,4433,2777,4411,2777
4415,2777,4428,2777,4428,2791,4415,2791
4404,2790,4413,2790,4413,2802,4404,2802
4414,2790,4416,2790,4416,2802,4414,2802
4417,2790,4426,2790,4426,2802,4417,2802
4428,2790,4442,2790,4442,2802,4428,2802
503,2792,503,2787,561,2784,561,2789
4231,2853,4252,2854,4252,2863,4231,2862
4219,2865,4264,2866,4264,2873,4219,2872
1085,2867,1108,2845,1129,2867,1106,2889
318,2900,456,2900,456,2943,318,2943
472,2900,528,2900,528,2943,472,2943
546,2900,728,2900,728,2943,546,2943
749,2900,822,2900,822,2943,749,2943
847,2900,973,2900,973,2943,847,2943
4096,2910,4105,2910,4105,2922,4096,2922
4106,2910,4108,2910,4108,2922,4106,2922
4109,2910,4118,2910,4118,2922,4109,2922
4120,2910,4134,2910,4134,2922,4120,2922
3947,2978,3965,2978,3965,2987,3947,2987
3948,2985,3964,2985,3964,2999,3948,2999
3937,3002,3946,3002,3946,3012,3937,3012
3948,3002,3950,3002,3950,3012,3948,3012
3952,3002,3958,3002,3958,3012,3952,3012
3962,3002,3977,3002,3977,3012,3962,3012
4383,3030,4413,2998,4420,3005,4390,3037
4156,3054,4165,3054,4165,3064,4156,3064
4166,3054,4168,3054,4168,3064,4166,3064
4170,3054,4176,3054,4176,3065,4170,3065
4181,3055,4194,3055,4194,3065,4181,3065
2394,3079,2397,3079,2397,3094,2394,3094
2344,3092,2344,3087,2364,3086,2364,3091
2434,3080,2437,3080,2437,3095,2434,3095
2474,3080,2477,3080,2477,3095,2474,3095
3902,3062,3911,3062,3911,3097,3902,3097
2514,3080,2517,3080,2517,3095,2514,3095
2554,3081,2557,3081,2557,3096,2554,3096
2353,3122,2359,3122,2360,3146,2354,3146
2396,3121,2402,3121,2403,3145,2397,3145
2436,3120,2442,3120,2443,3144,2437,3144
2476,3119,2482,3119,2483,3143,2477,3143
2516,3118,2522,3118,2523,3142,2517,3142
2556,3117,2562,3117,2563,3141,2557,3141
2598,3116,2604,3116,2605,3140,2599,3140
145,3171,157,3171,157,3188,145,3188
194,3170,198,3170,198,3187,194,3187
200,3170,204,3170,204,3187,200,3187
205,3170,209,3170,209,3187,205,3187
257,3169,261,3169,261,3186,257,3186
1866,3180,1962,3183,1961,3218,1865,3215
1975,3183,2095,3186,2094,3221,1974,3218
2167,3159,2245,3159,2245,3188,2167,3188
2147,3188,2270,3192,2269,3227,2146,3223
2397,3193,2460,3193,2460,3217,2397,3217
2469,3193,2560,3193,2560,3217,2469,3217
2740,3192,2835,3192,2835,3221,2740,3221
3003,3190,3070,3190,3070,3223,3003,3223
3073,3190,3082,3190,3082,3223,3073,3223
3084,3190,3167,3190,3167,3223,3084,3223
3345,3173,3436,3173,3436,3204,3345,3204
3269,3209,3373,3209,3373,3239,3269,3239
3384,3209,3450,3209,3450,3239,3384,3239
3457,3209,3500,3209,3500,3239,3457,3239
156,3275,161,3275,161,3297,156,3297
160,3275,233,3275,233,3297,160,3297
153,3303,192,3303,192,3325,153,3325
204,3303,291,3303,291,3325,204,3325
299,3303,399,3303,399,3325,299,3325
413,3303,459,3303,459,3325,413,3325
461,3303,623,3303,623,3325,461,3325
632,3303,637,3303,637,3325,632,3325
646,3303,706,3303,706,3325,646,3325
714,3303,752,3303,752,3325,714,3325
761,3303,852,3303,852,3325,761,3325
860,3303,906,3303,906,3325,860,3325
913,3303,1021,3303,1021,3325,913,3325
1031,3303,1080,3303,1080,3325,1031,3325
1090,3303,1102,3303,1102,3325,1090,3325
1116,3303,1192,3303,1192,3325,1116,3325
1200,3303,1238,3303,1238,3325,1200,3325
1247,3303,1317,3303,1317,3325,1247,3325
1325,3303,1345,3303,1345,3325,1325,3325
1357,3303,1376,3303,1376,3325,1357,3325
1389,3303,1409,3303,1409,3325,1389,3325
1423,3303,1494,3303,1494,3325,1423,3325
1493,3303,1498,3303,1498,3325,1493,3325
1505,3303,1547,3303,1547,3325,1505,3325
1551,3303,1694,3303,1694,3325,1551,3325
1704,3303,1750,3303,1750,3325,1704,3325
1757,3303,1888,3303,1888,3325,1757,3325
1900,3303,1905,3303,1905,3325,1900,3325
1909,3303,1914,3303,1914,3325,1909,3325
1916,3303,1952,3303,1952,3325,1916,3325
1964,3303,2068,3303,2068,3325,1964,3325
2079,3303,2084,3303,2084,3325,2079,3325
2100,3303,2121,3303,2121,3325,2100,3325
2130,3303,2171,3303,2171,3325,2130,3325
2185,3303,2206,3303,2206,3325,2185,3325
2219,3303,2295,3303,2295,3325,2219,3325
2308,3303,2332,3303,2332,3325,2308,3325
2343,3303,2348,3303,2348,3325,2343,3325
2348,3303,2353,3303,2353,3325,2348,3325
2353,3303,2411,3303,2411,3325,2353,3325
2422,3303,2527,3303,2527,3325,2422,3325
2527,3303,2532,3303,2532,3325,2527,3325
2541,3303,2578,3303,2578,3325,2541,3325
2586,3303,2700,3303,2700,3325,2586,3325
2708,3303,2825,3303,2825,3325,2708,3325
2826,3303,2831,3303,2831,3325,2826,3325
2838,3303,2999,3303,2999,3325,2838,3325
3008,3303,3028,3303,3028,3325,3008,3325
3040,3303,3202,3303,3202,3325,3040,3325
3204,3303,3209,3303,3209,3325,3204,3325
3217,3303,3260,3303,3260,3325,3217,3325
3264,3303,3284,3303,3284,3325,3264,3325
3298,3303,3318,3303,3318,3325,3298,3325
3329,3303,3364,3303,3364,3325,3329,3325
3370,3303,3467,3303,3467,3325,3370,3325
3474,3303,3505,3303,3505,3325,3474,3325
156,3330,278,3330,278,3355,156,3355
286,3330,339,3330,339,3355,286,3355
342,3330,348,3330,348,3355,342,3355
354,3330,386,3330,386,3355,354,3355
392,3330,474,3330,474,3355,392,3355
485,3330,521,3330,521,3355,485,3355
533,3330,589,3330,589,3355,533,3355
600,3330,636,3330,636,3355,600,3355
646,3330,675,3330,675,3355,646,3355
685,3330,818,3330,818,3355,685,3355
823,3330,829,3330,829,3355,823,3355
836,3330,875,3330,875,3355,836,3355
882,3330,994,3330,994,3355,882,3355
1005,3330,1028,3330,1028,3355,1005,3355
1036,3330,1103,3330,1103,3355,1036,3355
1106,3330,1112,3330,1112,3355,1106,3355
1125,3330,1195,3330,1195,3355,1125,3355
1197,3330,1203,3330,1203,3355,1197,3355
1210,3330,1252,3330,1252,3355,1210,3355
1264,3330,1353,3330,1353,3355,1264,3355
1363,3330,1411,3330,1411,3355,1363,3355
1419,3330,1455,3330,1455,3355,1419,3355
1465,3330,1471,3330,1471,3355,1465,3355
1470,3330,1476,3330,1476,3355,1470,3355
1476,3330,1624,3330,1624,3355,1476,3355
1629,3330,1665,3330,1665,3355,1629,3355
1676,3330,1809,3330,1809,3355,1676,3355
1823,3330,1869,3330,1869,3355,1823,3355
1874,3330,1943,3330,1943,3355,1874,3355
1954,3330,1960,3330,1960,3355,1954,3355
1972,3330,2010,3330,2010,3355,1972,3355
2019,3330,2103,3330,2103,3355,2019,3355
2102,3330,2108,3330,2108,3355,2102,3355
2115,3330,2129,3330,2129,3355,2115,3355
2141,3330,2218,3330,2218,3355,2141,3355
2224,3330,2230,3330,2230,3355,2224,3355
2237,3330,2243,3330,2243,3355,2237,3355
2242,3330,2248,3330,2248,3355,2242,3355
2249,3330,2393,3330,2393,3355,2249,3355
2399,3330,2422,3330,2422,3355,2399,3355
2427,3330,2456,3330,2456,3355,2427,3355
2465,3330,2587,3330,2587,3355,2465,3355
2594,3330,2630,3330,2630,3355,2594,3355
2642,3330,2766,3330,2766,3355,2642,3355
2780,3330,2825,3330,2825,3355,2780,3355
2832,3330,2963,3330,2963,3355,2832,3355
2973,3330,2979,3330,2979,3355,2973,3355
2983,3330,2989,3330,2989,3355,2983,3355
2990,3330,3027,3330,3027,3355,2990,3355
3033,3330,3126,3330,3126,3355,3033,3355
3656,3284,3747,3284,3747,3331,3656,3331
3762,3284,3775,3284,3775,3331,3762,3331
3796,3284,3823,3284,3823,3331,3796,3331
3834,3284,3847,3284,3847,3331,3834,3331
3847,3284,3881,3284,3881,3331,3847,3331
3882,3284,3895,3284,3895,3331,3882,3331
3902,3284,3973,3284,3973,3331,3902,3331
4277,3293,4391,3293,4391,3329,4277,3329
4405,3293,4415,3293,4415,3329,4405,3329
