4014,166,4297,166,4297,228,4014,228
4021,224,4295,224,4295,287,4021,287
1639,383,1647,383,1647,412,1639,412
4106,372,4112,372,4112,397,4106,397
4121,372,4153,372,4153,397,4121,397
4163,372,4186,372,4186,397,4163,397
4197,372,4242,372,4242,397,4197,397
4256,372,4262,372,4262,397,4256,397
4275,372,4361,372,4361,397,4275,397
4131,405,4192,405,4192,428,4131,428
4205,405,4257,405,4257,428,4205,428
4263,405,4321,405,4321,428,4263,428
1799,460,1948,460,1948,503,1799,503
1966,460,1978,460,1978,503,1966,503
301,491,542,321,590,390,349,560
4146,477,4304,477,4304,551,4146,551
2588,528,2635,528,2635,550,2588,550
1195,559,1254,559,1254,586,1195,586
1590,580,1590,632,1566,632,1566,580
2529,580,2529,629,2508,629,2508,580
1406,611,1406,619,1385,618,1385,610
1856,627,1910,627,1910,652,1856,652
1404,654,1404,659,1383,658,1383,653
3965,587,4041,587,4041,628,3965,628
4050,587,4187,587,4187,628,4050,628
4202,587,4213,587,4213,628,4202,628
4226,587,4297,587,4297,628,4226,628
4310,587,4376,587,4376,628,4310,628
4386,587,4497,587,4497,628,4386,628
4118,632,4222,632,4222,675,4118,675
4242,632,4352,632,4352,675,4242,675
3958,684,4032,684,4032,731,3958,731
4040,684,4083,684,4083,731,4040,731
4091,684,4104,684,4104,731,4091,731
4262,689,4345,689,4345,729,4262,729
4363,689,4374,689,4374,729,4363,729
3957,744,4042,744,4042,787,3957,787
4249,744,4285,744,4285,782,4249,782
1402,689,1402,694,1381,693,1381,688
1316,664,1316,697,1302,697,1302,664
1316,700,1316,718,1302,718,1302,700
1316,725,1316,728,1302,728,1302,725
1316,736,1316,749,1302,749,1302,736
1331,675,1331,740,1316,740,1316,675
3651,694,3835,694,3835,725,3651,725
3849,694,3857,694,3857,725,3849,725
4544,692,4677,692,4677,730,4544,730
4697,692,4707,692,4707,730,4697,730
4543,746,4697,746,4697,782,4543,782
1374,757,1374,776,1357,776,1357,757
1374,784,1374,800,1357,800,1357,784
1398,773,1398,778,1377,777,1377,772
1398,782,1398,787,1377,786,1377,781
1397,788,1397,793,1376,792,1376,787
1397,799,1397,804,1376,803,1376,798
2472,844,2472,872,2457,872,2457,844
4104,845,4358,845,4358,893,4104,893
1101,913,1150,913,1150,931,1101,931
2046,893,2101,893,2101,935,2046,935
2186,893,2217,893,2217,935,2186,935
2179,935,2222,931,2224,960,2181,964
3801,933,3898,933,3898,960,3801,960
4541,939,4546,939,4546,961,4541,961
4552,939,4557,939,4557,961,4552,961
4560,939,4579,939,4579,961,4560,961
4589,939,4625,939,4625,961,4589,961
2655,964,2716,965,2715,987,2654,986
2777,967,2782,967,2781,988,2777,988
1408,965,1408,998,1383,998,1383,965
1374,975,1374,992,1358,992,1358,975
1374,1002,1374,1028,1358,1028,1358,1002
1408,1031,1408,1037,1383,1037,1383,1031
3803,997,3897,997,3897,1026,3803,1026
3910,997,3918,997,3918,1026,3910,1026
3932,997,4023,997,4023,1026,3932,1026
2690,1008,2693,1008,2693,1023,2690,1023
2710,1008,2713,1008,2713,1023,2710,1023
2730,1008,2733,1008,2733,1023,2730,1023
2749,1008,2752,1008,2752,1023,2749,1023
2656,1025,2691,1026,2691,1046,2656,1045
2698,1026,2758,1027,2758,1046,2698,1045
4531,999,4558,999,4558,1028,4531,1028
4557,999,4565,999,4565,1028,4557,1028
4566,999,4585,999,4585,1028,4566,1028
4595,999,4632,999,4632,1028,4595,1028
1053,1046,1053,1102,1029,1102,1029,1046
1408,1068,1408,1074,1383,1074,1383,1068
2641,1067,2761,1069,2761,1088,2641,1086
3804,1055,3922,1055,3922,1084,3804,1084
3935,1055,3943,1055,3943,1084,3935,1084
4535,1059,4556,1059,4556,1088,4535,1088
4557,1059,4565,1059,4565,1088,4557,1088
4565,1059,4586,1059,4586,1088,4565,1088
4595,1059,4632,1059,4632,1088,4595,1088
1070,1079,1172,1083,1171,1113,1069,1109
1408,1104,1408,1110,1383,1110,1383,1104
2381,1121,2385,1121,2385,1138,2381,1138
2429,1121,2433,1121,2433,1138,2429,1138
3801,1117,3922,1117,3922,1144,3801,1144
3933,1117,3940,1117,3940,1144,3933,1144
1881,1120,1987,1120,1987,1171,1881,1171
1992,1120,2006,1120,2006,1171,1992,1171
2016,1120,2132,1120,2132,1171,2016,1171
4539,1117,4547,1117,4547,1147,4539,1147
4552,1117,4560,1117,4560,1147,4552,1147
4560,1117,4582,1117,4582,1147,4560,1147
4587,1117,4626,1117,4626,1147,4587,1147
1408,1140,1408,1146,1383,1146,1383,1140
2350,1130,2350,1138,2319,1137,2319,1129
2349,1165,2349,1173,2318,1172,2318,1164
2649,1137,2709,1137,2709,1158,2649,1158
2651,1161,2712,1163,2711,1178,2650,1176
2706,1163,2709,1163,2709,1177,2706,1177
2714,1163,2727,1163,2726,1178,2713,1178
1408,1174,1408,1180,1383,1180,1383,1174
2742,1180,2764,1183,2761,1198,2740,1195
3801,1173,3922,1173,3922,1200,3801,1200
3933,1173,3940,1173,3940,1200,3933,1200
4532,1171,4555,1171,4555,1201,4532,1201
4558,1171,4566,1171,4566,1201,4558,1201
4566,1171,4588,1171,4588,1201,4566,1201
4595,1171,4632,1171,4632,1201,4595,1201
1408,1213,1408,1219,1383,1219,1383,1213
2347,1216,2347,1224,2316,1223,2316,1215
2692,1115,2692,1128,2645,1128,2645,1115
2692,1139,2692,1152,2645,1152,2645,1139
2692,1168,2692,1181,2645,1181,2645,1168
2692,1187,2692,1200,2645,1200,2645,1187
2692,1207,2692,1220,2645,1220,2645,1207
2692,1245,2692,1297,2645,1297,2645,1245
2692,1303,2692,1316,2645,1316,2645,1303
2696,1222,2699,1222,2699,1235,2696,1235
2700,1222,2703,1222,2703,1235,2700,1235
2706,1222,2709,1222,2709,1235,2706,1235
2711,1222,2714,1222,2714,1235,2711,1235
2716,1222,2719,1222,2719,1235,2716,1235
3803,1230,3875,1228,3876,1258,3804,1260
3883,1229,3915,1228,3916,1257,3884,1258
3926,1228,3975,1227,3976,1256,3927,1257
4536,1226,4546,1226,4546,1262,4536,1262
4551,1226,4561,1226,4561,1262,4551,1262
4559,1226,4579,1226,4579,1262,4559,1262
4588,1226,4628,1226,4628,1262,4588,1262
1408,1250,1408,1256,1383,1256,1383,1250
1314,1220,1314,1253,1299,1253,1299,1220
1314,1259,1314,1273,1299,1273,1299,1259
1314,1281,1314,1284,1299,1284,1299,1281
1314,1291,1314,1305,1299,1305,1299,1291
1328,1231,1328,1298,1315,1298,1315,1231
1340,1224,1339,1304,1329,1304,1330,1224
2346,1264,2346,1272,2315,1271,2315,1263
1589,1249,1589,1297,1565,1297,1565,1249
1408,1286,1408,1292,1383,1292,1383,1286
2690,1285,2725,1285,2725,1300,2690,1300
2690,1272,2787,1272,2787,1307,2690,1307
3803,1287,3876,1287,3876,1319,3803,1319
3889,1287,3897,1287,3897,1319,3889,1319
3902,1287,3910,1287,3910,1319,3902,1319
3910,1287,3950,1287,3950,1319,3910,1319
4540,1291,4546,1291,4546,1314,4540,1314
4549,1291,4555,1291,4555,1314,4549,1314
4558,1291,4579,1291,4579,1314,4558,1314
4587,1291,4625,1291,4625,1314,4587,1314
2344,1311,2345,1319,2314,1321,2313,1313
1087,1290,1145,1290,1145,1324,1087,1324
1092,1332,1101,1332,1101,1365,1092,1365
1109,1332,1118,1332,1118,1365,1109,1365
1120,1332,1156,1332,1156,1365,1120,1365
1408,1322,1408,1328,1383,1328,1383,1322
1408,1359,1408,1365,1383,1365,1383,1359
3798,1352,3839,1352,3839,1374,3798,1374
4540,1350,4546,1350,4546,1375,4540,1375
4550,1350,4556,1350,4556,1375,4550,1375
4560,1350,4578,1350,4578,1375,4560,1375
4587,1350,4623,1350,4623,1375,4587,1375
2347,1362,2348,1370,2317,1372,2316,1364
2008,1342,2072,1342,2072,1376,2008,1376
2009,1380,2020,1380,2020,1420,2009,1420
2030,1380,2041,1380,2041,1420,2030,1420
2039,1380,2077,1380,2077,1420,2039,1420
1408,1395,1408,1401,1383,1401,1383,1395
2351,1410,2352,1418,2321,1420,2320,1412
3801,1412,3854,1412,3854,1430,3801,1430
4540,1412,4545,1412,4545,1433,4540,1433
4551,1412,4556,1412,4556,1433,4551,1433
4555,1412,4581,1412,4581,1433,4555,1433
4587,1412,4626,1412,4626,1433,4587,1433
1408,1432,1408,1438,1383,1438,1383,1432
2381,1442,2385,1442,2385,1460,2381,1460
2437,1426,2448,1426,2448,1468,2437,1468
2484,1426,2495,1426,2495,1468,2484,1468
2523,1426,2534,1426,2534,1468,2523,1468
2354,1451,2355,1459,2324,1461,2323,1453
1376,1457,1376,1487,1360,1487,1360,1457
1408,1468,1408,1474,1383,1474,1383,1468
1408,1504,1408,1510,1383,1510,1383,1504
2531,1505,2559,1505,2559,1518,2531,1518
3808,1500,3901,1500,3901,1532,3808,1532
3920,1500,4067,1500,4067,1532,3920,1532
4078,1500,4257,1500,4257,1532,4078,1532
4479,1496,4526,1496,4526,1539,4479,1539
4531,1496,4543,1496,4543,1539,4531,1539
4549,1496,4597,1496,4597,1539,4549,1539
4608,1496,4687,1496,4687,1539,4608,1539
1408,1541,1408,1547,1383,1547,1383,1541
3800,1595,3898,1595,3898,1626,3800,1626
4538,1594,4547,1594,4547,1627,4538,1627
4552,1594,4561,1594,4561,1627,4552,1627
4557,1594,4582,1594,4582,1627,4557,1627
4589,1594,4626,1594,4626,1627,4589,1627
2456,1619,2505,1619,2505,1668,2456,1668
2465,1673,2474,1673,2476,1708,2467,1708
2512,1671,2521,1671,2523,1706,2514,1706
2745,1619,2759,1619,2759,1668,2745,1668
2768,1619,2786,1619,2786,1668,2768,1668
2212,1685,2239,1685,2239,1700,2212,1700
2561,1672,2570,1671,2572,1706,2563,1707
2611,1669,2620,1668,2622,1703,2613,1704
2658,1667,2667,1666,2669,1701,2660,1702
1597,1681,1615,1682,1612,1745,1594,1744
1726,1686,1779,1688,1776,1751,1723,1749
3807,1686,3903,1686,3903,1720,3807,1720
3915,1686,4061,1686,4061,1720,3915,1720
4075,1686,4232,1686,4232,1720,4075,1720
4479,1682,4531,1682,4531,1740,4479,1740
4535,1682,4551,1682,4551,1740,4535,1740
4551,1682,4594,1682,4594,1740,4551,1740
4606,1682,4691,1682,4691,1740,4606,1740
1268,1740,1268,1734,1291,1734,1291,1740
1322,1824,1322,1707,1345,1707,1345,1824
2668,1742,2668,1790,2646,1790,2646,1742
1266,1828,1266,1822,1289,1822,1289,1828
1267,1814,1267,1808,1290,1808,1290,1814
1267,1804,1267,1798,1290,1798,1290,1804
1347,1823,1347,1819,1364,1820,1364,1824
1347,1816,1347,1812,1364,1813,1364,1817
1347,1809,1347,1805,1364,1806,1364,1810
1348,1798,1348,1794,1365,1795,1365,1799
1366,1842,1366,1824,1391,1824,1391,1842
1366,1813,1366,1799,1391,1799,1391,1813
1366,1875,1366,1869,1391,1869,1391,1875
3758,1893,3814,1893,3814,1910,3758,1910
3819,1892,3839,1892,3839,1909,3819,1909
3846,1892,3873,1892,3873,1909,3846,1909
3879,1892,3921,1892,3921,1909,3879,1909
3926,1892,3930,1892,3930,1909,3926,1909
3936,1891,3940,1891,3940,1908,3936,1908
3940,1891,3944,1891,3944,1908,3940,1908
3944,1891,3960,1891,3960,1908,3944,1908
3966,1891,3978,1891,3978,1908,3966,1908
3983,1891,3997,1891,3997,1908,3983,1908
4150,1891,4152,1891,4152,1902,4150,1902
4158,1891,4180,1891,4180,1902,4158,1902
4183,1891,4195,1891,4195,1902,4183,1902
4201,1891,4236,1891,4236,1902,4201,1902
4239,1891,4255,1891,4255,1902,4239,1902
4261,1891,4263,1891,4263,1902,4261,1902
4271,1891,4273,1891,4273,1902,4271,1902
4275,1891,4277,1891,4277,1902,4275,1902
4278,1891,4294,1891,4294,1902,4278,1902
4302,1891,4312,1891,4312,1902,4302,1902
4317,1891,4330,1891,4330,1902,4317,1902
4538,1892,4594,1892,4594,1903,4538,1903
1265,1910,1265,1904,1288,1904,1288,1910
1366,1911,1366,1905,1391,1905,1391,1911
1550,1910,1550,1960,1527,1960,1527,1910
3759,1934,3813,1934,3813,1947,3759,1947
3817,1934,3846,1934,3846,1947,3817,1947
3852,1934,3893,1934,3893,1947,3852,1947
3898,1934,3901,1934,3901,1947,3898,1947
3908,1934,3911,1934,3911,1947,3908,1947
3912,1934,3915,1934,3915,1947,3912,1947
3916,1934,3930,1934,3930,1947,3916,1947
3940,1934,3949,1934,3949,1947,3940,1947
3955,1934,3968,1934,3968,1947,3955,1947
1366,1948,1366,1942,1391,1942,1391,1948
4150,1931,4152,1931,4152,1941,4150,1941
4158,1931,4178,1931,4178,1941,4158,1941
4183,1931,4195,1931,4195,1941,4183,1941
4199,1931,4234,1931,4234,1941,4199,1941
4241,1931,4255,1931,4255,1941,4241,1941
4261,1931,4263,1931,4263,1941,4261,1941
4271,1931,4273,1931,4273,1941,4271,1941
4275,1931,4277,1931,4277,1941,4275,1941
4279,1931,4294,1931,4294,1941,4279,1941
4302,1931,4312,1931,4312,1941,4302,1941
4317,1931,4330,1931,4330,1941,4317,1941
4334,1931,4336,1931,4336,1941,4334,1941
4149,1943,4151,1943,4151,1954,4149,1954
4154,1943,4156,1943,4156,1954,4154,1954
4157,1943,4173,1943,4173,1954,4157,1954
4181,1943,4203,1943,4203,1954,4181,1954
4207,1943,4219,1943,4219,1954,4207,1954
4224,1943,4261,1943,4261,1954,4224,1954
4539,1934,4569,1934,4569,1946,4539,1946
4575,1934,4597,1934,4597,1946,4575,1946
2427,1854,2529,1854,2529,1892,2427,1892
2413,1910,2429,1911,2427,1969,2411,1968
2466,1912,2482,1913,2480,1971,2464,1970
2504,1913,2632,1918,2630,1977,2502,1972
2406,1971,2451,1972,2450,2021,2405,2020
2494,1974,2508,1974,2507,2023,2493,2023
2544,1975,2558,1975,2557,2024,2543,2024
2429,2034,2442,2035,2440,2082,2427,2081
2496,2037,2548,2039,2546,2086,2494,2084
1366,1984,1366,1978,1391,1978,1391,1984
3675,1912,3675,1890,3706,1890,3706,1912
3675,1954,3675,1931,3706,1931,3706,1954
3675,2000,3675,1972,3706,1972,3706,2000
3675,2039,3675,2031,3706,2031,3706,2039
2100,1951,2100,1956,2079,1957,2079,1952
2100,1970,2103,2017,2082,2018,2079,1971
3758,1978,3812,1978,3812,1990,3758,1990
3818,1978,3837,1978,3837,1990,3818,1990
3844,1978,3873,1978,3873,1990,3844,1990
3879,1978,3920,1978,3920,1990,3879,1990
3927,1978,3929,1978,3929,1990,3927,1990
3937,1978,3939,1978,3939,1990,3937,1990
3941,1978,3943,1978,3943,1990,3941,1990
3944,1978,3960,1978,3960,1990,3944,1990
3967,1978,3978,1978,3978,1990,3967,1990
3983,1978,3997,1978,3997,1990,3983,1990
4148,1983,4170,1983,4170,1994,4148,1994
4176,1983,4186,1983,4186,1994,4176,1994
4191,1983,4226,1983,4226,1994,4191,1994
4231,1983,4266,1983,4266,1994,4231,1994
1670,1983,1814,1977,1816,2025,1672,2031
1836,1976,1849,1975,1851,2022,1838,2023
4537,1984,4577,1984,4577,1997,4537,1997
4584,1984,4587,1984,4587,1997,4584,1997
4592,1984,4626,1984,4626,1997,4592,1997
4631,1984,4651,1984,4651,1997,4631,1997
3758,2018,3812,2018,3812,2030,3758,2030
3816,2018,3838,2018,3838,2030,3816,2030
3844,2018,3853,2018,3853,2030,3844,2030
3859,2018,3867,2018,3867,2030,3859,2030
3871,2018,3894,2018,3894,2030,3871,2030
3900,2018,3902,2018,3902,2030,3900,2030
3910,2018,3912,2018,3912,2030,3910,2030
3914,2018,3916,2018,3916,2030,3914,2030
3917,2018,3933,2018,3933,2030,3917,2030
3940,2018,3951,2018,3951,2030,3940,2030
3956,2018,3970,2018,3970,2030,3956,2030
4147,2018,4171,2018,4171,2031,4147,2031
4177,2018,4187,2018,4187,2031,4177,2031
4189,2018,4192,2018,4192,2031,4189,2031
4192,2018,4204,2018,4204,2031,4192,2031
4207,2018,4210,2018,4210,2031,4207,2031
4212,2018,4229,2018,4229,2031,4212,2031
4235,2018,4238,2018,4238,2031,4235,2031
4243,2018,4246,2018,4246,2031,4243,2031
4249,2018,4252,2018,4252,2031,4249,2031
4253,2018,4267,2018,4267,2031,4253,2031
4276,2018,4285,2018,4285,2031,4276,2031
4293,2018,4306,2018,4306,2031,4293,2031
2669,1978,2683,1978,2682,2027,2668,2027
2664,2044,2677,2045,2675,2092,2662,2091
4538,2027,4565,2027,4565,2037,4538,2037
4567,2027,4619,2027,4619,2037,4567,2037
2260,2040,2289,2040,2289,2055,2260,2055
3758,2062,3812,2062,3812,2075,3758,2075
3817,2062,3838,2062,3838,2075,3817,2075
3844,2062,3853,2062,3853,2075,3844,2075
3858,2062,3919,2062,3919,2075,3858,2075
3926,2062,3940,2062,3940,2075,3926,2075
3946,2062,3986,2062,3986,2075,3946,2075
4149,2061,4170,2061,4170,2073,4149,2073
4175,2061,4197,2061,4197,2073,4175,2073
4205,2061,4207,2061,4207,2073,4205,2073
4213,2061,4215,2061,4215,2073,4213,2073
4218,2061,4220,2061,4220,2073,4218,2073
4221,2061,4236,2061,4236,2073,4221,2073
4246,2061,4254,2061,4254,2073,4246,2073
4263,2061,4274,2061,4274,2073,4263,2073
4537,2064,4592,2064,4592,2078,4537,2078
4597,2064,4638,2064,4638,2078,4597,2078
4642,2064,4659,2064,4659,2078,4642,2078
4663,2064,4707,2064,4707,2078,4663,2078
4711,2064,4721,2064,4721,2078,4711,2078
4727,2064,4769,2064,4769,2078,4727,2078
3757,2102,3806,2102,3806,2115,3757,2115
3810,2102,3813,2102,3813,2115,3810,2115
3814,2102,3834,2102,3834,2115,3814,2115
3839,2102,3866,2102,3866,2115,3839,2115
3873,2102,3892,2102,3892,2115,3873,2115
3898,2102,3920,2102,3920,2115,3898,2115
3924,2102,3937,2102,3937,2115,3924,2115
3941,2102,3987,2102,3987,2115,3941,2115
3990,2102,3993,2102,3993,2115,3990,2115
3758,2115,3810,2115,3810,2126,3758,2126
3814,2115,3828,2115,3828,2126,3814,2126
3833,2115,3855,2115,3855,2126,3833,2126
4147,2108,4171,2108,4171,2121,4147,2121
4175,2108,4199,2108,4199,2121,4175,2121
4204,2108,4207,2108,4207,2121,4204,2121
4214,2108,4217,2108,4217,2121,4214,2121
4218,2108,4221,2108,4221,2121,4218,2121
4222,2108,4236,2108,4236,2121,4222,2121
4246,2108,4255,2108,4255,2121,4246,2121
4262,2108,4274,2108,4274,2121,4262,2121
4538,2104,4557,2104,4557,2118,4538,2118
4562,2104,4610,2104,4610,2118,4562,2118
4614,2104,4617,2104,4617,2118,4614,2118
4618,2104,4621,2104,4621,2118,4618,2118
4621,2104,4665,2104,4665,2118,4621,2118
4670,2104,4680,2104,4680,2118,4670,2118
4684,2104,4723,2104,4723,2118,4684,2118
2708,2115,2704,2166,2646,2162,2649,2111
2704,2168,2703,2184,2645,2180,2646,2164
2708,2108,2707,2126,2649,2122,2650,2104
3757,2150,3796,2150,3796,2163,3757,2163
3800,2150,3812,2150,3812,2163,3800,2163
3817,2150,3846,2150,3846,2163,3817,2163
3850,2150,3856,2150,3856,2163,3850,2163
4148,2144,4171,2144,4171,2157,4148,2157
4174,2144,4186,2144,4186,2157,4174,2157
4190,2144,4227,2144,4227,2157,4190,2157
4232,2144,4247,2144,4247,2157,4232,2157
4253,2144,4302,2144,4302,2157,4253,2157
4307,2144,4330,2144,4330,2157,4307,2157
4538,2151,4573,2151,4573,2163,4538,2163
4578,2151,4622,2151,4622,2163,4578,2163
4148,2184,4171,2184,4171,2197,4148,2197
4174,2184,4186,2184,4186,2197,4174,2197
4190,2184,4227,2184,4227,2197,4190,2197
4232,2184,4247,2184,4247,2197,4232,2197
4253,2184,4302,2184,4302,2197,4253,2197
4308,2184,4328,2184,4328,2197,4308,2197
4335,2184,4374,2184,4374,2197,4335,2197
1321,2156,1315,2242,1298,2240,1304,2155
2207,2172,2207,2227,2187,2227,2187,2172
3757,2192,3780,2192,3780,2206,3757,2206
3785,2192,3823,2192,3823,2206,3785,2206
4534,2189,4580,2189,4580,2201,4534,2201
4585,2189,4631,2189,4631,2201,4585,2201
4635,2189,4687,2189,4687,2201,4635,2201
4690,2189,4702,2189,4702,2201,4690,2201
4706,2189,4733,2189,4733,2201,4706,2201
4535,2203,4606,2203,4606,2214,4535,2214
1689,2230,1710,2230,1710,2244,1689,2244
2461,2226,2465,2226,2465,2242,2461,2242
2481,2226,2509,2226,2509,2242,2481,2242
4148,2225,4171,2225,4171,2238,4148,2238
4174,2225,4186,2225,4186,2238,4174,2238
4190,2225,4227,2225,4227,2238,4190,2238
4232,2225,4247,2225,4247,2238,4232,2238
4253,2225,4302,2225,4302,2238,4253,2238
4308,2225,4328,2225,4328,2238,4308,2238
4336,2225,4358,2225,4358,2238,4336,2238
3757,2234,3790,2234,3790,2247,3757,2247
3793,2234,3829,2234,3829,2247,3793,2247
3833,2234,3842,2234,3842,2247,3833,2247
3849,2234,3888,2234,3888,2247,3849,2247
4467,2229,4487,2229,4487,2241,4467,2241
4537,2234,4566,2234,4566,2248,4537,2248
4571,2234,4611,2234,4611,2248,4571,2248
4617,2234,4661,2234,4661,2248,4617,2248
1242,2270,1242,2265,1263,2265,1263,2270
1242,2254,1242,2249,1263,2249,1263,2254
1242,2246,1242,2227,1263,2227,1263,2246
2265,2248,2267,2248,2268,2259,2266,2259
2277,2248,2311,2245,2312,2256,2278,2259
1318,2307,1321,2254,1340,2255,1337,2308
1322,2261,1322,2257,1340,2258,1340,2262
1322,2254,1322,2250,1340,2251,1340,2255
1323,2242,1323,2238,1341,2239,1341,2243
1343,2288,1343,2267,1362,2267,1362,2288
1343,2258,1343,2244,1362,2244,1362,2258
1709,2269,1759,2269,1759,2292,1709,2292
3757,2282,3790,2282,3790,2295,3757,2295
3793,2282,3829,2282,3829,2295,3793,2295
3833,2282,3845,2282,3845,2295,3833,2295
3849,2282,3882,2282,3882,2295,3849,2295
4148,2271,4172,2271,4172,2286,4148,2286
4177,2271,4193,2271,4193,2286,4177,2286
4198,2271,4229,2271,4229,2286,4198,2286
4234,2271,4245,2271,4245,2286,4234,2286
4249,2271,4284,2271,4284,2286,4249,2286
4091,2273,4104,2273,4104,2290,4091,2290
4439,2276,4482,2276,4482,2295,4439,2295
4519,2276,4524,2276,4524,2295,4519,2295
4538,2276,4585,2276,4585,2295,4538,2295
2270,2290,2331,2298,2326,2339,2265,2331
1344,2320,1344,2315,1363,2315,1363,2320
4108,2315,4134,2315,4134,2322,4108,2322
3758,2325,3803,2325,3803,2336,3758,2336
3808,2325,3830,2325,3830,2336,3808,2336
3834,2325,3859,2325,3859,2336,3834,2336
3864,2325,3919,2325,3919,2336,3864,2336
4148,2325,4163,2325,4163,2338,4148,2338
4172,2325,4181,2325,4181,2338,4172,2338
4189,2325,4218,2325,4218,2338,4189,2338
4223,2325,4243,2325,4243,2338,4223,2338
4247,2325,4313,2325,4313,2338,4247,2338
4316,2325,4338,2325,4338,2338,4316,2338
4343,2325,4353,2325,4353,2338,4343,2338
4358,2325,4400,2325,4400,2338,4358,2338
1344,2356,1344,2351,1363,2351,1363,2356
1241,2378,1241,2364,1262,2364,1262,2378
2588,2354,2593,2350,2608,2368,2604,2372
2690,2367,2689,2386,2631,2382,2632,2363
3759,2366,3781,2366,3781,2379,3759,2379
3786,2366,3795,2366,3795,2379,3786,2379
3802,2366,3837,2366,3837,2379,3802,2379
3841,2366,3856,2366,3856,2379,3841,2379
3862,2366,3865,2366,3865,2379,3862,2379
3870,2366,3873,2366,3873,2379,3870,2379
3876,2366,3879,2366,3879,2379,3876,2379
3879,2366,3895,2366,3895,2379,3879,2379
3903,2366,3912,2366,3912,2379,3903,2379
3919,2366,3932,2366,3932,2379,3919,2379
4148,2365,4162,2365,4162,2377,4148,2377
4170,2365,4191,2365,4191,2377,4170,2377
4197,2365,4262,2365,4262,2377,4197,2377
4265,2365,4302,2365,4302,2377,4265,2377
4307,2365,4334,2365,4334,2377,4307,2377
4341,2365,4346,2365,4346,2377,4341,2377
1345,2392,1345,2387,1364,2387,1364,2392
2559,2377,2564,2373,2579,2391,2575,2395
2532,2400,2537,2396,2552,2414,2548,2418
1240,2428,1240,2423,1261,2423,1261,2428
1345,2432,1345,2427,1364,2427,1364,2432
2504,2425,2509,2421,2524,2439,2520,2443
2185,2457,2189,2447,2227,2461,2223,2471
3682,2458,3738,2458,3738,2490,3682,2490
3753,2458,3789,2458,3789,2490,3753,2490
3802,2458,3913,2458,3913,2490,3802,2490
3930,2458,3959,2458,3959,2490,3930,2490
3975,2458,4112,2458,4112,2490,3975,2490
4117,2458,4185,2458,4185,2490,4117,2490
4196,2458,4204,2458,4204,2490,4196,2490
4203,2458,4211,2458,4211,2490,4203,2490
4209,2458,4343,2458,4343,2490,4209,2490
1550,2495,1550,2546,1527,2546,1527,2495
2156,2536,2160,2526,2198,2540,2194,2550
2160,2523,2172,2490,2212,2505,2199,2538
2179,2529,2177,2500,2207,2498,2209,2527
2227,2594,2225,2536,2269,2534,2271,2592
2225,2517,2222,2433,2265,2432,2268,2515
2183,2587,2182,2579,2211,2577,2212,2585
2677,2551,2673,2601,2615,2597,2618,2547
2702,2577,2716,2577,2716,2587,2702,2587
2761,2581,2762,2581,2762,2589,2761,2589
4380,2562,4401,2561,4401,2572,4380,2573
4382,2573,4397,2573,4397,2587,4382,2587
4369,2590,4378,2590,4378,2600,4369,2600
4381,2590,4383,2590,4383,2600,4381,2600
4386,2590,4392,2590,4392,2600,4386,2600
4397,2590,4412,2590,4412,2600,4397,2600
1647,2593,1787,2593,1787,2633,1647,2633
1814,2593,1825,2593,1825,2633,1814,2633
2114,2624,2260,2627,2259,2674,2113,2671
2307,2628,2360,2629,2359,2677,2306,2676
2413,2631,2479,2632,2478,2679,2412,2678
2667,2678,2670,2678,2671,2692,2668,2692
2691,2676,2694,2676,2695,2690,2692,2690
2710,2676,2713,2676,2714,2690,2711,2690
2730,2675,2733,2675,2734,2689,2731,2689
2749,2674,2752,2674,2753,2688,2750,2688
2754,2673,2794,2671,2795,2686,2755,2688
2113,2717,2268,2717,2268,2777,2113,2777
2488,2717,2540,2717,2540,2777,2488,2777
4169,2843,4169,2835,4198,2834,4198,2842
4168,2822,4163,2646,4191,2645,4197,2821
4244,2746,4266,2746,4266,2756,4244,2756
4245,2757,4261,2757,4261,2769,4245,2769
4236,2773,4242,2773,4242,2783,4236,2783
4245,2773,4247,2773,4247,2783,4245,2783
4250,2773,4256,2773,4256,2783,4250,2783
4261,2773,4276,2773,4276,2783,4261,2783
2216,2766,2225,2765,2227,2800,2218,2801
1986,2790,1994,2790,1995,2821,1987,2821
2075,2786,2083,2786,2084,2817,2076,2817
2083,2774,2092,2773,2094,2808,2085,2809
2031,2788,2039,2788,2040,2819,2032,2819
2130,2771,2139,2770,2141,2805,2132,2806
2665,2807,2667,2807,2666,2818,2664,2818
2688,2810,2690,2810,2689,2821,2687,2821
2717,2814,2719,2814,2718,2825,2716,2825
2723,2815,2725,2815,2724,2826,2722,2826
2728,2815,2730,2815,2729,2826,2727,2826
2539,2833,2542,2833,2542,2839,2539,2839
2593,2833,2639,2833,2639,2839,2593,2839
4421,2826,4443,2826,4443,2836,4421,2836
4423,2834,4437,2834,4437,2849,4423,2849
4412,2853,4420,2853,4420,2863,4412,2863
4422,2853,4424,2853,4424,2863,4422,2863
4426,2853,4434,2853,4434,2863,4426,2863
4438,2853,4453,2853,4453,2863,4438,2863
3951,2876,3952,2882,3930,2887,3929,2882
4150,2969,4160,2969,4160,2979,4150,2979
4161,2969,4163,2969,4163,2979,4161,2979
4164,2969,4172,2969,4172,2979,4164,2979
4176,2969,4191,2969,4191,2979,4176,2979
3967,3035,3987,3034,3987,3045,3967,3046
3968,3046,3984,3046,3984,3060,3968,3060
3955,3062,3967,3062,3967,3074,3955,3074
3968,3062,3970,3062,3970,3074,3968,3074
3970,3062,3979,3062,3979,3074,3970,3074
3984,3062,3999,3062,3999,3074,3984,3074
2343,3094,2343,3088,2368,3088,2368,3094
1868,3036,2251,3021,2255,3137,1873,3152
2394,3078,2398,3078,2398,3095,2394,3095
2433,3078,2437,3078,2437,3095,2433,3095
2473,3078,2477,3078,2477,3095,2473,3095
2514,3078,2518,3078,2518,3095,2514,3095
4357,3086,4377,3086,4377,3098,4357,3098
4356,3100,4373,3100,4373,3113,4356,3113
4347,3115,4357,3115,4357,3125,4347,3125
4358,3115,4360,3115,4360,3125,4358,3125
4361,3115,4369,3115,4369,3125,4361,3125
4373,3115,4388,3115,4388,3125,4373,3125
2343,3136,2343,3130,2368,3130,2368,3136
142,3128,168,3128,168,3151,142,3151
238,3128,244,3128,244,3151,238,3151
248,3128,254,3128,254,3151,248,3151
257,3128,263,3128,263,3151,257,3151
2353,3122,2359,3122,2360,3146,2354,3146
2395,3121,2401,3121,2402,3145,2396,3145
2438,3120,2444,3120,2445,3144,2439,3144
2475,3119,2481,3119,2482,3143,2476,3143
2518,3118,2524,3118,2525,3142,2519,3142
2558,3117,2564,3117,2565,3141,2559,3141
2598,3116,2604,3116,2605,3140,2599,3140
1866,3180,1960,3183,1959,3218,1865,3215
1975,3183,2095,3186,2094,3221,1974,3218
2164,3159,2244,3159,2244,3188,2164,3188
2147,3188,2270,3192,2269,3227,2146,3223
2398,3191,2462,3191,2462,3223,2398,3223
2469,3191,2562,3191,2562,3223,2469,3223
2739,3194,2834,3194,2834,3217,2739,3217
3005,3191,3065,3191,3065,3222,3005,3222
3074,3191,3082,3191,3082,3222,3074,3222
3084,3191,3170,3191,3170,3222,3084,3222
3347,3175,3439,3175,3439,3206,3347,3206
3270,3209,3373,3209,3373,3241,3270,3241
3385,3209,3446,3209,3446,3241,3385,3241
3462,3209,3503,3209,3503,3241,3462,3241
153,3272,157,3272,157,3290,153,3290
159,3272,218,3272,218,3290,159,3290
151,3294,184,3294,184,3315,151,3315
192,3294,265,3294,265,3315,192,3315
272,3294,364,3294,364,3315,272,3315
373,3294,388,3294,388,3315,373,3315
394,3294,468,3294,468,3315,394,3315
478,3294,560,3294,560,3315,478,3315
571,3294,609,3294,609,3315,571,3315
615,3294,747,3294,747,3315,615,3315
750,3294,755,3294,755,3315,750,3315
760,3294,813,3294,813,3315,760,3315
823,3294,853,3294,853,3315,823,3315
861,3294,934,3294,934,3315,861,3315
946,3294,980,3294,980,3315,946,3315
990,3294,1075,3294,1075,3315,990,3315
1085,3294,1126,3294,1126,3315,1085,3315
1132,3294,1147,3294,1147,3315,1132,3315
1156,3294,1218,3294,1218,3315,1156,3315
1228,3294,1258,3294,1258,3315,1228,3315
1266,3294,1321,3294,1321,3315,1266,3315
1329,3294,1348,3294,1348,3315,1329,3315
1357,3294,1372,3294,1372,3315,1357,3315
1385,3294,1400,3294,1400,3315,1385,3315
1412,3294,1469,3294,1469,3315,1412,3315
1469,3294,1474,3294,1474,3315,1469,3315
1483,3294,1510,3294,1510,3315,1483,3315
1518,3294,1541,3294,1541,3315,1518,3315
1550,3294,1594,3294,1594,3315,1550,3315
1604,3294,1623,3294,1623,3315,1604,3315
1633,3294,1677,3294,1677,3315,1633,3315
1684,3294,1707,3294,1707,3315,1684,3315
1717,3294,1783,3294,1783,3315,1717,3315
1785,3294,1819,3294,1819,3315,1785,3315
1823,3294,1970,3294,1970,3315,1823,3315
1972,3294,1999,3294,1999,3315,1972,3315
2005,3294,2100,3294,2100,3315,2005,3315
2103,3294,2108,3294,2108,3315,2103,3315
2115,3294,2175,3294,2175,3315,2115,3315
2178,3294,2183,3294,2183,3315,2178,3315
2189,3294,2223,3294,2223,3315,2189,3315
2232,3294,2307,3294,2307,3315,2232,3315
2307,3294,2312,3294,2312,3315,2307,3315
2322,3294,2436,3294,2436,3315,2322,3315
2437,3294,2442,3294,2442,3315,2437,3315
2449,3294,2555,3294,2555,3315,2449,3315
2563,3294,2582,3294,2582,3315,2563,3315
2592,3294,2703,3294,2703,3315,2592,3315
2706,3294,2711,3294,2711,3315,2706,3315
2720,3294,2796,3294,2796,3315,2720,3315
2798,3294,2803,3294,2803,3315,2798,3315
2812,3294,2876,3294,2876,3315,2812,3315
2882,3294,2912,3294,2912,3315,2882,3315
2920,3294,3000,3294,3000,3315,2920,3315
3008,3294,3046,3294,3046,3315,3008,3315
3051,3294,3110,3294,3110,3315,3051,3315
3113,3294,3118,3294,3118,3315,3113,3315
3121,3294,3137,3294,3137,3315,3121,3315
3148,3294,3159,3294,3159,3315,3148,3315
3171,3294,3210,3294,3210,3315,3171,3315
3216,3294,3221,3294,3221,3315,3216,3315
3229,3294,3258,3294,3258,3315,3229,3315
3269,3294,3337,3294,3337,3315,3269,3315
3339,3294,3344,3294,3344,3315,3339,3315
3347,3294,3363,3294,3363,3315,3347,3315
3370,3294,3508,3294,3508,3315,3370,3315
152,3314,217,3314,217,3339,152,3339
223,3314,246,3314,246,3339,223,3339
253,3314,281,3314,281,3339,253,3339
289,3314,369,3314,369,3339,289,3339
381,3314,424,3314,424,3339,381,3339
429,3314,527,3314,527,3339,429,3339
537,3314,543,3314,543,3339,537,3339
546,3314,552,3314,552,3339,546,3339
552,3314,615,3314,615,3339,552,3339
625,3314,639,3314,639,3339,625,3339
651,3314,718,3314,718,3339,651,3339
728,3314,757,3314,757,3339,728,3339
765,3314,858,3314,858,3339,765,3339
866,3314,923,3314,923,3339,866,3339
930,3314,953,3314,953,3339,930,3339
960,3314,1053,3314,1053,3339,960,3339
1064,3314,1082,3314,1082,3339,1064,3339
1086,3314,1183,3314,1183,3339,1086,3339
1191,3314,1220,3314,1220,3339,1191,3339
1228,3314,1274,3314,1274,3339,1228,3339
1285,3314,1291,3314,1291,3339,1285,3339
1293,3314,1299,3314,1299,3339,1293,3339
1301,3314,1338,3314,1338,3339,1301,3339
1340,3314,1346,3314,1346,3339,1340,3339
1351,3314,1456,3314,1456,3339,1351,3339
1462,3314,1490,3314,1490,3339,1462,3339
1495,3314,1616,3314,1616,3339,1495,3339
1623,3314,1662,3314,1662,3339,1623,3339
1667,3314,1776,3314,1776,3339,1667,3339
1785,3314,1791,3314,1791,3339,1785,3339
1792,3314,1798,3314,1798,3339,1792,3339
1801,3314,1830,3314,1830,3339,1801,3339
1839,3314,1927,3314,1927,3339,1839,3339
1935,3314,1941,3314,1941,3339,1935,3339
1953,3314,1971,3314,1971,3339,1953,3339
1980,3314,2013,3314,2013,3339,1980,3339
2023,3314,2041,3314,2041,3339,2023,3339
2050,3314,2117,3314,2117,3339,2050,3339
2126,3314,2149,3314,2149,3339,2126,3339
2154,3314,2160,3314,2160,3339,2154,3339
2159,3314,2165,3314,2165,3339,2159,3339
2167,3314,2214,3314,2214,3339,2167,3339
2219,3314,2306,3314,2306,3339,2219,3339
2310,3314,2316,3314,2316,3339,2310,3339
2322,3314,2351,3314,2351,3339,2322,3339
2357,3314,2451,3314,2451,3339,2357,3339
2461,3314,2556,3314,2556,3339,2461,3339
2557,3314,2563,3314,2563,3339,2557,3339
2569,3314,2702,3314,2702,3339,2569,3339
2710,3314,2728,3314,2728,3339,2710,3339
2738,3314,2871,3314,2871,3339,2738,3339
2871,3314,2877,3314,2877,3339,2871,3339
2884,3314,2917,3314,2917,3339,2884,3339
2926,3314,2940,3314,2940,3339,2926,3339
2951,3314,2969,3314,2969,3339,2951,3339
2980,3314,3008,3314,3008,3339,2980,3339
3011,3314,3093,3314,3093,3339,3011,3339
3101,3314,3122,3314,3122,3339,3101,3339
3134,3314,3233,3314,3233,3339,3134,3339
3239,3314,3287,3314,3287,3339,3239,3339
3287,3314,3293,3314,3293,3339,3287,3339
3298,3314,3323,3314,3323,3339,3298,3339
3330,3314,3405,3314,3405,3339,3330,3339
3410,3314,3416,3314,3416,3339,3410,3339
3420,3314,3445,3314,3445,3339,3420,3339
152,3340,220,3340,220,3361,152,3361
224,3340,229,3340,229,3361,224,3361
232,3340,259,3340,259,3361,232,3361
267,3340,312,3340,312,3361,267,3361
317,3340,322,3340,322,3361,317,3361
331,3340,361,3340,361,3361,331,3361
366,3340,391,3340,391,3361,366,3361
401,3340,513,3340,513,3361,401,3361
523,3340,538,3340,538,3361,523,3361
543,3340,576,3340,576,3361,543,3361
583,3340,721,3340,721,3361,583,3361
722,3340,727,3340,727,3361,722,3361
730,3340,753,3340,753,3361,730,3361
759,3340,827,3340,827,3361,759,3361
829,3340,834,3340,834,3361,829,3361
840,3340,845,3340,845,3361,840,3361
844,3340,849,3340,849,3361,844,3361
850,3340,970,3340,970,3361,850,3361
975,3340,994,3340,994,3361,975,3361
996,3340,1019,3340,1019,3361,996,3361
1031,3340,1131,3340,1131,3361,1031,3361
1138,3340,1168,3340,1168,3361,1138,3361
1176,3340,1280,3340,1280,3361,1176,3361
1293,3340,1332,3340,1332,3361,1293,3361
1334,3340,1443,3340,1443,3361,1334,3361
1454,3340,1459,3340,1459,3361,1454,3361
1463,3340,1468,3340,1468,3361,1463,3361
1469,3340,1497,3340,1497,3361,1469,3361
1502,3340,1579,3340,1579,3361,1502,3361
1584,3340,1589,3340,1589,3361,1584,3361
3660,3291,3748,3291,3748,3333,3660,3333
3764,3291,3775,3291,3775,3333,3764,3333
3797,3291,3828,3291,3828,3333,3797,3333
3833,3291,3844,3291,3844,3333,3833,3333
3849,3291,3880,3291,3880,3333,3849,3333
3885,3291,3896,3291,3896,3333,3885,3333
3901,3291,3968,3291,3968,3333,3901,3333
4276,3291,4389,3291,4389,3333,4276,3333
4404,3291,4415,3291,4415,3333,4404,3333
4477,3291,4488,3291,4488,3333,4477,3333
