4014,166,4297,166,4297,228,4014,228
4021,224,4295,224,4295,287,4021,287
4106,372,4112,372,4112,397,4106,397
4121,372,4153,372,4153,397,4121,397
4163,372,4186,372,4186,397,4163,397
4197,372,4242,372,4242,397,4197,397
4256,372,4262,372,4262,397,4256,397
4275,372,4361,372,4361,397,4275,397
4131,405,4192,405,4192,428,4131,428
4205,405,4257,405,4257,428,4205,428
4263,405,4321,405,4321,428,4263,428
301,491,542,321,590,390,349,560
4146,477,4304,477,4304,551,4146,551
3965,588,4040,588,4040,628,3965,628
4055,588,4185,588,4185,628,4055,628
4205,588,4216,588,4216,628,4205,628
4224,588,4298,588,4298,628,4224,628
4312,588,4374,588,4374,628,4312,628
4390,588,4497,588,4497,628,4390,628
4118,632,4222,632,4222,675,4118,675
4242,632,4352,632,4352,675,4242,675
3956,692,4033,692,4033,730,3956,730
4037,692,4085,692,4085,730,4037,730
4093,692,4103,692,4103,730,4093,730
4262,689,4346,689,4346,729,4262,729
4363,689,4374,689,4374,729,4363,729
3955,744,4029,744,4029,787,3955,787
4244,743,4288,743,4288,783,4244,783
3651,694,3835,694,3835,725,3651,725
3849,694,3857,694,3857,725,3849,725
4547,687,4676,690,4675,731,4546,728
4695,691,4706,691,4705,731,4694,731
4547,746,4583,746,4583,784,4547,784
4597,746,4717,746,4717,784,4597,784
1838,865,1838,872,1812,872,1812,865
4106,844,4360,844,4360,890,4106,890
1798,880,1798,877,1813,877,1813,880
1798,899,1798,896,1813,896,1813,899
3037,855,3057,852,3068,920,3048,923
3073,849,3171,834,3182,902,3084,917
522,891,571,887,574,920,525,925
1330,908,1385,908,1385,929,1330,929
1334,886,1381,886,1381,940,1334,940
2887,878,2934,871,2945,940,2898,947
2951,869,2971,866,2982,934,2962,937
1798,920,1798,917,1813,917,1813,920
3804,931,3899,931,3899,962,3804,962
4576,937,4584,937,4584,966,4576,966
4588,937,4596,937,4596,966,4588,966
4596,937,4617,937,4617,966,4596,966
4621,937,4664,937,4664,966,4621,966
1798,960,1798,957,1813,957,1813,960
1798,984,1798,981,1813,981,1813,984
2393,977,2394,977,2394,983,2393,983
2410,977,2411,977,2411,983,2410,983
2431,977,2432,977,2432,983,2431,983
2449,977,2450,977,2450,983,2449,983
2469,977,2470,977,2470,983,2469,983
3421,967,3421,971,3403,971,3403,967
3421,984,3421,988,3403,988,3403,984
3421,999,3421,1003,3403,1003,3403,999
3421,1009,3421,1013,3403,1013,3403,1009
835,1006,835,1014,804,1014,804,1006
797,989,797,1010,779,1010,779,989
797,1017,797,1043,779,1043,779,1017
2129,973,2242,968,2245,1037,2132,1042
2303,965,2323,964,2326,1033,2306,1034
3803,995,3897,995,3897,1024,3803,1024
3910,995,3918,995,3918,1024,3910,1024
3932,995,4023,995,4023,1024,3932,1024
4567,1000,4587,1000,4587,1022,4567,1022
4593,1000,4598,1000,4598,1022,4593,1022
4602,1000,4623,1000,4623,1022,4602,1022
4630,1000,4667,1000,4667,1022,4630,1022
835,1045,835,1053,804,1053,804,1045
835,1080,835,1088,804,1088,804,1080
3803,1053,3922,1053,3922,1079,3803,1079
3935,1053,3942,1053,3942,1079,3935,1079
1839,1052,1839,1056,1822,1056,1822,1052
1839,1056,1839,1113,1822,1113,1822,1056
4568,1057,4589,1057,4589,1086,4568,1086
4593,1057,4601,1057,4601,1086,4593,1086
4601,1057,4622,1057,4622,1086,4601,1086
4631,1057,4668,1057,4668,1086,4631,1086
1881,1101,1905,1101,1905,1114,1881,1114
2468,1098,2468,1149,2417,1149,2417,1098
2457,1093,2457,1141,2436,1141,2436,1093
3229,1093,3229,1145,3205,1145,3205,1093
3317,1123,3317,1127,3299,1128,3299,1124
3801,1115,3922,1115,3922,1142,3801,1142
3933,1115,3940,1115,3940,1142,3933,1142
4573,1117,4587,1117,4587,1144,4573,1144
4594,1117,4601,1117,4601,1144,4594,1144
4602,1117,4622,1117,4622,1144,4602,1144
4628,1117,4669,1117,4669,1144,4628,1144
1838,1144,1841,1144,1841,1157,1838,1157
1849,1144,1852,1144,1852,1157,1849,1157
1855,1144,1869,1144,1869,1157,1855,1157
835,1118,835,1126,804,1126,804,1118
835,1154,835,1162,804,1162,804,1154
835,1189,835,1197,804,1197,804,1189
2802,1174,2947,1174,2947,1208,2802,1208
2968,1174,2977,1174,2977,1208,2968,1208
3804,1165,3922,1165,3922,1194,3804,1194
3935,1165,3943,1165,3943,1194,3935,1194
3319,1156,3319,1161,3301,1162,3301,1157
3319,1165,3320,1186,3302,1187,3301,1166
3321,1198,3322,1221,3304,1222,3303,1199
3341,1195,3341,1199,3323,1199,3323,1195
3341,1201,3341,1205,3323,1205,3323,1201
3341,1208,3341,1212,3323,1212,3323,1208
3341,1220,3341,1224,3323,1224,3323,1220
1794,1181,2059,1174,2060,1212,1795,1219
2065,1173,2075,1173,2076,1211,2066,1211
2107,1172,2134,1171,2135,1209,2108,1210
1830,1238,1924,1231,1926,1261,1832,1268
4575,1167,4582,1167,4582,1194,4575,1194
4586,1167,4593,1167,4593,1194,4586,1194
4594,1167,4614,1167,4614,1194,4594,1194
4624,1167,4660,1167,4660,1194,4624,1194
835,1227,835,1235,804,1235,804,1227
835,1262,835,1270,804,1270,804,1262
2432,1251,2432,1224,2446,1224,2446,1251
3805,1222,3921,1222,3921,1253,3805,1253
3932,1222,3940,1222,3940,1253,3932,1253
4568,1223,4589,1223,4589,1252,4568,1252
4593,1223,4601,1223,4601,1252,4593,1252
4601,1223,4622,1223,4622,1252,4601,1252
4631,1223,4668,1223,4668,1252,4631,1252
734,1236,734,1268,719,1268,719,1236
734,1271,734,1288,719,1288,719,1271
734,1296,734,1299,719,1299,719,1296
734,1308,734,1319,719,1319,719,1308
749,1247,749,1312,735,1312,735,1247
2323,1240,2329,1319,2285,1322,2279,1243
2482,1193,2472,1386,2447,1384,2457,1192
3802,1279,3875,1279,3875,1308,3802,1308
3887,1279,3914,1279,3914,1308,3887,1308
3926,1279,3974,1279,3974,1308,3926,1308
4574,1283,4579,1283,4579,1304,4574,1304
4585,1283,4590,1283,4590,1304,4585,1304
4591,1283,4614,1283,4614,1304,4591,1304
4624,1283,4659,1283,4659,1304,4624,1304
450,1298,459,1298,460,1333,451,1333
463,1297,472,1297,473,1332,464,1332
490,1296,592,1293,593,1329,491,1332
1848,1307,1851,1307,1851,1322,1848,1322
1867,1307,1870,1307,1870,1322,1867,1322
1886,1307,1889,1307,1889,1322,1886,1322
1907,1307,1910,1307,1910,1322,1907,1322
835,1301,835,1309,804,1309,804,1301
835,1336,835,1344,804,1344,804,1336
1180,1299,1286,1299,1286,1347,1180,1347
1295,1299,1308,1299,1308,1347,1295,1347
1317,1299,1440,1299,1440,1347,1317,1347
1353,1344,1381,1343,1382,1378,1354,1379
917,1338,917,1389,892,1389,892,1338
4577,1341,4582,1341,4582,1363,4577,1363
4586,1341,4591,1341,4591,1363,4586,1363
4593,1341,4613,1341,4613,1363,4593,1363
4621,1341,4662,1341,4662,1363,4621,1363
3805,1337,3875,1335,3876,1371,3806,1373
3889,1336,3898,1336,3899,1371,3890,1371
3900,1335,3909,1335,3910,1370,3901,1370
3910,1335,3950,1334,3951,1369,3911,1370
2371,1359,2397,1359,2397,1372,2371,1372
1852,1236,1858,1359,1815,1361,1809,1238
1858,1382,1859,1393,1817,1395,1816,1384
1859,1419,1862,1489,1820,1491,1817,1421
1902,1276,1907,1355,1860,1358,1855,1279
1909,1390,1910,1403,1864,1406,1863,1393
1916,1505,1918,1536,1871,1539,1869,1508
3173,1399,3315,1397,3315,1426,3173,1428
3333,1397,3341,1397,3341,1426,3333,1426
3804,1397,3854,1397,3854,1426,3804,1426
4575,1399,4582,1399,4582,1426,4575,1426
4586,1399,4593,1399,4593,1426,4586,1426
4594,1399,4614,1399,4614,1426,4594,1426
4624,1399,4660,1399,4660,1426,4624,1426
835,1410,835,1418,804,1418,804,1410
835,1445,835,1453,804,1453,804,1445
835,1480,835,1488,804,1488,804,1480
795,1464,795,1492,780,1492,780,1464
1167,1469,1231,1473,1229,1507,1165,1503
2413,1483,2413,1488,2395,1489,2395,1484
514,1470,578,1470,578,1504,514,1504
516,1514,524,1514,524,1545,516,1545
535,1514,543,1514,543,1545,535,1545
544,1514,579,1514,579,1545,544,1545
2394,1500,2442,1498,2443,1520,2395,1522
3808,1490,3901,1490,3901,1522,3808,1522
3920,1490,4067,1490,4067,1522,3920,1522
4078,1490,4262,1490,4262,1522,4078,1522
4515,1478,4565,1478,4565,1532,4515,1532
4568,1478,4583,1478,4583,1532,4568,1532
4588,1478,4628,1478,4628,1532,4588,1532
4646,1478,4725,1478,4725,1532,4646,1532
835,1518,835,1526,804,1526,804,1518
1900,1507,1901,1533,1887,1534,1886,1508
1161,1510,1172,1510,1172,1550,1161,1550
1182,1510,1193,1510,1193,1550,1182,1550
1191,1510,1229,1510,1229,1550,1191,1550
2417,1554,2419,1594,2400,1595,2398,1555
2639,1554,2679,1547,2683,1567,2643,1575
3324,1573,3324,1592,3307,1592,3307,1573
3324,1600,3324,1616,3307,1616,3307,1600
3342,1576,3342,1579,3327,1578,3327,1575
3342,1583,3342,1586,3327,1585,3327,1582
3342,1589,3342,1592,3327,1591,3327,1588
3341,1602,3341,1605,3326,1604,3326,1601
3426,1580,3426,1588,3397,1586,3397,1578
3425,1598,3425,1606,3396,1604,3396,1596
3424,1607,3424,1615,3395,1613,3395,1605
3805,1585,3900,1589,3899,1621,3804,1617
4575,1589,4581,1589,4581,1612,4575,1612
4587,1589,4593,1589,4593,1612,4587,1612
4593,1589,4614,1589,4614,1612,4593,1612
4623,1589,4661,1589,4661,1612,4623,1612
2645,1660,2684,1660,2684,1679,2645,1679
2699,1660,2704,1660,2704,1679,2699,1679
3229,1645,3229,1695,3204,1695,3204,1645
2330,1655,2385,1647,2394,1704,2338,1712
2219,1671,2235,1669,2243,1726,2227,1728
3809,1676,3900,1676,3900,1712,3809,1712
3915,1676,4060,1676,4060,1712,3915,1712
4073,1676,4234,1676,4234,1712,4073,1712
4521,1670,4561,1670,4561,1724,4521,1724
4572,1670,4587,1670,4587,1724,4572,1724
4585,1670,4635,1670,4635,1724,4585,1724
4644,1670,4723,1670,4723,1724,4644,1724
2043,1696,2084,1690,2092,1748,2052,1754
2817,1742,2965,1742,2965,1780,2817,1780
2984,1742,2994,1742,2994,1780,2984,1780
406,1779,407,1783,390,1785,389,1781
408,1788,409,1792,392,1794,391,1790
409,1795,410,1799,393,1801,392,1797
2437,1868,2448,1826,2468,1832,2457,1873
2892,1861,2942,1861,2942,1930,2892,1930
2964,1861,3058,1861,3058,1930,2964,1930
3758,1893,3814,1893,3814,1910,3758,1910
3819,1892,3839,1892,3839,1909,3819,1909
3846,1892,3873,1892,3873,1909,3846,1909
3879,1892,3921,1892,3921,1909,3879,1909
3926,1892,3930,1892,3930,1909,3926,1909
3936,1891,3940,1891,3940,1908,3936,1908
3940,1891,3944,1891,3944,1908,3940,1908
3944,1891,3960,1891,3960,1908,3944,1908
3966,1891,3978,1891,3978,1908,3966,1908
3983,1891,3997,1891,3997,1908,3983,1908
4101,1883,4121,1883,4121,1913,4101,1913
4150,1891,4152,1891,4152,1902,4150,1902
4158,1891,4180,1891,4180,1902,4158,1902
4183,1891,4195,1891,4195,1902,4183,1902
4201,1891,4236,1891,4236,1902,4201,1902
4239,1891,4255,1891,4255,1902,4239,1902
4261,1891,4263,1891,4263,1902,4261,1902
4271,1891,4273,1891,4273,1902,4271,1902
4275,1891,4277,1891,4277,1902,4275,1902
4278,1891,4294,1891,4294,1902,4278,1902
4302,1891,4312,1891,4312,1902,4302,1902
4317,1891,4330,1891,4330,1902,4317,1902
4538,1892,4594,1892,4594,1903,4538,1903
1383,1926,1387,1926,1387,1942,1383,1942
1436,1924,1440,1924,1440,1940,1436,1940
3759,1934,3813,1934,3813,1947,3759,1947
3817,1934,3846,1934,3846,1947,3817,1947
3852,1934,3893,1934,3893,1947,3852,1947
3898,1934,3901,1934,3901,1947,3898,1947
3908,1934,3911,1934,3911,1947,3908,1947
3912,1934,3915,1934,3915,1947,3912,1947
3916,1934,3930,1934,3930,1947,3916,1947
3940,1934,3949,1934,3949,1947,3940,1947
3955,1934,3968,1934,3968,1947,3955,1947
4150,1931,4152,1931,4152,1941,4150,1941
4158,1931,4178,1931,4178,1941,4158,1941
4183,1931,4195,1931,4195,1941,4183,1941
4199,1931,4234,1931,4234,1941,4199,1941
4241,1931,4255,1931,4255,1941,4241,1941
4261,1931,4263,1931,4263,1941,4261,1941
4271,1931,4273,1931,4273,1941,4271,1941
4275,1931,4277,1931,4277,1941,4275,1941
4279,1931,4294,1931,4294,1941,4279,1941
4302,1931,4312,1931,4312,1941,4302,1941
4317,1931,4330,1931,4330,1941,4317,1941
4334,1931,4336,1931,4336,1941,4334,1941
4149,1943,4151,1943,4151,1954,4149,1954
4154,1943,4156,1943,4156,1954,4154,1954
4157,1943,4173,1943,4173,1954,4157,1954
4181,1943,4203,1943,4203,1954,4181,1954
4207,1943,4219,1943,4219,1954,4207,1954
4224,1943,4261,1943,4261,1954,4224,1954
4539,1934,4569,1934,4569,1946,4539,1946
4575,1934,4597,1934,4597,1946,4575,1946
2596,1961,2661,1958,2664,2017,2599,2020
2779,1953,2844,1950,2847,2009,2782,2012
3086,1939,3102,1938,3105,1996,3089,1997
3675,1912,3675,1890,3706,1890,3706,1912
3675,1954,3675,1931,3706,1931,3706,1954
3675,2000,3675,1972,3706,1972,3706,2000
3675,2039,3675,2031,3706,2031,3706,2039
3758,1978,3812,1978,3812,1990,3758,1990
3818,1978,3837,1978,3837,1990,3818,1990
3844,1978,3873,1978,3873,1990,3844,1990
3879,1978,3920,1978,3920,1990,3879,1990
3927,1978,3929,1978,3929,1990,3927,1990
3937,1978,3939,1978,3939,1990,3937,1990
3941,1978,3943,1978,3943,1990,3941,1990
3944,1978,3960,1978,3960,1990,3944,1990
3967,1978,3978,1978,3978,1990,3967,1990
3983,1978,3997,1978,3997,1990,3983,1990
4148,1983,4170,1983,4170,1994,4148,1994
4176,1983,4186,1983,4186,1994,4176,1994
4191,1983,4226,1983,4226,1994,4191,1994
4231,1983,4266,1983,4266,1994,4231,1994
4537,1984,4577,1984,4577,1997,4537,1997
4584,1984,4587,1984,4587,1997,4584,1997
4592,1984,4626,1984,4626,1997,4592,1997
4631,1984,4651,1984,4651,1997,4631,1997
1739,2000,1739,2029,1725,2029,1725,2000
3758,2018,3812,2018,3812,2030,3758,2030
3816,2018,3838,2018,3838,2030,3816,2030
3844,2018,3853,2018,3853,2030,3844,2030
3859,2018,3867,2018,3867,2030,3859,2030
3871,2018,3894,2018,3894,2030,3871,2030
3900,2018,3902,2018,3902,2030,3900,2030
3910,2018,3912,2018,3912,2030,3910,2030
3914,2018,3916,2018,3916,2030,3914,2030
3917,2018,3933,2018,3933,2030,3917,2030
3940,2018,3951,2018,3951,2030,3940,2030
3956,2018,3970,2018,3970,2030,3956,2030
4147,2018,4171,2018,4171,2031,4147,2031
4177,2018,4187,2018,4187,2031,4177,2031
4189,2018,4192,2018,4192,2031,4189,2031
4192,2018,4204,2018,4204,2031,4192,2031
4207,2018,4210,2018,4210,2031,4207,2031
4212,2018,4229,2018,4229,2031,4212,2031
4235,2018,4238,2018,4238,2031,4235,2031
4243,2018,4246,2018,4246,2031,4243,2031
4249,2018,4252,2018,4252,2031,4249,2031
4253,2018,4267,2018,4267,2031,4253,2031
4276,2018,4285,2018,4285,2031,4276,2031
4293,2018,4306,2018,4306,2031,4293,2031
4538,2027,4565,2027,4565,2037,4538,2037
4567,2027,4619,2027,4619,2037,4567,2037
4508,1927,4508,2154,4434,2154,4434,1927
3758,2062,3812,2062,3812,2075,3758,2075
3817,2062,3838,2062,3838,2075,3817,2075
3844,2062,3853,2062,3853,2075,3844,2075
3858,2062,3919,2062,3919,2075,3858,2075
3926,2062,3940,2062,3940,2075,3926,2075
3946,2062,3986,2062,3986,2075,3946,2075
4149,2061,4170,2061,4170,2073,4149,2073
4175,2061,4197,2061,4197,2073,4175,2073
4205,2061,4207,2061,4207,2073,4205,2073
4213,2061,4215,2061,4215,2073,4213,2073
4218,2061,4220,2061,4220,2073,4218,2073
4221,2061,4236,2061,4236,2073,4221,2073
4246,2061,4254,2061,4254,2073,4246,2073
4263,2061,4274,2061,4274,2073,4263,2073
4537,2064,4592,2064,4592,2078,4537,2078
4597,2064,4638,2064,4638,2078,4597,2078
4642,2064,4659,2064,4659,2078,4642,2078
4663,2064,4707,2064,4707,2078,4663,2078
4711,2064,4721,2064,4721,2078,4711,2078
4727,2064,4769,2064,4769,2078,4727,2078
767,2070,773,2070,773,2093,767,2093
815,2070,821,2070,821,2093,815,2093
573,2103,572,2112,538,2110,538,2101
3757,2102,3806,2102,3806,2115,3757,2115
3810,2102,3813,2102,3813,2115,3810,2115
3814,2102,3834,2102,3834,2115,3814,2115
3839,2102,3866,2102,3866,2115,3839,2115
3873,2102,3892,2102,3892,2115,3873,2115
3898,2102,3920,2102,3920,2115,3898,2115
3924,2102,3937,2102,3937,2115,3924,2115
3941,2102,3987,2102,3987,2115,3941,2115
3990,2102,3993,2102,3993,2115,3990,2115
3758,2115,3810,2115,3810,2126,3758,2126
3814,2115,3828,2115,3828,2126,3814,2126
3833,2115,3855,2115,3855,2126,3833,2126
4147,2108,4171,2108,4171,2121,4147,2121
4175,2108,4199,2108,4199,2121,4175,2121
4204,2108,4207,2108,4207,2121,4204,2121
4214,2108,4217,2108,4217,2121,4214,2121
4218,2108,4221,2108,4221,2121,4218,2121
4222,2108,4236,2108,4236,2121,4222,2121
4246,2108,4255,2108,4255,2121,4246,2121
4262,2108,4274,2108,4274,2121,4262,2121
4538,2104,4557,2104,4557,2118,4538,2118
4562,2104,4610,2104,4610,2118,4562,2118
4614,2104,4617,2104,4617,2118,4614,2118
4618,2104,4621,2104,4621,2118,4618,2118
4621,2104,4665,2104,4665,2118,4621,2118
4670,2104,4680,2104,4680,2118,4670,2118
4684,2104,4723,2104,4723,2118,4684,2118
3174,2109,3174,2113,3156,2114,3156,2110
3175,2125,3175,2129,3157,2130,3157,2126
3176,2134,3176,2138,3158,2139,3158,2135
475,2111,475,2127,457,2127,457,2111
475,2139,475,2163,457,2163,457,2139
499,2111,499,2117,476,2118,476,2112
499,2118,499,2124,476,2125,476,2119
499,2126,499,2132,476,2133,476,2127
500,2136,500,2142,477,2143,477,2137
501,2171,501,2177,478,2178,478,2172
1414,2143,1441,2143,1441,2160,1414,2160
3757,2150,3796,2150,3796,2163,3757,2163
3800,2150,3812,2150,3812,2163,3800,2163
3817,2150,3846,2150,3846,2163,3817,2163
3850,2150,3856,2150,3856,2163,3850,2163
4148,2144,4171,2144,4171,2157,4148,2157
4174,2144,4186,2144,4186,2157,4174,2157
4190,2144,4227,2144,4227,2157,4190,2157
4232,2144,4247,2144,4247,2157,4232,2157
4253,2144,4302,2144,4302,2157,4253,2157
4307,2144,4330,2144,4330,2157,4307,2157
4538,2151,4573,2151,4573,2163,4538,2163
4578,2151,4622,2151,4622,2163,4578,2163
569,2171,566,2216,531,2214,534,2169
4148,2184,4171,2184,4171,2197,4148,2197
4174,2184,4186,2184,4186,2197,4174,2197
4190,2184,4227,2184,4227,2197,4190,2197
4232,2184,4247,2184,4247,2197,4232,2197
4253,2184,4302,2184,4302,2197,4253,2197
4308,2184,4328,2184,4328,2197,4308,2197
4335,2184,4374,2184,4374,2197,4335,2197
3757,2192,3780,2192,3780,2206,3757,2206
3785,2192,3823,2192,3823,2206,3785,2206
4534,2189,4580,2189,4580,2201,4534,2201
4585,2189,4631,2189,4631,2201,4585,2201
4635,2189,4687,2189,4687,2201,4635,2201
4690,2189,4702,2189,4702,2201,4690,2201
4706,2189,4733,2189,4733,2201,4706,2201
4535,2203,4606,2203,4606,2214,4535,2214
502,2207,502,2213,479,2214,479,2208
1606,2185,1606,2247,1573,2247,1573,2185
1880,2212,1981,2212,1981,2244,1880,2244
2995,2194,2995,2246,2971,2246,2971,2194
4148,2225,4171,2225,4171,2238,4148,2238
4174,2225,4186,2225,4186,2238,4174,2238
4190,2225,4227,2225,4227,2238,4190,2238
4232,2225,4247,2225,4247,2238,4232,2238
4253,2225,4302,2225,4302,2238,4253,2238
4308,2225,4328,2225,4328,2238,4308,2238
4336,2225,4358,2225,4358,2238,4336,2238
3757,2234,3790,2234,3790,2247,3757,2247
3793,2234,3829,2234,3829,2247,3793,2247
3833,2234,3842,2234,3842,2247,3833,2247
3849,2234,3888,2234,3888,2247,3849,2247
4467,2229,4487,2229,4487,2241,4467,2241
4537,2234,4566,2234,4566,2248,4537,2248
4571,2234,4611,2234,4611,2248,4571,2248
4617,2234,4661,2234,4661,2248,4617,2248
505,2279,505,2285,482,2286,482,2280
1258,2284,1258,2278,1281,2278,1281,2284
4148,2271,4172,2271,4172,2286,4148,2286
4177,2271,4193,2271,4193,2286,4177,2286
4198,2271,4229,2271,4229,2286,4198,2286
4234,2271,4245,2271,4245,2286,4234,2286
4249,2271,4284,2271,4284,2286,4249,2286
3757,2282,3790,2282,3790,2295,3757,2295
3793,2282,3829,2282,3829,2295,3793,2295
3833,2282,3845,2282,3845,2295,3833,2295
3849,2282,3882,2282,3882,2295,3849,2295
4091,2273,4104,2273,4104,2290,4091,2290
4439,2276,4482,2276,4482,2295,4439,2295
4519,2276,4524,2276,4524,2295,4519,2295
4538,2276,4585,2276,4585,2295,4538,2295
1352,2337,1347,2317,1372,2311,1376,2331
1344,2303,1343,2297,1367,2292,1368,2297
1445,2284,1445,2331,1423,2331,1423,2284
1506,2295,1558,2303,1552,2346,1499,2337
2506,2290,2650,2290,2650,2326,2506,2326
2669,2290,2679,2290,2679,2326,2669,2326
506,2318,506,2324,483,2325,483,2319
465,2322,465,2332,427,2332,427,2322
1258,2329,1258,2323,1281,2323,1281,2329
3758,2325,3803,2325,3803,2336,3758,2336
3808,2325,3830,2325,3830,2336,3808,2336
3834,2325,3859,2325,3859,2336,3834,2336
3864,2325,3919,2325,3919,2336,3864,2336
4148,2325,4163,2325,4163,2338,4148,2338
4172,2325,4181,2325,4181,2338,4172,2338
4189,2325,4218,2325,4218,2338,4189,2338
4223,2325,4243,2325,4243,2338,4223,2338
4247,2325,4313,2325,4313,2338,4247,2338
4316,2325,4338,2325,4338,2338,4316,2338
4343,2325,4353,2325,4353,2338,4343,2338
4358,2325,4400,2325,4400,2338,4358,2338
401,2322,401,2328,378,2328,378,2322
401,2338,401,2344,378,2344,378,2338
401,2346,401,2373,378,2373,378,2346
1008,2291,1019,2291,1019,2333,1008,2333
1005,2359,1019,2359,1021,2410,1007,2410
507,2351,507,2357,484,2358,484,2352
771,2291,915,2291,915,2333,771,2333
939,2291,950,2291,950,2333,939,2333
868,2363,920,2361,922,2413,870,2415
916,2362,930,2362,932,2413,918,2413
3759,2366,3781,2366,3781,2379,3759,2379
3786,2366,3795,2366,3795,2379,3786,2379
3802,2366,3837,2366,3837,2379,3802,2379
3841,2366,3856,2366,3856,2379,3841,2379
3862,2366,3865,2366,3865,2379,3862,2379
3870,2366,3873,2366,3873,2379,3870,2379
3876,2366,3879,2366,3879,2379,3876,2379
3879,2366,3895,2366,3895,2379,3879,2379
3903,2366,3912,2366,3912,2379,3903,2379
3919,2366,3932,2366,3932,2379,3919,2379
4148,2365,4162,2365,4162,2377,4148,2377
4170,2365,4191,2365,4191,2377,4170,2377
4197,2365,4262,2365,4262,2377,4197,2377
4265,2365,4302,2365,4302,2377,4265,2377
4307,2365,4334,2365,4334,2377,4307,2377
4341,2365,4346,2365,4346,2377,4341,2377
866,2384,921,2382,922,2403,867,2405
3129,2347,3129,2382,3102,2382,3102,2347
3129,2390,3129,2474,3102,2474,3102,2390
2861,2425,2905,2423,2906,2442,2862,2444
3682,2458,3738,2458,3738,2490,3682,2490
3753,2458,3789,2458,3789,2490,3753,2490
3802,2458,3913,2458,3913,2490,3802,2490
3930,2458,3959,2458,3959,2490,3930,2490
3975,2458,4112,2458,4112,2490,3975,2490
4117,2458,4185,2458,4185,2490,4117,2490
4196,2458,4204,2458,4204,2490,4196,2490
4203,2458,4211,2458,4211,2490,4203,2490
4209,2458,4343,2458,4343,2490,4209,2490
4393,2579,4413,2579,4413,2589,4393,2589
4392,2591,4406,2586,4410,2597,4395,2601
4383,2606,4391,2606,4391,2616,4383,2616
4394,2606,4396,2606,4396,2616,4394,2616
4397,2606,4405,2606,4405,2616,4397,2616
4409,2606,4424,2606,4424,2616,4409,2616
4244,2738,4265,2739,4265,2750,4244,2749
4245,2747,4261,2747,4261,2761,4245,2761
4233,2765,4242,2765,4242,2775,4233,2775
4244,2765,4246,2765,4246,2775,4244,2775
4247,2765,4255,2765,4255,2775,4247,2775
4260,2765,4275,2765,4275,2775,4260,2775
4443,2812,4459,2812,4459,2827,4443,2827
4432,2831,4442,2831,4442,2842,4432,2842
4444,2831,4446,2831,4446,2842,4444,2842
4446,2831,4454,2831,4454,2842,4446,2842
4458,2831,4474,2831,4474,2842,4458,2842
4163,2943,4184,2943,4184,2953,4163,2953
4166,2953,4182,2953,4182,2967,4166,2967
4155,2968,4165,2968,4165,2980,4155,2980
4166,2968,4168,2968,4168,2980,4166,2980
4169,2968,4177,2968,4177,2980,4169,2980
4181,2968,4196,2968,4196,2980,4181,2980
3924,3013,3945,3013,3945,3025,3924,3025
3924,3022,3944,3022,3944,3037,3924,3037
3916,3040,3925,3040,3925,3052,3916,3052
3928,3040,3930,3040,3930,3052,3928,3052
3930,3040,3939,3040,3939,3052,3930,3052
3943,3040,3958,3040,3958,3052,3943,3052
4452,3041,4473,3041,4473,3051,4452,3051
4455,3051,4470,3051,4470,3065,4455,3065
4443,3066,4453,3066,4453,3077,4443,3077
4455,3066,4457,3066,4457,3077,4455,3077
4457,3066,4465,3066,4465,3077,4457,3077
4469,3066,4485,3066,4485,3077,4469,3077
2395,3078,2398,3078,2398,3092,2395,3092
2434,3079,2437,3079,2437,3093,2434,3093
2343,3094,2343,3088,2368,3088,2368,3094
2475,3080,2478,3080,2478,3094,2475,3094
2515,3081,2518,3081,2518,3095,2515,3095
4203,3097,4223,3097,4223,3109,4203,3109
4203,3108,4220,3107,4221,3121,4204,3122
2343,3136,2343,3130,2368,3130,2368,3136
142,3128,168,3128,168,3151,142,3151
2353,3122,2359,3122,2360,3146,2354,3146
238,3128,244,3128,244,3151,238,3151
248,3128,254,3128,254,3151,248,3151
257,3128,263,3128,263,3151,257,3151
2395,3121,2401,3121,2402,3145,2396,3145
2438,3120,2444,3120,2445,3144,2439,3144
2475,3119,2481,3119,2482,3143,2476,3143
2518,3118,2524,3118,2525,3142,2519,3142
4194,3124,4202,3124,4202,3136,4194,3136
4205,3124,4207,3124,4207,3136,4205,3136
4206,3124,4216,3124,4216,3136,4206,3136
4220,3124,4235,3124,4235,3136,4220,3136
2558,3117,2564,3117,2565,3141,2559,3141
2598,3116,2604,3116,2605,3140,2599,3140
1866,3180,1960,3183,1959,3218,1865,3215
1975,3183,2095,3186,2094,3221,1974,3218
2164,3159,2244,3159,2244,3188,2164,3188
2147,3188,2270,3192,2269,3227,2146,3223
3870,3166,4093,3169,4092,3211,3869,3208
4100,3170,4271,3173,4270,3215,4099,3212
4292,3173,4303,3173,4302,3214,4291,3214
4305,3173,4316,3173,4315,3214,4304,3214
2398,3191,2462,3191,2462,3223,2398,3223
2469,3191,2562,3191,2562,3223,2469,3223
2739,3194,2834,3194,2834,3217,2739,3217
3347,3175,3439,3175,3439,3206,3347,3206
3270,3209,3373,3209,3373,3241,3270,3241
3385,3209,3446,3209,3446,3241,3385,3241
3462,3209,3503,3209,3503,3241,3462,3241
3005,3191,3065,3191,3065,3222,3005,3222
3074,3191,3082,3191,3082,3222,3074,3222
3084,3191,3170,3191,3170,3222,3084,3222
153,3272,157,3272,157,3290,153,3290
159,3272,218,3272,218,3290,159,3290
151,3294,184,3294,184,3315,151,3315
192,3294,265,3294,265,3315,192,3315
272,3294,364,3294,364,3315,272,3315
373,3294,388,3294,388,3315,373,3315
394,3294,468,3294,468,3315,394,3315
478,3294,560,3294,560,3315,478,3315
571,3294,609,3294,609,3315,571,3315
615,3294,747,3294,747,3315,615,3315
750,3294,755,3294,755,3315,750,3315
760,3294,813,3294,813,3315,760,3315
823,3294,853,3294,853,3315,823,3315
861,3294,934,3294,934,3315,861,3315
946,3294,980,3294,980,3315,946,3315
990,3294,1075,3294,1075,3315,990,3315
1085,3294,1126,3294,1126,3315,1085,3315
1132,3294,1147,3294,1147,3315,1132,3315
1156,3294,1218,3294,1218,3315,1156,3315
1228,3294,1258,3294,1258,3315,1228,3315
1266,3294,1321,3294,1321,3315,1266,3315
1329,3294,1348,3294,1348,3315,1329,3315
1357,3294,1372,3294,1372,3315,1357,3315
1385,3294,1400,3294,1400,3315,1385,3315
1412,3294,1469,3294,1469,3315,1412,3315
1469,3294,1474,3294,1474,3315,1469,3315
1483,3294,1510,3294,1510,3315,1483,3315
1518,3294,1541,3294,1541,3315,1518,3315
1550,3294,1594,3294,1594,3315,1550,3315
1604,3294,1623,3294,1623,3315,1604,3315
1633,3294,1677,3294,1677,3315,1633,3315
1684,3294,1707,3294,1707,3315,1684,3315
1717,3294,1783,3294,1783,3315,1717,3315
1785,3294,1819,3294,1819,3315,1785,3315
1823,3294,1970,3294,1970,3315,1823,3315
1972,3294,1999,3294,1999,3315,1972,3315
2005,3294,2100,3294,2100,3315,2005,3315
2103,3294,2108,3294,2108,3315,2103,3315
2115,3294,2175,3294,2175,3315,2115,3315
2178,3294,2183,3294,2183,3315,2178,3315
2189,3294,2223,3294,2223,3315,2189,3315
2232,3294,2307,3294,2307,3315,2232,3315
2307,3294,2312,3294,2312,3315,2307,3315
2322,3294,2436,3294,2436,3315,2322,3315
2437,3294,2442,3294,2442,3315,2437,3315
2449,3294,2555,3294,2555,3315,2449,3315
2563,3294,2582,3294,2582,3315,2563,3315
2592,3294,2703,3294,2703,3315,2592,3315
2706,3294,2711,3294,2711,3315,2706,3315
2720,3294,2796,3294,2796,3315,2720,3315
2798,3294,2803,3294,2803,3315,2798,3315
2812,3294,2876,3294,2876,3315,2812,3315
2882,3294,2912,3294,2912,3315,2882,3315
2920,3294,3000,3294,3000,3315,2920,3315
3008,3294,3046,3294,3046,3315,3008,3315
3051,3294,3110,3294,3110,3315,3051,3315
3113,3294,3118,3294,3118,3315,3113,3315
3121,3294,3137,3294,3137,3315,3121,3315
3148,3294,3159,3294,3159,3315,3148,3315
3171,3294,3210,3294,3210,3315,3171,3315
3216,3294,3221,3294,3221,3315,3216,3315
3229,3294,3258,3294,3258,3315,3229,3315
3269,3294,3337,3294,3337,3315,3269,3315
3339,3294,3344,3294,3344,3315,3339,3315
3347,3294,3363,3294,3363,3315,3347,3315
3370,3294,3508,3294,3508,3315,3370,3315
152,3314,217,3314,217,3339,152,3339
223,3314,246,3314,246,3339,223,3339
253,3314,281,3314,281,3339,253,3339
289,3314,369,3314,369,3339,289,3339
381,3314,424,3314,424,3339,381,3339
429,3314,527,3314,527,3339,429,3339
537,3314,543,3314,543,3339,537,3339
546,3314,552,3314,552,3339,546,3339
552,3314,615,3314,615,3339,552,3339
625,3314,639,3314,639,3339,625,3339
651,3314,718,3314,718,3339,651,3339
728,3314,757,3314,757,3339,728,3339
765,3314,858,3314,858,3339,765,3339
866,3314,923,3314,923,3339,866,3339
930,3314,953,3314,953,3339,930,3339
960,3314,1053,3314,1053,3339,960,3339
1064,3314,1082,3314,1082,3339,1064,3339
1086,3314,1183,3314,1183,3339,1086,3339
1191,3314,1220,3314,1220,3339,1191,3339
1228,3314,1274,3314,1274,3339,1228,3339
1285,3314,1291,3314,1291,3339,1285,3339
1293,3314,1299,3314,1299,3339,1293,3339
1301,3314,1338,3314,1338,3339,1301,3339
1340,3314,1346,3314,1346,3339,1340,3339
1351,3314,1456,3314,1456,3339,1351,3339
1462,3314,1490,3314,1490,3339,1462,3339
1495,3314,1616,3314,1616,3339,1495,3339
1623,3314,1662,3314,1662,3339,1623,3339
1667,3314,1776,3314,1776,3339,1667,3339
1785,3314,1791,3314,1791,3339,1785,3339
1792,3314,1798,3314,1798,3339,1792,3339
1801,3314,1830,3314,1830,3339,1801,3339
1839,3314,1927,3314,1927,3339,1839,3339
1935,3314,1941,3314,1941,3339,1935,3339
1953,3314,1971,3314,1971,3339,1953,3339
1980,3314,2013,3314,2013,3339,1980,3339
2023,3314,2041,3314,2041,3339,2023,3339
2050,3314,2117,3314,2117,3339,2050,3339
2126,3314,2149,3314,2149,3339,2126,3339
2154,3314,2160,3314,2160,3339,2154,3339
2159,3314,2165,3314,2165,3339,2159,3339
2167,3314,2214,3314,2214,3339,2167,3339
2219,3314,2306,3314,2306,3339,2219,3339
2310,3314,2316,3314,2316,3339,2310,3339
2322,3314,2351,3314,2351,3339,2322,3339
2357,3314,2451,3314,2451,3339,2357,3339
2461,3314,2556,3314,2556,3339,2461,3339
2557,3314,2563,3314,2563,3339,2557,3339
2569,3314,2702,3314,2702,3339,2569,3339
2710,3314,2728,3314,2728,3339,2710,3339
2738,3314,2871,3314,2871,3339,2738,3339
2871,3314,2877,3314,2877,3339,2871,3339
2884,3314,2917,3314,2917,3339,2884,3339
2926,3314,2940,3314,2940,3339,2926,3339
2951,3314,2969,3314,2969,3339,2951,3339
2980,3314,3008,3314,3008,3339,2980,3339
3011,3314,3093,3314,3093,3339,3011,3339
3101,3314,3122,3314,3122,3339,3101,3339
3134,3314,3233,3314,3233,3339,3134,3339
3239,3314,3287,3314,3287,3339,3239,3339
3287,3314,3293,3314,3293,3339,3287,3339
3298,3314,3323,3314,3323,3339,3298,3339
3330,3314,3405,3314,3405,3339,3330,3339
3410,3314,3416,3314,3416,3339,3410,3339
3420,3314,3445,3314,3445,3339,3420,3339
152,3340,220,3340,220,3361,152,3361
224,3340,229,3340,229,3361,224,3361
232,3340,259,3340,259,3361,232,3361
267,3340,312,3340,312,3361,267,3361
317,3340,322,3340,322,3361,317,3361
331,3340,361,3340,361,3361,331,3361
366,3340,391,3340,391,3361,366,3361
401,3340,513,3340,513,3361,401,3361
523,3340,538,3340,538,3361,523,3361
543,3340,576,3340,576,3361,543,3361
583,3340,721,3340,721,3361,583,3361
722,3340,727,3340,727,3361,722,3361
730,3340,753,3340,753,3361,730,3361
759,3340,827,3340,827,3361,759,3361
829,3340,834,3340,834,3361,829,3361
840,3340,845,3340,845,3361,840,3361
844,3340,849,3340,849,3361,844,3361
850,3340,970,3340,970,3361,850,3361
975,3340,994,3340,994,3361,975,3361
996,3340,1019,3340,1019,3361,996,3361
1031,3340,1131,3340,1131,3361,1031,3361
1138,3340,1168,3340,1168,3361,1138,3361
1176,3340,1280,3340,1280,3361,1176,3361
1293,3340,1332,3340,1332,3361,1293,3361
1334,3340,1443,3340,1443,3361,1334,3361
1454,3340,1459,3340,1459,3361,1454,3361
1463,3340,1468,3340,1468,3361,1463,3361
1469,3340,1497,3340,1497,3361,1469,3361
1502,3340,1579,3340,1579,3361,1502,3361
1584,3340,1589,3340,1589,3361,1584,3361
3660,3291,3748,3291,3748,3333,3660,3333
3764,3291,3775,3291,3775,3333,3764,3333
3797,3291,3828,3291,3828,3333,3797,3333
3833,3291,3844,3291,3844,3333,3833,3333
3849,3291,3880,3291,3880,3333,3849,3333
3885,3291,3896,3291,3896,3333,3885,3333
3901,3291,3968,3291,3968,3333,3901,3333
4278,3282,4392,3282,4392,3340,4278,3340
4403,3282,4419,3282,4419,3340,4403,3340
4474,3282,4490,3282,4490,3340,4474,3340
