4014,166,4297,166,4297,228,4014,228
4021,224,4295,224,4295,287,4021,287
2712,400,2712,414,2703,414,2703,400
4106,372,4112,372,4112,397,4106,397
4121,372,4153,372,4153,397,4121,397
4163,372,4186,372,4186,397,4163,397
4197,372,4242,372,4242,397,4197,397
4256,372,4262,372,4262,397,4256,397
4275,372,4361,372,4361,397,4275,397
4131,405,4192,405,4192,428,4131,428
4205,405,4257,405,4257,428,4205,428
4263,405,4321,405,4321,428,4263,428
1857,437,1910,437,1910,460,1857,460
301,491,542,321,590,390,349,560
4146,477,4304,477,4304,551,4146,551
1590,580,1590,632,1566,632,1566,580
1819,603,1961,606,1960,647,1818,644
1981,607,1992,607,1991,647,1980,647
2530,581,2530,630,2509,630,2509,581
1403,611,1403,620,1386,620,1386,611
1403,654,1403,658,1386,658,1386,654
2589,675,2636,675,2636,698,2589,698
3965,587,4041,587,4041,628,3965,628
4050,587,4187,587,4187,628,4050,628
4202,587,4213,587,4213,628,4202,628
4226,587,4297,587,4297,628,4226,628
4310,587,4376,587,4376,628,4310,628
4386,587,4497,587,4497,628,4386,628
4118,632,4222,632,4222,675,4118,675
4242,632,4352,632,4352,675,4242,675
3957,689,4030,689,4030,729,3957,729
4037,689,4089,689,4089,729,4037,729
4092,689,4103,689,4103,729,4092,729
4262,689,4345,689,4345,729,4262,729
4363,689,4374,689,4374,729,4363,729
3955,744,4042,744,4042,787,3955,787
4249,744,4285,744,4285,782,4249,782
1403,690,1403,694,1386,694,1386,690
1314,663,1314,696,1299,696,1299,663
1314,700,1314,716,1299,716,1299,700
1314,724,1314,727,1299,727,1299,724
1314,737,1314,747,1299,747,1299,737
1328,674,1328,740,1315,740,1315,674
3651,694,3835,694,3835,725,3651,725
3849,694,3857,694,3857,725,3849,725
1403,726,1403,730,1386,730,1386,726
4547,687,4676,690,4675,731,4546,728
4695,691,4706,691,4705,731,4694,731
4547,746,4583,746,4583,784,4547,784
4597,746,4717,746,4717,784,4597,784
1374,755,1374,776,1356,776,1356,755
1374,786,1374,799,1356,799,1356,786
1397,773,1397,778,1376,778,1376,773
1397,780,1397,785,1376,785,1376,780
1397,786,1397,791,1376,791,1376,786
1397,797,1397,802,1376,802,1376,797
2472,841,2472,865,2457,865,2457,841
4104,845,4358,845,4358,893,4104,893
1102,909,1148,909,1148,936,1102,936
2047,914,2104,914,2104,945,2047,945
3801,933,3898,933,3898,960,3801,960
4540,937,4548,937,4548,966,4540,966
4552,937,4560,937,4560,966,4552,966
4560,937,4581,937,4581,966,4560,966
4590,937,4627,937,4627,966,4590,966
2646,966,2721,966,2721,987,2646,987
2774,966,2779,966,2779,987,2774,987
1374,975,1374,992,1358,992,1358,975
1374,1002,1374,1028,1358,1028,1358,1002
1408,1030,1408,1036,1383,1036,1383,1030
3803,997,3897,997,3897,1026,3803,1026
3910,997,3918,997,3918,1026,3910,1026
3932,997,4023,997,4023,1026,3932,1026
2661,1006,2686,1006,2686,1023,2661,1023
2690,1007,2694,1007,2694,1024,2690,1024
2710,1007,2714,1007,2714,1024,2710,1024
2730,1007,2734,1007,2734,1024,2730,1024
2750,1008,2754,1008,2754,1025,2750,1025
2773,1008,2777,1008,2777,1025,2773,1025
2670,1030,2758,1027,2758,1044,2671,1047
4531,999,4558,999,4558,1028,4531,1028
4557,999,4565,999,4565,1028,4557,1028
4566,999,4585,999,4585,1028,4566,1028
4595,999,4632,999,4632,1028,4595,1028
1066,1019,1174,1019,1174,1061,1066,1061
1408,1066,1408,1072,1383,1072,1383,1066
1052,1048,1052,1102,1030,1102,1030,1048
3804,1055,3922,1055,3922,1084,3804,1084
3935,1055,3943,1055,3943,1084,3935,1084
4535,1059,4556,1059,4556,1088,4535,1088
4557,1059,4565,1059,4565,1088,4557,1088
4565,1059,4586,1059,4586,1088,4565,1088
4595,1059,4632,1059,4632,1088,4595,1088
1408,1103,1408,1109,1383,1109,1383,1103
1914,1104,2023,1109,2021,1152,1912,1147
2031,1110,2042,1110,2040,1152,2029,1152
2053,1111,2169,1116,2167,1158,2051,1153
2381,1121,2385,1121,2385,1138,2381,1138
2429,1121,2433,1121,2433,1138,2429,1138
2590,1107,2605,1107,2605,1160,2590,1160
2639,1107,2654,1107,2654,1160,2639,1160
2677,1107,2692,1107,2692,1160,2677,1160
2698,1107,2713,1107,2713,1160,2698,1160
3801,1117,3922,1117,3922,1144,3801,1144
3933,1117,3940,1117,3940,1144,3933,1144
4539,1117,4547,1117,4547,1147,4539,1147
4552,1117,4560,1117,4560,1147,4552,1147
4560,1117,4582,1117,4582,1147,4560,1147
4587,1117,4626,1117,4626,1147,4587,1147
2350,1130,2350,1138,2319,1137,2319,1129
2349,1165,2349,1173,2318,1172,2318,1164
1408,1139,1408,1145,1383,1145,1383,1139
1408,1175,1408,1181,1383,1181,1383,1175
2687,1175,2690,1175,2690,1189,2687,1189
2698,1175,2701,1175,2701,1189,2698,1189
2705,1175,2718,1175,2718,1189,2705,1189
3801,1173,3922,1173,3922,1200,3801,1200
3933,1173,3940,1173,3940,1200,3933,1200
4532,1174,4552,1174,4552,1196,4532,1196
4558,1174,4563,1174,4563,1196,4558,1196
4565,1174,4584,1174,4584,1196,4565,1196
4593,1174,4632,1174,4632,1196,4593,1196
1408,1212,1408,1218,1383,1218,1383,1212
2347,1216,2347,1224,2316,1223,2316,1215
3803,1230,3875,1228,3876,1258,3804,1260
3883,1229,3915,1228,3916,1257,3884,1258
3926,1228,3975,1227,3976,1256,3927,1257
4537,1233,4543,1233,4543,1256,4537,1256
4551,1233,4557,1233,4557,1256,4551,1256
4557,1233,4578,1233,4578,1256,4557,1256
4587,1233,4625,1233,4625,1256,4587,1256
1408,1248,1408,1254,1383,1254,1383,1248
1314,1220,1314,1253,1299,1253,1299,1220
1314,1259,1314,1273,1299,1273,1299,1259
1314,1281,1314,1284,1299,1284,1299,1281
1314,1291,1314,1305,1299,1305,1299,1291
1328,1231,1328,1298,1315,1298,1315,1231
1340,1224,1339,1304,1329,1304,1330,1224
2346,1264,2346,1272,2315,1271,2315,1263
1589,1249,1589,1297,1565,1297,1565,1249
1408,1285,1408,1291,1383,1291,1383,1285
2682,1268,2753,1268,2753,1308,2682,1308
3803,1287,3876,1287,3876,1319,3803,1319
3889,1287,3897,1287,3897,1319,3889,1319
3902,1287,3910,1287,3910,1319,3902,1319
3910,1287,3950,1287,3950,1319,3910,1319
4539,1292,4545,1292,4545,1315,4539,1315
4551,1292,4557,1292,4557,1315,4551,1315
4557,1292,4578,1292,4578,1315,4557,1315
4586,1292,4624,1292,4624,1315,4586,1315
2344,1311,2345,1319,2314,1321,2313,1313
1408,1321,1408,1327,1383,1327,1383,1321
1094,1288,1157,1288,1157,1325,1094,1325
1092,1329,1103,1329,1103,1369,1092,1369
1109,1329,1120,1329,1120,1369,1109,1369
1118,1329,1156,1329,1156,1369,1118,1369
3798,1352,3839,1352,3839,1374,3798,1374
4541,1350,4547,1350,4547,1374,4541,1374
4551,1350,4557,1350,4557,1374,4551,1374
4560,1350,4578,1350,4578,1374,4560,1374
4589,1350,4624,1350,4624,1374,4589,1374
2347,1362,2348,1370,2317,1372,2316,1364
2012,1340,2075,1344,2073,1379,2010,1375
2011,1379,2022,1380,2019,1420,2008,1419
2031,1380,2042,1381,2039,1421,2028,1420
2040,1380,2078,1383,2075,1423,2037,1420
1408,1394,1408,1400,1383,1400,1383,1394
2351,1410,2352,1418,2321,1420,2320,1412
3801,1412,3854,1412,3854,1430,3801,1430
4540,1410,4546,1410,4546,1433,4540,1433
4550,1410,4556,1410,4556,1433,4550,1433
4555,1410,4581,1410,4581,1433,4555,1433
4588,1410,4626,1410,4626,1433,4588,1433
1408,1430,1408,1436,1383,1436,1383,1430
2383,1443,2388,1443,2388,1462,2383,1462
2435,1440,2441,1440,2441,1463,2435,1463
2354,1451,2355,1459,2324,1461,2323,1453
2484,1442,2490,1442,2490,1466,2484,1466
1376,1457,1376,1487,1360,1487,1360,1457
1408,1467,1408,1473,1383,1473,1383,1467
1408,1503,1408,1509,1383,1509,1383,1503
2530,1498,2558,1498,2558,1513,2530,1513
3808,1500,3901,1500,3901,1532,3808,1532
3920,1500,4067,1500,4067,1532,3920,1532
4078,1500,4257,1500,4257,1532,4078,1532
4478,1492,4525,1492,4525,1543,4478,1543
4534,1492,4548,1492,4548,1543,4534,1543
4551,1492,4598,1492,4598,1543,4551,1543
4612,1492,4688,1492,4688,1543,4612,1543
1408,1542,1408,1548,1383,1548,1383,1542
997,1579,997,1582,982,1582,982,1579
997,1589,997,1592,982,1592,982,1589
997,1595,997,1598,982,1598,982,1595
3800,1595,3898,1595,3898,1626,3800,1626
4539,1600,4545,1600,4545,1623,4539,1623
4551,1600,4557,1600,4557,1623,4551,1623
4560,1600,4581,1600,4581,1623,4560,1623
4590,1600,4624,1600,4624,1623,4590,1623
2449,1623,2497,1621,2499,1664,2451,1666
2641,1616,2652,1616,2654,1658,2643,1658
2211,1679,2239,1679,2239,1694,2211,1694
2331,1692,2330,1701,2295,1697,2296,1688
1266,1707,1266,1701,1289,1701,1289,1707
3807,1686,3903,1686,3903,1720,3807,1720
3915,1686,4061,1686,4061,1720,3915,1720
4075,1686,4232,1686,4232,1720,4075,1720
4484,1686,4534,1686,4534,1740,4484,1740
4537,1686,4552,1686,4552,1740,4537,1740
4552,1686,4592,1686,4592,1740,4552,1740
4610,1686,4689,1686,4689,1740,4610,1740
1725,1741,1777,1741,1777,1768,1725,1768
1731,1720,1780,1728,1770,1786,1721,1777
2325,1753,2324,1762,2289,1758,2290,1749
2668,1742,2668,1790,2646,1790,2646,1742
2793,1729,2793,1775,2762,1775,2762,1729
1266,1829,1266,1823,1289,1823,1289,1829
1266,1815,1266,1809,1289,1809,1289,1815
1266,1811,1266,1773,1289,1773,1289,1811
2304,1785,2316,1785,2316,1829,2304,1829
2342,1785,2448,1785,2448,1829,2342,1829
1373,1873,1374,1867,1397,1872,1396,1878
2455,1866,2464,1866,2464,1900,2455,1900
2469,1866,2478,1866,2478,1900,2469,1900
2481,1866,2512,1866,2512,1900,2481,1900
2519,1866,2569,1866,2569,1900,2519,1900
3758,1893,3814,1893,3814,1910,3758,1910
3819,1892,3839,1892,3839,1909,3819,1909
3846,1892,3873,1892,3873,1909,3846,1909
3879,1892,3921,1892,3921,1909,3879,1909
3926,1892,3930,1892,3930,1909,3926,1909
3936,1891,3940,1891,3940,1908,3936,1908
3940,1891,3944,1891,3944,1908,3940,1908
3944,1891,3960,1891,3960,1908,3944,1908
3966,1891,3978,1891,3978,1908,3966,1908
3983,1891,3997,1891,3997,1908,3983,1908
4150,1891,4152,1891,4152,1902,4150,1902
4158,1891,4180,1891,4180,1902,4158,1902
4183,1891,4195,1891,4195,1902,4183,1902
4201,1891,4236,1891,4236,1902,4201,1902
4239,1891,4255,1891,4255,1902,4239,1902
4261,1891,4263,1891,4263,1902,4261,1902
4271,1891,4273,1891,4273,1902,4271,1902
4275,1891,4277,1891,4277,1902,4275,1902
4278,1891,4294,1891,4294,1902,4278,1902
4302,1891,4312,1891,4312,1902,4302,1902
4317,1891,4330,1891,4330,1902,4317,1902
4538,1892,4594,1892,4594,1903,4538,1903
1366,1909,1367,1903,1390,1908,1389,1914
1266,1926,1266,1920,1289,1920,1289,1926
1590,1909,1590,1961,1566,1961,1566,1909
3759,1934,3813,1934,3813,1947,3759,1947
3817,1934,3846,1934,3846,1947,3817,1947
3852,1934,3893,1934,3893,1947,3852,1947
3898,1934,3901,1934,3901,1947,3898,1947
3908,1934,3911,1934,3911,1947,3908,1947
3912,1934,3915,1934,3915,1947,3912,1947
3916,1934,3930,1934,3930,1947,3916,1947
3940,1934,3949,1934,3949,1947,3940,1947
3955,1934,3968,1934,3968,1947,3955,1947
2543,1920,2556,1945,2537,1954,2524,1929
4150,1931,4152,1931,4152,1941,4150,1941
4158,1931,4178,1931,4178,1941,4158,1941
4183,1931,4195,1931,4195,1941,4183,1941
4199,1931,4234,1931,4234,1941,4199,1941
4241,1931,4255,1931,4255,1941,4241,1941
4261,1931,4263,1931,4263,1941,4261,1941
4271,1931,4273,1931,4273,1941,4271,1941
4275,1931,4277,1931,4277,1941,4275,1941
4279,1931,4294,1931,4294,1941,4279,1941
4302,1931,4312,1931,4312,1941,4302,1941
4317,1931,4330,1931,4330,1941,4317,1941
4334,1931,4336,1931,4336,1941,4334,1941
4149,1943,4151,1943,4151,1954,4149,1954
4154,1943,4156,1943,4156,1954,4154,1954
4157,1943,4173,1943,4173,1954,4157,1954
4181,1943,4203,1943,4203,1954,4181,1954
4207,1943,4219,1943,4219,1954,4207,1954
4224,1943,4261,1943,4261,1954,4224,1954
1350,1981,1354,1960,1378,1965,1374,1986
1356,1952,1359,1935,1382,1940,1379,1957
4539,1934,4569,1934,4569,1946,4539,1946
4575,1934,4597,1934,4597,1946,4575,1946
1336,1981,1336,1976,1356,1976,1356,1981
1336,1972,1336,1967,1356,1967,1356,1972
1336,1966,1336,1961,1356,1961,1356,1966
3675,1912,3675,1890,3706,1890,3706,1912
3675,1954,3675,1931,3706,1931,3706,1954
3675,2000,3675,1972,3706,1972,3706,2000
3675,2039,3675,2031,3706,2031,3706,2039
3758,1978,3812,1978,3812,1990,3758,1990
3818,1978,3837,1978,3837,1990,3818,1990
3844,1978,3873,1978,3873,1990,3844,1990
3879,1978,3920,1978,3920,1990,3879,1990
3927,1978,3929,1978,3929,1990,3927,1990
3937,1978,3939,1978,3939,1990,3937,1990
3941,1978,3943,1978,3943,1990,3941,1990
3944,1978,3960,1978,3960,1990,3944,1990
3967,1978,3978,1978,3978,1990,3967,1990
3983,1978,3997,1978,3997,1990,3983,1990
4148,1983,4170,1983,4170,1994,4148,1994
4176,1983,4186,1983,4186,1994,4176,1994
4191,1983,4226,1983,4226,1994,4191,1994
4231,1983,4266,1983,4266,1994,4231,1994
4537,1984,4577,1984,4577,1997,4537,1997
4584,1984,4587,1984,4587,1997,4584,1997
4592,1984,4626,1984,4626,1997,4592,1997
4631,1984,4651,1984,4651,1997,4631,1997
2545,1998,2594,2001,2593,2016,2544,2013
1683,1993,1829,1998,1828,2039,1682,2034
1845,1999,1856,1999,1855,2039,1844,2039
3758,2018,3812,2018,3812,2030,3758,2030
3816,2018,3838,2018,3838,2030,3816,2030
3844,2018,3853,2018,3853,2030,3844,2030
3859,2018,3867,2018,3867,2030,3859,2030
3871,2018,3894,2018,3894,2030,3871,2030
3900,2018,3902,2018,3902,2030,3900,2030
3910,2018,3912,2018,3912,2030,3910,2030
3914,2018,3916,2018,3916,2030,3914,2030
3917,2018,3933,2018,3933,2030,3917,2030
3940,2018,3951,2018,3951,2030,3940,2030
3956,2018,3970,2018,3970,2030,3956,2030
4147,2018,4171,2018,4171,2031,4147,2031
4177,2018,4187,2018,4187,2031,4177,2031
4189,2018,4192,2018,4192,2031,4189,2031
4192,2018,4204,2018,4204,2031,4192,2031
4207,2018,4210,2018,4210,2031,4207,2031
4212,2018,4229,2018,4229,2031,4212,2031
4235,2018,4238,2018,4238,2031,4235,2031
4243,2018,4246,2018,4246,2031,4243,2031
4249,2018,4252,2018,4252,2031,4249,2031
4253,2018,4267,2018,4267,2031,4253,2031
4276,2018,4285,2018,4285,2031,4276,2031
4293,2018,4306,2018,4306,2031,4293,2031
4538,2027,4565,2027,4565,2037,4538,2037
4567,2027,4619,2027,4619,2037,4567,2037
2259,2035,2287,2035,2287,2050,2259,2050
2427,2041,2439,2041,2439,2084,2427,2084
2450,2041,2513,2041,2513,2084,2450,2084
3758,2062,3812,2062,3812,2075,3758,2075
3817,2062,3838,2062,3838,2075,3817,2075
3844,2062,3853,2062,3853,2075,3844,2075
3858,2062,3919,2062,3919,2075,3858,2075
3926,2062,3940,2062,3940,2075,3926,2075
3946,2062,3986,2062,3986,2075,3946,2075
4149,2061,4170,2061,4170,2073,4149,2073
4175,2061,4197,2061,4197,2073,4175,2073
4205,2061,4207,2061,4207,2073,4205,2073
4213,2061,4215,2061,4215,2073,4213,2073
4218,2061,4220,2061,4220,2073,4218,2073
4221,2061,4236,2061,4236,2073,4221,2073
4246,2061,4254,2061,4254,2073,4246,2073
4263,2061,4274,2061,4274,2073,4263,2073
4537,2064,4592,2064,4592,2078,4537,2078
4597,2064,4638,2064,4638,2078,4597,2078
4642,2064,4659,2064,4659,2078,4642,2078
4663,2064,4707,2064,4707,2078,4663,2078
4711,2064,4721,2064,4721,2078,4711,2078
4727,2064,4769,2064,4769,2078,4727,2078
3757,2102,3806,2102,3806,2115,3757,2115
3810,2102,3813,2102,3813,2115,3810,2115
3814,2102,3834,2102,3834,2115,3814,2115
3839,2102,3866,2102,3866,2115,3839,2115
3873,2102,3892,2102,3892,2115,3873,2115
3898,2102,3920,2102,3920,2115,3898,2115
3924,2102,3937,2102,3937,2115,3924,2115
3941,2102,3987,2102,3987,2115,3941,2115
3990,2102,3993,2102,3993,2115,3990,2115
3758,2115,3810,2115,3810,2126,3758,2126
3814,2115,3828,2115,3828,2126,3814,2126
3833,2115,3855,2115,3855,2126,3833,2126
4147,2108,4171,2108,4171,2121,4147,2121
4175,2108,4199,2108,4199,2121,4175,2121
4204,2108,4207,2108,4207,2121,4204,2121
4214,2108,4217,2108,4217,2121,4214,2121
4218,2108,4221,2108,4221,2121,4218,2121
4222,2108,4236,2108,4236,2121,4222,2121
4246,2108,4255,2108,4255,2121,4246,2121
4262,2108,4274,2108,4274,2121,4262,2121
4538,2104,4557,2104,4557,2118,4538,2118
4562,2104,4610,2104,4610,2118,4562,2118
4614,2104,4617,2104,4617,2118,4614,2118
4618,2104,4621,2104,4621,2118,4618,2118
4621,2104,4665,2104,4665,2118,4621,2118
4670,2104,4680,2104,4680,2118,4670,2118
4684,2104,4723,2104,4723,2118,4684,2118
3757,2150,3796,2150,3796,2163,3757,2163
3800,2150,3812,2150,3812,2163,3800,2163
3817,2150,3846,2150,3846,2163,3817,2163
3850,2150,3856,2150,3856,2163,3850,2163
4148,2144,4171,2144,4171,2157,4148,2157
4174,2144,4186,2144,4186,2157,4174,2157
4190,2144,4227,2144,4227,2157,4190,2157
4232,2144,4247,2144,4247,2157,4232,2157
4253,2144,4302,2144,4302,2157,4253,2157
4307,2144,4330,2144,4330,2157,4307,2157
4538,2151,4573,2151,4573,2163,4538,2163
4578,2151,4622,2151,4622,2163,4578,2163
1330,2166,1324,2195,1296,2190,1302,2160
4148,2184,4171,2184,4171,2197,4148,2197
4174,2184,4186,2184,4186,2197,4174,2197
4190,2184,4227,2184,4227,2197,4190,2197
4232,2184,4247,2184,4247,2197,4232,2197
4253,2184,4302,2184,4302,2197,4253,2197
4308,2184,4328,2184,4328,2197,4308,2197
4335,2184,4374,2184,4374,2197,4335,2197
1242,2272,1242,2268,1260,2269,1260,2273
1242,2256,1242,2252,1260,2253,1260,2257
1241,2275,1245,2139,1264,2140,1260,2276
1373,2174,1371,2228,1352,2227,1354,2173
2208,2172,2210,2226,2187,2227,2185,2173
3757,2192,3780,2192,3780,2206,3757,2206
3785,2192,3823,2192,3823,2206,3785,2206
4534,2189,4580,2189,4580,2201,4534,2201
4585,2189,4631,2189,4631,2201,4585,2201
4635,2189,4687,2189,4687,2201,4635,2201
4690,2189,4702,2189,4702,2201,4690,2201
4706,2189,4733,2189,4733,2201,4706,2201
4535,2203,4606,2203,4606,2214,4535,2214
2661,2125,2661,2170,2640,2170,2640,2125
2710,2173,2708,2276,2674,2275,2676,2172
2707,2299,2706,2340,2672,2339,2673,2298
2479,2225,2508,2224,2508,2233,2479,2234
4148,2225,4171,2225,4171,2238,4148,2238
4174,2225,4186,2225,4186,2238,4174,2238
4190,2225,4227,2225,4227,2238,4190,2238
4232,2225,4247,2225,4247,2238,4232,2238
4253,2225,4302,2225,4302,2238,4253,2238
4308,2225,4328,2225,4328,2238,4308,2238
4336,2225,4358,2225,4358,2238,4336,2238
3757,2234,3790,2234,3790,2247,3757,2247
3793,2234,3829,2234,3829,2247,3793,2247
3833,2234,3842,2234,3842,2247,3833,2247
3849,2234,3888,2234,3888,2247,3849,2247
4467,2229,4487,2229,4487,2241,4467,2241
4537,2234,4566,2234,4566,2248,4537,2248
4571,2234,4611,2234,4611,2248,4571,2248
4617,2234,4661,2234,4661,2248,4617,2248
4148,2271,4172,2271,4172,2286,4148,2286
4177,2271,4193,2271,4193,2286,4177,2286
4198,2271,4229,2271,4229,2286,4198,2286
4234,2271,4245,2271,4245,2286,4234,2286
4249,2271,4284,2271,4284,2286,4249,2286
1368,2281,1368,2285,1350,2284,1350,2280
3757,2282,3790,2282,3790,2295,3757,2295
3793,2282,3829,2282,3829,2295,3793,2295
3833,2282,3845,2282,3845,2295,3833,2295
3849,2282,3882,2282,3882,2295,3849,2295
4091,2273,4104,2273,4104,2290,4091,2290
4439,2276,4482,2276,4482,2295,4439,2295
4519,2276,4524,2276,4524,2295,4519,2295
4538,2276,4585,2276,4585,2295,4538,2295
1367,2317,1367,2321,1349,2320,1349,2316
2262,2306,2312,2306,2312,2329,2262,2329
4108,2315,4134,2315,4134,2322,4108,2322
3758,2325,3803,2325,3803,2336,3758,2336
3808,2325,3830,2325,3830,2336,3808,2336
3834,2325,3859,2325,3859,2336,3834,2336
3864,2325,3919,2325,3919,2336,3864,2336
4148,2325,4163,2325,4163,2338,4148,2338
4172,2325,4181,2325,4181,2338,4172,2338
4189,2325,4218,2325,4218,2338,4189,2338
4223,2325,4243,2325,4243,2338,4223,2338
4247,2325,4313,2325,4313,2338,4247,2338
4316,2325,4338,2325,4338,2338,4316,2338
4343,2325,4353,2325,4353,2338,4343,2338
4358,2325,4400,2325,4400,2338,4358,2338
2442,2347,2442,2349,2431,2349,2431,2347
1366,2353,1366,2357,1348,2356,1348,2352
3759,2366,3781,2366,3781,2379,3759,2379
3786,2366,3795,2366,3795,2379,3786,2379
3802,2366,3837,2366,3837,2379,3802,2379
3841,2366,3856,2366,3856,2379,3841,2379
3862,2366,3865,2366,3865,2379,3862,2379
3870,2366,3873,2366,3873,2379,3870,2379
3876,2366,3879,2366,3879,2379,3876,2379
3879,2366,3895,2366,3895,2379,3879,2379
3903,2366,3912,2366,3912,2379,3903,2379
3919,2366,3932,2366,3932,2379,3919,2379
4148,2365,4162,2365,4162,2377,4148,2377
4170,2365,4191,2365,4191,2377,4170,2377
4197,2365,4262,2365,4262,2377,4197,2377
4265,2365,4302,2365,4302,2377,4265,2377
4307,2365,4334,2365,4334,2377,4307,2377
4341,2365,4346,2365,4346,2377,4341,2377
2442,2382,2442,2384,2431,2384,2431,2382
1311,2422,1311,2418,1327,2419,1327,2423
1312,2415,1312,2411,1328,2412,1328,2416
1312,2408,1312,2404,1328,2405,1328,2409
1313,2397,1313,2393,1329,2394,1329,2398
1331,2429,1331,2406,1352,2406,1352,2429
1331,2398,1331,2383,1352,2383,1352,2398
1887,2402,1895,2405,1884,2435,1876,2432
2442,2418,2442,2420,2431,2420,2431,2418
2262,2430,2265,2464,2224,2467,2221,2433
2265,2468,2266,2479,2226,2482,2225,2471
2266,2489,2267,2500,2227,2503,2226,2492
3682,2458,3738,2458,3738,2490,3682,2490
3753,2458,3789,2458,3789,2490,3753,2490
3802,2458,3913,2458,3913,2490,3802,2490
3930,2458,3959,2458,3959,2490,3930,2490
3975,2458,4112,2458,4112,2490,3975,2490
4117,2458,4185,2458,4185,2490,4117,2490
4196,2458,4204,2458,4204,2490,4196,2490
4203,2458,4211,2458,4211,2490,4203,2490
4209,2458,4343,2458,4343,2490,4209,2490
1590,2493,1590,2545,1566,2545,1566,2493
2186,2525,2186,2497,2200,2497,2200,2525
2271,2546,2272,2557,2232,2560,2231,2549
2273,2565,2275,2587,2234,2590,2232,2568
2667,2545,2667,2595,2638,2595,2638,2545
4393,2579,4413,2579,4413,2589,4393,2589
4392,2591,4406,2586,4410,2597,4395,2601
1648,2582,1795,2582,1795,2638,1648,2638
1815,2582,1831,2582,1831,2638,1815,2638
4383,2606,4391,2606,4391,2616,4383,2616
4394,2606,4396,2606,4396,2616,4394,2616
4397,2606,4405,2606,4405,2616,4397,2616
4409,2606,4424,2606,4424,2616,4409,2616
2337,2661,2395,2651,2405,2709,2347,2719
2415,2648,2431,2645,2441,2702,2425,2705
2467,2639,2483,2636,2493,2693,2477,2696
2676,2689,2676,2693,2659,2693,2659,2689
1732,2696,1781,2700,1778,2734,1729,2730
2675,2712,2675,2716,2658,2716,2658,2712
2675,2732,2675,2736,2658,2736,2658,2732
2440,2747,2454,2739,2484,2788,2470,2797
2469,2727,2512,2701,2542,2752,2500,2777
4163,2863,4163,2779,4198,2779,4198,2863
4163,2757,4163,2647,4198,2647,4198,2757
4242,2738,4265,2738,4265,2748,4242,2748
4243,2748,4261,2748,4261,2762,4243,2762
4235,2765,4241,2765,4241,2775,4235,2775
4244,2765,4246,2765,4246,2775,4244,2775
4247,2765,4255,2765,4255,2775,4247,2775
4260,2765,4275,2765,4275,2775,4260,2775
2232,2806,2234,2806,2233,2817,2231,2817
2264,2807,2286,2809,2285,2821,2263,2819
2295,2810,2318,2812,2317,2824,2294,2822
2318,2812,2320,2812,2319,2823,2317,2823
2319,2812,2393,2818,2392,2828,2318,2823
2209,2811,2336,2816,2335,2829,2209,2824
2664,2808,2667,2808,2667,2823,2664,2823
2686,2808,2689,2808,2689,2823,2686,2823
2707,2808,2710,2808,2710,2823,2707,2823
2713,2808,2732,2808,2732,2823,2713,2823
4436,2821,4436,2820,4444,2824,4443,2824
2437,2820,2616,2833,2615,2846,2436,2833
4432,2831,4442,2831,4442,2842,4432,2842
4444,2831,4446,2831,4446,2842,4444,2842
4446,2831,4454,2831,4454,2842,4446,2842
4458,2831,4474,2831,4474,2842,4458,2842
2323,2817,2329,2813,2359,2863,2353,2867
2366,2791,2398,2772,2428,2822,2396,2841
2699,2841,2703,2841,2702,2852,2698,2852
2714,2841,2759,2844,2758,2856,2713,2853
4162,2943,4184,2943,4184,2953,4162,2953
4166,2953,4181,2953,4181,2967,4166,2967
4155,2968,4165,2968,4165,2980,4155,2980
4166,2968,4168,2968,4168,2980,4166,2980
4169,2968,4177,2968,4177,2980,4169,2980
4181,2968,4196,2968,4196,2980,4181,2980
3924,3014,3945,3014,3945,3024,3924,3024
3927,3022,3943,3022,3943,3037,3927,3037
3916,3041,3926,3041,3926,3052,3916,3052
3928,3041,3930,3041,3930,3052,3928,3052
3930,3041,3938,3041,3938,3052,3930,3052
3942,3041,3958,3041,3958,3052,3942,3052
4452,3041,4473,3041,4473,3051,4452,3051
4455,3051,4470,3051,4470,3065,4455,3065
4443,3066,4453,3066,4453,3077,4443,3077
4455,3066,4457,3066,4457,3077,4455,3077
4457,3066,4465,3066,4465,3077,4457,3077
4469,3066,4485,3066,4485,3077,4469,3077
2395,3078,2398,3078,2398,3092,2395,3092
2434,3079,2437,3079,2437,3093,2434,3093
2343,3094,2343,3088,2368,3088,2368,3094
2475,3080,2478,3080,2478,3094,2475,3094
2515,3081,2518,3081,2518,3095,2515,3095
4203,3097,4223,3097,4223,3109,4203,3109
4203,3108,4220,3107,4221,3121,4204,3122
2343,3136,2343,3130,2368,3130,2368,3136
142,3128,168,3128,168,3151,142,3151
2353,3120,2359,3120,2359,3144,2353,3144
238,3128,244,3128,244,3151,238,3151
248,3128,254,3128,254,3151,248,3151
257,3128,263,3128,263,3151,257,3151
2395,3119,2401,3119,2401,3143,2395,3143
2438,3119,2444,3119,2444,3143,2438,3143
2478,3118,2484,3118,2484,3142,2478,3142
2518,3117,2524,3117,2524,3141,2518,3141
4194,3124,4202,3124,4202,3136,4194,3136
4205,3124,4207,3124,4207,3136,4205,3136
4206,3124,4216,3124,4216,3136,4206,3136
4220,3124,4235,3124,4235,3136,4220,3136
2558,3117,2564,3117,2564,3141,2558,3141
2598,3116,2604,3116,2604,3140,2598,3140
1866,3180,1960,3183,1959,3218,1865,3215
1975,3183,2095,3186,2094,3221,1974,3218
2164,3159,2244,3159,2244,3188,2164,3188
2147,3188,2270,3192,2269,3227,2146,3223
3872,3166,4095,3169,4094,3211,3871,3208
4102,3170,4273,3173,4272,3215,4101,3212
4290,3173,4301,3173,4300,3214,4289,3214
2398,3191,2462,3191,2462,3223,2398,3223
2469,3191,2562,3191,2562,3223,2469,3223
2739,3194,2834,3194,2834,3217,2739,3217
3347,3175,3439,3175,3439,3206,3347,3206
3270,3209,3373,3209,3373,3241,3270,3241
3385,3209,3446,3209,3446,3241,3385,3241
3462,3209,3503,3209,3503,3241,3462,3241
3005,3191,3065,3191,3065,3222,3005,3222
3074,3191,3082,3191,3082,3222,3074,3222
3084,3191,3170,3191,3170,3222,3084,3222
153,3272,157,3272,157,3290,153,3290
159,3272,218,3272,218,3290,159,3290
151,3294,184,3294,184,3315,151,3315
192,3294,265,3294,265,3315,192,3315
272,3294,364,3294,364,3315,272,3315
373,3294,388,3294,388,3315,373,3315
394,3294,468,3294,468,3315,394,3315
478,3294,560,3294,560,3315,478,3315
571,3294,609,3294,609,3315,571,3315
615,3294,747,3294,747,3315,615,3315
750,3294,755,3294,755,3315,750,3315
760,3294,813,3294,813,3315,760,3315
823,3294,853,3294,853,3315,823,3315
861,3294,934,3294,934,3315,861,3315
946,3294,980,3294,980,3315,946,3315
990,3294,1075,3294,1075,3315,990,3315
1085,3294,1126,3294,1126,3315,1085,3315
1132,3294,1147,3294,1147,3315,1132,3315
1156,3294,1218,3294,1218,3315,1156,3315
1228,3294,1258,3294,1258,3315,1228,3315
1266,3294,1321,3294,1321,3315,1266,3315
1329,3294,1348,3294,1348,3315,1329,3315
1357,3294,1372,3294,1372,3315,1357,3315
1385,3294,1400,3294,1400,3315,1385,3315
1412,3294,1469,3294,1469,3315,1412,3315
1469,3294,1474,3294,1474,3315,1469,3315
1483,3294,1510,3294,1510,3315,1483,3315
1518,3294,1541,3294,1541,3315,1518,3315
1550,3294,1594,3294,1594,3315,1550,3315
1604,3294,1623,3294,1623,3315,1604,3315
1633,3294,1677,3294,1677,3315,1633,3315
1684,3294,1707,3294,1707,3315,1684,3315
1717,3294,1783,3294,1783,3315,1717,3315
1785,3294,1819,3294,1819,3315,1785,3315
1823,3294,1970,3294,1970,3315,1823,3315
1972,3294,1999,3294,1999,3315,1972,3315
2005,3294,2100,3294,2100,3315,2005,3315
2103,3294,2108,3294,2108,3315,2103,3315
2115,3294,2175,3294,2175,3315,2115,3315
2178,3294,2183,3294,2183,3315,2178,3315
2189,3294,2223,3294,2223,3315,2189,3315
2232,3294,2307,3294,2307,3315,2232,3315
2307,3294,2312,3294,2312,3315,2307,3315
2322,3294,2436,3294,2436,3315,2322,3315
2437,3294,2442,3294,2442,3315,2437,3315
2449,3294,2555,3294,2555,3315,2449,3315
2563,3294,2582,3294,2582,3315,2563,3315
2592,3294,2703,3294,2703,3315,2592,3315
2706,3294,2711,3294,2711,3315,2706,3315
2720,3294,2796,3294,2796,3315,2720,3315
2798,3294,2803,3294,2803,3315,2798,3315
2812,3294,2876,3294,2876,3315,2812,3315
2882,3294,2912,3294,2912,3315,2882,3315
2920,3294,3000,3294,3000,3315,2920,3315
3008,3294,3046,3294,3046,3315,3008,3315
3051,3294,3110,3294,3110,3315,3051,3315
3113,3294,3118,3294,3118,3315,3113,3315
3121,3294,3137,3294,3137,3315,3121,3315
3148,3294,3159,3294,3159,3315,3148,3315
3171,3294,3210,3294,3210,3315,3171,3315
3216,3294,3221,3294,3221,3315,3216,3315
3229,3294,3258,3294,3258,3315,3229,3315
3269,3294,3337,3294,3337,3315,3269,3315
3339,3294,3344,3294,3344,3315,3339,3315
3347,3294,3363,3294,3363,3315,3347,3315
3370,3294,3508,3294,3508,3315,3370,3315
152,3314,217,3314,217,3339,152,3339
223,3314,246,3314,246,3339,223,3339
253,3314,281,3314,281,3339,253,3339
289,3314,369,3314,369,3339,289,3339
381,3314,424,3314,424,3339,381,3339
429,3314,527,3314,527,3339,429,3339
537,3314,543,3314,543,3339,537,3339
546,3314,552,3314,552,3339,546,3339
552,3314,615,3314,615,3339,552,3339
625,3314,639,3314,639,3339,625,3339
651,3314,718,3314,718,3339,651,3339
728,3314,757,3314,757,3339,728,3339
765,3314,858,3314,858,3339,765,3339
866,3314,923,3314,923,3339,866,3339
930,3314,953,3314,953,3339,930,3339
960,3314,1053,3314,1053,3339,960,3339
1064,3314,1082,3314,1082,3339,1064,3339
1086,3314,1183,3314,1183,3339,1086,3339
1191,3314,1220,3314,1220,3339,1191,3339
1228,3314,1274,3314,1274,3339,1228,3339
1285,3314,1291,3314,1291,3339,1285,3339
1293,3314,1299,3314,1299,3339,1293,3339
1301,3314,1338,3314,1338,3339,1301,3339
1340,3314,1346,3314,1346,3339,1340,3339
1351,3314,1456,3314,1456,3339,1351,3339
1462,3314,1490,3314,1490,3339,1462,3339
1495,3314,1616,3314,1616,3339,1495,3339
1623,3314,1662,3314,1662,3339,1623,3339
1667,3314,1776,3314,1776,3339,1667,3339
1785,3314,1791,3314,1791,3339,1785,3339
1792,3314,1798,3314,1798,3339,1792,3339
1801,3314,1830,3314,1830,3339,1801,3339
1839,3314,1927,3314,1927,3339,1839,3339
1935,3314,1941,3314,1941,3339,1935,3339
1953,3314,1971,3314,1971,3339,1953,3339
1980,3314,2013,3314,2013,3339,1980,3339
2023,3314,2041,3314,2041,3339,2023,3339
2050,3314,2117,3314,2117,3339,2050,3339
2126,3314,2149,3314,2149,3339,2126,3339
2154,3314,2160,3314,2160,3339,2154,3339
2159,3314,2165,3314,2165,3339,2159,3339
2167,3314,2214,3314,2214,3339,2167,3339
2219,3314,2306,3314,2306,3339,2219,3339
2310,3314,2316,3314,2316,3339,2310,3339
2322,3314,2351,3314,2351,3339,2322,3339
2357,3314,2451,3314,2451,3339,2357,3339
2461,3314,2556,3314,2556,3339,2461,3339
2557,3314,2563,3314,2563,3339,2557,3339
2569,3314,2702,3314,2702,3339,2569,3339
2710,3314,2728,3314,2728,3339,2710,3339
2738,3314,2871,3314,2871,3339,2738,3339
2871,3314,2877,3314,2877,3339,2871,3339
2884,3314,2917,3314,2917,3339,2884,3339
2926,3314,2940,3314,2940,3339,2926,3339
2951,3314,2969,3314,2969,3339,2951,3339
2980,3314,3008,3314,3008,3339,2980,3339
3011,3314,3093,3314,3093,3339,3011,3339
3101,3314,3122,3314,3122,3339,3101,3339
3134,3314,3233,3314,3233,3339,3134,3339
3239,3314,3287,3314,3287,3339,3239,3339
3287,3314,3293,3314,3293,3339,3287,3339
3298,3314,3323,3314,3323,3339,3298,3339
3330,3314,3405,3314,3405,3339,3330,3339
3410,3314,3416,3314,3416,3339,3410,3339
3420,3314,3445,3314,3445,3339,3420,3339
152,3340,220,3340,220,3361,152,3361
224,3340,229,3340,229,3361,224,3361
232,3340,259,3340,259,3361,232,3361
267,3340,312,3340,312,3361,267,3361
317,3340,322,3340,322,3361,317,3361
331,3340,361,3340,361,3361,331,3361
366,3340,391,3340,391,3361,366,3361
401,3340,513,3340,513,3361,401,3361
523,3340,538,3340,538,3361,523,3361
543,3340,576,3340,576,3361,543,3361
583,3340,721,3340,721,3361,583,3361
722,3340,727,3340,727,3361,722,3361
730,3340,753,3340,753,3361,730,3361
759,3340,827,3340,827,3361,759,3361
829,3340,834,3340,834,3361,829,3361
840,3340,845,3340,845,3361,840,3361
844,3340,849,3340,849,3361,844,3361
850,3340,970,3340,970,3361,850,3361
975,3340,994,3340,994,3361,975,3361
996,3340,1019,3340,1019,3361,996,3361
1031,3340,1131,3340,1131,3361,1031,3361
1138,3340,1168,3340,1168,3361,1138,3361
1176,3340,1280,3340,1280,3361,1176,3361
1293,3340,1332,3340,1332,3361,1293,3361
1334,3340,1443,3340,1443,3361,1334,3361
1454,3340,1459,3340,1459,3361,1454,3361
1463,3340,1468,3340,1468,3361,1463,3361
1469,3340,1497,3340,1497,3361,1469,3361
1502,3340,1579,3340,1579,3361,1502,3361
1584,3340,1589,3340,1589,3361,1584,3361
3660,3294,3748,3294,3748,3332,3660,3332
3762,3294,3772,3294,3772,3332,3762,3332
3796,3294,3825,3294,3825,3332,3796,3332
3832,3294,3842,3294,3842,3332,3832,3332
3851,3294,3878,3294,3878,3332,3851,3332
3887,3294,3897,3294,3897,3332,3887,3332
3901,3294,3969,3294,3969,3332,3901,3332
4278,3282,4392,3282,4392,3340,4278,3340
4403,3282,4419,3282,4419,3340,4403,3340
4474,3282,4490,3282,4490,3340,4474,3340
