4014,166,4297,166,4297,228,4014,228
4021,224,4295,224,4295,287,4021,287
4106,372,4112,372,4112,397,4106,397
4121,372,4153,372,4153,397,4121,397
4163,372,4186,372,4186,397,4163,397
4197,372,4242,372,4242,397,4197,397
4256,372,4262,372,4262,397,4256,397
4275,372,4361,372,4361,397,4275,397
4131,405,4192,405,4192,428,4131,428
4205,405,4257,405,4257,428,4205,428
4263,405,4321,405,4321,428,4263,428
302,492,540,323,589,392,351,561
4146,477,4304,477,4304,551,4146,551
3965,587,4041,587,4041,628,3965,628
4050,587,4187,587,4187,628,4050,628
4202,587,4213,587,4213,628,4202,628
4226,587,4297,587,4297,628,4226,628
4310,587,4376,587,4376,628,4310,628
4386,587,4497,587,4497,628,4386,628
4118,632,4222,632,4222,675,4118,675
4242,632,4352,632,4352,675,4242,675
3955,688,4030,688,4030,731,3955,731
4039,688,4087,688,4087,731,4039,731
4092,688,4104,688,4104,731,4092,731
4260,689,4347,689,4347,729,4260,729
4361,689,4372,689,4372,729,4361,729
3955,744,4036,744,4036,787,3955,787
4248,741,4287,741,4287,783,4248,783
3652,693,3839,693,3839,727,3652,727
3850,693,3859,693,3859,727,3850,727
4547,687,4676,690,4675,731,4546,728
4695,691,4706,691,4705,731,4694,731
4547,746,4583,746,4583,784,4547,784
4597,746,4717,746,4717,784,4597,784
846,807,850,807,850,824,846,824
858,807,862,807,862,824,858,824
896,807,900,807,900,824,896,824
936,807,940,807,940,824,936,824
975,807,979,807,979,824,975,824
1015,807,1019,807,1019,824,1015,824
1054,807,1058,807,1058,824,1054,824
1094,807,1098,807,1098,824,1094,824
1134,807,1138,807,1138,824,1134,824
1173,807,1177,807,1177,824,1173,824
1211,807,1215,807,1215,824,1211,824
1251,807,1255,807,1255,824,1251,824
1290,807,1294,807,1294,824,1290,824
1330,807,1334,807,1334,824,1330,824
1369,807,1373,807,1373,824,1369,824
1409,807,1413,807,1413,824,1409,824
1449,807,1453,807,1453,824,1449,824
1488,807,1492,807,1492,824,1488,824
1526,807,1530,807,1530,824,1526,824
1566,807,1570,807,1570,824,1566,824
1605,807,1609,807,1609,824,1605,824
1645,807,1649,807,1649,824,1645,824
1684,807,1688,807,1688,824,1684,824
1724,807,1728,807,1728,824,1724,824
1764,807,1768,807,1768,824,1764,824
1803,807,1807,807,1807,824,1803,824
1841,807,1845,807,1845,824,1841,824
1881,807,1885,807,1885,824,1881,824
1919,807,1922,807,1922,824,1919,824
1920,807,1924,807,1924,824,1920,824
1972,807,1976,807,1976,824,1972,824
1989,807,1993,807,1993,824,1989,824
2151,807,2155,807,2155,824,2151,824
2222,807,2253,807,2253,824,2222,824
2275,807,2279,807,2279,824,2275,824
2301,807,2409,807,2409,824,2301,824
2406,807,2410,807,2410,824,2406,824
2415,807,2419,807,2419,824,2415,824
2568,807,2572,807,2572,824,2568,824
2590,807,2594,807,2594,824,2590,824
2629,807,2633,807,2633,824,2629,824
2669,807,2673,807,2673,824,2669,824
2709,807,2713,807,2713,824,2709,824
2786,807,2790,807,2790,824,2786,824
474,866,524,866,524,889,474,889
529,866,535,866,535,889,529,889
536,866,579,866,579,889,536,889
740,864,790,864,790,889,740,889
4104,843,4358,843,4358,893,4104,893
920,882,1056,882,1056,902,920,902
2114,878,2117,878,2116,892,2113,892
2121,878,2124,878,2123,892,2120,892
2127,878,2130,878,2129,892,2126,892
2138,879,2141,879,2140,893,2137,893
2532,879,2535,879,2535,894,2532,894
2539,879,2542,879,2542,894,2539,894
2545,879,2548,879,2548,894,2545,894
2556,879,2559,879,2559,894,2556,894
2640,882,2768,882,2768,903,2640,903
313,904,313,911,286,911,286,904
1966,904,1972,904,1974,927,1968,927
2002,901,2008,901,2010,924,2004,924
2036,899,2042,899,2044,922,2038,922
2067,897,2073,897,2075,920,2069,920
2099,894,2116,893,2118,917,2101,918
2124,893,2137,892,2139,915,2126,916
2303,906,2309,906,2310,929,2304,929
2420,899,2426,899,2427,922,2421,922
2488,896,2494,896,2495,919,2489,919
2231,909,2235,909,2235,927,2231,927
2248,909,2252,909,2252,927,2248,927
2267,909,2271,909,2271,927,2267,927
2454,898,2460,898,2461,921,2455,921
2217,918,2217,920,2205,920,2205,918
2518,894,2535,893,2536,916,2519,917
2546,892,2558,891,2559,915,2547,916
2557,892,2563,892,2564,915,2558,915
1585,925,1636,925,1636,947,1585,947
2545,921,2553,921,2553,950,2545,950
2577,921,2623,921,2623,950,2577,950
2217,943,2217,945,2205,945,2205,943
313,943,313,950,286,950,286,943
3804,931,3899,931,3899,962,3804,962
4575,939,4582,939,4582,966,4575,966
4586,939,4593,939,4593,966,4586,966
4594,939,4614,939,4614,966,4594,966
4623,939,4663,939,4663,966,4623,966
2217,961,2217,963,2205,963,2205,961
2217,979,2217,981,2205,981,2205,979
313,980,313,987,286,987,286,980
2217,998,2217,1000,2205,1000,2205,998
917,1013,917,1008,936,1008,936,1013
3803,997,3897,997,3897,1026,3803,1026
3910,997,3918,997,3918,1026,3910,1026
3932,997,4023,997,4023,1026,3932,1026
4568,1002,4585,1002,4585,1025,4568,1025
4592,1002,4598,1002,4598,1025,4592,1025
4601,1002,4622,1002,4622,1025,4601,1025
4630,1002,4668,1002,4668,1025,4630,1025
2217,1016,2217,1018,2205,1018,2205,1016
313,1019,313,1026,286,1026,286,1019
2816,1020,2816,1026,2793,1026,2793,1020
2816,1044,2816,1050,2793,1050,2793,1044
2217,1039,2217,1041,2205,1041,2205,1039
313,1058,313,1065,286,1065,286,1058
916,1045,916,1040,935,1040,935,1045
895,1075,895,1049,910,1049,910,1075
916,1079,916,1074,935,1074,935,1079
2217,1061,2217,1063,2205,1063,2205,1061
3804,1055,3922,1055,3922,1084,3804,1084
3935,1055,3943,1055,3943,1084,3935,1084
2003,1074,2008,1074,2008,1095,2003,1095
4569,1062,4590,1062,4590,1085,4569,1085
4592,1062,4598,1062,4598,1085,4592,1085
4604,1062,4621,1062,4621,1085,4604,1085
4630,1062,4668,1062,4668,1085,4630,1085
313,1094,313,1101,286,1101,286,1094
916,1113,916,1108,935,1108,935,1113
2527,1097,2661,1097,2661,1137,2527,1137
2678,1097,2689,1097,2689,1137,2678,1137
1504,1118,1601,1118,1601,1156,1504,1156
1608,1118,1618,1118,1618,1156,1608,1156
1627,1118,1740,1118,1740,1156,1627,1156
3801,1117,3922,1117,3922,1144,3801,1144
3933,1117,3940,1117,3940,1144,3933,1144
4571,1121,4587,1121,4587,1143,4571,1143
4593,1121,4598,1121,4598,1143,4593,1143
4599,1121,4624,1121,4624,1143,4599,1143
4630,1121,4667,1121,4667,1143,4630,1143
313,1134,313,1141,286,1141,286,1134
915,1147,915,1142,934,1142,934,1147
2284,1152,2303,1155,2300,1174,2281,1171
313,1173,313,1180,286,1180,286,1173
915,1179,915,1174,934,1174,934,1179
3801,1173,3922,1173,3922,1200,3801,1200
3933,1173,3940,1173,3940,1200,3933,1200
4572,1173,4586,1173,4586,1200,4572,1200
4593,1173,4600,1173,4600,1200,4593,1200
4602,1173,4621,1173,4621,1200,4602,1200
4628,1173,4668,1173,4668,1200,4628,1200
2241,1196,2243,1196,2243,1207,2241,1207
2250,1196,2252,1196,2252,1207,2250,1207
2256,1196,2268,1196,2268,1207,2256,1207
2750,1226,2750,1178,2772,1178,2772,1226
915,1213,915,1208,934,1208,934,1213
313,1209,313,1216,286,1216,286,1209
520,1207,615,1207,615,1236,520,1236
333,1272,333,1224,355,1224,355,1272
915,1245,915,1240,934,1240,934,1245
2204,1209,2223,1209,2223,1259,2204,1259
2233,1209,2269,1209,2269,1259,2233,1259
2274,1209,2316,1209,2316,1259,2274,1259
841,1290,841,1230,854,1230,854,1290
854,1299,854,1270,868,1270,868,1299
854,1265,854,1252,868,1252,868,1265
854,1244,854,1241,868,1241,868,1244
854,1235,854,1222,868,1222,868,1235
4574,1234,4579,1234,4579,1256,4574,1256
4586,1234,4591,1234,4591,1256,4586,1256
4593,1234,4613,1234,4613,1256,4593,1256
4621,1234,4662,1234,4662,1256,4621,1256
3803,1230,3875,1228,3876,1258,3804,1260
3883,1229,3915,1228,3916,1257,3884,1258
3926,1228,3975,1227,3976,1256,3927,1257
1085,1278,1085,1239,1112,1239,1112,1278
914,1279,914,1274,933,1274,933,1279
313,1288,313,1295,286,1295,286,1288
2204,1296,2213,1297,2209,1332,2200,1331
2231,1298,2315,1307,2311,1343,2227,1334
3804,1286,3872,1286,3872,1317,3804,1317
3889,1286,3897,1286,3897,1317,3889,1317
3902,1286,3910,1286,3910,1317,3902,1317
3909,1286,3948,1286,3948,1317,3909,1317
4576,1289,4584,1289,4584,1318,4576,1318
4585,1289,4593,1289,4593,1318,4585,1318
4593,1289,4614,1289,4614,1318,4593,1318
4623,1289,4660,1289,4660,1318,4623,1318
914,1313,914,1308,933,1308,933,1313
313,1324,313,1331,286,1331,286,1324
2248,1338,2250,1338,2250,1349,2248,1349
2267,1338,2269,1338,2269,1349,2267,1349
2284,1338,2286,1338,2286,1349,2284,1349
2303,1337,2305,1337,2305,1348,2303,1348
2257,1354,2311,1354,2311,1369,2257,1369
313,1363,313,1370,286,1370,286,1363
544,1343,598,1343,598,1372,544,1372
542,1379,550,1379,550,1410,542,1410
558,1379,566,1379,566,1410,558,1410
567,1379,601,1379,601,1410,567,1410
1580,1339,1631,1339,1631,1372,1580,1372
1560,1376,1594,1376,1594,1413,1560,1413
1597,1376,1607,1376,1607,1413,1597,1413
1606,1376,1640,1376,1640,1413,1606,1413
3805,1347,3854,1347,3854,1378,3805,1378
4576,1349,4584,1349,4584,1378,4576,1378
4585,1349,4593,1349,4593,1378,4585,1378
4593,1349,4614,1349,4614,1378,4593,1378
4623,1349,4660,1349,4660,1378,4623,1378
2098,1360,2107,1360,2108,1395,2099,1395
2141,1358,2150,1358,2151,1393,2142,1393
2155,1357,2337,1349,2338,1385,2157,1393
2208,1401,2268,1400,2269,1435,2209,1436
2281,1400,2335,1399,2336,1433,2282,1434
313,1402,313,1409,286,1409,286,1402
2964,1422,3015,1422,3015,1447,2964,1447
313,1439,313,1446,286,1446,286,1439
3807,1436,3906,1436,3906,1479,3807,1479
3922,1436,4071,1436,4071,1479,3922,1479
4076,1436,4263,1436,4263,1479,4076,1479
4519,1435,4560,1435,4560,1481,4519,1481
4568,1435,4581,1435,4581,1481,4568,1481
4582,1435,4633,1435,4633,1481,4582,1481
4641,1435,4725,1435,4725,1481,4641,1481
313,1478,313,1485,286,1485,286,1478
891,1506,891,1503,905,1504,905,1507
891,1499,891,1496,905,1497,905,1500
891,1493,891,1490,905,1491,905,1494
892,1482,892,1479,906,1480,906,1483
912,1511,912,1490,931,1490,931,1511
912,1483,912,1459,931,1459,931,1483
313,1517,313,1524,286,1524,286,1517
313,1545,313,1552,286,1552,286,1545
540,1520,584,1518,585,1536,541,1538
1885,1531,1911,1531,1911,1545,1885,1545
3800,1537,3898,1537,3898,1568,3800,1568
4571,1540,4588,1540,4588,1563,4571,1563
4593,1540,4599,1540,4599,1563,4593,1563
4602,1540,4623,1540,4623,1563,4602,1563
4628,1540,4671,1540,4671,1563,4628,1563
313,1584,313,1591,286,1591,286,1584
3118,1543,3134,1542,3138,1600,3122,1601
3190,1538,3305,1530,3309,1589,3194,1597
3336,1528,3352,1527,3356,1585,3340,1586
2918,1581,2965,1581,2965,1599,2918,1599
2919,1557,2969,1554,2973,1611,2923,1615
218,1597,236,1597,236,1608,218,1608
313,1635,313,1642,286,1642,286,1635
3806,1628,3900,1628,3900,1660,3806,1660
3915,1628,4059,1628,4059,1660,3915,1660
4075,1628,4233,1628,4233,1660,4075,1660
4477,1627,4529,1627,4529,1675,4477,1675
4535,1627,4548,1627,4548,1675,4535,1675
4554,1627,4590,1627,4590,1675,4554,1675
4608,1627,4687,1627,4687,1675,4608,1675
2269,1781,2272,1736,2335,1740,2332,1785
3097,1805,3097,1758,3120,1758,3120,1805
3311,1783,3314,1748,3333,1750,3330,1785
3334,1796,3333,1780,3355,1779,3356,1795
3333,1768,3333,1757,3355,1756,3355,1767
3402,1793,3402,1787,3425,1788,3425,1794
3403,1776,3403,1770,3426,1771,3426,1777
3403,1769,3404,1746,3427,1747,3426,1770
3307,1822,3307,1818,3325,1820,3325,1824
2048,1835,2061,1834,2065,1881,2052,1882
2154,1826,2192,1823,2196,1870,2158,1873
2223,1820,2277,1816,2281,1863,2227,1868
2263,1877,2266,1828,2329,1832,2326,1881
2871,1828,3004,1828,3004,1860,2871,1860
3024,1828,3032,1828,3032,1860,3024,1860
3304,1857,3304,1853,3322,1855,3322,1859
2375,1893,2375,1888,2394,1888,2394,1893
2375,1869,2375,1864,2394,1864,2394,1869
3301,1889,3301,1885,3319,1887,3319,1891
1826,1882,1913,1882,1913,1914,1826,1914
3758,1893,3814,1893,3814,1910,3758,1910
3819,1892,3839,1892,3839,1909,3819,1909
3846,1892,3873,1892,3873,1909,3846,1909
3879,1892,3921,1892,3921,1909,3879,1909
3926,1892,3930,1892,3930,1909,3926,1909
3936,1891,3940,1891,3940,1908,3936,1908
3940,1891,3944,1891,3944,1908,3940,1908
3944,1891,3960,1891,3960,1908,3944,1908
3966,1891,3978,1891,3978,1908,3966,1908
3983,1891,3997,1891,3997,1908,3983,1908
4101,1883,4121,1883,4121,1913,4101,1913
4150,1891,4152,1891,4152,1902,4150,1902
4158,1891,4180,1891,4180,1902,4158,1902
4183,1891,4195,1891,4195,1902,4183,1902
4201,1891,4236,1891,4236,1902,4201,1902
4239,1891,4255,1891,4255,1902,4239,1902
4261,1891,4263,1891,4263,1902,4261,1902
4271,1891,4273,1891,4273,1902,4271,1902
4275,1891,4277,1891,4277,1902,4275,1902
4278,1891,4294,1891,4294,1902,4278,1902
4302,1891,4312,1891,4312,1902,4302,1902
4317,1891,4330,1891,4330,1902,4317,1902
4538,1892,4594,1892,4594,1903,4538,1903
3759,1934,3813,1934,3813,1947,3759,1947
3817,1934,3846,1934,3846,1947,3817,1947
3852,1934,3893,1934,3893,1947,3852,1947
3898,1934,3901,1934,3901,1947,3898,1947
3908,1934,3911,1934,3911,1947,3908,1947
3912,1934,3915,1934,3915,1947,3912,1947
3916,1934,3930,1934,3930,1947,3916,1947
3940,1934,3949,1934,3949,1947,3940,1947
3955,1934,3968,1934,3968,1947,3955,1947
4150,1931,4152,1931,4152,1941,4150,1941
4158,1931,4178,1931,4178,1941,4158,1941
4183,1931,4195,1931,4195,1941,4183,1941
4199,1931,4234,1931,4234,1941,4199,1941
4241,1931,4255,1931,4255,1941,4241,1941
4261,1931,4263,1931,4263,1941,4261,1941
4271,1931,4273,1931,4273,1941,4271,1941
4275,1931,4277,1931,4277,1941,4275,1941
4279,1931,4294,1931,4294,1941,4279,1941
4302,1931,4312,1931,4312,1941,4302,1941
4317,1931,4330,1931,4330,1941,4317,1941
4334,1931,4336,1931,4336,1941,4334,1941
4149,1943,4151,1943,4151,1954,4149,1954
4154,1943,4156,1943,4156,1954,4154,1954
4157,1943,4173,1943,4173,1954,4157,1954
4181,1943,4203,1943,4203,1954,4181,1954
4207,1943,4219,1943,4219,1954,4207,1954
4224,1943,4261,1943,4261,1954,4224,1954
4539,1934,4569,1934,4569,1946,4539,1946
4575,1934,4597,1934,4597,1946,4575,1946
3758,1978,3812,1978,3812,1990,3758,1990
3818,1978,3837,1978,3837,1990,3818,1990
3844,1978,3873,1978,3873,1990,3844,1990
3879,1978,3920,1978,3920,1990,3879,1990
3927,1978,3929,1978,3929,1990,3927,1990
3937,1978,3939,1978,3939,1990,3937,1990
3941,1978,3943,1978,3943,1990,3941,1990
3944,1978,3960,1978,3960,1990,3944,1990
3967,1978,3978,1978,3978,1990,3967,1990
3983,1978,3997,1978,3997,1990,3983,1990
1726,2048,1722,1941,1763,1940,1767,2046
3675,1912,3675,1890,3706,1890,3706,1912
3675,1954,3675,1931,3706,1931,3706,1954
3675,2000,3675,1972,3706,1972,3706,2000
3675,2039,3675,2031,3706,2031,3706,2039
4148,1983,4170,1983,4170,1994,4148,1994
4176,1983,4186,1983,4186,1994,4176,1994
4191,1983,4226,1983,4226,1994,4191,1994
4231,1983,4266,1983,4266,1994,4231,1994
4537,1984,4577,1984,4577,1997,4537,1997
4584,1984,4587,1984,4587,1997,4584,1997
4592,1984,4626,1984,4626,1997,4592,1997
4631,1984,4651,1984,4651,1997,4631,1997
3758,2018,3812,2018,3812,2030,3758,2030
3816,2018,3838,2018,3838,2030,3816,2030
3844,2018,3853,2018,3853,2030,3844,2030
3859,2018,3867,2018,3867,2030,3859,2030
3871,2018,3894,2018,3894,2030,3871,2030
3900,2018,3902,2018,3902,2030,3900,2030
3910,2018,3912,2018,3912,2030,3910,2030
3914,2018,3916,2018,3916,2030,3914,2030
3917,2018,3933,2018,3933,2030,3917,2030
3940,2018,3951,2018,3951,2030,3940,2030
3956,2018,3970,2018,3970,2030,3956,2030
4147,2018,4171,2018,4171,2031,4147,2031
4177,2018,4187,2018,4187,2031,4177,2031
4189,2018,4192,2018,4192,2031,4189,2031
4192,2018,4204,2018,4204,2031,4192,2031
4207,2018,4210,2018,4210,2031,4207,2031
4212,2018,4229,2018,4229,2031,4212,2031
4235,2018,4238,2018,4238,2031,4235,2031
4243,2018,4246,2018,4246,2031,4243,2031
4249,2018,4252,2018,4252,2031,4249,2031
4253,2018,4267,2018,4267,2031,4253,2031
4276,2018,4285,2018,4285,2031,4276,2031
4293,2018,4306,2018,4306,2031,4293,2031
2032,1969,2201,1994,2191,2065,2022,2040
2277,2005,2338,2014,2328,2085,2267,2076
2418,2026,2508,2039,2498,2110,2408,2097
2251,2090,2301,2096,2294,2154,2244,2149
2483,2118,2531,2124,2524,2181,2476,2176
2461,2056,2461,2011,2483,2011,2483,2056
4538,2027,4565,2027,4565,2037,4538,2037
4567,2027,4619,2027,4619,2037,4567,2037
3220,2060,3281,2060,3281,2080,3220,2080
3758,2062,3812,2062,3812,2075,3758,2075
3817,2062,3838,2062,3838,2075,3817,2075
3844,2062,3853,2062,3853,2075,3844,2075
3858,2062,3919,2062,3919,2075,3858,2075
3926,2062,3940,2062,3940,2075,3926,2075
3946,2062,3986,2062,3986,2075,3946,2075
4149,2061,4170,2061,4170,2073,4149,2073
4175,2061,4197,2061,4197,2073,4175,2073
4205,2061,4207,2061,4207,2073,4205,2073
4213,2061,4215,2061,4215,2073,4213,2073
4218,2061,4220,2061,4220,2073,4218,2073
4221,2061,4236,2061,4236,2073,4221,2073
4246,2061,4254,2061,4254,2073,4246,2073
4263,2061,4274,2061,4274,2073,4263,2073
2137,2071,2162,2071,2162,2082,2137,2082
4537,2064,4592,2064,4592,2078,4537,2078
4597,2064,4638,2064,4638,2078,4597,2078
4642,2064,4659,2064,4659,2078,4642,2078
4663,2064,4707,2064,4707,2078,4663,2078
4711,2064,4721,2064,4721,2078,4711,2078
4727,2064,4769,2064,4769,2078,4727,2078
3757,2102,3806,2102,3806,2115,3757,2115
3810,2102,3813,2102,3813,2115,3810,2115
3814,2102,3834,2102,3834,2115,3814,2115
3839,2102,3866,2102,3866,2115,3839,2115
3873,2102,3892,2102,3892,2115,3873,2115
3898,2102,3920,2102,3920,2115,3898,2115
3924,2102,3937,2102,3937,2115,3924,2115
3941,2102,3987,2102,3987,2115,3941,2115
3990,2102,3993,2102,3993,2115,3990,2115
3758,2115,3810,2115,3810,2126,3758,2126
3814,2115,3828,2115,3828,2126,3814,2126
3833,2115,3855,2115,3855,2126,3833,2126
3406,2143,3406,2139,3423,2140,3423,2144
3407,2127,3407,2123,3424,2124,3424,2128
3408,2124,3410,2095,3427,2096,3425,2125
4147,2108,4171,2108,4171,2121,4147,2121
4175,2108,4199,2108,4199,2121,4175,2121
4204,2108,4207,2108,4207,2121,4204,2121
4214,2108,4217,2108,4217,2121,4214,2121
4218,2108,4221,2108,4221,2121,4218,2121
4222,2108,4236,2108,4236,2121,4222,2121
4246,2108,4255,2108,4255,2121,4246,2121
4262,2108,4274,2108,4274,2121,4262,2121
4538,2104,4557,2104,4557,2118,4538,2118
4562,2104,4610,2104,4610,2118,4562,2118
4614,2104,4617,2104,4617,2118,4614,2118
4618,2104,4621,2104,4621,2118,4618,2118
4621,2104,4665,2104,4665,2118,4621,2118
4670,2104,4680,2104,4680,2118,4670,2118
4684,2104,4723,2104,4723,2118,4684,2118
3318,2134,3318,2130,3334,2130,3334,2134
3318,2128,3318,2124,3334,2124,3334,2128
3318,2122,3318,2118,3334,2118,3334,2122
3318,2112,3318,2108,3334,2108,3334,2112
3337,2150,3337,2133,3353,2133,3353,2150
3337,2125,3337,2109,3353,2109,3353,2125
4148,2144,4171,2144,4171,2157,4148,2157
4174,2144,4186,2144,4186,2157,4174,2157
4190,2144,4227,2144,4227,2157,4190,2157
4232,2144,4247,2144,4247,2157,4232,2157
4253,2144,4302,2144,4302,2157,4253,2157
4307,2144,4330,2144,4330,2157,4307,2157
2799,2143,2807,2143,2807,2174,2799,2174
1830,2159,1873,2155,1875,2179,1832,2183
2844,2143,2852,2143,2852,2174,2844,2174
2889,2143,2897,2143,2897,2174,2889,2174
2934,2143,2942,2143,2942,2174,2934,2174
2979,2143,2987,2143,2987,2174,2979,2174
3023,2143,3031,2143,3031,2174,3023,2174
3068,2143,3076,2143,3076,2174,3068,2174
3113,2143,3121,2143,3121,2174,3113,2174
3757,2150,3796,2150,3796,2163,3757,2163
3800,2150,3812,2150,3812,2163,3800,2163
3817,2150,3846,2150,3846,2163,3817,2163
3850,2150,3856,2150,3856,2163,3850,2163
3161,2143,3169,2143,3169,2174,3161,2174
3203,2143,3211,2143,3211,2174,3203,2174
4538,2151,4573,2151,4573,2163,4538,2163
4578,2151,4622,2151,4622,2163,4578,2163
3312,2178,3312,2176,3323,2176,3323,2178
2235,2345,2239,2269,2302,2273,2298,2349
2242,2229,2250,2102,2312,2106,2305,2233
2253,2051,2254,2033,2317,2037,2316,2055
4148,2184,4171,2184,4171,2197,4148,2197
4174,2184,4186,2184,4186,2197,4174,2197
4190,2184,4227,2184,4227,2197,4190,2197
4232,2184,4247,2184,4247,2197,4232,2197
4253,2184,4302,2184,4302,2197,4253,2197
4308,2184,4328,2184,4328,2197,4308,2197
4335,2184,4374,2184,4374,2197,4335,2197
3757,2192,3780,2192,3780,2206,3757,2206
3785,2192,3823,2192,3823,2206,3785,2206
4534,2189,4580,2189,4580,2201,4534,2201
4585,2189,4631,2189,4631,2201,4585,2201
4635,2189,4687,2189,4687,2201,4635,2201
4690,2189,4702,2189,4702,2201,4690,2201
4706,2189,4733,2189,4733,2201,4706,2201
4535,2203,4606,2203,4606,2214,4535,2214
3312,2211,3312,2209,3323,2209,3323,2211
4148,2225,4171,2225,4171,2238,4148,2238
4174,2225,4186,2225,4186,2238,4174,2238
4190,2225,4227,2225,4227,2238,4190,2238
4232,2225,4247,2225,4247,2238,4232,2238
4253,2225,4302,2225,4302,2238,4253,2238
4308,2225,4328,2225,4328,2238,4308,2238
4336,2225,4358,2225,4358,2238,4336,2238
3312,2244,3312,2242,3323,2242,3323,2244
3757,2234,3790,2234,3790,2247,3757,2247
3793,2234,3829,2234,3829,2247,3793,2247
3833,2234,3842,2234,3842,2247,3833,2247
3849,2234,3888,2234,3888,2247,3849,2247
4467,2229,4487,2229,4487,2241,4467,2241
4537,2234,4566,2234,4566,2248,4537,2248
4571,2234,4611,2234,4611,2248,4571,2248
4617,2234,4661,2234,4661,2248,4617,2248
2331,2236,2340,2236,2341,2270,2332,2270
2385,2234,2444,2232,2445,2267,2386,2269
2070,2256,2094,2251,2097,2265,2073,2270
2250,2260,2462,2273,2460,2303,2248,2290
4148,2271,4172,2271,4172,2286,4148,2286
4177,2271,4193,2271,4193,2286,4177,2286
4198,2271,4229,2271,4229,2286,4198,2286
4234,2271,4245,2271,4245,2286,4234,2286
4249,2271,4284,2271,4284,2286,4249,2286
4091,2273,4104,2273,4104,2290,4091,2290
3757,2282,3790,2282,3790,2295,3757,2295
3793,2282,3829,2282,3829,2295,3793,2295
3833,2282,3845,2282,3845,2295,3833,2295
3849,2282,3882,2282,3882,2295,3849,2295
2875,2277,3006,2277,3006,2313,2875,2313
3025,2277,3035,2277,3035,2313,3025,2313
4439,2276,4482,2276,4482,2295,4439,2295
2581,2294,2606,2294,2606,2306,2581,2306
4519,2276,4524,2276,4524,2295,4519,2295
4538,2276,4585,2276,4585,2295,4538,2295
4108,2315,4134,2315,4134,2322,4108,2322
3758,2325,3803,2325,3803,2336,3758,2336
3808,2325,3830,2325,3830,2336,3808,2336
3834,2325,3859,2325,3859,2336,3834,2336
3864,2325,3919,2325,3919,2336,3864,2336
4148,2325,4163,2325,4163,2338,4148,2338
4172,2325,4181,2325,4181,2338,4172,2338
4189,2325,4218,2325,4218,2338,4189,2338
4223,2325,4243,2325,4243,2338,4223,2338
4247,2325,4313,2325,4313,2338,4247,2338
4316,2325,4338,2325,4338,2338,4316,2338
4343,2325,4353,2325,4353,2338,4343,2338
4358,2325,4400,2325,4400,2338,4358,2338
3000,2329,3006,2329,3008,2353,3002,2353
3032,2327,3038,2327,3040,2351,3034,2351
3227,2396,3227,2350,3256,2350,3256,2396
3759,2366,3781,2366,3781,2379,3759,2379
3786,2366,3795,2366,3795,2379,3786,2379
3802,2366,3837,2366,3837,2379,3802,2379
3841,2366,3856,2366,3856,2379,3841,2379
3862,2366,3865,2366,3865,2379,3862,2379
3870,2366,3873,2366,3873,2379,3870,2379
3876,2366,3879,2366,3879,2379,3876,2379
3879,2366,3895,2366,3895,2379,3879,2379
3903,2366,3912,2366,3912,2379,3903,2379
3919,2366,3932,2366,3932,2379,3919,2379
4148,2365,4162,2365,4162,2377,4148,2377
4170,2365,4191,2365,4191,2377,4170,2377
4197,2365,4262,2365,4262,2377,4197,2377
4265,2365,4302,2365,4302,2377,4265,2377
4307,2365,4334,2365,4334,2377,4307,2377
4341,2365,4346,2365,4346,2377,4341,2377
2632,2408,2640,2408,2641,2437,2633,2437
2677,2407,2685,2407,2686,2436,2678,2436
2722,2405,2730,2405,2731,2434,2723,2434
2417,2439,2418,2439,2418,2447,2417,2447
2434,2440,2446,2440,2446,2448,2434,2448
2212,2451,2212,2476,2193,2476,2193,2451
3683,2456,3737,2456,3737,2490,3683,2490
3756,2456,3787,2456,3787,2490,3756,2490
3805,2456,3912,2456,3912,2490,3805,2490
3931,2456,3962,2456,3962,2490,3931,2490
3976,2456,4109,2456,4109,2490,3976,2490
4117,2456,4183,2456,4183,2490,4117,2490
4196,2456,4205,2456,4205,2490,4196,2490
4203,2456,4212,2456,4212,2490,4203,2490
4212,2456,4346,2456,4346,2490,4212,2490
2211,2451,2214,2496,2190,2497,2187,2452
2214,2513,2217,2566,2193,2567,2190,2514
2220,2599,2220,2605,2196,2606,2196,2600
4291,2577,4303,2576,4304,2584,4292,2585
4285,2587,4291,2587,4291,2594,4285,2594
4292,2587,4293,2587,4293,2594,4292,2594
4294,2587,4300,2587,4300,2594,4294,2594
4303,2587,4311,2587,4311,2594,4303,2594
2407,2530,2406,2571,2381,2570,2382,2529
2405,2594,2405,2600,2381,2599,2381,2593
2405,2601,2405,2607,2381,2606,2381,2600
2403,2679,2403,2685,2379,2684,2379,2678
2919,2611,2965,2611,2965,2632,2919,2632
4175,2657,4185,2657,4185,2665,4175,2665
4169,2667,4174,2667,4174,2675,4169,2675
4176,2667,4177,2667,4177,2675,4176,2675
4178,2667,4183,2667,4183,2676,4178,2676
4186,2668,4196,2668,4196,2676,4186,2676
4244,2596,4244,2811,4221,2811,4221,2596
4310,2723,4320,2723,4320,2733,4310,2733
4303,2733,4309,2733,4309,2741,4303,2741
4310,2733,4311,2733,4311,2741,4310,2741
4313,2733,4318,2733,4318,2741,4313,2741
4322,2733,4323,2733,4323,2741,4322,2741
4387,2576,4387,2622,4351,2622,4351,2576
4387,2655,4387,2901,4351,2901,4351,2655
4174,2831,4188,2831,4188,2838,4174,2838
4175,2839,4185,2838,4185,2846,4175,2847
4168,2849,4174,2849,4174,2855,4168,2855
4176,2849,4177,2849,4177,2855,4176,2855
4178,2849,4183,2849,4183,2855,4178,2855
4186,2849,4196,2849,4196,2855,4186,2855
4375,2896,4371,2952,4353,2951,4357,2895
4174,3024,4188,3022,4189,3031,4175,3033
4175,3031,4187,3030,4187,3039,4175,3040
2343,3094,2343,3088,2368,3088,2368,3094
2394,3078,2398,3078,2398,3095,2394,3095
2433,3078,2437,3078,2437,3095,2433,3095
2473,3078,2477,3078,2477,3095,2473,3095
2514,3078,2518,3078,2518,3095,2514,3095
4479,3094,4488,3096,4486,3104,4477,3103
4477,3101,4489,3100,4490,3112,4478,3113
2343,3136,2343,3130,2368,3130,2368,3136
144,3121,165,3121,165,3150,144,3150
229,3121,237,3121,237,3150,229,3150
241,3121,249,3121,249,3150,241,3150
250,3121,258,3121,258,3150,250,3150
2353,3122,2359,3122,2360,3146,2354,3146
340,3121,348,3121,348,3150,340,3150
2395,3121,2401,3121,2402,3145,2396,3145
2438,3120,2444,3120,2445,3144,2439,3144
2475,3119,2481,3119,2482,3143,2476,3143
2518,3118,2524,3118,2525,3142,2519,3142
2558,3117,2564,3117,2565,3141,2559,3141
2598,3116,2604,3116,2605,3140,2599,3140
4342,3128,4354,3128,4354,3135,4342,3135
4093,3121,4101,3121,4101,3129,4093,3129
4084,3131,4090,3131,4090,3138,4084,3138
4093,3131,4094,3131,4094,3138,4093,3138
4094,3130,4100,3130,4100,3138,4094,3138
4102,3130,4112,3130,4112,3137,4102,3137
4344,3137,4352,3137,4352,3144,4344,3145
4336,3146,4341,3146,4341,3153,4336,3153
4342,3146,4343,3146,4343,3153,4342,3153
4346,3146,4351,3146,4351,3153,4346,3153
4353,3146,4363,3146,4363,3153,4353,3153
2164,3159,2244,3159,2244,3188,2164,3188
2147,3188,2270,3192,2269,3227,2146,3223
4023,3182,4143,3182,4143,3189,4023,3189
4022,3190,4129,3190,4129,3197,4022,3197
1866,3180,1960,3183,1959,3218,1865,3215
1975,3183,2095,3186,2094,3221,1974,3218
4412,3190,4413,3190,4413,3198,4412,3198
4466,3182,4531,3182,4531,3189,4466,3189
4457,3189,4520,3188,4520,3197,4457,3198
4263,3199,4338,3199,4338,3205,4263,3205
4338,3199,4339,3199,4339,3205,4338,3205
2398,3191,2462,3191,2462,3223,2398,3223
2469,3191,2562,3191,2562,3223,2469,3223
2739,3194,2834,3194,2834,3217,2739,3217
3005,3191,3065,3191,3065,3222,3005,3222
3074,3191,3082,3191,3082,3222,3074,3222
3084,3191,3170,3191,3170,3222,3084,3222
3347,3175,3439,3175,3439,3206,3347,3206
3270,3209,3373,3209,3373,3241,3270,3241
3385,3209,3446,3209,3446,3241,3385,3241
3462,3209,3503,3209,3503,3241,3462,3241
4118,3213,4201,3215,4201,3222,4118,3220
153,3272,157,3272,157,3290,153,3290
159,3272,218,3272,218,3290,159,3290
151,3294,184,3294,184,3315,151,3315
192,3294,265,3294,265,3315,192,3315
272,3294,364,3294,364,3315,272,3315
373,3294,388,3294,388,3315,373,3315
394,3294,468,3294,468,3315,394,3315
478,3294,560,3294,560,3315,478,3315
571,3294,609,3294,609,3315,571,3315
615,3294,747,3294,747,3315,615,3315
750,3294,755,3294,755,3315,750,3315
760,3294,813,3294,813,3315,760,3315
823,3294,853,3294,853,3315,823,3315
861,3294,934,3294,934,3315,861,3315
946,3294,980,3294,980,3315,946,3315
990,3294,1075,3294,1075,3315,990,3315
1085,3294,1126,3294,1126,3315,1085,3315
1132,3294,1147,3294,1147,3315,1132,3315
1156,3294,1218,3294,1218,3315,1156,3315
1228,3294,1258,3294,1258,3315,1228,3315
1266,3294,1321,3294,1321,3315,1266,3315
1329,3294,1348,3294,1348,3315,1329,3315
1357,3294,1372,3294,1372,3315,1357,3315
1385,3294,1400,3294,1400,3315,1385,3315
1412,3294,1469,3294,1469,3315,1412,3315
1469,3294,1474,3294,1474,3315,1469,3315
1483,3294,1510,3294,1510,3315,1483,3315
1518,3294,1541,3294,1541,3315,1518,3315
1550,3294,1594,3294,1594,3315,1550,3315
1604,3294,1623,3294,1623,3315,1604,3315
1633,3294,1677,3294,1677,3315,1633,3315
1684,3294,1707,3294,1707,3315,1684,3315
1717,3294,1783,3294,1783,3315,1717,3315
1785,3294,1819,3294,1819,3315,1785,3315
1823,3294,1970,3294,1970,3315,1823,3315
1972,3294,1999,3294,1999,3315,1972,3315
2005,3294,2100,3294,2100,3315,2005,3315
2103,3294,2108,3294,2108,3315,2103,3315
2115,3294,2175,3294,2175,3315,2115,3315
2178,3294,2183,3294,2183,3315,2178,3315
2189,3294,2223,3294,2223,3315,2189,3315
2232,3294,2307,3294,2307,3315,2232,3315
2307,3294,2312,3294,2312,3315,2307,3315
2322,3294,2436,3294,2436,3315,2322,3315
2437,3294,2442,3294,2442,3315,2437,3315
2449,3294,2555,3294,2555,3315,2449,3315
2563,3294,2582,3294,2582,3315,2563,3315
2592,3294,2703,3294,2703,3315,2592,3315
2706,3294,2711,3294,2711,3315,2706,3315
2720,3294,2796,3294,2796,3315,2720,3315
2798,3294,2803,3294,2803,3315,2798,3315
2812,3294,2876,3294,2876,3315,2812,3315
2882,3294,2912,3294,2912,3315,2882,3315
2920,3294,3000,3294,3000,3315,2920,3315
3008,3294,3046,3294,3046,3315,3008,3315
3051,3294,3110,3294,3110,3315,3051,3315
3113,3294,3118,3294,3118,3315,3113,3315
3121,3294,3137,3294,3137,3315,3121,3315
3148,3294,3159,3294,3159,3315,3148,3315
3171,3294,3210,3294,3210,3315,3171,3315
3216,3294,3221,3294,3221,3315,3216,3315
3229,3294,3258,3294,3258,3315,3229,3315
3269,3294,3337,3294,3337,3315,3269,3315
3339,3294,3344,3294,3344,3315,3339,3315
3347,3294,3363,3294,3363,3315,3347,3315
3370,3294,3508,3294,3508,3315,3370,3315
152,3314,217,3314,217,3339,152,3339
223,3314,246,3314,246,3339,223,3339
253,3314,281,3314,281,3339,253,3339
289,3314,369,3314,369,3339,289,3339
381,3314,424,3314,424,3339,381,3339
429,3314,527,3314,527,3339,429,3339
537,3314,543,3314,543,3339,537,3339
546,3314,552,3314,552,3339,546,3339
552,3314,615,3314,615,3339,552,3339
625,3314,639,3314,639,3339,625,3339
651,3314,718,3314,718,3339,651,3339
728,3314,757,3314,757,3339,728,3339
765,3314,858,3314,858,3339,765,3339
866,3314,923,3314,923,3339,866,3339
930,3314,953,3314,953,3339,930,3339
960,3314,1053,3314,1053,3339,960,3339
1064,3314,1082,3314,1082,3339,1064,3339
1086,3314,1183,3314,1183,3339,1086,3339
1191,3314,1220,3314,1220,3339,1191,3339
1228,3314,1274,3314,1274,3339,1228,3339
1285,3314,1291,3314,1291,3339,1285,3339
1293,3314,1299,3314,1299,3339,1293,3339
1301,3314,1338,3314,1338,3339,1301,3339
1340,3314,1346,3314,1346,3339,1340,3339
1351,3314,1456,3314,1456,3339,1351,3339
1462,3314,1490,3314,1490,3339,1462,3339
1495,3314,1616,3314,1616,3339,1495,3339
1623,3314,1662,3314,1662,3339,1623,3339
1667,3314,1776,3314,1776,3339,1667,3339
1785,3314,1791,3314,1791,3339,1785,3339
1792,3314,1798,3314,1798,3339,1792,3339
1801,3314,1830,3314,1830,3339,1801,3339
1839,3314,1927,3314,1927,3339,1839,3339
1935,3314,1941,3314,1941,3339,1935,3339
1953,3314,1971,3314,1971,3339,1953,3339
1980,3314,2013,3314,2013,3339,1980,3339
2023,3314,2041,3314,2041,3339,2023,3339
2050,3314,2117,3314,2117,3339,2050,3339
2126,3314,2149,3314,2149,3339,2126,3339
2154,3314,2160,3314,2160,3339,2154,3339
2159,3314,2165,3314,2165,3339,2159,3339
2167,3314,2214,3314,2214,3339,2167,3339
2219,3314,2306,3314,2306,3339,2219,3339
2310,3314,2316,3314,2316,3339,2310,3339
2322,3314,2351,3314,2351,3339,2322,3339
2357,3314,2451,3314,2451,3339,2357,3339
2461,3314,2556,3314,2556,3339,2461,3339
2557,3314,2563,3314,2563,3339,2557,3339
2569,3314,2702,3314,2702,3339,2569,3339
2710,3314,2728,3314,2728,3339,2710,3339
2738,3314,2871,3314,2871,3339,2738,3339
2871,3314,2877,3314,2877,3339,2871,3339
2884,3314,2917,3314,2917,3339,2884,3339
2926,3314,2940,3314,2940,3339,2926,3339
2951,3314,2969,3314,2969,3339,2951,3339
2980,3314,3008,3314,3008,3339,2980,3339
3011,3314,3093,3314,3093,3339,3011,3339
3101,3314,3122,3314,3122,3339,3101,3339
3134,3314,3233,3314,3233,3339,3134,3339
3239,3314,3287,3314,3287,3339,3239,3339
3287,3314,3293,3314,3293,3339,3287,3339
3298,3314,3323,3314,3323,3339,3298,3339
3330,3314,3405,3314,3405,3339,3330,3339
3410,3314,3416,3314,3416,3339,3410,3339
3420,3314,3445,3314,3445,3339,3420,3339
152,3340,220,3340,220,3361,152,3361
224,3340,229,3340,229,3361,224,3361
232,3340,259,3340,259,3361,232,3361
267,3340,312,3340,312,3361,267,3361
317,3340,322,3340,322,3361,317,3361
331,3340,361,3340,361,3361,331,3361
366,3340,391,3340,391,3361,366,3361
401,3340,513,3340,513,3361,401,3361
523,3340,538,3340,538,3361,523,3361
543,3340,576,3340,576,3361,543,3361
583,3340,721,3340,721,3361,583,3361
722,3340,727,3340,727,3361,722,3361
730,3340,753,3340,753,3361,730,3361
759,3340,827,3340,827,3361,759,3361
829,3340,834,3340,834,3361,829,3361
840,3340,845,3340,845,3361,840,3361
844,3340,849,3340,849,3361,844,3361
850,3340,970,3340,970,3361,850,3361
975,3340,994,3340,994,3361,975,3361
996,3340,1019,3340,1019,3361,996,3361
1031,3340,1131,3340,1131,3361,1031,3361
1138,3340,1168,3340,1168,3361,1138,3361
1176,3340,1280,3340,1280,3361,1176,3361
1293,3340,1332,3340,1332,3361,1293,3361
1334,3340,1443,3340,1443,3361,1334,3361
1454,3340,1459,3340,1459,3361,1454,3361
1463,3340,1468,3340,1468,3361,1463,3361
1469,3340,1497,3340,1497,3361,1469,3361
1502,3340,1579,3340,1579,3361,1502,3361
1584,3340,1589,3340,1589,3361,1584,3361
3660,3292,3748,3292,3748,3332,3660,3332
3764,3292,3775,3292,3775,3332,3764,3332
3796,3292,3825,3292,3825,3332,3796,3332
3834,3292,3845,3292,3845,3332,3834,3332
3849,3292,3878,3292,3878,3332,3849,3332
3887,3292,3898,3292,3898,3332,3887,3332
3896,3292,3967,3292,3967,3332,3896,3332
4273,3287,4394,3287,4394,3336,4273,3336
4402,3287,4416,3287,4416,3336,4402,3336
4477,3287,4491,3287,4491,3336,4477,3336
