3417,3512,3417,3706,3386,3706,3386,3512
3367,3461,3367,3789,3349,3789,3349,3461
3392,4229,3392,4500,3270,4500,3270,4229
3321,3461,3321,3686,3304,3686,3304,3461
3275,3462,3275,3688,3259,3688,3259,3462
3230,3462,3230,3878,3213,3878,3213,3462
3182,3336,3182,3367,3169,3367,3169,3336
3184,3463,3184,3868,3167,3868,3167,3463
3147,3462,3147,3725,3110,3725,3110,3462
3205,4118,3205,4761,3072,4761,3072,4118
3068,4245,3068,4639,3021,4639,3021,4245
3090,3462,3094,3660,3076,3660,3072,3462
3047,3365,3047,3387,3029,3387,3029,3365
3057,3461,3056,3928,3021,3928,3022,3461
3001,3463,3001,3818,2985,3818,2985,3463
2957,3465,2955,3840,2937,3840,2939,3465
2910,3363,2910,3404,2892,3404,2892,3363
2909,3463,2909,3853,2894,3853,2894,3463
2865,3463,2865,3719,2846,3719,2846,3463
2819,3461,2819,3814,2802,3814,2802,3461
2778,3463,2778,3844,2753,3844,2753,3463
2728,3461,2728,3932,2711,3932,2711,3461
2684,3463,2684,3894,2668,3894,2668,3463
2660,1542,2647,1529,2656,1519,2670,1532
2669,2073,2671,2075,2661,2085,2659,2083
2667,1578,2668,1579,2661,1586,2660,1585
2667,2003,2668,2004,2661,2012,2659,2011
2670,1892,2669,1893,2662,1887,2664,1886
2655,1566,2656,1567,2649,1574,2648,1573
2650,1693,2649,1692,2656,1684,2657,1686
2655,1991,2656,1992,2649,2000,2647,1999
2646,2050,2659,2063,2650,2073,2636,2060
2658,1904,2657,1905,2650,1899,2652,1898
2637,1519,2624,1506,2633,1496,2647,1509
2639,1683,2638,1682,2645,1674,2646,1676
2662,2087,2641,2108,2634,2102,2656,2081
2643,1554,2644,1555,2637,1562,2636,1561
2644,1579,2645,1580,2639,1586,2639,1585
2644,1980,2645,1981,2638,1989,2636,1988
2645,1916,2644,1917,2637,1911,2639,1910
2628,1672,2627,1671,2634,1663,2635,1665
2634,2038,2636,2040,2626,2050,2624,2048
2632,1543,2633,1544,2626,1551,2625,1550
2632,1568,2633,1569,2627,1575,2627,1574
2633,1591,2634,1592,2628,1597,2627,1597
2632,1968,2633,1969,2626,1977,2624,1976
2634,1927,2633,1928,2626,1922,2628,1921
2635,2095,2634,2096,2628,2090,2629,2088
2629,1174,2620,1174,2620,1139,2629,1139
2635,3461,2635,3658,2620,3658,2620,3461
2613,1495,2611,1493,2621,1483,2623,1485
2620,1531,2621,1532,2614,1539,2613,1538
2622,1908,2624,1910,2614,1920,2612,1918
2620,1556,2621,1557,2615,1563,2615,1562
2620,1579,2621,1580,2615,1585,2614,1585
2615,1659,2614,1658,2621,1650,2622,1652
2620,1956,2621,1957,2614,1965,2612,1964
2610,2014,2623,2027,2614,2037,2600,2024
2622,1939,2621,1940,2614,1934,2616,1933
2604,1648,2603,1647,2610,1639,2611,1641
2610,1896,2612,1898,2602,1908,2600,1906
2608,1519,2609,1520,2602,1527,2601,1526
2608,1545,2609,1546,2603,1552,2603,1551
2609,1568,2610,1569,2604,1574,2603,1574
2608,1944,2609,1945,2602,1953,2600,1952
2609,2063,2610,2064,2603,2072,2601,2071
2600,1484,2587,1471,2597,1460,2611,1473
2609,1827,2610,1828,2603,1836,2601,1835
2610,2117,2609,2118,2603,2112,2604,2110
2592,1636,2591,1635,2598,1627,2599,1629
2597,1556,2598,1557,2592,1562,2591,1562
2596,1507,2597,1508,2590,1515,2589,1514
2598,1837,2599,1838,2592,1846,2590,1845
2596,1533,2597,1534,2591,1540,2591,1539
2598,1934,2599,1935,2592,1943,2590,1942
2597,1745,2598,1746,2592,1751,2591,1751
2587,1991,2600,2004,2591,2014,2577,2001
2596,2051,2597,2052,2590,2060,2588,2059
2597,1815,2598,1816,2591,1824,2589,1823
2599,1916,2598,1917,2590,1910,2591,1908
2588,2052,2589,2051,2610,2071,2608,2073
2597,2128,2596,2129,2590,2123,2591,2121
2585,1496,2586,1497,2579,1504,2578,1503
2585,1544,2586,1545,2580,1550,2579,1550
2580,1624,2579,1623,2586,1615,2587,1617
2585,1734,2586,1735,2580,1740,2579,1740
2586,1825,2587,1826,2580,1834,2578,1833
2577,1460,2564,1447,2573,1437,2587,1450
2584,2039,2585,2040,2578,2048,2576,2047
2575,1861,2588,1874,2579,1884,2565,1871
2562,1873,2575,1886,2567,1895,2554,1881
2585,1802,2586,1803,2579,1811,2577,1810
2586,3360,2593,3384,2585,3387,2577,3363
2592,3462,2590,3887,2572,3887,2574,3462
2610,1951,2609,1952,2590,1933,2591,1932
2587,1928,2586,1929,2578,1922,2579,1920
2576,1971,2577,1970,2585,1977,2584,1979
2587,2022,2586,2023,2578,2016,2579,2014
2576,2065,2578,2063,2598,2084,2596,2086
2573,1484,2574,1485,2567,1492,2566,1491
2567,1612,2566,1611,2573,1603,2574,1605
2572,1532,2573,1533,2567,1538,2566,1538
2574,1813,2575,1814,2568,1822,2566,1821
2573,1721,2574,1722,2568,1727,2567,1727
2571,2026,2572,2027,2565,2035,2563,2034
2575,1174,2566,1174,2566,1139,2575,1139
2537,1182,2595,1182,2595,1203,2537,1203
2573,1790,2574,1791,2567,1799,2565,1798
2574,1986,2573,1987,2566,1981,2568,1980
2554,1437,2552,1435,2562,1425,2564,1427
2598,1962,2596,1964,2578,1946,2580,1944
2575,1940,2574,1941,2566,1934,2567,1932
2561,1472,2562,1473,2555,1480,2554,1479
2556,1601,2555,1600,2562,1592,2563,1594
2563,1849,2565,1851,2555,1861,2553,1859
2550,1861,2551,1862,2543,1871,2542,1869
2561,1710,2562,1711,2556,1716,2555,1716
2561,1731,2562,1732,2555,1739,2554,1738
2562,1801,2563,1802,2556,1810,2554,1809
2562,1779,2563,1780,2556,1788,2554,1787
2562,1967,2564,1969,2554,1979,2552,1977
2586,1974,2584,1976,2566,1958,2568,1956
2563,1952,2562,1953,2554,1946,2555,1944
2562,1997,2561,1998,2554,1992,2556,1991
2553,1995,2554,1994,2562,2001,2561,2003
2551,1978,2553,1980,2543,1990,2541,1988
2551,1790,2552,1791,2545,1799,2543,1798
2549,1698,2550,1699,2544,1704,2543,1704
2550,1742,2551,1743,2543,1752,2542,1751
2549,1719,2550,1720,2543,1727,2542,1726
2550,1767,2551,1768,2544,1776,2542,1775
2539,1825,2552,1838,2543,1848,2529,1835
2526,1837,2539,1850,2531,1859,2518,1845
2552,2088,2566,2075,2586,2096,2572,2109
2525,2090,2558,2058,2578,2080,2545,2111
2564,2023,2563,2024,2554,2016,2556,2014
2550,2009,2549,2010,2542,2004,2544,2003
2541,2007,2542,2006,2550,2013,2549,2015
2562,2047,2561,2048,2553,2041,2554,2039
2552,2035,2551,2036,2542,2028,2544,2026
2539,1731,2540,1732,2532,1741,2531,1740
2537,1686,2538,1687,2532,1692,2531,1692
2538,1708,2539,1709,2532,1716,2531,1715
2538,1778,2539,1779,2532,1787,2530,1786
2538,1755,2539,1756,2532,1764,2530,1763
2528,1954,2542,1967,2531,1978,2517,1965
2538,1897,2539,1898,2531,1907,2529,1905
2539,1944,2552,1958,2542,1967,2529,1954
2546,3463,2546,3633,2525,3633,2525,3463
2530,1426,2531,1425,2540,1433,2538,1435
2528,1474,2529,1473,2538,1481,2536,1482
2529,2019,2530,2018,2538,2025,2537,2027
2551,2058,2550,2059,2542,2052,2543,2050
2540,2047,2539,2048,2530,2040,2532,2038
2526,1674,2527,1675,2521,1680,2520,1680
2526,1696,2527,1697,2520,1704,2519,1703
2527,1719,2528,1720,2520,1729,2519,1728
2526,1766,2527,1767,2520,1775,2518,1774
2526,1885,2527,1886,2519,1895,2517,1893
2527,1932,2529,1934,2519,1944,2517,1942
2518,1438,2519,1437,2528,1445,2526,1447
2519,2029,2520,2028,2528,2035,2527,2037
2517,1485,2518,1484,2527,1492,2525,1493
2539,2070,2538,2071,2530,2064,2531,2062
2528,2059,2527,2060,2518,2052,2520,2050
2514,1662,2515,1663,2509,1668,2508,1668
2514,1684,2515,1685,2508,1692,2507,1691
2515,1708,2516,1709,2508,1718,2507,1717
2488,1774,2521,1807,2499,1828,2467,1795
2505,1450,2506,1449,2515,1457,2513,1459
2505,1497,2506,1496,2515,1504,2513,1505
2506,2041,2507,2040,2515,2047,2514,2049
2504,1931,2506,1933,2496,1943,2494,1941
2502,1651,2503,1652,2497,1657,2496,1657
2503,1696,2504,1697,2496,1706,2495,1705
2502,1672,2503,1673,2496,1680,2495,1679
2502,1861,2503,1862,2495,1871,2493,1869
2504,1908,2506,1910,2496,1920,2494,1918
2493,1462,2494,1461,2503,1469,2501,1471
2518,1764,2516,1766,2506,1756,2508,1754
2508,1751,2506,1753,2496,1743,2498,1741
2493,1509,2494,1508,2503,1516,2501,1517
2494,2053,2495,2052,2503,2059,2502,2061
2505,2081,2504,2082,2495,2074,2497,2072
2492,1919,2494,1921,2484,1931,2482,1929
2491,1661,2492,1662,2485,1669,2484,1668
2490,1639,2491,1640,2485,1645,2484,1645
2491,1684,2492,1685,2484,1694,2483,1693
2491,1943,2492,1944,2484,1953,2483,1951
2490,1848,2491,1849,2483,1858,2481,1856
2500,3462,2500,3542,2485,3542,2485,3462
2482,1473,2483,1472,2492,1480,2490,1482
2481,1521,2482,1520,2491,1528,2489,1529
2482,2065,2483,2064,2491,2071,2490,2073
2480,1719,2481,1720,2473,1729,2472,1728
2479,1672,2480,1673,2472,1682,2471,1681
2479,1765,2481,1767,2471,1777,2469,1775
2480,1932,2481,1933,2473,1942,2472,1940
2503,2106,2502,2107,2494,2100,2495,2098
2493,2093,2492,2094,2483,2086,2485,2084
2480,2097,2482,2099,2461,2120,2459,2118
2478,1627,2479,1628,2473,1633,2472,1633
2478,1648,2479,1649,2472,1656,2471,1655
2480,2193,2481,2194,2473,2203,2472,2201
2479,2121,2480,2122,2472,2131,2471,2130
2479,1837,2480,1838,2472,1847,2470,1845
2481,1883,2494,1897,2484,1907,2470,1894
2480,1466,2479,1467,2472,1460,2473,1459
2470,1485,2471,1484,2480,1492,2478,1494
2469,1533,2470,1532,2479,1540,2477,1541
2469,1942,2471,1944,2461,1954,2459,1952
2469,2078,2470,2077,2478,2084,2477,2086
2492,2117,2491,2118,2483,2111,2484,2109
2481,2105,2480,2106,2471,2098,2473,2096
2467,1637,2468,1638,2461,1645,2460,1644
2467,1660,2468,1661,2460,1670,2459,1669
2467,1707,2468,1708,2460,1717,2459,1716
2468,2085,2469,2086,2448,2108,2447,2106
2468,2181,2469,2182,2461,2191,2460,2189
2456,1742,2469,1755,2460,1765,2446,1752
2459,1497,2460,1496,2469,1504,2467,1506
2468,1478,2467,1479,2460,1472,2461,1471
2507,1776,2468,1815,2436,1782,2475,1743
2447,1787,2446,1788,2437,1780,2439,1778
2457,1545,2458,1544,2467,1552,2465,1553
2480,2129,2479,2130,2471,2123,2472,2121
2469,2117,2468,2118,2459,2110,2461,2108
2455,1625,2456,1626,2449,1633,2448,1632
2456,1649,2457,1650,2449,1659,2448,1658
2459,1750,2458,1751,2449,1743,2451,1742
2455,1695,2456,1696,2448,1705,2447,1704
2455,2073,2457,2075,2436,2096,2434,2094
2446,1919,2459,1932,2448,1942,2435,1930
2444,1872,2458,1885,2447,1896,2433,1883
2467,2157,2468,2158,2460,2167,2458,2165
2455,2168,2456,2169,2448,2178,2447,2176
2456,2121,2457,2122,2449,2131,2447,2129
2457,1442,2456,1443,2449,1436,2450,1435
2456,1490,2455,1491,2448,1484,2449,1483
2447,1509,2448,1508,2457,1516,2455,1518
2445,1557,2446,1556,2455,1564,2453,1565
2457,2129,2456,2130,2447,2122,2449,2120
2456,2153,2455,2154,2447,2147,2448,2145
2443,1613,2444,1614,2437,1621,2436,1620
2443,1637,2444,1638,2436,1647,2435,1646
2443,1683,2444,1684,2436,1693,2435,1692
2444,1777,2445,1778,2437,1787,2436,1786
2447,1762,2446,1763,2437,1755,2439,1754
2444,1896,2445,1897,2437,1906,2436,1904
2444,2062,2446,2064,2425,2085,2423,2083
2477,978,2477,1090,2400,1090,2400,978
2433,1719,2446,1732,2437,1742,2423,1729
2443,1944,2444,1945,2436,1954,2435,1952
2455,2145,2456,2146,2448,2155,2446,2153
2443,2156,2444,2157,2436,2166,2435,2164
2445,1848,2447,1850,2437,1860,2435,1858
2445,1975,2444,1976,2435,1968,2436,1967
2445,2141,2444,2142,2435,2134,2436,2133
2455,3460,2455,3648,2437,3648,2437,3460
2445,1454,2444,1455,2437,1448,2438,1447
2445,1501,2444,1502,2437,1495,2438,1494
2434,1522,2435,1521,2444,1529,2442,1531
2434,1568,2435,1567,2444,1575,2442,1576
2444,2109,2445,2110,2437,2119,2435,2117
2432,2122,2433,2123,2425,2132,2423,2130
2431,1625,2432,1626,2424,1635,2423,1634
2431,1765,2433,1767,2414,1786,2412,1784
2432,1884,2433,1885,2425,1894,2424,1892
2432,1933,2433,1934,2425,1943,2424,1941
2420,1943,2421,1944,2413,1953,2412,1951
2432,2050,2434,2052,2413,2073,2411,2071
2435,1774,2433,1776,2412,1756,2414,1754
2432,2145,2433,2146,2425,2155,2424,2153
2434,1987,2433,1988,2424,1980,2425,1979
2434,2152,2433,2153,2424,2145,2425,2144
2433,1466,2432,1467,2425,1460,2426,1459
2432,1513,2431,1514,2424,1507,2425,1506
2422,1533,2423,1532,2432,1540,2430,1542
2423,1579,2424,1578,2433,1586,2431,1587
2421,1707,2423,1709,2413,1719,2411,1717
2420,1754,2421,1755,2403,1775,2401,1773
2458,1823,2444,1836,2423,1815,2437,1802
2435,1800,2421,1813,2413,1805,2427,1791
2420,1921,2421,1922,2413,1931,2412,1929
2408,1931,2409,1932,2401,1941,2400,1939
2409,1836,2424,1851,2413,1861,2398,1847
2423,1786,2421,1788,2400,1768,2402,1766
2420,2038,2422,2040,2401,2061,2399,2059
2422,1999,2421,2000,2412,1992,2413,1991
2432,2097,2434,2099,2413,2120,2411,2118
2409,2122,2410,2123,2402,2132,2401,2130
2413,2215,2412,2214,2419,2206,2421,2207
2421,1524,2420,1525,2413,1518,2414,1517
2420,1479,2419,1480,2412,1473,2413,1472
2421,3344,2421,3371,2409,3371,2409,3344
2410,1545,2411,1544,2420,1552,2418,1554
2422,1741,2421,1742,2412,1734,2414,1732
2409,1593,2410,1592,2419,1600,2417,1601
2409,1695,2411,1697,2401,1707,2399,1705
2408,1648,2409,1649,2401,1658,2400,1657
2408,1742,2409,1743,2391,1763,2389,1761
2409,1883,2411,1885,2401,1895,2399,1893
2408,1909,2409,1910,2401,1919,2400,1917
2396,1919,2397,1920,2389,1929,2388,1927
2408,2002,2410,2004,2378,2037,2376,2035
2408,2026,2410,2028,2390,2049,2388,2047
2420,2085,2422,2087,2401,2108,2399,2106
2397,2110,2398,2111,2390,2120,2389,2118
2402,2205,2401,2204,2408,2196,2410,2197
2411,1799,2409,1801,2388,1780,2390,1778
2410,2012,2409,2013,2400,2005,2401,2004
2410,2177,2409,2178,2400,2170,2401,2169
2400,1440,2401,1439,2408,1445,2406,1446
2409,1490,2408,1491,2401,1484,2402,1483
2399,1556,2400,1555,2409,1563,2407,1565
2408,1537,2407,1538,2400,1531,2401,1530
2411,1752,2410,1753,2401,1745,2403,1743
2397,1730,2400,1733,2380,1754,2377,1751
2412,1846,2410,1848,2400,1838,2402,1836
2396,1637,2397,1638,2389,1647,2388,1646
2386,1672,2399,1685,2390,1695,2376,1682
2396,1897,2397,1898,2389,1907,2388,1905
2384,1907,2385,1908,2377,1917,2376,1915
2396,1990,2398,1992,2366,2025,2364,2023
2386,1860,2400,1873,2390,1883,2376,1870
2397,1779,2398,1780,2391,1787,2390,1786
2399,1811,2398,1812,2377,1792,2378,1791
2399,2024,2398,2025,2389,2017,2390,2016
2390,2193,2389,2192,2396,2184,2398,2185
2408,2073,2410,2075,2389,2096,2387,2094
2385,2098,2386,2099,2378,2108,2377,2106
2407,3461,2407,3740,2391,3740,2391,3461
2388,1451,2389,1450,2396,1456,2394,1457
2397,1502,2396,1503,2389,1496,2390,1495
2387,1568,2388,1567,2397,1575,2395,1577
2399,1764,2398,1765,2389,1757,2391,1755
2388,2161,2389,2160,2396,2166,2394,2167
2384,1718,2386,1720,2367,1740,2364,1738
2385,1837,2386,1838,2378,1847,2377,1845
2387,1750,2386,1751,2378,1744,2379,1742
2384,1885,2385,1886,2377,1895,2376,1893
2372,1895,2373,1896,2365,1905,2364,1903
2384,1978,2387,1981,2354,2014,2351,2011
2385,1766,2386,1767,2379,1774,2378,1773
2387,1822,2385,1824,2365,1804,2367,1802
2388,2036,2387,2037,2378,2029,2379,2028
2396,2061,2398,2063,2377,2084,2375,2082
2373,2086,2374,2087,2366,2096,2365,2094
2376,1463,2377,1462,2384,1468,2382,1469
2386,1513,2385,1514,2378,1507,2379,1506
2385,1560,2384,1561,2377,1554,2378,1553
2375,1580,2376,1579,2385,1587,2383,1589
2387,1775,2386,1776,2377,1768,2379,1766
2376,2173,2377,2172,2384,2178,2382,2179
2373,1659,2375,1661,2365,1671,2363,1669
2372,1706,2374,1708,2355,1728,2352,1726
2373,1848,2375,1850,2365,1860,2363,1858
2375,1763,2374,1764,2366,1757,2367,1755
2411,1869,2397,1882,2376,1861,2390,1848
2387,1846,2373,1859,2365,1851,2379,1837
2373,1967,2375,1969,2342,2003,2340,2000
2372,1873,2373,1874,2365,1883,2364,1881
2362,1885,2363,1886,2355,1895,2354,1893
2372,1754,2373,1755,2366,1762,2365,1761
2384,2049,2386,2051,2365,2072,2363,2070
2361,2074,2362,2075,2354,2084,2353,2082
2364,1475,2365,1474,2372,1480,2370,1481
2374,1572,2373,1573,2366,1566,2367,1565
2375,1787,2374,1788,2365,1780,2367,1778
2364,2184,2365,2183,2372,2189,2370,2190
2364,1444,2363,1445,2355,1438,2357,1437
2361,1647,2363,1649,2353,1659,2351,1657
2361,1695,2362,1696,2342,1717,2341,1716
2364,1822,2363,1823,2354,1815,2355,1814
2364,1845,2363,1846,2354,1838,2356,1837
2363,1775,2362,1776,2354,1769,2355,1767
2361,1955,2363,1957,2330,1991,2328,1988
2360,1861,2361,1862,2353,1871,2352,1869
2350,1873,2351,1874,2343,1883,2342,1881
2373,2037,2376,2040,2355,2061,2352,2058
2349,2062,2350,2063,2342,2072,2341,2070
2361,2143,2363,2145,2353,2155,2351,2153
2350,2109,2363,2122,2354,2132,2340,2119
2352,1486,2353,1485,2360,1491,2358,1492
2362,1537,2361,1538,2354,1531,2355,1530
2363,1799,2362,1800,2353,1792,2355,1790
2364,1869,2363,1870,2354,1862,2356,1860
2352,2196,2353,2195,2360,2201,2358,2202
2352,1456,2351,1457,2343,1450,2345,1449
2349,1683,2350,1684,2330,1705,2329,1704
2352,1786,2351,1787,2343,1780,2344,1778
2349,1850,2350,1851,2342,1860,2341,1858
2338,1861,2339,1862,2331,1871,2330,1869
2366,3461,2366,3623,2343,3623,2343,3461
2348,1943,2350,1945,2318,1978,2316,1976
2349,1730,2350,1731,2343,1738,2342,1737
2352,1857,2350,1859,2330,1839,2332,1837
2362,2026,2364,2028,2343,2049,2341,2047
2337,2050,2338,2051,2330,2060,2329,2058
2352,1952,2350,1954,2329,1934,2331,1932
2350,1549,2349,1550,2342,1543,2343,1542
2351,1811,2350,1812,2341,1804,2343,1802
2340,2208,2341,2207,2348,2213,2346,2214
2337,1671,2338,1672,2330,1681,2329,1680
2340,1468,2339,1469,2331,1462,2333,1461
2337,1838,2338,1839,2330,1848,2329,1846
2326,1849,2327,1850,2319,1859,2318,1857
2338,2097,2340,2099,2330,2109,2328,2107
2337,1932,2339,1934,2318,1955,2316,1953
2340,1799,2339,1800,2331,1793,2332,1791
2338,1719,2339,1720,2332,1727,2331,1726
2339,1870,2338,1871,2329,1863,2331,1862
2349,2013,2351,2015,2330,2036,2328,2034
2326,2039,2327,2040,2319,2049,2318,2047
2339,1965,2338,1966,2329,1958,2330,1957
2339,1560,2338,1561,2331,1554,2332,1553
2349,2155,2352,2158,2319,2190,2316,2188
2314,2193,2315,2194,2307,2203,2305,2201
2329,1770,2330,1769,2337,1776,2336,1777
2339,1823,2338,1824,2329,1816,2331,1814
2338,2002,2340,2004,2319,2025,2317,2023
2314,2027,2315,2028,2307,2037,2306,2035
2328,2220,2329,2219,2336,2225,2334,2226
2325,1826,2326,1827,2318,1836,2317,1834
2325,1920,2328,1923,2307,1944,2304,1941
2326,2085,2328,2087,2318,2097,2316,2095
2328,1811,2327,1812,2319,1805,2320,1803
2323,1686,2324,1687,2318,1694,2317,1692
2325,1432,2324,1433,2318,1427,2319,1427
2326,1707,2327,1708,2320,1715,2319,1714
2326,2205,2327,2206,2319,2215,2317,2213
2317,1782,2318,1781,2325,1788,2324,1789
2328,1834,2327,1835,2318,1827,2320,1825
2317,2231,2318,2230,2325,2236,2323,2237
2317,1492,2316,1493,2308,1486,2310,1485
2313,1648,2314,1649,2306,1658,2305,1657
2314,1444,2313,1445,2307,1439,2308,1439
2314,1695,2315,1696,2308,1703,2307,1702
2316,1823,2315,1824,2307,1817,2308,1815
2316,1871,2315,1872,2306,1864,2307,1863
2338,2144,2340,2146,2295,2191,2293,2189
2289,2192,2290,2193,2282,2202,2281,2200
2326,1990,2328,1992,2307,2013,2305,2011
2302,2015,2303,2016,2295,2025,2294,2023
2317,1964,2316,1965,2307,1957,2308,1956
2315,1894,2314,1895,2305,1887,2307,1886
2317,1988,2316,1989,2295,1969,2296,1968
2303,2062,2316,2075,2307,2085,2293,2072
2303,2086,2316,2099,2307,2109,2293,2096
2306,1793,2307,1792,2314,1799,2313,1800
2316,1846,2315,1847,2306,1839,2308,1837
2304,1911,2305,1910,2314,1918,2312,1920
2304,1836,2303,1837,2295,1830,2296,1828
2305,1905,2302,1908,2282,1888,2285,1885
2320,3463,2320,3642,2299,3642,2299,3463
2305,2000,2304,2001,2283,1981,2284,1980
2324,3334,2324,3365,2289,3365,2289,3334
2293,1806,2294,1805,2301,1812,2300,1813
2313,2145,2315,2147,2283,2179,2281,2177
2277,2180,2278,2181,2270,2190,2269,2188
2292,1923,2294,1921,2315,1941,2312,1944
2291,2050,2293,2052,2283,2062,2281,2060
2291,2074,2293,2076,2283,2086,2281,2084
2304,1858,2291,1871,2282,1861,2295,1849
2291,1468,2290,1469,2284,1463,2285,1463
2293,1516,2292,1517,2284,1510,2286,1509
2293,1917,2291,1919,2271,1899,2273,1897
2293,2012,2292,2013,2271,1993,2272,1992
2282,1817,2283,1816,2290,1823,2289,1824
2280,1934,2281,1933,2302,1953,2300,1955
2303,2109,2316,2122,2307,2132,2293,2119
2289,2121,2302,2134,2294,2143,2281,2129
2277,2133,2290,2146,2283,2154,2269,2141
2278,2157,2279,2158,2271,2167,2269,2165
2266,2145,2279,2158,2259,2179,2245,2165
2254,2157,2255,2158,2247,2167,2246,2165
2278,2037,2280,2039,2270,2049,2268,2047
2280,1930,2279,1931,2270,1923,2272,1922
2281,2024,2279,2026,2258,2005,2260,2003
2267,2050,2280,2063,2271,2073,2257,2060
2290,2096,2293,2099,2248,2143,2245,2141
2242,2145,2243,2146,2235,2155,2234,2153
2268,1946,2270,1944,2291,1964,2288,1967
2269,1941,2268,1942,2259,1934,2261,1933
2267,2192,2268,2193,2260,2202,2259,2201
2269,2035,2266,2038,2246,2018,2249,2015
2271,3463,2271,3618,2254,3618,2254,3463
2256,1958,2258,1956,2279,1976,2276,1979
2255,2180,2256,2181,2248,2190,2247,2189
2255,2204,2256,2205,2248,2214,2247,2212
2257,1952,2256,1953,2247,1945,2249,1944
2258,2047,2255,2050,2234,2029,2237,2026
2244,1970,2246,1968,2267,1988,2264,1991
2244,2169,2245,2170,2237,2179,2236,2178
2267,2073,2280,2086,2271,2096,2257,2083
2253,2085,2266,2098,2258,2107,2245,2093
2242,2098,2255,2111,2248,2119,2234,2106
2242,2121,2243,2122,2235,2131,2233,2129
2232,2110,2244,2122,2223,2143,2211,2131
2218,2121,2219,2122,2211,2131,2210,2129
2245,1964,2244,1965,2235,1957,2237,1956
2243,2192,2244,2193,2236,2202,2235,2200
2252,1413,2252,1603,2214,1603,2214,1413
2246,2059,2245,2060,2224,2040,2225,2039
2232,1981,2234,1979,2255,2000,2253,2002
2232,2157,2233,2158,2225,2167,2224,2166
2265,548,2265,677,2179,677,2179,548
2221,1946,2234,1933,2244,1942,2231,1956
2231,2180,2232,2181,2224,2190,2223,2188
2233,1976,2232,1977,2223,1969,2225,1968
2234,2071,2233,2072,2212,2052,2213,2051
2221,1994,2223,1992,2244,2012,2241,2015
2244,2050,2257,2063,2248,2073,2234,2060
2231,2063,2244,2076,2236,2085,2223,2071
2218,2074,2231,2087,2224,2095,2210,2082
2220,2098,2221,2099,2213,2108,2211,2106
2208,2086,2220,2098,2199,2119,2187,2107
2194,2097,2195,2098,2187,2107,2186,2105
2221,1989,2220,1990,2211,1982,2213,1981
2219,2145,2220,2146,2212,2155,2211,2154
2196,2168,2236,2208,2228,2217,2188,2177
2185,2181,2222,2218,2213,2227,2176,2190
2220,2169,2221,2170,2213,2179,2212,2177
2225,3463,2225,3602,2210,3602,2210,3463
2223,1941,2222,1942,2213,1934,2215,1932
2209,1958,2211,1956,2221,1966,2219,1968
2208,2005,2210,2003,2231,2024,2229,2026
2208,2157,2209,2158,2201,2167,2200,2165
2207,2133,2208,2134,2200,2143,2199,2142
2219,1645,2231,1718,2207,1722,2195,1649
2218,2050,2220,2052,2188,2084,2186,2082
2183,2086,2184,2087,2176,2096,2175,2094
2210,2071,2209,2072,2200,2064,2201,2063
2209,2001,2208,2002,2199,1994,2201,1993
2197,1970,2199,1968,2209,1978,2207,1980
2197,2018,2199,2016,2220,2036,2217,2039
2196,2121,2197,2122,2189,2131,2188,2130
2196,2145,2197,2146,2189,2155,2188,2153
2197,2013,2196,2014,2187,2006,2189,2005
2198,2083,2197,2084,2188,2076,2189,2075
2194,2217,2195,2218,2188,2226,2186,2225
2185,2030,2187,2028,2208,2048,2205,2051
2174,1993,2187,1980,2197,1989,2184,2003
2184,2109,2185,2110,2177,2119,2176,2118
2293,4046,2293,4830,2155,4830,2155,4046
2151,4211,2162,4655,2107,4656,2096,4212
2211,1953,2197,1966,2188,1957,2202,1944
2198,1942,2184,1955,2174,1945,2187,1931
2184,2133,2185,2134,2177,2143,2176,2141
2184,2156,2186,2158,2165,2179,2163,2177
2186,2024,2185,2025,2176,2017,2178,2016
2173,2041,2175,2039,2196,2059,2193,2062
2184,2062,2185,2063,2177,2072,2175,2070
2172,2075,2173,2076,2165,2085,2164,2083
2182,2205,2183,2206,2176,2214,2174,2213
2172,2097,2173,2098,2165,2107,2164,2106
2172,2121,2173,2122,2165,2131,2164,2129
2172,2144,2174,2146,2153,2167,2151,2165
2166,2226,2165,2225,2172,2217,2174,2218
2174,2036,2173,2037,2164,2029,2166,2028
2171,2194,2172,2195,2165,2203,2163,2202
2179,3463,2179,3601,2165,3601,2165,3463
2162,1936,2163,1935,2171,1942,2170,1944
2161,2053,2163,2051,2184,2071,2181,2074
2161,2086,2162,2087,2154,2096,2153,2095
2160,2063,2161,2064,2153,2073,2152,2071
2151,2016,2163,2004,2173,2014,2161,2026
2163,2047,2162,2048,2153,2040,2155,2039
2186,1976,2172,1989,2164,1981,2178,1967
2174,1965,2160,1978,2151,1968,2164,1955
2160,2109,2161,2110,2153,2119,2152,2117
2159,2132,2161,2134,2141,2154,2139,2152
2207,905,2095,903,2095,882,2207,884
2151,1947,2152,1946,2160,1953,2159,1955
2159,2182,2160,2183,2153,2191,2151,2190
2150,2064,2151,2063,2160,2071,2158,2073
2151,2059,2150,2060,2141,2052,2143,2051
2148,2074,2149,2075,2141,2084,2140,2083
2148,2097,2149,2098,2141,2107,2140,2105
2148,2121,2149,2122,2141,2131,2140,2130
2143,2203,2142,2202,2149,2194,2151,2195
2157,1628,2163,1743,2132,1744,2126,1630
2139,1959,2140,1958,2148,1965,2147,1967
2161,2000,2160,2001,2151,1993,2153,1991
2151,1988,2149,1990,2139,1980,2141,1978
2138,2029,2140,2027,2150,2037,2148,2039
2138,2076,2139,2075,2148,2083,2146,2085
2136,2062,2137,2063,2129,2072,2128,2071
2137,2086,2138,2087,2130,2096,2129,2094
2139,2071,2138,2072,2129,2064,2131,2063
2136,2109,2138,2111,2118,2131,2116,2129
2131,2191,2130,2190,2137,2182,2139,2183
2135,2158,2136,2159,2129,2167,2127,2166
2128,1970,2129,1969,2137,1976,2136,1978
2137,2235,2135,2236,2129,2227,2131,2226
2124,2027,2126,2029,2106,2049,2104,2047
2126,2088,2127,2087,2136,2095,2134,2097
2124,2050,2125,2051,2117,2060,2116,2059
2125,2074,2126,2075,2118,2084,2117,2082
2115,2052,2128,2039,2138,2048,2125,2062
2124,2097,2126,2099,2106,2120,2104,2118
2149,2012,2137,2024,2128,2015,2141,2003
2138,2001,2124,2014,2115,2004,2128,1991
2119,2179,2118,2178,2125,2170,2127,2171
2126,2083,2125,2084,2116,2076,2118,2075
2123,2146,2124,2147,2117,2155,2115,2154
2135,3462,2133,3589,2116,3589,2118,3462
2115,1982,2116,1981,2124,1988,2123,1990
2113,1992,2114,1993,2107,2001,2105,2000
2113,2062,2114,2063,2106,2072,2105,2070
2113,2086,2114,2087,2094,2108,2093,2107
2107,2167,2106,2166,2113,2158,2115,2159
2112,2135,2113,2136,2106,2144,2104,2143
2112,2165,2111,2166,2103,2159,2104,2157
2103,1994,2104,1993,2112,2000,2111,2002
2101,1980,2102,1981,2095,1989,2093,1988
2101,2050,2102,2051,2094,2060,2093,2058
2100,2004,2101,2005,2082,2025,2080,2024
2101,2073,2103,2075,2082,2096,2080,2094
2096,2156,2095,2155,2102,2147,2104,2148
2126,2034,2112,2047,2104,2039,2118,2025
2114,2024,2100,2037,2091,2027,2104,2014
2100,2122,2101,2123,2094,2131,2092,2130
2102,2176,2101,2177,2093,2170,2094,2168
2075,2209,2109,2180,2115,2187,2081,2216
2091,2006,2092,2005,2100,2012,2099,2014
2089,1968,2090,1969,2083,1977,2081,1976
2088,1992,2090,1994,2070,2014,2068,2012
2089,2061,2091,2063,2070,2084,2068,2082
2084,2144,2083,2143,2090,2135,2092,2136
2088,2110,2089,2111,2082,2119,2080,2118
2089,2157,2090,2158,2082,2167,2080,2165
2090,2188,2089,2189,2081,2182,2082,2180
2079,2017,2080,2016,2088,2023,2087,2025
2077,1956,2078,1957,2071,1965,2069,1964
2076,1980,2078,1982,2058,2002,2056,2000
2077,2026,2078,2027,2070,2036,2069,2034
2102,2057,2101,2058,2092,2050,2094,2048
2091,2047,2089,2049,2079,2039,2081,2037
2077,2049,2079,2051,2059,2072,2057,2070
2072,2132,2071,2131,2078,2123,2080,2124
2076,2098,2077,2099,2070,2107,2068,2106
2077,2144,2078,2145,2070,2154,2068,2152
2078,2200,2077,2201,2069,2194,2070,2192
2073,2215,2075,2215,2075,2226,2073,2226
2068,2028,2069,2027,2077,2034,2076,2036
2068,2124,2069,2123,2077,2130,2076,2132
2066,1945,2067,1946,2060,1954,2058,1953
2065,2014,2066,2015,2058,2024,2057,2022
2064,1968,2065,1969,2058,1977,2056,1976
2065,2038,2066,2039,2058,2048,2057,2047
2060,2120,2059,2119,2066,2111,2068,2112
2064,2086,2065,2087,2058,2095,2056,2094
2066,2133,2067,2134,2059,2143,2057,2141
2066,2213,2065,2214,2057,2207,2058,2205
2056,2136,2057,2135,2065,2142,2064,2144
2052,1956,2054,1958,2034,1978,2032,1976
2054,2003,2055,2004,2047,2013,2046,2011
2054,2027,2055,2028,2035,2049,2034,2048
2047,2108,2046,2107,2053,2099,2055,2100
2053,2075,2054,2076,2047,2084,2045,2083
2054,2122,2055,2123,2047,2132,2045,2130
2044,2148,2045,2147,2053,2154,2052,2156
2041,1944,2042,1945,2022,1966,2021,1965
2036,2097,2035,2096,2042,2088,2044,2089
2041,2132,2042,2133,2035,2141,2033,2140
2041,2063,2042,2064,2035,2072,2033,2071
2042,2110,2043,2111,2035,2120,2033,2118
2044,2034,2015,2026,2019,2013,2048,2022
2032,2159,2033,2158,2041,2165,2040,2167
2030,1979,2031,1980,2023,1989,2022,1987
2028,1932,2030,1934,2010,1954,2008,1952
2030,2003,2031,2004,2023,2013,2022,2012
2025,2086,2024,2085,2031,2077,2033,2078
2030,2027,2031,2028,2023,2037,2022,2036
2048,1178,1996,1178,1996,1158,2048,1158
2029,2121,2030,2122,2023,2130,2021,2129
2028,2051,2029,2052,2022,2060,2020,2059
2030,2098,2031,2099,2023,2108,2021,2106
2029,2170,2030,2171,2022,2179,2021,2178
2013,2074,2012,2073,2019,2065,2021,2066
2020,2171,2021,2170,2029,2177,2028,2179
2018,1967,2019,1968,2011,1977,2010,1975
2018,2110,2019,2111,2012,2119,2010,2118
2017,2039,2018,2040,2011,2048,2009,2047
2018,2086,2019,2087,2011,2096,2009,2094
2008,2183,2009,2182,2017,2189,2016,2191
2030,2145,2032,2147,1999,2179,1997,2177
1995,2181,1996,2182,1988,2191,1986,2189
2006,1933,2007,1934,1999,1943,1998,1942
2000,2061,1999,2060,2006,2052,2008,2053
2006,2097,2007,2098,2000,2106,1998,2105
2006,2074,2007,2075,1999,2084,1997,2082
2018,2133,2019,2134,1987,2166,1985,2164
1983,2168,1984,2169,1976,2178,1974,2176
2006,2192,2007,2193,1999,2202,1997,2200
1989,2050,1988,2049,1995,2041,1997,2042
1996,2195,1997,2194,2005,2201,2004,2203
1993,2086,1994,2087,1987,2095,1985,2094
2006,2121,2008,2123,1976,2154,1973,2152
1971,2156,1972,2157,1964,2166,1962,2164
1994,2061,1995,2062,1987,2071,1985,2069
1994,2109,1997,2112,1977,2131,1974,2128
1971,2132,1972,2133,1964,2142,1962,2140
1984,2207,1985,2206,1993,2213,1992,2215
1981,2074,1982,2075,1975,2083,1973,2082
1983,2050,1984,2051,1976,2060,1974,2058
1983,2098,1984,2099,1977,2107,1975,2106
1971,2109,1972,2110,1964,2118,1963,2117
1965,2026,1964,2025,1971,2017,1973,2018
1969,2062,1970,2063,1963,2071,1961,2070
1971,2038,1972,2039,1964,2048,1962,2046
1971,2085,1972,2086,1965,2094,1963,2093
1960,2230,1961,2229,1969,2236,1968,2238
1979,1671,1979,1680,1945,1679,1945,1670
1977,964,1977,1051,1943,1051,1943,964
1977,1725,1975,1812,1941,1811,1943,1724
1974,3045,1974,3131,1951,3131,1951,3045
1956,2092,1956,2177,1933,2177,1933,2092
1943,2915,1943,2961,1925,2961,1925,2915
1776,1361,2007,1356,2008,1404,1777,1409
1852,2785,1852,2847,1833,2847,1833,2785
1857,2057,1860,2242,1783,2243,1780,2058
1855,3257,1855,3366,1815,3366,1815,3257
2063,3999,2063,4510,1440,4510,1440,3999
2065,4720,2066,4876,1825,4877,1824,4721
1820,4735,1820,4878,1674,4878,1674,4735
1667,4702,1667,4875,1560,4875,1560,4702
1546,4702,1548,4876,1434,4877,1432,4703
1733,1300,1733,1354,1708,1354,1708,1300
1685,1364,1698,1364,1699,1411,1686,1411
1647,763,1647,796,1626,796,1626,763
1663,1340,1663,1349,1629,1348,1629,1340
1661,1478,1658,1661,1623,1660,1626,1477
1657,1720,1656,1807,1622,1806,1623,1720
1655,1862,1655,1871,1621,1870,1621,1862
1665,2488,1663,2575,1628,2574,1630,2487
1660,2741,1660,2830,1636,2830,1636,2741
1606,2957,1551,2957,1551,2937,1606,2937
1569,1815,1565,1875,1518,1871,1522,1812
1557,1985,1549,2091,1501,2087,1509,1981
1187,797,1187,894,1147,894,1147,797
1189,2233,1189,2432,1151,2432,1151,2233
1163,807,1148,894,1088,883,1103,797
1187,1610,1187,1811,1110,1811,1110,1610
1149,2241,1143,2299,1106,2295,1112,2237
1185,2801,1185,3001,1108,3001,1108,2801
905,4006,905,4123,883,4123,883,4006
706,2055,872,2055,872,2084,706,2084
849,4007,849,4114,767,4114,767,4007
849,4163,849,4357,815,4357,815,4163
849,4155,853,4866,707,4867,703,4156
737,4156,737,4817,590,4817,590,4156
622,4436,620,4784,541,4784,543,4436
430,4131,430,4158,409,4158,409,4131
429,4252,429,4269,409,4269,409,4252
429,4483,429,4508,411,4508,411,4483
253,4054,253,4323,230,4323,230,4054
220,4037,220,4284,179,4284,179,4037
244,4236,244,4866,108,4866,108,4236
151,70,151,3693,62,3693,62,70
