3417,3513,3417,3703,3386,3703,3386,3513
3367,3461,3367,3789,3349,3789,3349,3461
3392,4229,3392,4500,3270,4500,3270,4229
3321,3461,3321,3686,3304,3686,3304,3461
3275,3462,3275,3688,3259,3688,3259,3462
3230,3462,3230,3878,3213,3878,3213,3462
3182,3336,3182,3367,3169,3367,3169,3336
3184,3463,3184,3868,3167,3868,3167,3463
3147,3462,3147,3725,3110,3725,3110,3462
3205,4118,3205,4761,3072,4761,3072,4118
3068,4245,3068,4639,3021,4639,3021,4245
3090,3462,3094,3660,3076,3660,3072,3462
3047,3365,3047,3387,3029,3387,3029,3365
3057,3461,3056,3928,3021,3928,3022,3461
3001,3463,3001,3818,2985,3818,2985,3463
2957,3465,2955,3840,2937,3840,2939,3465
2910,3363,2910,3404,2892,3404,2892,3363
2909,3463,2909,3853,2894,3853,2894,3463
2865,3463,2865,3719,2846,3719,2846,3463
2819,3461,2819,3814,2802,3814,2802,3461
2778,3463,2778,3844,2753,3844,2753,3463
2728,3461,2728,3932,2711,3932,2711,3461
2658,1518,2671,1531,2662,1541,2648,1528
2684,3463,2684,3894,2668,3894,2668,3463
2667,1578,2668,1579,2661,1586,2660,1585
2670,1894,2669,1895,2661,1888,2662,1886
2668,2004,2669,2005,2661,2014,2659,2012
2670,2073,2672,2075,2662,2085,2660,2083
2655,1566,2656,1567,2649,1574,2648,1573
2656,1684,2657,1685,2650,1693,2649,1691
2659,1905,2658,1906,2650,1899,2651,1897
2656,1992,2657,1993,2649,2002,2647,2000
2658,2061,2660,2063,2650,2073,2648,2071
2634,1494,2647,1507,2637,1518,2623,1505
2643,1554,2644,1555,2637,1562,2636,1561
2662,2087,2641,2108,2634,2102,2656,2081
2644,1579,2645,1580,2639,1586,2639,1585
2644,1672,2645,1673,2638,1681,2637,1679
2638,1897,2637,1896,2644,1888,2646,1889
2647,1917,2646,1918,2638,1911,2639,1909
2644,1980,2645,1981,2637,1990,2635,1988
2632,1543,2633,1544,2626,1551,2625,1550
2632,1568,2633,1569,2627,1575,2627,1574
2633,1591,2634,1592,2628,1597,2627,1597
2633,1661,2634,1662,2627,1670,2626,1668
2626,1885,2625,1884,2632,1876,2634,1877
2635,1929,2634,1930,2626,1923,2627,1921
2632,1968,2633,1969,2625,1978,2623,1976
2635,2095,2634,2096,2628,2090,2629,2088
2635,3461,2635,3658,2620,3658,2620,3461
2621,1482,2623,1484,2613,1494,2611,1492
2620,1531,2621,1532,2614,1539,2613,1538
2620,1556,2621,1557,2615,1563,2615,1562
2620,1579,2621,1580,2615,1585,2614,1585
2620,1648,2621,1649,2614,1657,2613,1655
2615,1875,2614,1874,2621,1866,2623,1867
2618,1839,2620,1840,2613,1850,2612,1849
2623,1941,2622,1942,2614,1935,2615,1933
2620,1956,2621,1957,2613,1966,2611,1964
2608,1519,2609,1520,2602,1527,2601,1526
2608,1545,2609,1546,2603,1552,2603,1551
2609,1568,2610,1569,2604,1574,2603,1574
2598,1459,2611,1472,2602,1482,2588,1469
2609,1637,2610,1638,2603,1646,2602,1644
2609,2063,2610,2064,2603,2072,2601,2071
2609,1827,2610,1828,2603,1836,2601,1835
2611,1953,2610,1954,2602,1947,2603,1945
2608,1943,2609,1944,2601,1953,2599,1951
2612,2013,2649,2050,2638,2061,2601,2024
2610,2117,2609,2118,2603,2112,2604,2110
2596,1507,2597,1508,2590,1515,2589,1514
2596,1533,2597,1534,2591,1540,2591,1539
2597,1556,2598,1557,2592,1562,2591,1562
2598,1838,2599,1839,2592,1847,2590,1846
2596,1625,2597,1626,2590,1634,2589,1632
2597,1745,2598,1746,2592,1751,2591,1751
2600,1964,2599,1965,2591,1958,2592,1956
2596,2051,2597,2052,2590,2060,2588,2059
2597,1815,2598,1816,2591,1824,2589,1823
2599,2001,2601,2003,2591,2013,2589,2011
2599,1916,2598,1917,2590,1910,2591,1908
2586,1447,2588,1449,2578,1459,2576,1457
2597,2128,2596,2129,2590,2123,2591,2121
2585,1496,2586,1497,2579,1504,2578,1503
2585,1544,2586,1545,2580,1550,2579,1550
2585,1614,2586,1615,2579,1623,2578,1621
2585,1734,2586,1735,2580,1740,2579,1740
2585,1826,2586,1827,2579,1835,2577,1834
2588,1976,2587,1977,2579,1970,2580,1968
2584,2039,2585,2040,2578,2048,2576,2047
2585,1802,2586,1803,2579,1811,2577,1810
2586,3360,2593,3384,2585,3387,2577,3363
2592,3462,2590,3887,2572,3887,2574,3462
2587,1928,2586,1929,2578,1922,2579,1920
2587,2022,2586,2023,2578,2016,2579,2014
2574,1435,2576,1437,2566,1447,2564,1445
2573,1484,2574,1485,2567,1492,2566,1491
2573,1602,2574,1603,2567,1611,2566,1609
2572,1532,2573,1533,2567,1538,2566,1538
2573,1721,2574,1722,2568,1727,2567,1727
2573,1814,2574,1815,2567,1823,2565,1822
2574,1885,2575,1886,2567,1895,2566,1893
2565,1847,2579,1860,2569,1870,2555,1857
2536,1184,2597,1184,2597,1203,2536,1203
2571,2026,2572,2027,2565,2035,2563,2034
2573,1790,2574,1791,2567,1799,2565,1798
2576,1988,2575,1989,2567,1982,2568,1980
2575,1940,2574,1941,2566,1934,2567,1932
2562,1423,2564,1425,2554,1435,2552,1433
2561,1472,2562,1473,2555,1480,2554,1479
2561,1710,2562,1711,2556,1716,2555,1716
2560,1589,2561,1590,2554,1598,2553,1596
2561,1731,2562,1732,2555,1739,2554,1738
2561,1802,2562,1803,2555,1811,2553,1810
2562,1873,2563,1874,2555,1883,2554,1881
2562,1921,2563,1922,2555,1931,2554,1929
2562,1779,2563,1780,2556,1788,2554,1787
2565,2000,2564,2001,2556,1994,2557,1992
2553,1835,2555,1837,2545,1847,2543,1845
2563,1952,2562,1953,2554,1946,2555,1944
2564,2023,2563,2024,2554,2016,2556,2014
2549,1698,2550,1699,2544,1704,2543,1704
2549,1719,2550,1720,2543,1727,2542,1726
2550,1742,2551,1743,2543,1752,2542,1751
2550,1791,2551,1792,2544,1800,2542,1799
2550,1861,2551,1862,2543,1871,2542,1869
2550,1909,2551,1910,2543,1919,2542,1917
2550,1767,2551,1768,2544,1776,2542,1775
2540,1966,2554,1979,2544,1989,2530,1976
2552,2013,2551,2014,2543,2007,2544,2005
2525,2090,2559,2059,2567,2068,2532,2098
2551,1964,2550,1965,2542,1958,2543,1956
2540,1822,2542,1824,2532,1834,2530,1832
2539,1731,2540,1732,2532,1741,2531,1740
2562,2047,2561,2048,2553,2041,2554,2039
2552,2035,2551,2036,2542,2028,2544,2026
2538,1708,2539,1709,2532,1716,2531,1715
2537,1686,2538,1687,2532,1692,2531,1692
2538,1779,2539,1780,2532,1788,2530,1787
2538,1849,2539,1850,2531,1859,2530,1857
2538,1897,2539,1898,2531,1907,2530,1905
2538,1755,2539,1756,2532,1764,2530,1763
2542,2023,2541,2024,2533,2017,2534,2015
2546,3463,2546,3633,2525,3633,2525,3463
2529,1426,2530,1425,2539,1433,2537,1434
2528,1474,2529,1473,2538,1481,2536,1482
2551,2058,2550,2059,2542,2052,2543,2050
2539,2047,2538,2048,2529,2040,2531,2038
2526,1674,2527,1675,2521,1680,2520,1680
2526,1696,2527,1697,2520,1704,2519,1703
2527,1719,2528,1720,2520,1729,2519,1728
2525,1767,2526,1768,2519,1776,2517,1775
2526,1837,2527,1838,2519,1847,2518,1845
2526,1885,2527,1886,2519,1895,2518,1893
2519,1944,2530,1955,2520,1966,2508,1955
2530,2035,2529,2036,2521,2029,2522,2027
2517,1438,2518,1437,2527,1445,2525,1446
2517,1485,2518,1484,2527,1492,2525,1493
2539,2070,2538,2071,2530,2064,2531,2062
2528,2059,2527,2060,2518,2052,2520,2050
2514,1662,2515,1663,2509,1668,2508,1668
2591,4258,2591,4725,2451,4725,2451,4258
2514,1684,2515,1685,2508,1692,2507,1691
2515,1708,2516,1709,2508,1718,2507,1717
2513,1755,2514,1756,2507,1764,2505,1763
2505,1788,2519,1801,2509,1811,2495,1798
2514,1873,2515,1874,2507,1883,2506,1881
2505,1450,2506,1449,2515,1457,2513,1458
2505,1497,2506,1496,2515,1504,2513,1505
2502,1651,2503,1652,2497,1657,2496,1657
2502,1672,2503,1673,2496,1680,2495,1679
2503,1696,2504,1697,2496,1706,2495,1705
2502,1861,2503,1862,2495,1871,2494,1869
2504,1765,2600,1862,2590,1872,2494,1775
2476,1787,2509,1820,2500,1828,2468,1795
2493,1919,2507,1932,2496,1943,2482,1930
2505,2060,2504,2061,2496,2054,2497,2052
2493,1462,2494,1461,2503,1469,2501,1470
2493,1509,2494,1508,2503,1516,2501,1517
2508,1751,2506,1753,2496,1743,2498,1741
2505,2081,2504,2082,2495,2074,2497,2072
2487,2096,2486,2095,2493,2087,2494,2088
2490,1639,2491,1640,2485,1645,2484,1645
2491,1661,2492,1662,2485,1669,2484,1668
2491,1684,2492,1685,2484,1694,2483,1693
2481,1765,2495,1778,2485,1788,2471,1775
2490,1849,2491,1850,2483,1859,2482,1857
2491,1943,2492,1944,2484,1953,2483,1951
2494,2071,2493,2072,2485,2065,2486,2063
2500,3462,2500,3542,2485,3542,2485,3462
2482,1473,2483,1472,2492,1480,2490,1481
2481,1521,2482,1520,2491,1528,2489,1529
2495,1764,2493,1766,2483,1756,2485,1754
2480,1719,2481,1720,2473,1729,2472,1728
2479,1672,2480,1673,2472,1682,2471,1681
2480,1932,2481,1933,2473,1942,2472,1940
2479,1838,2480,1839,2472,1848,2471,1846
2474,2084,2473,2083,2480,2075,2481,2076
2503,2106,2502,2107,2494,2100,2495,2098
2493,2093,2492,2094,2483,2086,2485,2084
2478,1627,2479,1628,2473,1633,2472,1633
2478,1648,2479,1649,2472,1656,2471,1655
2480,2193,2481,2194,2473,2203,2472,2201
2479,2097,2481,2099,2461,2120,2459,2118
2482,2083,2481,2084,2473,2077,2474,2075
2479,2121,2480,2122,2472,2131,2471,2130
2481,1405,2467,1405,2467,1390,2481,1390
2480,1466,2479,1467,2472,1460,2473,1459
2470,1485,2471,1484,2480,1492,2478,1493
2469,1533,2470,1532,2479,1540,2477,1541
2469,1753,2471,1755,2461,1765,2459,1763
2470,1943,2472,1945,2462,1955,2460,1953
2492,2117,2491,2118,2483,2111,2484,2109
2481,2105,2480,2106,2471,2098,2473,2096
2467,1637,2468,1638,2461,1645,2460,1644
2467,1660,2468,1661,2460,1670,2459,1669
2467,1707,2468,1708,2460,1717,2459,1716
2462,2073,2461,2072,2468,2064,2469,2065
2467,2085,2469,2087,2448,2108,2446,2106
2468,2181,2469,2182,2461,2191,2460,2189
2457,1883,2471,1896,2460,1907,2446,1894
2468,1478,2467,1479,2460,1472,2461,1471
2458,1497,2459,1496,2468,1504,2466,1505
2457,1545,2458,1544,2467,1552,2465,1553
2480,2129,2479,2130,2471,2123,2472,2121
2469,2117,2468,2118,2459,2110,2461,2108
2457,1930,2459,1932,2438,1953,2436,1951
2456,1649,2457,1650,2449,1659,2448,1658
2455,1625,2456,1626,2449,1633,2448,1632
2455,1695,2456,1696,2448,1705,2447,1704
2445,1730,2459,1743,2449,1753,2435,1740
2483,1776,2469,1789,2459,1779,2472,1765
2471,1764,2457,1778,2447,1768,2461,1754
2467,2157,2468,2158,2460,2167,2458,2165
2455,2168,2456,2169,2448,2178,2447,2176
2455,1814,2456,1815,2448,1824,2447,1822
2449,2061,2448,2060,2455,2052,2456,2053
2455,2074,2458,2077,2437,2097,2435,2095
2455,2120,2456,2121,2448,2130,2447,2128
2457,1442,2456,1443,2449,1436,2450,1435
2456,1490,2455,1491,2448,1484,2449,1483
2446,1509,2447,1508,2456,1516,2454,1517
2445,1557,2446,1556,2455,1564,2453,1565
2457,2129,2456,2130,2447,2122,2449,2120
2445,1918,2447,1920,2426,1941,2424,1939
2456,2153,2455,2154,2447,2147,2448,2145
2443,1613,2444,1614,2437,1621,2436,1620
2444,1872,2446,1874,2436,1884,2434,1882
2443,1637,2444,1638,2436,1647,2435,1646
2443,1683,2444,1684,2436,1693,2435,1692
2447,1762,2446,1763,2437,1755,2439,1754
2444,1896,2445,1897,2437,1906,2436,1904
2438,2050,2437,2049,2444,2041,2445,2042
2444,2063,2445,2064,2425,2085,2424,2084
2477,976,2481,1091,2402,1093,2398,979
2455,2145,2456,2146,2448,2155,2446,2153
2443,2156,2444,2157,2436,2166,2435,2164
2445,1975,2444,1976,2435,1968,2436,1967
2445,2141,2444,2142,2435,2134,2436,2133
2455,3460,2455,3648,2437,3648,2437,3460
2445,1454,2444,1455,2437,1448,2438,1447
2445,1501,2444,1502,2437,1495,2438,1494
2434,1521,2435,1520,2444,1528,2442,1529
2434,1568,2435,1567,2444,1575,2442,1576
2458,1800,2456,1802,2446,1792,2448,1790
2447,1788,2445,1790,2435,1780,2437,1778
2443,2108,2444,2109,2436,2118,2435,2116
2432,2122,2433,2123,2425,2132,2423,2130
2431,1625,2432,1626,2424,1635,2423,1634
2431,1765,2433,1767,2414,1786,2412,1784
2432,1884,2433,1885,2425,1894,2424,1892
2421,1707,2435,1720,2425,1730,2411,1717
2432,2051,2433,2052,2413,2073,2412,2072
2425,2039,2424,2038,2431,2030,2432,2031
2432,2145,2433,2146,2425,2155,2424,2153
2435,1774,2433,1776,2412,1756,2414,1754
2434,1987,2433,1988,2424,1980,2425,1979
2434,2152,2433,2153,2424,2145,2425,2144
2433,1466,2432,1467,2425,1460,2426,1459
2433,1513,2432,1514,2425,1507,2426,1506
2422,1533,2423,1532,2432,1540,2430,1541
2423,1579,2424,1578,2433,1586,2431,1587
2423,2125,2424,2124,2431,2131,2430,2132
2420,1754,2421,1755,2403,1775,2401,1773
2421,1920,2422,1921,2414,1930,2413,1929
2420,1943,2421,1944,2413,1953,2412,1951
2446,1812,2432,1825,2423,1815,2436,1802
2435,1800,2420,1815,2410,1804,2424,1789
2409,1837,2423,1851,2413,1861,2399,1847
2423,1786,2421,1788,2400,1768,2402,1766
2419,2038,2421,2040,2401,2061,2399,2059
2422,1999,2421,2000,2412,1992,2413,1991
2432,2097,2434,2099,2413,2120,2411,2118
2409,2122,2410,2123,2402,2132,2401,2130
2413,2215,2412,2214,2419,2206,2421,2207
2421,1524,2420,1525,2413,1518,2414,1517
2420,1479,2419,1480,2412,1473,2413,1472
2421,3344,2421,3371,2409,3371,2409,3344
2410,1545,2411,1544,2420,1552,2418,1553
2409,1593,2410,1592,2419,1600,2417,1601
2410,1884,2412,1886,2391,1907,2389,1905
2420,1740,2419,1741,2410,1733,2412,1732
2408,1648,2409,1649,2401,1658,2400,1657
2408,1742,2409,1743,2391,1763,2389,1761
2408,1860,2409,1861,2401,1870,2400,1868
2409,1908,2410,1909,2402,1918,2401,1917
2408,1931,2409,1932,2401,1941,2400,1939
2408,2002,2410,2004,2378,2037,2376,2035
2397,1684,2411,1697,2401,1707,2387,1694
2407,2027,2409,2029,2389,2049,2387,2047
2402,2205,2401,2204,2408,2196,2410,2197
2411,1799,2409,1801,2388,1780,2390,1778
2410,2012,2409,2013,2400,2005,2401,2004
2420,2085,2422,2087,2401,2108,2399,2106
2397,2110,2398,2111,2390,2120,2389,2118
2410,2177,2409,2178,2400,2170,2401,2169
2409,1490,2408,1491,2401,1484,2402,1483
2409,1537,2408,1538,2401,1531,2402,1530
2399,1556,2400,1555,2409,1563,2407,1564
2397,1730,2400,1733,2380,1754,2377,1751
2410,1750,2409,1751,2400,1743,2402,1742
2412,1846,2410,1848,2400,1838,2402,1836
2396,1637,2397,1638,2389,1647,2388,1646
2398,1872,2400,1874,2379,1895,2377,1893
2396,1919,2397,1920,2389,1929,2388,1927
2396,1990,2398,1992,2366,2025,2364,2023
2397,1779,2398,1780,2391,1787,2390,1786
2399,2024,2398,2025,2389,2017,2390,2016
2390,2193,2389,2192,2396,2184,2398,2185
2399,1811,2398,1812,2377,1792,2378,1791
2412,1439,2356,1493,2350,1487,2406,1433
2408,2073,2410,2075,2389,2096,2387,2094
2385,2098,2386,2099,2378,2108,2377,2106
2407,3461,2407,3740,2391,3740,2391,3461
2397,1502,2396,1503,2389,1496,2390,1495
2387,1568,2388,1567,2397,1575,2395,1576
2385,1672,2387,1674,2377,1684,2375,1682
2398,1762,2397,1763,2388,1755,2390,1754
2388,2160,2389,2159,2396,2166,2395,2167
2384,1718,2386,1720,2367,1740,2364,1738
2386,1860,2388,1862,2367,1883,2365,1881
2384,1907,2385,1908,2377,1917,2376,1915
2384,1978,2387,1981,2354,2014,2351,2011
2385,1405,2382,1405,2382,1390,2385,1390
2385,1766,2386,1767,2379,1774,2378,1773
2388,2036,2387,2037,2378,2029,2379,2028
2377,2181,2376,2180,2383,2172,2385,2173
2396,2061,2398,2063,2377,2084,2375,2082
2373,2086,2374,2087,2366,2096,2365,2094
2387,1822,2385,1824,2365,1804,2367,1802
2386,1513,2385,1514,2378,1507,2379,1506
2385,1560,2384,1561,2377,1554,2378,1553
2375,1580,2376,1579,2385,1587,2383,1588
2372,1706,2374,1708,2355,1728,2352,1726
2374,1848,2376,1850,2355,1871,2353,1869
2376,2172,2377,2171,2384,2178,2383,2179
2373,1967,2375,1969,2342,2003,2340,2000
2374,2156,2376,2158,2366,2168,2364,2166
2372,1895,2373,1896,2365,1905,2364,1903
2361,1648,2375,1661,2365,1671,2351,1658
2399,1858,2385,1871,2376,1861,2389,1848
2388,1847,2362,1872,2352,1862,2377,1836
2372,1754,2373,1755,2366,1762,2365,1761
2384,2049,2386,2051,2365,2072,2363,2070
2361,2074,2362,2075,2354,2084,2353,2082
2373,1572,2372,1573,2365,1566,2366,1565
2386,1774,2385,1775,2376,1767,2378,1766
2374,1763,2373,1764,2365,1757,2366,1755
2361,1695,2362,1696,2342,1717,2341,1716
2362,1885,2363,1886,2355,1895,2354,1893
2364,1822,2363,1823,2354,1815,2355,1814
2364,1845,2363,1846,2354,1838,2356,1837
2361,1955,2363,1957,2330,1991,2328,1988
2372,2037,2373,2038,2353,2059,2351,2057
2349,2062,2350,2063,2342,2072,2341,2070
2353,1439,2354,1438,2361,1445,2360,1446
2360,2212,2383,2190,2389,2196,2365,2218
2352,2196,2365,2183,2373,2190,2359,2203
2362,1537,2361,1538,2354,1531,2355,1530
2374,1786,2373,1787,2364,1779,2366,1778
2362,1776,2361,1777,2353,1770,2354,1768
2349,1683,2350,1684,2330,1705,2329,1704
2350,1850,2351,1851,2343,1860,2342,1859
2350,1873,2351,1874,2343,1883,2342,1881
2366,3461,2366,3623,2343,3623,2343,3461
2348,1943,2350,1945,2318,1978,2316,1976
2352,1857,2350,1859,2330,1839,2332,1837
2349,1730,2350,1731,2343,1738,2342,1737
2362,2027,2363,2028,2343,2049,2341,2047
2337,2050,2338,2051,2330,2060,2329,2058
2351,1951,2349,1953,2329,1934,2331,1931
2341,1450,2342,1449,2349,1456,2348,1457
2362,1798,2361,1799,2352,1791,2354,1790
2351,1786,2350,1787,2342,1780,2343,1778
2350,1549,2349,1550,2342,1543,2343,1542
2361,2143,2364,2146,2319,2190,2316,2188
2314,2193,2315,2194,2307,2203,2305,2201
2341,2207,2342,2206,2349,2213,2348,2214
2337,1671,2338,1672,2330,1681,2329,1680
2337,1838,2338,1839,2330,1848,2329,1847
2338,1861,2339,1862,2331,1871,2330,1869
2337,1932,2339,1934,2318,1955,2316,1953
2338,1719,2339,1720,2332,1727,2331,1726
2339,1870,2338,1871,2329,1863,2331,1862
2349,2014,2351,2016,2331,2037,2328,2034
2326,2039,2327,2040,2319,2049,2318,2047
2339,1963,2338,1964,2329,1956,2330,1955
2328,1463,2329,1462,2336,1469,2335,1470
2339,1560,2338,1561,2331,1554,2332,1553
2339,1798,2338,1799,2330,1792,2331,1790
2325,1826,2326,1827,2318,1836,2317,1835
2328,2220,2329,2219,2336,2226,2335,2227
2338,2003,2339,2004,2319,2025,2317,2023
2314,2027,2315,2028,2307,2037,2306,2035
2326,1849,2327,1850,2319,1859,2318,1857
2325,1920,2328,1923,2307,1944,2304,1941
2323,1686,2324,1687,2318,1694,2317,1692
2326,1707,2327,1708,2320,1715,2319,1714
2326,2205,2327,2206,2319,2215,2317,2213
2316,1475,2317,1474,2324,1481,2323,1482
2326,1810,2325,1811,2317,1804,2318,1802
2313,1648,2314,1649,2306,1658,2305,1657
2316,2232,2317,2231,2324,2238,2323,2239
2314,1695,2315,1696,2308,1703,2307,1702
2316,1871,2315,1872,2306,1864,2307,1863
2315,1894,2314,1895,2305,1887,2307,1886
2326,1991,2327,1992,2307,2013,2305,2011
2302,2015,2303,2016,2295,2025,2294,2023
2317,1964,2316,1965,2307,1957,2308,1956
2326,1437,2282,1478,2275,1470,2319,1430
2316,1986,2314,1988,2295,1969,2297,1967
2305,1486,2306,1485,2313,1492,2312,1493
2327,1833,2326,1834,2317,1826,2319,1825
2314,1822,2313,1823,2305,1816,2306,1814
2305,1905,2302,1908,2282,1888,2285,1885
2304,1911,2305,1910,2314,1918,2312,1919
2320,3463,2320,3642,2299,3642,2299,3463
2304,1998,2302,2000,2283,1981,2285,1979
2338,2097,2363,2122,2354,2132,2328,2107
2326,2085,2364,2123,2331,2156,2293,2118
2314,2096,2351,2133,2318,2167,2281,2129
2314,2170,2315,2171,2308,2179,2306,2178
2303,2108,2328,2133,2295,2166,2270,2141
2289,2121,2327,2159,2295,2191,2257,2153
2277,2133,2315,2171,2283,2203,2245,2165
2266,2145,2291,2171,2271,2191,2245,2165
2254,2157,2267,2170,2259,2179,2245,2165
2324,3334,2324,3365,2289,3365,2289,3334
2293,1498,2294,1497,2301,1504,2300,1505
2315,1845,2314,1846,2305,1838,2307,1837
2302,1834,2301,1835,2293,1828,2294,1826
2292,1923,2293,1922,2314,1942,2312,1944
2293,1917,2291,1919,2271,1899,2273,1897
2303,1857,2296,1864,2287,1856,2295,1849
2291,1845,2290,1846,2282,1839,2283,1837
2292,2011,2291,2012,2271,1993,2272,1991
2281,1510,2282,1509,2289,1516,2288,1517
2280,1935,2282,1933,2302,1953,2300,1955
2280,1930,2279,1931,2270,1923,2272,1922
2268,1947,2271,1944,2291,1964,2288,1967
2280,2023,2278,2025,2258,2006,2260,2003
2267,2192,2268,2193,2260,2202,2259,2201
2269,1941,2268,1942,2259,1934,2261,1933
2270,2034,2268,2036,2248,2017,2250,2014
2258,1958,2260,1956,2280,1976,2278,1978
2271,3463,2271,3618,2254,3618,2254,3463
2255,2180,2256,2181,2248,2190,2247,2189
2255,2204,2256,2205,2248,2214,2247,2212
2257,1952,2256,1953,2247,1945,2249,1944
2257,2047,2255,2049,2234,2029,2236,2027
2246,1970,2248,1968,2268,1988,2266,1990
2244,2169,2245,2170,2237,2179,2236,2178
2243,2192,2244,2193,2236,2202,2235,2200
2245,1964,2244,1965,2235,1957,2237,1956
2246,2058,2244,2060,2224,2041,2226,2038
2303,2062,2316,2075,2307,2085,2293,2072
2291,2050,2316,2075,2295,2096,2270,2071
2278,2037,2317,2076,2284,2109,2245,2070
2265,2097,2278,2110,2270,2119,2257,2105
2244,2050,2291,2097,2259,2130,2211,2083
2253,2085,2267,2099,2247,2119,2233,2105
2242,2075,2279,2112,2248,2143,2211,2106
2231,2063,2279,2111,2235,2155,2187,2107
2218,2074,2255,2112,2224,2143,2187,2105
2208,2086,2232,2110,2211,2131,2187,2107
2196,2098,2209,2111,2201,2120,2187,2106
2233,1982,2234,1981,2255,2001,2253,2003
2232,2157,2233,2158,2225,2167,2224,2166
2221,1946,2234,1933,2244,1942,2231,1956
2231,2180,2232,2181,2224,2190,2223,2188
2233,1976,2232,1977,2223,1969,2225,1968
2234,2071,2233,2072,2212,2052,2213,2051
2221,1994,2222,1993,2243,2013,2241,2015
2196,2168,2236,2208,2228,2217,2188,2177
2185,2181,2222,2218,2213,2227,2176,2190
2219,2145,2220,2146,2212,2155,2211,2154
2220,2169,2221,2170,2213,2179,2212,2177
2221,1989,2220,1990,2211,1982,2213,1981
2225,3463,2225,3602,2210,3602,2210,3463
2221,1939,2220,1940,2211,1932,2213,1930
2209,1958,2211,1956,2221,1966,2219,1968
2209,2006,2210,2005,2231,2025,2229,2027
2208,2157,2209,2158,2201,2167,2200,2165
2207,2133,2208,2134,2200,2143,2199,2142
2219,1645,2231,1718,2207,1722,2195,1649
2210,2071,2209,2072,2200,2064,2201,2063
2209,2001,2208,2002,2199,1994,2201,1993
2218,2050,2220,2052,2188,2084,2186,2082
2184,2086,2185,2087,2177,2096,2175,2094
2205,2228,2206,2229,2199,2237,2197,2236
2209,1951,2208,1952,2199,1944,2201,1942
2197,1970,2199,1968,2209,1978,2207,1980
2197,2018,2198,2017,2219,2037,2217,2039
2196,2121,2197,2122,2189,2131,2188,2130
2196,2145,2197,2146,2189,2155,2188,2153
2197,2013,2196,2014,2187,2006,2189,2005
2198,2083,2197,2084,2188,2076,2189,2075
2186,1935,2187,1934,2196,1942,2194,1944
2297,4046,2297,4830,2155,4830,2155,4046
2157,4210,2157,4663,2099,4663,2099,4210
2196,1963,2195,1964,2186,1956,2188,1954
2185,2030,2186,2029,2207,2049,2205,2051
2174,1993,2187,1980,2197,1989,2184,2003
2184,2109,2185,2110,2177,2119,2176,2118
2184,2133,2185,2134,2177,2143,2176,2141
2184,2156,2186,2158,2165,2179,2163,2177
2194,2217,2195,2218,2188,2226,2186,2225
2183,2228,2184,2229,2177,2237,2175,2236
2186,2024,2185,2025,2176,2017,2178,2016
2173,2042,2176,2039,2196,2059,2193,2062
2184,2062,2185,2063,2177,2072,2175,2070
2172,2074,2173,2075,2165,2084,2163,2082
2184,1975,2183,1976,2174,1968,2176,1966
2172,2097,2173,2098,2165,2107,2164,2106
2172,2121,2173,2122,2165,2131,2164,2129
2172,2144,2174,2146,2153,2167,2151,2165
2174,2036,2173,2037,2164,2029,2166,2028
2182,2205,2183,2206,2176,2214,2174,2213
2170,2215,2171,2216,2164,2224,2162,2223
2171,2194,2172,2195,2165,2203,2163,2202
2179,3463,2179,3601,2165,3601,2165,3463
2162,1936,2165,1933,2184,1953,2182,1956
2173,1986,2172,1987,2163,1979,2165,1977
2161,2054,2164,2051,2184,2071,2181,2074
2161,2086,2162,2087,2154,2096,2153,2095
2163,2047,2162,2048,2153,2040,2155,2039
2151,2016,2163,2004,2173,2014,2161,2026
2160,2109,2161,2110,2153,2119,2152,2117
2208,906,2097,906,2097,883,2208,883
2159,2132,2161,2134,2141,2154,2139,2152
2160,2062,2161,2063,2153,2072,2151,2070
2151,1947,2152,1946,2172,1966,2171,1967
2162,1998,2161,1999,2152,1991,2154,1989
2151,2064,2152,2063,2161,2071,2159,2072
2151,2059,2150,2060,2141,2052,2143,2051
2148,2074,2149,2075,2141,2084,2140,2083
2148,2097,2149,2098,2141,2107,2140,2105
2148,2121,2149,2122,2141,2131,2140,2130
2157,1628,2163,1743,2132,1744,2126,1630
2159,2182,2160,2183,2153,2191,2151,2190
2146,2191,2147,2192,2140,2200,2138,2199
2139,1959,2141,1957,2161,1977,2159,1979
2149,2009,2148,2010,2139,2002,2141,2000
2138,2029,2140,2027,2150,2037,2148,2039
2139,2076,2140,2075,2149,2083,2147,2084
2136,2062,2137,2063,2129,2072,2128,2071
2137,2086,2138,2087,2130,2096,2129,2094
2139,2071,2138,2072,2129,2064,2131,2063
2136,2109,2138,2111,2118,2131,2116,2129
2134,2179,2135,2180,2128,2188,2126,2187
2127,1970,2129,1968,2149,1988,2147,1990
2127,2088,2128,2087,2137,2095,2135,2096
2137,2021,2136,2022,2127,2014,2129,2012
2125,2004,2126,2005,2119,2013,2117,2012
2124,2027,2126,2029,2106,2049,2104,2047
2135,2158,2136,2159,2129,2167,2127,2166
2124,2169,2125,2170,2118,2178,2116,2177
2124,2050,2125,2051,2117,2060,2116,2059
2115,2052,2128,2039,2138,2048,2125,2062
2125,2074,2126,2075,2118,2084,2117,2082
2124,2097,2126,2099,2106,2120,2104,2118
2126,2083,2125,2084,2116,2076,2118,2075
2115,1982,2117,1980,2137,2000,2135,2002
2135,3462,2133,3589,2116,3589,2118,3462
2123,2146,2124,2147,2117,2155,2115,2154
2112,2157,2113,2158,2106,2166,2104,2165
2113,1992,2114,1993,2107,2001,2105,2000
2112,2015,2114,2017,2094,2037,2092,2035
2125,2034,2124,2035,2115,2027,2117,2025
2113,2062,2114,2063,2106,2072,2105,2070
2113,2086,2114,2087,2094,2108,2093,2107
2113,2165,2112,2166,2104,2159,2105,2157
2103,1994,2105,1992,2125,2012,2123,2014
2101,1980,2102,1981,2095,1989,2093,1988
2113,2046,2112,2047,2103,2039,2105,2037
2100,2004,2101,2005,2082,2025,2080,2024
2101,2050,2102,2051,2094,2060,2093,2058
2101,2073,2103,2075,2082,2096,2080,2094
2103,2176,2102,2177,2094,2170,2095,2168
2111,2133,2113,2135,2094,2154,2092,2152
2089,2157,2090,2158,2082,2167,2080,2165
2091,2006,2093,2004,2113,2024,2111,2026
2076,2210,2107,2179,2115,2187,2084,2218
2089,1968,2090,1969,2083,1977,2081,1976
2088,1992,2090,1994,2070,2014,2068,2012
2089,2038,2090,2039,2082,2048,2081,2046
2101,2057,2100,2058,2091,2050,2093,2048
2099,2121,2101,2123,2082,2142,2080,2140
2077,2144,2078,2145,2070,2154,2068,2152
2089,2061,2091,2063,2070,2084,2068,2082
2091,2188,2090,2189,2082,2182,2083,2180
2080,2018,2082,2016,2102,2036,2100,2038
2090,2068,2089,2069,2080,2061,2082,2059
2077,1956,2078,1957,2071,1965,2069,1964
2076,1980,2078,1982,2058,2002,2056,2000
2088,2110,2090,2112,2071,2131,2069,2129
2066,2133,2067,2134,2059,2143,2057,2141
2077,2026,2078,2027,2070,2036,2069,2034
2077,2049,2079,2051,2059,2072,2057,2070
2079,2201,2078,2202,2070,2195,2071,2193
2079,2128,2078,2129,2070,2122,2071,2120
2066,1945,2067,1946,2060,1954,2058,1953
2067,2029,2068,2028,2089,2048,2087,2050
2064,1968,2065,1969,2058,1977,2056,1976
2065,2014,2066,2015,2058,2024,2057,2022
2065,2038,2066,2039,2058,2048,2057,2047
2075,2097,2077,2099,2058,2118,2056,2116
2054,2122,2055,2123,2047,2132,2045,2130
2066,2164,2065,2165,2057,2158,2058,2156
2067,2213,2066,2214,2058,2207,2059,2205
2067,2140,2066,2141,2058,2134,2059,2132
2052,1956,2054,1958,2034,1978,2032,1976
2054,2003,2055,2004,2047,2013,2046,2011
2054,2027,2055,2028,2035,2049,2034,2048
2063,2085,2065,2087,2046,2106,2044,2104
2042,2110,2043,2111,2035,2120,2033,2118
2055,2176,2054,2177,2046,2170,2047,2168
2055,2152,2054,2153,2046,2146,2047,2144
2041,1944,2042,1945,2022,1966,2021,1965
2041,2132,2042,2133,2035,2141,2033,2140
2054,536,2054,635,2019,635,2019,536
2043,2189,2042,2190,2034,2183,2035,2181
2044,2034,2015,2026,2019,2013,2048,2022
2043,2164,2042,2165,2034,2158,2035,2156
2042,2157,2043,2158,2036,2166,2034,2165
2029,2170,2030,2171,2022,2179,2021,2178
2030,1979,2031,1980,2023,1989,2022,1987
2028,1932,2030,1934,2010,1954,2008,1952
2030,2003,2031,2004,2023,2013,2022,2012
2040,2085,2041,2086,2034,2094,2032,2093
2030,2098,2031,2099,2023,2108,2021,2106
1995,2214,2083,2214,2083,2226,1995,2226
2030,2027,2031,2028,2023,2037,2022,2036
2048,1178,1996,1178,1996,1158,2048,1158
2039,2062,2041,2064,2022,2083,2020,2081
2018,2086,2019,2087,2011,2096,2009,2094
2029,2121,2030,2122,2023,2130,2021,2129
2033,2200,2032,2201,2024,2194,2025,2192
2031,2176,2030,2177,2022,2170,2023,2168
2028,2051,2029,2052,2010,2071,2009,2070
2006,2074,2007,2075,1999,2084,1997,2082
2018,1967,2019,1968,2011,1977,2010,1975
2018,2110,2019,2111,2012,2119,2010,2118
2021,2213,2020,2214,2012,2207,2013,2205
2029,2144,2032,2147,2011,2167,2008,2164
2006,2169,2007,2170,1999,2179,1997,2177
2020,2187,2019,2188,2011,2181,2012,2179
2016,2038,2018,2040,1999,2059,1997,2057
1994,2061,1995,2062,1987,2071,1985,2069
2006,1933,2007,1934,1999,1943,1998,1942
2006,2097,2007,2098,2000,2106,1998,2105
2009,546,2016,642,1991,644,1984,548
2017,2132,2019,2134,1998,2154,1996,2152
1994,2156,1995,2157,1987,2166,1985,2164
2008,2199,2007,2200,1999,2193,2000,2191
1993,2086,1994,2087,1987,2095,1985,2094
2005,2120,2008,2123,1988,2142,1985,2140
1983,2144,1984,2145,1976,2154,1974,2152
1994,2039,1995,2040,1988,2048,1986,2047
1983,2050,1984,2051,1976,2060,1974,2058
1996,2211,1995,2212,1987,2205,1988,2203
1981,2074,1982,2075,1975,2083,1973,2082
1981,2026,1982,2027,1975,2035,1973,2034
1971,2038,1972,2039,1964,2048,1962,2046
1995,2110,1996,2111,1976,2131,1975,2130
1971,2132,1972,2133,1964,2142,1962,2140
1983,2098,1984,2099,1977,2107,1975,2106
1971,2109,1972,2110,1964,2118,1963,2117
1971,2086,1972,2087,1965,2095,1963,2094
1969,2014,1970,2015,1963,2023,1961,2022
1969,2062,1970,2063,1963,2071,1961,2070
1979,1671,1979,1680,1945,1679,1945,1670
1977,964,1977,1051,1943,1051,1943,964
1971,2236,1970,2237,1962,2230,1963,2228
1977,1725,1975,1812,1941,1811,1943,1724
1974,3045,1974,3131,1951,3131,1951,3045
1956,2092,1956,2177,1933,2177,1933,2092
1943,2915,1943,2961,1925,2961,1925,2915
1776,1361,2007,1356,2008,1404,1777,1409
1852,2785,1852,2847,1833,2847,1833,2785
1857,2057,1860,2242,1783,2243,1780,2058
1855,3257,1855,3366,1815,3366,1815,3257
2063,3998,2063,4510,1445,4510,1445,3998
2065,4720,2066,4873,1876,4874,1875,4721
1863,4725,1863,4872,1674,4872,1674,4725
1667,4702,1667,4875,1560,4875,1560,4702
1546,4702,1548,4876,1434,4877,1432,4703
1733,1300,1733,1354,1708,1354,1708,1300
1685,1364,1698,1364,1699,1411,1686,1411
1663,1340,1663,1349,1629,1348,1629,1340
1646,763,1643,796,1624,794,1627,761
1661,1478,1658,1661,1623,1660,1626,1477
1657,1720,1656,1807,1622,1806,1623,1720
1670,2407,1669,2426,1627,2425,1628,2406
1655,1862,1655,1871,1621,1870,1621,1862
1668,2489,1666,2575,1623,2574,1625,2488
1660,2741,1660,2830,1636,2830,1636,2741
1663,2623,1663,2634,1621,2633,1621,2622
1606,2957,1551,2957,1551,2937,1606,2937
1569,1815,1565,1875,1518,1871,1522,1812
1557,1985,1549,2091,1501,2087,1509,1981
1187,797,1187,894,1147,894,1147,797
1189,2233,1189,2432,1151,2432,1151,2233
1163,807,1148,894,1088,883,1103,797
1187,1610,1187,1811,1110,1811,1110,1610
1149,2241,1143,2299,1106,2295,1112,2237
1185,2800,1189,3001,1116,3003,1112,2802
905,4006,905,4123,883,4123,883,4006
849,4007,849,4114,767,4114,767,4007
709,1423,709,1573,691,1573,691,1423
849,4163,849,4357,815,4357,815,4163
849,4155,853,4866,707,4867,703,4156
737,4156,737,4817,590,4817,590,4156
622,4436,620,4784,541,4784,543,4436
430,4131,430,4158,409,4158,409,4131
429,4252,429,4269,409,4269,409,4252
429,4483,429,4508,411,4508,411,4483
253,4054,253,4323,230,4323,230,4054
220,4037,220,4284,179,4284,179,4037
244,4236,244,4866,108,4866,108,4236
151,70,151,3693,62,3693,62,70
