3417,3512,3417,3706,3386,3706,3386,3512
3366,3462,3366,3788,3350,3788,3350,3462
3392,4229,3392,4500,3270,4500,3270,4229
3324,3463,3324,3686,3303,3686,3303,3463
3277,3462,3275,3688,3257,3688,3259,3462
3230,3462,3230,3878,3213,3878,3213,3462
3182,3336,3182,3367,3169,3367,3169,3336
3184,3463,3184,3868,3167,3868,3167,3463
3147,3462,3147,3725,3110,3725,3110,3462
3205,4118,3205,4761,3072,4761,3072,4118
3068,4245,3068,4639,3021,4639,3021,4245
3090,3462,3094,3660,3076,3660,3072,3462
3047,3365,3047,3387,3029,3387,3029,3365
3057,3461,3056,3928,3021,3928,3022,3461
3001,3463,3001,3818,2985,3818,2985,3463
2957,3465,2955,3840,2937,3840,2939,3465
2910,3364,2909,3401,2891,3400,2892,3363
2909,3463,2909,3853,2894,3853,2894,3463
2865,3463,2865,3719,2846,3719,2846,3463
2819,3461,2819,3814,2802,3814,2802,3461
2778,3463,2778,3844,2753,3844,2753,3463
2728,3461,2728,3932,2711,3932,2711,3461
2684,3463,2684,3894,2668,3894,2668,3463
2669,1530,2671,1532,2661,1542,2659,1540
2667,1578,2668,1579,2661,1586,2660,1585
2637,1254,2670,1287,2662,1295,2629,1262
2668,2004,2669,2005,2661,2014,2659,2012
2670,2073,2672,2075,2662,2085,2660,2083
2669,1892,2668,1893,2661,1887,2663,1886
2657,1518,2659,1520,2649,1530,2647,1528
2650,1693,2649,1692,2656,1684,2657,1686
2655,1566,2656,1567,2649,1574,2648,1573
2654,1388,2655,1389,2647,1398,2646,1396
2656,1992,2657,1993,2649,2002,2647,2000
2658,2061,2660,2063,2650,2073,2648,2071
2657,1904,2656,1905,2649,1899,2651,1898
2639,1683,2638,1682,2645,1674,2646,1676
2634,1495,2647,1508,2638,1518,2624,1505
2643,1554,2644,1555,2637,1562,2636,1561
2644,1579,2645,1580,2639,1586,2639,1585
2638,1898,2637,1897,2644,1889,2646,1890
2644,2098,2645,2099,2638,2107,2636,2106
2644,1980,2645,1981,2637,1990,2635,1988
2645,1916,2644,1917,2637,1911,2639,1910
2633,1340,2634,1341,2626,1350,2625,1349
2628,1672,2627,1671,2634,1663,2635,1665
2633,1591,2634,1592,2628,1597,2627,1597
2632,1543,2633,1544,2626,1551,2625,1550
2631,1388,2632,1389,2624,1398,2623,1396
2632,1568,2633,1569,2627,1575,2627,1574
2626,1886,2625,1885,2632,1877,2634,1878
2632,2110,2633,2111,2626,2118,2625,2117
2632,1968,2633,1969,2625,1978,2623,1976
2633,1927,2632,1928,2625,1922,2627,1921
2635,3461,2635,3658,2620,3658,2620,3461
2621,1482,2623,1484,2613,1494,2611,1492
2620,1327,2621,1328,2613,1337,2612,1336
2622,1909,2623,1910,2615,1919,2614,1918
2620,1531,2621,1532,2614,1539,2613,1538
2630,1364,2632,1366,2612,1386,2610,1384
2607,1388,2608,1389,2600,1398,2598,1396
2615,1659,2614,1658,2621,1650,2622,1652
2620,1556,2621,1557,2615,1563,2615,1562
2620,1579,2621,1580,2615,1585,2614,1585
2614,1874,2613,1873,2620,1865,2622,1866
2618,1839,2620,1840,2613,1850,2612,1849
2620,1956,2621,1957,2613,1966,2611,1964
2621,1939,2620,1940,2613,1934,2615,1933
2645,2087,2594,2135,2586,2127,2637,2079
2604,1648,2603,1647,2610,1639,2611,1641
2608,1315,2609,1316,2601,1325,2600,1324
2610,1897,2611,1898,2603,1907,2602,1906
2609,1568,2610,1569,2604,1574,2603,1574
2608,1519,2609,1520,2602,1527,2601,1526
2618,1352,2620,1354,2600,1374,2598,1372
2596,1377,2597,1378,2589,1387,2587,1385
2608,1545,2609,1546,2603,1552,2603,1551
2556,1242,2620,1306,2612,1315,2548,1250
2609,2063,2610,2064,2603,2072,2601,2071
2598,1459,2611,1472,2602,1482,2588,1469
2609,1827,2610,1828,2603,1836,2601,1835
2612,2013,2649,2050,2638,2061,2601,2024
2609,1951,2608,1952,2601,1946,2603,1945
2592,1636,2591,1635,2598,1627,2599,1629
2596,1303,2597,1304,2589,1313,2588,1312
2597,1556,2598,1557,2592,1562,2591,1562
2598,1838,2599,1839,2592,1847,2590,1846
2596,1507,2597,1508,2590,1515,2589,1514
2538,1132,2647,1132,2647,1210,2538,1210
2597,1745,2598,1746,2592,1751,2591,1751
2596,1533,2597,1534,2591,1540,2591,1539
2606,1340,2608,1342,2588,1362,2586,1360
2584,1364,2585,1365,2577,1374,2575,1372
2596,2051,2597,2052,2590,2060,2588,2059
2596,1720,2597,1721,2590,1729,2588,1728
2600,2011,2599,2012,2591,2005,2592,2003
2597,1815,2598,1816,2591,1824,2589,1823
2599,2001,2601,2003,2591,2013,2589,2011
2600,1915,2599,1916,2591,1909,2592,1907
2590,1984,2591,1983,2598,1990,2597,1991
2599,1964,2598,1965,2589,1957,2591,1955
2588,2052,2589,2051,2610,2071,2608,2073
2585,1293,2586,1294,2578,1303,2577,1302
2585,1496,2586,1497,2579,1504,2578,1503
2580,1624,2579,1623,2586,1615,2587,1617
2585,1544,2586,1545,2580,1550,2579,1550
2584,1388,2585,1389,2577,1398,2576,1397
2586,1873,2587,1874,2579,1883,2578,1882
2585,1734,2586,1735,2580,1740,2579,1740
2575,1436,2588,1449,2579,1459,2565,1446
2594,1328,2596,1330,2576,1350,2574,1348
2572,1352,2573,1353,2565,1362,2563,1360
2583,1317,2584,1318,2576,1327,2575,1325
2585,1826,2586,1827,2579,1835,2577,1834
2584,2039,2585,2040,2578,2048,2576,2047
2584,1708,2585,1709,2578,1717,2576,1716
2588,2023,2587,2024,2579,2017,2580,2015
2585,1802,2586,1803,2579,1811,2577,1810
2589,3362,2591,3392,2583,3392,2581,3362
2592,3462,2590,3887,2572,3887,2574,3462
2588,1927,2587,1928,2579,1921,2580,1919
2587,1976,2586,1977,2577,1969,2579,1967
2577,1995,2578,1994,2585,2001,2584,2002
2576,2065,2578,2063,2598,2084,2596,2086
2573,1281,2574,1282,2566,1291,2565,1290
2573,1484,2574,1485,2567,1492,2566,1491
2571,1376,2573,1378,2553,1398,2551,1396
2567,1612,2566,1611,2573,1603,2574,1605
2573,1721,2574,1722,2568,1727,2567,1727
2574,1861,2575,1862,2567,1871,2566,1870
2572,1532,2573,1533,2567,1538,2566,1538
2573,1814,2574,1815,2567,1823,2565,1822
2574,1885,2575,1886,2567,1895,2566,1893
2571,2026,2572,2027,2565,2035,2563,2034
2572,1696,2573,1697,2566,1705,2564,1704
2573,1790,2574,1791,2567,1799,2565,1798
2576,1939,2575,1940,2567,1933,2568,1931
2575,1987,2573,1989,2565,1981,2567,1979
2565,2007,2566,2006,2573,2013,2572,2014
2564,2077,2566,2075,2586,2096,2584,2098
2562,1423,2564,1425,2554,1435,2552,1433
2561,1269,2562,1270,2554,1279,2553,1278
2560,1294,2561,1295,2553,1304,2552,1302
2549,1306,2550,1307,2542,1316,2541,1314
2556,1601,2555,1600,2562,1592,2563,1594
2561,1472,2562,1473,2555,1480,2554,1479
2561,1710,2562,1711,2556,1716,2555,1716
2561,1731,2562,1732,2555,1739,2554,1738
2562,1849,2563,1850,2555,1859,2554,1858
2559,1364,2561,1366,2541,1387,2539,1385
2561,1802,2562,1803,2555,1811,2553,1810
2562,1873,2563,1874,2555,1883,2554,1881
2562,1921,2563,1922,2555,1931,2554,1929
2570,1304,2572,1306,2552,1326,2550,1324
2549,1329,2550,1330,2542,1339,2540,1337
2561,1341,2562,1342,2554,1351,2552,1349
2561,1685,2562,1686,2555,1694,2553,1693
2562,1779,2563,1780,2556,1788,2554,1787
2562,1967,2564,1969,2554,1979,2552,1977
2564,2047,2563,2048,2555,2041,2556,2039
2564,1951,2563,1952,2555,1945,2556,1943
2563,1998,2561,2000,2553,1992,2555,1990
2552,2089,2554,2087,2573,2106,2571,2108
2549,1257,2550,1258,2542,1267,2541,1266
2549,1698,2550,1699,2544,1704,2543,1704
2550,1742,2551,1743,2543,1752,2542,1751
2550,1791,2551,1792,2544,1800,2542,1799
2549,1719,2550,1720,2543,1727,2542,1726
2550,1837,2551,1838,2543,1847,2542,1846
2548,1282,2549,1283,2541,1292,2540,1290
2550,1861,2551,1862,2543,1871,2542,1869
2548,1353,2549,1354,2541,1363,2540,1362
2550,1909,2551,1910,2543,1919,2542,1917
2549,1672,2550,1673,2543,1681,2541,1680
2550,1767,2551,1768,2544,1776,2542,1775
2552,2060,2551,2061,2543,2054,2544,2052
2539,1238,2540,1237,2548,1244,2547,1246
2564,2023,2563,2024,2554,2016,2556,2014
2551,2010,2549,2012,2541,2004,2543,2002
2539,1731,2540,1732,2532,1741,2531,1740
2537,1686,2538,1687,2532,1692,2531,1692
2538,1708,2539,1709,2532,1716,2531,1715
2538,1779,2539,1780,2532,1788,2530,1787
2538,1825,2539,1826,2531,1835,2530,1834
2538,1849,2539,1850,2531,1859,2530,1857
2538,1897,2539,1898,2531,1907,2530,1905
2537,1660,2538,1661,2531,1669,2529,1668
2538,1755,2539,1756,2532,1764,2530,1763
2539,1944,2552,1958,2542,1967,2529,1954
2541,2071,2540,2072,2532,2065,2533,2063
2546,3463,2546,3633,2525,3633,2525,3463
2529,1426,2530,1425,2539,1433,2537,1434
2528,1474,2529,1473,2538,1481,2536,1482
2552,2035,2551,2036,2542,2028,2544,2026
2539,2023,2538,2024,2530,2017,2531,2015
2527,1719,2528,1720,2520,1729,2519,1728
2525,1329,2526,1330,2506,1351,2505,1350
2525,1353,2526,1354,2518,1363,2517,1362
2526,1674,2527,1675,2521,1680,2520,1680
2526,1696,2527,1697,2520,1704,2519,1703
2525,1767,2526,1768,2519,1776,2517,1775
2526,1837,2527,1838,2519,1847,2518,1845
2526,1885,2527,1886,2519,1895,2518,1893
2525,1282,2526,1283,2518,1292,2517,1290
2513,1293,2514,1294,2506,1303,2504,1301
2525,1306,2526,1307,2518,1316,2516,1314
2525,1648,2526,1649,2519,1657,2517,1656
2527,1932,2529,1934,2519,1944,2517,1942
2591,4259,2591,4785,2452,4785,2452,4259
2517,1438,2518,1437,2527,1445,2525,1446
2517,1485,2518,1484,2527,1492,2525,1493
2539,2047,2538,2048,2529,2040,2531,2038
2527,2035,2526,2036,2518,2029,2519,2027
2528,2059,2527,2060,2518,2052,2520,2050
2523,1245,2522,1246,2514,1239,2515,1237
2515,1708,2516,1709,2508,1718,2507,1717
2515,1803,2516,1804,2508,1813,2507,1812
2514,1662,2515,1663,2509,1668,2508,1668
2512,1246,2513,1247,2505,1256,2504,1254
2501,1258,2502,1259,2494,1268,2493,1266
2514,1684,2515,1685,2508,1692,2507,1691
2512,1317,2514,1319,2494,1339,2492,1337
2514,1873,2515,1874,2507,1883,2506,1881
2515,1638,2516,1639,2509,1647,2507,1646
2514,1254,2513,1255,2505,1248,2506,1246
2513,1270,2514,1271,2506,1280,2505,1278
2501,1281,2502,1282,2494,1291,2492,1289
2505,1450,2506,1449,2515,1457,2513,1458
2505,1497,2506,1496,2515,1504,2513,1505
2503,1274,2504,1273,2512,1280,2511,1282
2502,1651,2503,1652,2497,1657,2496,1657
2503,1696,2504,1697,2496,1706,2495,1705
2502,1672,2503,1673,2496,1680,2495,1679
2500,1305,2502,1307,2482,1327,2480,1325
2503,1791,2504,1792,2496,1801,2495,1800
2502,1861,2503,1862,2495,1871,2494,1869
2502,1626,2503,1627,2496,1635,2494,1634
2476,1787,2509,1820,2500,1828,2468,1795
2504,1908,2506,1910,2496,1920,2494,1918
2505,2106,2504,2107,2496,2100,2497,2098
2492,1238,2493,1237,2501,1244,2500,1246
2504,2058,2503,2059,2495,2052,2496,2050
2502,1266,2501,1267,2493,1260,2494,1258
2493,1462,2494,1461,2503,1469,2501,1470
2492,1285,2493,1284,2501,1291,2500,1293
2493,1509,2494,1508,2503,1516,2501,1517
2491,1661,2492,1662,2485,1669,2484,1668
2490,1639,2491,1640,2485,1645,2484,1645
2491,1684,2492,1685,2484,1694,2483,1693
2489,1246,2490,1247,2482,1256,2481,1254
2518,1766,2504,1779,2495,1769,2508,1756
2508,1751,2493,1766,2483,1756,2498,1741
2491,1943,2492,1944,2484,1953,2483,1951
2490,1849,2491,1850,2483,1859,2482,1857
2491,1614,2492,1615,2485,1623,2483,1622
2494,2117,2493,2118,2485,2111,2486,2109
2500,3462,2500,3542,2485,3542,2485,3462
2482,1473,2483,1472,2492,1480,2490,1481
2480,1250,2481,1249,2489,1256,2488,1258
2481,1521,2482,1520,2491,1528,2489,1529
2480,1297,2481,1296,2489,1303,2488,1305
2489,1279,2488,1280,2480,1273,2481,1271
2505,2081,2504,2082,2495,2074,2497,2072
2492,2070,2491,2071,2483,2064,2484,2062
2480,1719,2481,1720,2473,1729,2472,1728
2479,1672,2480,1673,2472,1682,2471,1681
2480,1932,2481,1933,2473,1942,2472,1940
2478,1627,2479,1628,2473,1633,2472,1633
2478,1648,2479,1649,2472,1656,2471,1655
2479,1838,2480,1839,2472,1848,2471,1846
2479,2097,2481,2099,2461,2120,2459,2118
2477,1234,2478,1235,2470,1244,2469,1242
2479,2192,2480,2193,2472,2202,2471,2201
2476,1305,2477,1306,2469,1315,2468,1314
2482,2129,2481,2130,2473,2123,2474,2121
2481,1883,2494,1897,2484,1907,2470,1894
2480,1466,2479,1467,2472,1460,2473,1459
2470,1485,2471,1484,2480,1492,2478,1493
2470,1943,2472,1945,2462,1955,2460,1953
2468,1262,2469,1261,2477,1268,2476,1270
2469,1533,2470,1532,2479,1540,2477,1541
2478,1290,2477,1291,2469,1284,2470,1282
2481,2105,2480,2106,2471,2098,2473,2096
2468,1309,2469,1308,2477,1315,2476,1317
2493,2093,2492,2094,2483,2086,2485,2084
2480,2082,2479,2083,2471,2076,2472,2074
2467,1637,2468,1638,2461,1645,2460,1644
2468,1754,2470,1756,2460,1766,2458,1764
2467,1660,2468,1661,2460,1670,2459,1669
2467,1707,2468,1708,2460,1717,2459,1716
2467,2085,2469,2087,2449,2108,2447,2106
2467,2180,2468,2181,2460,2190,2459,2189
2467,1254,2466,1255,2458,1248,2459,1246
2464,1293,2465,1294,2457,1303,2456,1302
2467,2157,2468,2158,2460,2167,2458,2165
2457,1273,2458,1272,2466,1279,2465,1281
2468,1478,2467,1479,2460,1472,2461,1471
2458,1497,2459,1496,2468,1504,2466,1505
2466,1302,2465,1303,2457,1296,2458,1294
2456,1321,2457,1320,2465,1327,2464,1329
2457,1545,2458,1544,2467,1552,2465,1553
2469,2117,2468,2118,2459,2110,2461,2108
2457,1930,2459,1932,2449,1942,2447,1940
2456,1649,2457,1650,2449,1659,2448,1658
2455,1625,2456,1626,2449,1633,2448,1632
2450,2133,2449,2132,2457,2123,2458,2124
2455,1695,2456,1696,2448,1705,2447,1704
2455,2074,2458,2077,2437,2097,2435,2095
2456,2169,2457,2170,2449,2179,2448,2178
2455,1266,2454,1267,2446,1260,2447,1258
2444,1730,2458,1743,2447,1754,2433,1741
2494,1788,2492,1790,2482,1780,2484,1778
2495,1788,2468,1815,2436,1782,2463,1755
2447,1787,2446,1788,2437,1780,2439,1778
2458,2154,2457,2155,2449,2148,2450,2146
2455,2145,2456,2146,2448,2155,2446,2153
2456,1244,2454,1245,2447,1237,2449,1236
2457,1442,2456,1443,2449,1436,2450,1435
2446,1331,2447,1330,2455,1337,2454,1339
2445,1285,2446,1284,2454,1291,2453,1293
2456,1490,2455,1491,2448,1484,2449,1483
2446,1509,2447,1508,2456,1516,2454,1517
2454,1314,2453,1315,2445,1308,2446,1306
2445,1557,2446,1556,2455,1564,2453,1565
2457,2129,2456,2130,2447,2122,2449,2120
2443,1613,2444,1614,2437,1621,2436,1620
2445,1918,2447,1920,2437,1930,2435,1928
2443,1637,2444,1638,2436,1647,2435,1646
2443,1683,2444,1684,2436,1693,2435,1692
2444,1777,2445,1778,2437,1787,2436,1786
2444,1896,2445,1897,2437,1906,2436,1904
2447,1762,2446,1763,2437,1755,2439,1754
2444,2063,2445,2064,2425,2085,2424,2084
2477,978,2477,1090,2400,1090,2400,978
2437,2120,2436,2119,2444,2110,2445,2111
2443,2157,2444,2158,2436,2167,2435,2166
2443,1279,2442,1280,2434,1273,2435,1271
2445,1848,2447,1850,2437,1860,2435,1858
2443,1944,2444,1945,2436,1954,2434,1952
2444,1975,2443,1976,2435,1969,2436,1967
2455,3460,2455,3648,2437,3648,2437,3460
2445,1454,2444,1455,2437,1448,2438,1447
2445,1501,2444,1502,2437,1495,2438,1494
2443,1255,2441,1256,2434,1248,2436,1247
2433,1344,2434,1343,2453,1362,2452,1363
2434,1521,2435,1520,2444,1528,2442,1529
2432,1297,2433,1296,2441,1303,2440,1305
2434,1568,2435,1567,2444,1575,2442,1576
2431,1625,2432,1626,2424,1635,2423,1634
2431,1765,2433,1767,2414,1786,2412,1784
2432,1884,2433,1885,2425,1894,2424,1892
2432,2051,2433,2052,2413,2073,2412,2072
2426,2109,2425,2108,2433,2099,2434,2100
2421,1706,2435,1719,2424,1730,2410,1717
2432,1290,2431,1291,2423,1284,2424,1282
2431,2145,2432,2146,2424,2155,2423,2154
2435,1774,2433,1776,2412,1756,2414,1754
2434,1986,2433,1987,2425,1980,2426,1978
2432,2122,2433,2123,2425,2132,2423,2130
2433,1466,2432,1467,2425,1460,2426,1459
2432,1513,2431,1514,2424,1507,2425,1506
2423,1579,2424,1578,2433,1586,2431,1587
2422,1533,2423,1532,2432,1540,2430,1541
2421,1356,2422,1355,2441,1374,2440,1375
2430,1266,2428,1267,2421,1259,2423,1258
2420,1309,2421,1308,2429,1315,2428,1317
2432,1933,2433,1934,2425,1943,2423,1941
2420,1944,2421,1945,2413,1954,2411,1952
2430,1338,2429,1339,2421,1332,2422,1330
2420,1754,2421,1755,2403,1775,2401,1773
2457,1823,2443,1836,2422,1815,2436,1801
2435,1800,2421,1813,2413,1805,2427,1791
2414,2098,2413,2097,2421,2088,2422,2089
2419,2038,2421,2040,2401,2061,2399,2059
2420,2180,2422,2182,2412,2192,2410,2190
2420,1301,2419,1302,2411,1295,2412,1293
2423,1786,2421,1788,2400,1768,2402,1766
2413,2215,2412,2214,2419,2206,2421,2207
2422,1998,2421,1999,2413,1992,2414,1990
2420,2110,2421,2111,2413,2120,2411,2118
2410,1320,2411,1319,2419,1326,2418,1328
2420,1348,2419,1349,2411,1342,2412,1340
2421,1524,2420,1525,2413,1518,2414,1517
2409,1368,2410,1367,2429,1386,2428,1387
2421,3344,2421,3371,2409,3371,2409,3344
2420,1479,2419,1480,2412,1473,2413,1472
2410,1545,2411,1544,2420,1552,2418,1553
2409,1593,2410,1592,2419,1600,2417,1601
2420,1739,2419,1740,2411,1733,2412,1731
2410,1884,2412,1886,2402,1896,2400,1894
2420,1921,2421,1922,2413,1931,2411,1929
2408,1932,2409,1933,2401,1942,2399,1940
2408,1648,2409,1649,2401,1658,2400,1657
2408,1742,2409,1743,2391,1763,2389,1761
2402,2086,2401,2085,2409,2076,2410,2077
2397,1684,2411,1697,2401,1707,2387,1694
2407,2027,2409,2029,2389,2049,2387,2047
2408,2122,2409,2123,2401,2132,2400,2131
2411,2010,2410,2011,2402,2004,2403,2002
2408,1314,2407,1315,2399,1308,2400,1306
2402,2205,2401,2204,2408,2196,2410,2197
2411,1799,2409,1801,2388,1780,2390,1778
2407,2004,2408,2005,2401,2013,2399,2012
2408,2098,2409,2099,2401,2108,2399,2106
2397,2157,2410,2170,2401,2180,2387,2167
2408,1360,2407,1361,2399,1354,2400,1352
2397,1380,2399,1378,2417,1396,2415,1399
2409,1490,2408,1491,2401,1484,2402,1483
2397,1332,2398,1331,2406,1338,2405,1340
2399,1556,2400,1555,2409,1563,2407,1564
2408,1537,2407,1538,2400,1531,2401,1530
2409,1750,2408,1751,2400,1744,2401,1742
2397,1730,2400,1733,2380,1754,2377,1751
2412,1846,2410,1848,2400,1838,2402,1836
2398,1872,2400,1874,2390,1884,2388,1882
2408,1909,2409,1910,2401,1919,2399,1917
2396,1920,2397,1921,2389,1930,2387,1928
2396,1637,2397,1638,2389,1647,2388,1646
2395,2014,2397,2016,2377,2036,2375,2034
2390,2074,2389,2073,2397,2064,2398,2065
2396,2110,2397,2111,2389,2120,2388,2119
2390,2193,2389,2192,2396,2184,2398,2185
2397,1779,2398,1780,2391,1787,2390,1786
2349,1489,2405,1434,2411,1439,2355,1495
2399,1811,2398,1812,2377,1792,2378,1791
2399,2023,2398,2024,2390,2017,2391,2015
2395,1992,2396,1993,2389,2001,2387,2000
2407,3461,2407,3740,2391,3740,2391,3461
2396,2086,2397,2087,2389,2096,2387,2094
2397,1502,2396,1503,2389,1496,2390,1495
2387,1568,2388,1567,2397,1575,2395,1576
2397,1897,2398,1898,2390,1907,2388,1905
2384,1908,2385,1909,2377,1918,2375,1916
2385,1672,2387,1674,2377,1684,2375,1682
2397,1762,2396,1763,2388,1756,2389,1754
2384,1718,2386,1720,2367,1740,2364,1738
2385,1837,2386,1838,2378,1847,2377,1845
2386,1860,2388,1862,2378,1872,2376,1870
2387,1750,2386,1751,2378,1744,2379,1742
2378,2062,2377,2061,2385,2052,2386,2053
2383,2002,2385,2004,2365,2024,2363,2022
2385,2098,2386,2099,2378,2108,2377,2107
2385,1766,2386,1767,2379,1774,2378,1773
2387,1822,2385,1824,2365,1804,2367,1802
2387,2036,2386,2037,2378,2030,2379,2028
2383,1980,2384,1981,2377,1989,2375,1988
2384,2074,2385,2075,2377,2084,2375,2082
2386,1513,2385,1514,2378,1507,2379,1506
2385,1560,2384,1561,2377,1554,2378,1553
2375,1580,2376,1579,2385,1587,2383,1588
2385,1774,2384,1775,2376,1768,2377,1766
2385,1885,2386,1886,2378,1895,2376,1893
2372,1896,2373,1897,2365,1906,2363,1904
2383,1385,2382,1386,2374,1379,2375,1377
2376,2173,2377,2172,2384,2178,2382,2179
2374,1848,2376,1850,2366,1860,2364,1858
2372,1706,2374,1708,2355,1728,2352,1726
2371,1365,2372,1366,2364,1375,2363,1373
2410,1868,2396,1881,2376,1860,2390,1847
2387,1846,2373,1859,2365,1851,2379,1837
2366,2050,2365,2049,2373,2040,2374,2041
2361,1648,2375,1661,2365,1671,2351,1658
2375,1763,2374,1764,2366,1757,2367,1755
2372,1991,2375,1994,2354,2014,2352,2012
2372,2085,2373,2086,2365,2095,2364,2094
2360,2212,2383,2190,2389,2196,2365,2218
2372,1754,2373,1755,2366,1762,2365,1761
2371,1968,2372,1969,2365,1977,2363,1976
2372,2062,2373,2063,2365,2072,2363,2070
2374,1572,2373,1573,2366,1566,2367,1565
2374,1785,2373,1786,2365,1779,2366,1777
2373,1873,2374,1874,2366,1883,2364,1881
2362,1885,2363,1886,2355,1895,2353,1893
2364,2184,2365,2183,2372,2189,2370,2190
2372,1396,2371,1397,2363,1390,2364,1388
2361,1695,2362,1696,2342,1717,2341,1716
2359,1353,2360,1354,2352,1363,2351,1361
2363,1445,2362,1446,2354,1439,2356,1438
2364,1822,2363,1823,2354,1815,2355,1814
2354,2039,2353,2038,2361,2029,2362,2030
2364,1845,2363,1846,2354,1838,2356,1837
2363,1775,2362,1776,2354,1769,2355,1767
2361,2074,2362,2075,2354,2084,2353,2083
2360,1981,2361,1982,2342,2002,2340,2001
2360,1957,2361,1958,2354,1966,2352,1965
2360,2049,2361,2050,2353,2059,2351,2057
2350,2109,2363,2122,2354,2132,2340,2119
2362,1537,2361,1538,2354,1531,2355,1530
2362,1797,2361,1798,2353,1791,2354,1789
2364,1869,2363,1870,2354,1862,2356,1860
2361,1861,2362,1862,2354,1871,2352,1869
2350,1873,2351,1874,2343,1883,2341,1881
2352,2196,2353,2195,2360,2201,2358,2202
2352,1456,2351,1457,2343,1450,2345,1449
2348,1385,2350,1387,2341,1397,2338,1395
2349,1683,2350,1684,2330,1705,2329,1704
2347,1341,2348,1342,2340,1351,2339,1349
2352,1786,2351,1787,2343,1780,2344,1778
2366,3461,2366,3623,2343,3623,2343,3461
2342,2027,2341,2026,2349,2017,2350,2018
2348,1969,2349,1970,2330,1990,2328,1989
2352,1952,2351,1953,2342,1945,2343,1944
2349,2155,2352,2158,2319,2190,2316,2188
2313,2192,2314,2193,2306,2202,2305,2200
2349,1730,2350,1731,2343,1738,2342,1737
2348,2062,2349,2063,2341,2072,2340,2071
2352,1857,2350,1859,2330,1839,2332,1837
2342,1759,2343,1758,2350,1765,2349,1766
2350,2039,2351,2040,2343,2049,2341,2047
2348,1944,2349,1945,2342,1953,2340,1952
2350,1549,2349,1550,2342,1543,2343,1542
2350,1809,2349,1810,2341,1803,2342,1801
2350,1850,2351,1851,2343,1860,2341,1858
2338,1861,2339,1862,2331,1871,2329,1869
2340,1922,2341,1921,2350,1929,2348,1930
2331,2134,2329,2132,2339,2122,2341,2124
2340,2208,2341,2207,2348,2213,2346,2214
2337,1671,2338,1672,2330,1681,2329,1680
2331,2016,2330,2015,2338,2006,2339,2007
2338,2097,2340,2099,2330,2109,2328,2107
2340,1468,2339,1469,2331,1462,2333,1461
2335,1329,2336,1330,2328,1339,2327,1337
2340,1799,2339,1800,2331,1793,2332,1791
2336,1956,2338,1958,2318,1978,2316,1976
2338,2144,2340,2146,2308,2179,2305,2177
2301,2180,2302,2181,2294,2190,2293,2188
2338,1719,2339,1720,2332,1727,2331,1726
2339,1870,2338,1871,2329,1863,2331,1862
2336,2050,2337,2051,2329,2060,2328,2059
2339,1965,2338,1966,2329,1958,2330,1957
2338,1837,2339,1838,2331,1847,2329,1845
2326,1849,2327,1850,2319,1859,2317,1857
2336,1932,2337,1933,2330,1941,2328,1940
2339,1560,2338,1561,2331,1554,2332,1553
2330,1771,2331,1770,2338,1777,2337,1778
2315,1380,2333,1398,2325,1407,2307,1388
2337,2026,2338,2027,2330,2036,2328,2034
2338,1821,2337,1822,2329,1815,2330,1813
2328,2220,2329,2219,2336,2225,2334,2226
2325,1945,2326,1946,2318,1955,2317,1954
2326,2085,2328,2087,2318,2097,2316,2095
2325,2039,2326,2040,2318,2049,2317,2048
2313,1352,2327,1365,2317,1375,2303,1362
2323,1317,2324,1318,2316,1327,2315,1325
2325,2204,2326,2205,2318,2214,2317,2212
2328,1811,2327,1812,2319,1805,2320,1803
2323,1686,2324,1687,2318,1694,2317,1692
2326,1707,2327,1708,2320,1715,2319,1714
2326,1825,2327,1826,2319,1835,2317,1833
2324,1920,2325,1921,2318,1929,2316,1928
2326,2015,2327,2016,2319,2025,2317,2023
2317,1783,2318,1782,2325,1789,2324,1790
2317,2231,2318,2230,2325,2236,2323,2237
2325,1834,2324,1835,2316,1828,2317,1826
2316,1443,2315,1444,2308,1438,2309,1437
2313,1648,2314,1649,2306,1658,2305,1657
2316,1492,2315,1493,2307,1486,2309,1485
2306,2110,2304,2108,2314,2098,2316,2100
2311,1305,2312,1306,2304,1315,2303,1313
2316,1823,2315,1824,2307,1817,2308,1815
2313,2027,2314,2028,2306,2037,2305,2036
2316,1871,2315,1872,2306,1864,2307,1863
2312,1933,2313,1934,2305,1943,2304,1942
2314,1695,2315,1696,2308,1703,2307,1702
2317,1988,2316,1989,2307,1981,2308,1980
2313,2145,2314,2146,2295,2166,2293,2165
2290,2169,2291,2170,2283,2179,2282,2177
2315,1894,2314,1895,2305,1887,2307,1886
2303,2062,2316,2075,2307,2085,2293,2072
2314,2003,2315,2004,2307,2013,2305,2011
2303,2109,2316,2122,2307,2132,2293,2119
2289,2121,2302,2134,2294,2143,2281,2129
2277,2133,2290,2146,2283,2154,2269,2141
2266,2145,2279,2158,2271,2167,2258,2153
2306,1793,2307,1792,2314,1799,2313,1800
2314,1845,2313,1846,2305,1839,2306,1837
2304,1912,2306,1910,2338,1942,2336,1944
2320,3463,2320,3642,2299,3642,2299,3463
2300,1294,2301,1295,2293,1304,2292,1302
2300,1340,2302,1342,2293,1352,2290,1350
2304,1836,2303,1837,2295,1830,2296,1828
2305,2000,2304,2001,2295,1993,2296,1992
2305,1905,2302,1908,2282,1888,2285,1885
2324,3334,2324,3365,2289,3365,2289,3334
2301,2015,2302,2016,2294,2025,2293,2024
2294,2098,2280,2085,2290,2075,2304,2088
2293,1805,2294,1804,2301,1811,2300,1812
2299,1396,2263,1367,2269,1360,2305,1389
2302,1857,2301,1858,2293,1851,2294,1849
2292,1924,2295,1921,2315,1941,2312,1944
2293,1467,2292,1468,2285,1462,2286,1461
2291,2050,2293,2052,2283,2062,2281,2060
2293,1516,2292,1517,2284,1510,2286,1509
2290,2096,2293,2099,2260,2131,2257,2129
2254,2133,2255,2134,2247,2143,2246,2141
2293,2012,2292,2013,2283,2005,2284,2004
2293,1917,2291,1919,2271,1899,2273,1897
2290,2192,2291,2193,2283,2202,2282,2201
2282,1816,2283,1815,2290,1822,2289,1823
2291,1868,2290,1869,2282,1862,2283,1860
2279,1935,2281,1933,2314,1965,2311,1968
2271,2075,2269,2073,2279,2063,2281,2065
2278,2037,2280,2039,2270,2049,2268,2047
2276,1270,2277,1271,2269,1280,2268,1278
2281,2024,2280,2025,2271,2017,2272,2016
2280,1930,2279,1931,2270,1923,2272,1922
2278,1254,2277,1255,2268,1247,2269,1246
2277,2180,2279,2182,2259,2202,2257,2200
2267,2073,2280,2086,2271,2096,2257,2083
2253,2085,2266,2098,2258,2107,2245,2093
2242,2098,2255,2111,2248,2119,2234,2106
2230,2109,2243,2122,2235,2131,2222,2117
2278,1881,2277,1882,2269,1875,2270,1873
2268,1946,2270,1944,2303,1976,2300,1979
2259,2063,2257,2061,2267,2051,2269,2053
2266,2168,2268,2170,2248,2190,2246,2188
2266,1266,2265,1267,2256,1259,2257,1258
2270,1286,2239,1320,2218,1301,2249,1267
2269,1941,2268,1942,2259,1934,2261,1933
2268,2036,2267,2037,2258,2029,2259,2028
2256,1958,2258,1956,2291,1988,2288,1991
2271,3463,2271,3618,2254,3618,2254,3463
2258,2047,2257,2048,2248,2040,2249,2039
2255,2157,2257,2159,2237,2179,2235,2177
2257,1952,2256,1953,2247,1945,2249,1944
2244,2050,2257,2063,2248,2073,2234,2060
2231,2063,2244,2076,2236,2085,2223,2071
2218,2074,2231,2087,2224,2095,2210,2082
2207,2086,2220,2099,2211,2107,2199,2094
2244,1970,2246,1968,2279,2000,2276,2003
2243,2145,2245,2147,2225,2167,2223,2165
2242,1337,2241,1338,2233,1331,2234,1329
2246,2059,2245,2060,2236,2052,2237,2051
2245,1964,2244,1965,2235,1957,2237,1956
2233,1981,2234,1980,2267,2012,2265,2014
2221,1946,2234,1933,2244,1942,2231,1956
2231,2133,2232,2134,2212,2155,2211,2154
2230,1350,2229,1351,2221,1344,2222,1342
2246,1399,2250,1618,2216,1619,2212,1400
2234,2071,2233,2072,2224,2064,2225,2063
2233,1976,2232,1977,2223,1969,2225,1968
2230,2227,2231,2228,2223,2237,2222,2235
2242,2192,2243,2193,2223,2214,2221,2212
2219,2216,2220,2217,2212,2226,2211,2224
2222,1994,2224,1992,2256,2024,2254,2026
2218,2050,2220,2052,2200,2072,2198,2070
2196,2075,2197,2076,2189,2085,2188,2083
2219,2121,2220,2122,2200,2143,2199,2142
2221,1989,2220,1990,2211,1982,2213,1981
2220,1360,2219,1361,2211,1354,2212,1352
2216,1281,2290,1355,2281,1363,2208,1289
2217,1305,2266,1354,2258,1362,2209,1313
2225,3463,2225,3602,2210,3602,2210,3463
2209,1958,2211,1956,2221,1966,2219,1968
2209,2005,2210,2004,2243,2036,2241,2038
2222,1942,2208,1955,2198,1945,2211,1931
2207,2109,2209,2111,2189,2131,2187,2129
2208,1372,2207,1373,2199,1366,2200,1364
2213,1642,2230,1718,2208,1723,2192,1647
2230,2180,2232,2182,2187,2227,2185,2224
2183,2228,2184,2229,2177,2237,2175,2236
2209,2001,2208,2002,2199,1994,2201,1993
2197,1970,2199,1968,2209,1978,2207,1980
2198,2018,2200,2016,2232,2048,2230,2050
2197,2013,2196,2014,2187,2006,2189,2005
2218,2168,2220,2170,2175,2215,2173,2212
2170,2215,2171,2216,2164,2224,2162,2223
2194,2097,2196,2099,2176,2119,2174,2117
2195,1385,2194,1386,2186,1379,2187,1377
2207,2156,2209,2158,2177,2191,2174,2188
2171,2194,2172,2195,2165,2203,2163,2202
2186,1935,2187,1934,2196,1942,2194,1944
2186,2030,2188,2028,2220,2060,2218,2062
2184,2063,2185,2064,2177,2073,2176,2071
2174,1993,2187,1980,2197,1989,2184,2003
2198,1965,2184,1978,2175,1968,2188,1955
2181,1246,2194,1259,2186,1268,2173,1254
2170,1258,2183,1272,2176,1279,2163,1265
2186,2024,2185,2025,2176,2017,2178,2016
2183,2086,2184,2087,2165,2107,2163,2106
2173,2041,2175,2039,2208,2071,2205,2074
2195,2144,2198,2147,2153,2191,2150,2188
2146,2191,2147,2192,2140,2200,2138,2199
2172,2075,2173,2076,2154,2096,2152,2095
2174,2036,2173,2037,2164,2029,2166,2028
2183,2133,2184,2134,2164,2155,2162,2153
2160,2157,2161,2158,2153,2167,2152,2165
2179,3463,2179,3601,2165,3601,2165,3463
2162,1936,2165,1933,2185,1953,2182,1956
2161,2053,2163,2051,2196,2083,2193,2086
2175,1988,2161,2001,2151,1991,2164,1977
2151,2016,2163,2004,2173,2014,2161,2026
2163,2047,2162,2048,2153,2040,2155,2039
2207,905,2095,903,2095,882,2207,884
2159,2062,2161,2064,2141,2084,2139,2082
2151,1947,2152,1946,2172,1966,2171,1967
2150,2064,2151,2063,2160,2071,2158,2073
2151,2059,2150,2060,2141,2052,2143,2051
2158,1625,2164,1740,2131,1742,2125,1627
2160,2110,2161,2111,2153,2120,2151,2118
2148,2121,2149,2122,2141,2131,2139,2129
2171,2121,2173,2123,2128,2168,2126,2165
2124,2169,2125,2170,2118,2178,2116,2177
2139,1959,2140,1958,2160,1978,2159,1979
2151,2012,2149,2014,2139,2004,2141,2002
2138,2029,2140,2027,2150,2037,2148,2039
2138,2076,2139,2075,2148,2083,2146,2085
2136,2062,2137,2063,2129,2072,2128,2071
2139,2071,2138,2072,2129,2064,2131,2063
2134,1387,2135,1388,2127,1397,2126,1396
2124,2211,2145,2193,2150,2199,2129,2217
2134,2179,2135,2180,2128,2188,2126,2187
2128,1970,2129,1969,2149,1989,2148,1990
2137,2235,2135,2236,2129,2227,2131,2226
2125,2004,2126,2005,2119,2013,2117,2012
2124,2026,2126,2028,2106,2049,2104,2047
2126,2088,2127,2087,2136,2095,2134,2097
2124,2050,2125,2051,2117,2060,2116,2059
2138,2024,2124,2037,2115,2027,2128,2014
2115,2052,2128,2039,2138,2048,2125,2062
2126,2083,2125,2084,2116,2076,2118,2075
2115,1982,2117,1980,2137,2000,2135,2002
2135,3462,2133,3589,2116,3589,2118,3462
2147,2097,2150,2100,2095,2155,2092,2152
2089,2157,2090,2158,2082,2167,2080,2165
2123,2146,2124,2147,2117,2155,2115,2154
2112,2157,2113,2158,2106,2166,2104,2165
2113,1992,2114,1993,2107,2001,2105,2000
2113,2015,2114,2016,2094,2037,2093,2036
2136,2085,2138,2087,2082,2143,2080,2141
2077,2144,2078,2145,2070,2154,2068,2152
2103,1994,2105,1992,2125,2012,2123,2014
2112,2165,2111,2166,2103,2159,2104,2157
2100,1353,2101,1354,2093,1363,2092,1362
2101,1980,2102,1981,2095,1989,2093,1988
2101,2003,2102,2004,2082,2025,2081,2024
2124,2073,2127,2076,2071,2132,2068,2129
2066,2133,2067,2134,2059,2143,2057,2141
2129,574,2129,676,2060,676,2060,574
2115,2047,2113,2049,2103,2039,2105,2037
2098,1329,2099,1330,2091,1339,2090,1337
2102,2176,2101,2177,2093,2170,2094,2168
2091,2006,2093,2004,2113,2024,2111,2026
2076,2210,2107,2179,2115,2187,2084,2218
2089,1968,2090,1969,2083,1977,2081,1976
2089,1991,2091,1993,2071,2014,2069,2012
2112,2061,2114,2063,2058,2119,2056,2117
2054,2122,2055,2123,2047,2132,2045,2130
2086,1246,2087,1247,2080,1255,2079,1254
2086,1317,2087,1318,2079,1327,2078,1325
2087,1341,2088,1342,2080,1351,2079,1350
2087,1388,2088,1389,2080,1398,2079,1396
2090,2188,2089,2189,2081,2182,2082,2180
2079,2017,2080,2016,2101,2036,2099,2038
2100,2049,2102,2051,2046,2107,2044,2105
2042,2110,2043,2111,2035,2120,2033,2118
2077,1956,2078,1957,2071,1965,2069,1964
2074,1234,2075,1235,2068,1243,2067,1242
2075,1306,2076,1307,2068,1316,2067,1314
2076,1979,2078,1981,2058,2002,2056,2000
2075,1329,2076,1330,2068,1339,2067,1338
2075,1376,2076,1377,2068,1386,2067,1384
2077,2026,2078,2027,2070,2036,2068,2034
2065,2038,2066,2039,2058,2048,2056,2046
2078,2200,2077,2201,2069,2194,2070,2192
2067,2029,2069,2027,2089,2048,2087,2050
2068,2124,2069,2123,2077,2130,2076,2132
2069,2171,2070,2170,2078,2178,2077,2179
2066,1945,2067,1946,2060,1954,2058,1953
2088,2037,2092,2041,2036,2096,2032,2093
2030,2098,2031,2099,2023,2108,2021,2106
2063,1294,2064,1295,2056,1304,2055,1302
2063,1317,2064,1318,2056,1327,2055,1326
2064,1968,2065,1969,2058,1977,2056,1976
2063,1364,2064,1365,2056,1374,2055,1372
2066,2164,2065,2165,2057,2158,2058,2156
2066,2213,2065,2214,2057,2207,2058,2205
2056,2136,2057,2135,2065,2142,2064,2144
2056,2183,2057,2182,2065,2190,2064,2191
2051,1282,2052,1283,2044,1292,2043,1290
2052,1306,2053,1307,2045,1316,2044,1315
2051,1352,2052,1353,2044,1362,2043,1360
2052,1956,2054,1958,2034,1978,2032,1976
2054,2004,2055,2005,2047,2014,2045,2012
2055,2176,2054,2177,2046,2170,2047,2168
2065,2014,2067,2016,2011,2072,2009,2070
2006,2074,2007,2075,1999,2084,1997,2082
2044,2148,2045,2147,2053,2154,2052,2156
2044,2195,2045,2194,2053,2202,2052,2203
2041,1944,2042,1945,2022,1966,2021,1965
2040,1271,2041,1272,2033,1281,2032,1279
2041,2132,2042,2133,2035,2141,2033,2140
2039,1293,2040,1294,2032,1303,2031,1302
2039,1340,2040,1341,2032,1350,2031,1348
2043,2189,2042,2190,2034,2183,2035,2181
2032,2159,2033,2158,2041,2165,2040,2167
2042,2157,2043,2158,2036,2166,2034,2165
2029,2169,2030,2170,2023,2178,2021,2177
2031,2206,2032,2205,2040,2213,2039,2214
2027,1258,2028,1259,2020,1268,2019,1266
2028,1329,2029,1330,2021,1339,2020,1337
2027,1281,2028,1282,2020,1291,2019,1290
2028,1353,2029,1354,2021,1363,2020,1362
2028,1932,2030,1934,2010,1954,2008,1952
2029,2121,2030,2122,2023,2130,2021,2129
2049,1180,1994,1180,1994,1155,2049,1155
2030,1979,2031,1980,2023,1989,2021,1987
2030,2003,2031,2004,2023,2013,2021,2011
2040,2062,2043,2065,2024,2084,2021,2081
2018,2086,2019,2087,2011,2096,2009,2094
2033,2200,2032,2201,2024,2194,2025,2192
2020,2171,2021,2170,2029,2177,2028,2179
2016,1247,2017,1248,2009,1257,2008,1255
2018,2110,2019,2111,2012,2119,2010,2118
2016,1271,2017,1272,2009,1281,2008,1280
2016,1317,2017,1318,2009,1327,2008,1325
2044,2029,1996,2029,1996,2014,2044,2014
2016,1341,2017,1342,2009,1351,2008,1350
2029,2026,2031,2028,1999,2060,1997,2058
1994,2061,1995,2062,1987,2071,1985,2069
2018,1967,2019,1968,2011,1977,2009,1975
2021,2213,2020,2214,2012,2207,2013,2205
2029,2144,2032,2147,2012,2167,2009,2164
2006,2169,2007,2170,1999,2179,1997,2177
2018,2133,2019,2134,1999,2154,1998,2153
1994,2156,1995,2157,1987,2166,1985,2164
1953,2215,2079,2213,2079,2225,1953,2227
2008,2183,2009,2182,2017,2189,2016,2191
2006,1933,2007,1934,1999,1943,1998,1942
2006,2097,2007,2098,2000,2106,1998,2105
2004,1235,2005,1236,1997,1245,1996,1243
2004,1259,2005,1260,1997,1269,1996,1268
2004,1305,2005,1306,1997,1315,1996,1313
2004,1329,2005,1330,1997,1339,1996,1338
1996,2195,1997,2194,2005,2201,2004,2203
1992,1247,1993,1248,1985,1257,1984,1256
1992,1293,1993,1294,1985,1303,1984,1301
2005,2120,2008,2123,1988,2143,1985,2140
1983,2144,1984,2145,1976,2154,1974,2152
1993,2086,1994,2087,1987,2095,1985,2094
1991,1317,1992,1318,1984,1327,1983,1326
1994,2039,1995,2040,1988,2048,1986,2047
1983,2050,1984,2051,1976,2060,1974,2058
1984,2207,1985,2206,1993,2213,1992,2215
1995,2110,1996,2111,1976,2131,1975,2130
1971,2132,1972,2133,1964,2142,1962,2140
1980,1281,1981,1282,1973,1291,1972,1289
1980,1306,1981,1307,1973,1316,1972,1315
1981,2074,1982,2075,1975,2083,1973,2082
1983,2098,1984,2099,1977,2107,1975,2106
1971,2109,1972,2110,1965,2118,1963,2117
1981,2026,1982,2027,1975,2035,1973,2034
1971,2038,1972,2039,1964,2048,1962,2046
1971,2086,1972,2087,1965,2095,1963,2094
1969,2014,1970,2015,1963,2023,1961,2022
1969,2062,1970,2063,1963,2071,1961,2070
1977,964,1975,1049,1942,1048,1944,963
1979,1671,1979,1680,1945,1679,1945,1670
1960,2230,1961,2229,1969,2236,1968,2238
1977,1725,1975,1812,1941,1811,1943,1724
1974,3045,1974,3131,1951,3131,1951,3045
1941,1296,1912,1325,1906,1319,1935,1290
1956,2092,1956,2177,1933,2177,1933,2092
1943,2915,1943,2963,1926,2963,1926,2915
1917,1342,1916,1343,1909,1337,1910,1336
1915,1370,1913,1371,1907,1362,1909,1361
1901,1359,1900,1360,1893,1354,1894,1353
1888,1341,1889,1342,1881,1351,1880,1349
1896,1295,1840,1241,1847,1233,1904,1287
1889,1371,1888,1372,1881,1366,1882,1365
1876,1329,1877,1330,1869,1339,1868,1337
1871,1363,1870,1362,1877,1354,1879,1355
1878,1289,1877,1290,1869,1283,1870,1281
1864,1317,1865,1318,1857,1327,1856,1325
1859,1351,1858,1350,1865,1342,1867,1343
1866,1302,1865,1303,1857,1296,1858,1294
2293,4046,2293,4830,2155,4830,2155,4046
2157,4000,2157,4692,2025,4692,2025,4000
2051,4001,2066,4872,1986,4873,1971,4002
2014,4003,2014,4873,1925,4873,1925,4003
1964,4003,1964,4870,1876,4870,1876,4003
1920,4006,1920,4877,1823,4877,1823,4006
1872,4003,1872,4877,1775,4877,1775,4003
1820,4002,1820,4872,1725,4872,1725,4002
1765,4009,1765,4874,1669,4874,1669,4009
1716,4004,1716,4870,1627,4870,1627,4004
1667,4007,1667,4875,1587,4875,1587,4007
1608,3998,1608,4871,1505,4871,1505,3998
1536,4006,1548,4873,1450,4874,1438,4007
1488,4704,1488,4875,1438,4875,1438,4704
1852,1305,1853,1306,1845,1315,1844,1313
1855,1313,1854,1314,1846,1307,1847,1305
1847,1339,1846,1338,1853,1330,1855,1331
1842,1261,1844,1259,1864,1280,1862,1282
1843,1254,1842,1255,1834,1248,1835,1246
1840,1293,1841,1294,1833,1303,1832,1301
1835,1327,1834,1326,1841,1318,1843,1319
1843,1325,1842,1326,1834,1319,1835,1317
1852,2785,1852,2847,1833,2847,1833,2785
1831,1272,1833,1270,1854,1291,1852,1293
1824,1317,1823,1316,1830,1308,1832,1309
1831,1266,1830,1267,1810,1248,1811,1246
1855,3257,1855,3366,1815,3366,1815,3257
1830,1337,1829,1338,1821,1331,1822,1329
1819,1284,1820,1283,1841,1303,1839,1305
1819,1278,1818,1279,1787,1249,1788,1248
1819,1348,1818,1349,1810,1342,1811,1340
1836,1364,1862,1364,1862,1373,1836,1373
1770,1365,1859,1363,1860,1396,1771,1398
1765,1365,1791,1365,1791,1374,1765,1374
1857,2057,1860,2242,1783,2243,1780,2058
1807,1296,1808,1295,1829,1315,1827,1317
1807,1291,1806,1292,1774,1261,1776,1260
1807,1361,1806,1362,1798,1355,1799,1353
1795,1308,1797,1306,1817,1326,1815,1328
1796,1302,1795,1303,1763,1272,1765,1271
1784,1319,1785,1318,1793,1325,1792,1327
1784,1314,1782,1316,1751,1286,1753,1284
1772,1331,1773,1330,1781,1337,1780,1339
1773,1325,1771,1327,1750,1307,1752,1305
1759,1344,1760,1343,1768,1350,1767,1352
1761,1337,1759,1339,1738,1319,1740,1317
1748,1355,1749,1354,1757,1361,1756,1363
1748,1350,1747,1351,1739,1344,1740,1342
1742,1365,1744,1365,1744,1374,1742,1374
1726,1239,1727,1238,1734,1244,1732,1246
1714,1250,1715,1249,1722,1255,1720,1257
1712,1243,1711,1244,1703,1238,1705,1236
1702,1262,1703,1261,1710,1267,1708,1269
1702,1254,1701,1255,1693,1249,1695,1247
1689,1268,1688,1269,1680,1263,1682,1261
1644,1317,1691,1273,1698,1281,1652,1325
1676,1253,1675,1254,1667,1247,1668,1245
1665,1243,1664,1244,1655,1236,1656,1235
1664,1265,1663,1266,1655,1259,1656,1257
1653,1255,1652,1256,1643,1248,1644,1247
1676,1481,1673,1567,1626,1565,1629,1479
1652,1277,1651,1278,1643,1271,1644,1269
1644,763,1644,796,1626,796,1626,763
1642,1266,1640,1268,1619,1248,1621,1246
1667,1726,1664,1812,1616,1810,1619,1724
1661,1860,1661,1873,1614,1871,1614,1858
1662,2393,1662,2421,1627,2421,1627,2393
1660,2741,1660,2830,1636,2830,1636,2741
1662,2487,1662,2572,1627,2572,1627,2487
1662,2623,1662,2632,1627,2632,1627,2623
1640,1289,1639,1290,1631,1283,1632,1281
1630,1279,1629,1280,1608,1260,1609,1259
1629,1300,1628,1301,1620,1294,1621,1292
1619,1290,1617,1292,1596,1272,1598,1270
1617,1312,1616,1313,1608,1306,1609,1304
1607,1302,1605,1304,1584,1284,1586,1282
1605,1324,1604,1325,1596,1318,1597,1316
1596,1313,1594,1315,1573,1295,1575,1293
1593,1336,1592,1337,1584,1330,1585,1328
1583,1327,1582,1328,1561,1308,1562,1307
1606,2957,1551,2957,1551,2937,1606,2937
1582,1347,1581,1348,1573,1341,1574,1339
1571,1339,1570,1340,1561,1332,1562,1331
1570,1359,1569,1360,1561,1353,1562,1351
1559,1351,1558,1352,1549,1344,1550,1343
1556,1317,1557,1318,1550,1326,1548,1325
1543,1330,1544,1331,1536,1339,1535,1337
1555,1342,1556,1343,1548,1351,1547,1349
1558,1371,1557,1372,1549,1365,1550,1363
1549,1361,1548,1362,1539,1354,1540,1353
1545,1306,1546,1307,1539,1315,1537,1314
1532,1317,1533,1318,1525,1326,1524,1324
1571,1813,1565,1894,1515,1890,1521,1809
1537,1373,1536,1374,1527,1366,1528,1365
1533,1294,1534,1295,1527,1303,1525,1302
1522,1306,1523,1307,1515,1315,1514,1313
1558,1986,1550,2091,1501,2087,1509,1982
1521,1281,1522,1282,1515,1290,1513,1289
1511,1293,1512,1294,1504,1302,1503,1300
1509,1269,1510,1270,1503,1278,1501,1277
1187,797,1187,894,1147,894,1147,797
1189,2233,1189,2432,1151,2432,1151,2233
1187,1610,1187,1811,1110,1811,1110,1610
1195,2805,1188,2945,1141,2943,1148,2803
1186,3008,1185,3021,1138,3019,1139,3006
1149,2241,1143,2299,1106,2295,1112,2237
1147,2805,1150,2909,1114,2910,1111,2806
905,4006,905,4123,883,4123,883,4006
692,2055,886,2055,886,2084,692,2084
849,4007,849,4114,767,4114,767,4007
849,4163,849,4357,815,4357,815,4163
849,4155,853,4866,707,4867,703,4156
737,4156,737,4817,590,4817,590,4156
621,4437,621,4784,543,4784,543,4437
431,4132,431,4157,410,4157,410,4132
429,4252,429,4269,409,4269,409,4252
429,4483,429,4508,411,4508,411,4483
253,4054,253,4323,230,4323,230,4054
220,4037,220,4284,179,4284,179,4037
244,4236,244,4866,108,4866,108,4236
151,70,151,3693,62,3693,62,70
