3417,3512,3417,3706,3386,3706,3386,3512
3366,3462,3366,3788,3350,3788,3350,3462
3392,4229,3392,4500,3270,4500,3270,4229
3324,3463,3324,3686,3303,3686,3303,3463
3277,3462,3275,3688,3257,3688,3259,3462
3230,3462,3230,3878,3213,3878,3213,3462
3182,3336,3182,3367,3169,3367,3169,3336
3184,3463,3184,3868,3167,3868,3167,3463
3147,3462,3147,3725,3110,3725,3110,3462
3205,4118,3205,4761,3072,4761,3072,4118
3068,4245,3068,4639,3021,4639,3021,4245
3090,3462,3094,3660,3076,3660,3072,3462
3047,3365,3047,3387,3029,3387,3029,3365
3057,3461,3056,3928,3021,3928,3022,3461
3001,3463,3001,3818,2985,3818,2985,3463
2957,3465,2955,3840,2937,3840,2939,3465
2910,3364,2909,3401,2891,3400,2892,3363
2909,3463,2909,3853,2894,3853,2894,3463
2865,3463,2865,3719,2846,3719,2846,3463
2819,3461,2819,3814,2802,3814,2802,3461
2778,3463,2778,3844,2753,3844,2753,3463
2728,3461,2728,3932,2711,3932,2711,3461
2684,3463,2684,3894,2668,3894,2668,3463
2668,2027,2669,2028,2661,2037,2659,2035
2667,2003,2668,2004,2660,2013,2658,2011
2656,2015,2657,2016,2649,2025,2647,2023
2656,1684,2657,1685,2650,1693,2649,1691
2627,1610,2662,1643,2656,1649,2621,1617
2656,1991,2657,1992,2649,2001,2647,1999
2644,2003,2645,2004,2637,2013,2635,2011
2658,2061,2660,2063,2650,2073,2648,2071
2648,2090,2649,2089,2656,2095,2654,2097
2644,1672,2645,1673,2638,1681,2637,1679
2644,1979,2645,1980,2637,1989,2635,1987
2634,1992,2635,1993,2627,2002,2625,2000
2636,2101,2637,2100,2644,2106,2642,2108
2632,1661,2633,1662,2626,1670,2625,1668
2632,1708,2633,1709,2626,1716,2625,1715
2632,1897,2633,1898,2626,1906,2624,1905
2622,1909,2623,1910,2616,1918,2614,1917
2634,1968,2635,1969,2627,1978,2625,1976
2620,1979,2621,1980,2613,1989,2611,1987
2624,2113,2625,2112,2632,2118,2630,2120
2635,3461,2635,3658,2620,3658,2620,3461
2620,1649,2621,1650,2614,1658,2613,1656
2620,1696,2621,1697,2614,1704,2613,1703
2621,1886,2622,1887,2615,1895,2613,1894
2610,1897,2611,1898,2604,1906,2602,1905
2621,1956,2622,1957,2614,1966,2612,1964
2610,1968,2611,1969,2603,1978,2601,1976
2609,1638,2610,1639,2603,1647,2602,1645
2608,1684,2609,1685,2602,1692,2601,1691
2609,1874,2610,1875,2603,1883,2601,1882
2609,1944,2610,1945,2602,1954,2600,1952
2598,1956,2599,1957,2591,1966,2589,1964
2612,2013,2649,2050,2638,2061,2601,2024
2644,2085,2593,2133,2586,2125,2636,2077
2611,2094,2586,2118,2578,2110,2603,2086
2596,1626,2597,1627,2590,1635,2589,1633
2597,1673,2598,1674,2591,1681,2590,1680
2592,1755,2591,1754,2597,1747,2598,1749
2597,1837,2598,1838,2591,1846,2589,1845
2597,1862,2598,1863,2591,1871,2589,1870
2586,1873,2587,1874,2580,1882,2578,1881
2598,1932,2599,1933,2591,1942,2589,1940
2586,1944,2587,1945,2579,1954,2577,1952
2600,2011,2599,2012,2591,2005,2592,2003
2599,2001,2601,2003,2591,2013,2589,2011
2589,1818,2590,1817,2597,1823,2595,1824
2589,1959,2590,1958,2598,1965,2597,1967
2588,2052,2590,2050,2610,2071,2608,2073
2584,1614,2585,1615,2578,1623,2577,1621
2580,1743,2579,1742,2585,1735,2586,1737
2585,1826,2586,1827,2579,1835,2577,1834
2585,1850,2586,1851,2579,1859,2577,1858
2574,1861,2575,1862,2568,1870,2566,1869
2586,1754,2587,1755,2580,1762,2579,1761
2588,2023,2587,2024,2579,2017,2580,2015
2592,2041,2570,2064,2550,2045,2573,2022
2588,3370,2593,3390,2586,3392,2580,3372
2592,3462,2590,3887,2572,3887,2574,3462
2577,1830,2578,1829,2585,1835,2583,1836
2576,1971,2578,1969,2598,1990,2596,1992
2575,1956,2576,1957,2568,1966,2567,1965
2576,2065,2578,2063,2598,2084,2596,2086
2573,1838,2574,1839,2567,1847,2565,1846
2563,1850,2564,1851,2557,1859,2555,1858
2572,1813,2573,1814,2566,1822,2564,1821
2565,1982,2566,1981,2585,2000,2584,2002
2574,2128,2573,2129,2566,2122,2567,2121
2563,1944,2564,1945,2556,1954,2555,1953
2561,1637,2562,1638,2555,1645,2554,1644
2562,1802,2563,1803,2556,1811,2554,1810
2556,1720,2555,1719,2561,1712,2562,1714
2562,1827,2563,1828,2556,1836,2554,1835
2550,1837,2551,1838,2544,1846,2542,1845
2563,1730,2564,1731,2557,1738,2556,1737
2552,1995,2555,1992,2574,2012,2571,2015
2564,2023,2563,2024,2554,2016,2556,2014
2549,1625,2550,1626,2543,1633,2542,1632
2544,1708,2543,1707,2549,1700,2550,1702
2549,1791,2550,1792,2543,1800,2541,1799
2549,1814,2550,1815,2543,1823,2541,1822
2538,1825,2539,1826,2532,1834,2530,1833
2550,1979,2551,1980,2543,1989,2542,1987
2551,1718,2552,1719,2545,1726,2544,1725
2552,2060,2551,2061,2543,2054,2544,2052
2552,2089,2566,2075,2586,2095,2571,2109
2525,2090,2558,2058,2578,2080,2545,2111
2541,2007,2542,2006,2550,2013,2549,2015
2552,2035,2551,2036,2542,2028,2544,2026
2537,1613,2538,1614,2531,1621,2530,1620
2532,1696,2531,1695,2537,1688,2538,1690
2538,1730,2539,1731,2532,1739,2530,1738
2539,1968,2540,1969,2532,1978,2531,1976
2537,1779,2538,1780,2531,1788,2529,1787
2537,1802,2538,1803,2531,1811,2529,1810
2526,1813,2527,1814,2520,1822,2518,1821
2538,1920,2539,1921,2531,1930,2530,1929
2539,1707,2540,1708,2533,1715,2532,1714
2541,2071,2540,2072,2532,2065,2533,2063
2546,3463,2546,3633,2525,3633,2525,3463
2529,2019,2530,2018,2538,2025,2537,2027
2540,2047,2539,2048,2530,2040,2532,2038
2521,1684,2520,1683,2526,1676,2527,1678
2527,1719,2528,1720,2521,1728,2519,1727
2527,1908,2528,1909,2520,1918,2519,1917
2527,1956,2528,1957,2520,1966,2519,1964
2525,1790,2526,1791,2519,1799,2517,1798
2527,1694,2528,1695,2521,1702,2520,1701
2519,2029,2520,2028,2528,2035,2527,2037
2528,2059,2527,2060,2518,2052,2520,2050
2509,1672,2508,1671,2514,1664,2515,1666
2515,1708,2516,1709,2509,1717,2507,1716
2515,1897,2516,1898,2508,1907,2507,1906
2515,1683,2516,1684,2509,1691,2508,1690
2506,2041,2507,2040,2515,2047,2514,2049
2503,1696,2504,1697,2497,1705,2495,1704
2497,1660,2496,1659,2502,1652,2503,1654
2504,1886,2505,1887,2497,1896,2496,1895
2502,1743,2503,1744,2496,1752,2494,1751
2503,1932,2504,1933,2496,1942,2495,1940
2501,1621,2599,1721,2589,1731,2492,1630
2505,1751,2504,1752,2495,1744,2496,1743
2503,1671,2504,1672,2497,1679,2496,1678
2541,1789,2527,1802,2507,1780,2521,1767
2518,1764,2504,1778,2494,1768,2508,1754
2505,2106,2504,2107,2496,2100,2497,2098
2494,2053,2495,2052,2503,2059,2502,2061
2505,2081,2504,2082,2495,2074,2497,2072
2491,1684,2492,1685,2485,1693,2483,1692
2485,1648,2484,1647,2490,1640,2491,1642
2491,1732,2492,1733,2485,1741,2483,1740
2491,1874,2492,1875,2484,1884,2483,1883
2491,1920,2492,1921,2484,1930,2483,1928
2492,1944,2493,1945,2485,1954,2484,1953
2492,1659,2493,1660,2486,1667,2485,1666
2493,1763,2492,1764,2483,1756,2484,1755
2494,2117,2493,2118,2485,2111,2486,2109
2500,3462,2500,3542,2485,3542,2485,3462
2482,2065,2483,2064,2491,2071,2490,2073
2493,2093,2492,2094,2483,2086,2485,2084
2480,1673,2481,1674,2474,1682,2472,1681
2479,1720,2480,1721,2473,1729,2471,1728
2473,1637,2472,1636,2478,1629,2479,1631
2479,1862,2480,1863,2472,1872,2471,1871
2479,1908,2480,1909,2472,1918,2471,1916
2479,1932,2481,1934,2461,1954,2459,1952
2480,2121,2481,2122,2473,2131,2472,2130
2517,1811,2503,1824,2483,1802,2497,1789
2494,1788,2480,1801,2470,1791,2483,1777
2479,2097,2481,2099,2461,2119,2459,2117
2480,2193,2481,2194,2473,2203,2472,2201
2479,1647,2480,1648,2473,1655,2472,1654
2482,2129,2481,2130,2473,2123,2474,2121
2482,1774,2478,1778,2445,1746,2449,1742
2468,1660,2469,1661,2462,1669,2460,1668
2481,2105,2480,2106,2471,2098,2473,2096
2479,1845,2478,1846,2469,1837,2471,1836
2469,2078,2470,2077,2478,2084,2477,2086
2467,1896,2468,1897,2460,1906,2459,1904
2467,1920,2469,1922,2449,1942,2447,1940
2461,1625,2460,1624,2466,1617,2467,1619
2467,2085,2468,2086,2448,2107,2447,2106
2468,2157,2469,2158,2461,2167,2460,2165
2455,2168,2456,2169,2448,2178,2447,2176
2468,2181,2469,2182,2461,2191,2460,2189
2469,1636,2470,1637,2463,1644,2462,1643
2469,1788,2468,1789,2459,1781,2460,1780
2469,2117,2468,2118,2459,2110,2461,2108
2456,1648,2457,1649,2450,1657,2448,1656
2456,1885,2457,1886,2449,1895,2448,1893
2456,1908,2457,1909,2437,1930,2436,1929
2455,2073,2456,2074,2436,2095,2435,2094
2457,2146,2458,2147,2450,2156,2449,2154
2443,2156,2444,2157,2436,2166,2435,2164
2456,1623,2457,1624,2450,1631,2449,1630
2458,2154,2457,2155,2449,2148,2450,2146
2455,2121,2456,2122,2448,2131,2446,2129
2457,2129,2456,2130,2447,2122,2449,2120
2458,1798,2444,1812,2423,1791,2437,1777
2452,1804,2444,1813,2411,1780,2419,1772
2444,1636,2445,1637,2438,1645,2436,1644
2443,1684,2444,1685,2437,1693,2435,1692
2444,1873,2445,1874,2437,1883,2436,1881
2443,1895,2445,1897,2424,1918,2422,1916
2444,1944,2445,1945,2437,1954,2436,1952
2443,2061,2446,2064,2426,2084,2423,2081
2445,1612,2446,1613,2439,1620,2438,1619
2445,1763,2444,1764,2435,1756,2436,1755
2455,3460,2455,3648,2437,3648,2437,3460
2434,1970,2435,1969,2444,1977,2442,1978
2361,1647,2463,1748,2453,1757,2352,1656
2431,1624,2432,1625,2425,1633,2423,1632
2443,2109,2444,2110,2436,2119,2434,2117
2433,2122,2434,2123,2426,2132,2425,2130
2432,1673,2433,1674,2426,1682,2424,1681
2431,1884,2435,1888,2414,1908,2411,1905
2432,1861,2433,1862,2425,1871,2424,1869
2432,1932,2433,1933,2425,1942,2424,1940
2432,2051,2433,2052,2414,2072,2412,2071
2432,2145,2433,2146,2425,2155,2424,2153
2435,1821,2432,1824,2400,1792,2403,1789
2423,1981,2424,1980,2433,1988,2431,1989
2420,1613,2421,1614,2414,1622,2412,1621
2419,1661,2420,1662,2413,1670,2411,1669
2414,1790,2413,1789,2420,1781,2422,1782
2434,1847,2432,1849,2422,1839,2424,1837
2420,1849,2421,1850,2413,1859,2412,1857
2419,1873,2421,1875,2401,1895,2399,1893
2420,1920,2421,1921,2413,1930,2412,1928
2420,1943,2421,1944,2413,1953,2412,1952
2423,1976,2422,1977,2414,1971,2416,1969
2420,2039,2421,2040,2402,2060,2400,2059
2432,2098,2435,2101,2415,2121,2412,2118
2409,2122,2410,2123,2402,2132,2401,2130
2413,2215,2412,2214,2419,2206,2421,2207
2411,1993,2412,1992,2421,2000,2419,2001
2407,1649,2408,1650,2401,1658,2399,1657
2421,3344,2421,3371,2409,3371,2409,3344
2401,1778,2400,1777,2407,1769,2409,1770
2408,1837,2409,1838,2401,1847,2400,1845
2408,1862,2409,1863,2390,1883,2388,1882
2408,1908,2409,1909,2401,1918,2400,1916
2408,1931,2410,1933,2391,1953,2388,1951
2408,2002,2410,2004,2379,2036,2376,2034
2411,1988,2410,1989,2402,1983,2404,1981
2408,2027,2409,2028,2390,2048,2388,2047
2420,2085,2422,2087,2402,2108,2399,2105
2397,2110,2398,2111,2390,2120,2389,2118
2402,2205,2401,2204,2408,2196,2410,2197
2406,1792,2407,1793,2401,1800,2400,1798
2410,1847,2409,1848,2400,1840,2401,1839
2399,2005,2400,2004,2409,2012,2407,2013
2395,1637,2396,1638,2389,1646,2387,1645
2389,1766,2388,1765,2395,1757,2397,1758
2350,454,2439,454,2439,494,2350,494
2396,1849,2398,1851,2378,1871,2376,1869
2396,1896,2397,1897,2389,1906,2388,1904
2396,1919,2398,1921,2378,1942,2376,1940
2399,1810,2398,1811,2389,1803,2390,1802
2395,1990,2397,1992,2366,2024,2363,2022
2396,1732,2397,1733,2390,1741,2388,1740
2390,2193,2389,2192,2396,2184,2398,2185
2395,1780,2396,1781,2390,1788,2389,1786
2400,2000,2399,2001,2391,1995,2393,1993
2408,2073,2410,2075,2390,2096,2387,2093
2385,2098,2386,2099,2378,2108,2377,2106
2407,3461,2407,3740,2391,3740,2391,3461
2387,2017,2388,2016,2397,2024,2395,2025
2388,2161,2389,2160,2396,2166,2394,2167
2383,1625,2384,1626,2377,1634,2375,1633
2377,1754,2376,1753,2383,1745,2385,1746
2384,1884,2385,1885,2377,1894,2376,1892
2384,1908,2386,1910,2367,1930,2364,1928
2387,1822,2386,1823,2377,1815,2378,1814
2383,1978,2387,1982,2355,2014,2351,2010
2384,1719,2385,1720,2378,1728,2376,1727
2383,1768,2384,1769,2378,1776,2377,1774
2388,1848,2375,1862,2352,1839,2365,1826
2396,2061,2398,2063,2378,2084,2375,2081
2373,2086,2374,2087,2366,2096,2365,2094
2375,2029,2376,2028,2385,2036,2383,2037
2376,2173,2377,2172,2384,2178,2382,2179
2366,1743,2365,1742,2372,1734,2374,1735
2373,1873,2374,1874,2366,1883,2365,1881
2373,1897,2374,1898,2355,1918,2353,1917
2372,1967,2375,1970,2343,2002,2340,1999
2373,1708,2374,1709,2367,1717,2365,1716
2374,1762,2373,1763,2365,1756,2366,1754
2360,2212,2383,2190,2389,2196,2365,2218
2371,1756,2372,1757,2366,1764,2365,1762
2384,2049,2386,2051,2366,2072,2363,2069
2361,2074,2362,2075,2354,2084,2353,2082
2388,1798,2387,1799,2378,1791,2380,1789
2374,1787,2373,1788,2364,1780,2366,1778
2363,2041,2364,2040,2373,2048,2371,2049
2364,2184,2365,2183,2372,2189,2370,2190
2361,1861,2362,1862,2354,1871,2353,1869
2360,1837,2361,1838,2353,1847,2352,1846
2361,1885,2362,1886,2343,1906,2341,1905
2353,1731,2352,1730,2359,1722,2361,1723
2360,1956,2362,1958,2331,1990,2328,1988
2361,1696,2362,1697,2355,1705,2353,1704
2362,1774,2361,1775,2353,1768,2354,1766
2372,2037,2374,2039,2354,2060,2351,2057
2349,2062,2350,2063,2342,2072,2341,2070
2350,2109,2363,2122,2354,2132,2340,2119
2363,1751,2362,1752,2354,1745,2355,1743
2376,1810,2375,1811,2366,1803,2368,1801
2362,1799,2361,1800,2352,1792,2354,1790
2352,2196,2353,2195,2360,2201,2358,2202
2349,1849,2350,1850,2342,1859,2341,1857
2349,1873,2350,1874,2331,1894,2329,1893
2366,3461,2366,3623,2343,3623,2343,3461
2341,1720,2340,1719,2347,1711,2349,1712
2361,2026,2363,2028,2343,2049,2340,2046
2337,2050,2338,2051,2330,2060,2329,2058
2348,1944,2350,1946,2319,1978,2316,1976
2351,1785,2350,1786,2342,1779,2343,1777
2349,1683,2350,1684,2343,1692,2341,1691
2347,1732,2348,1733,2342,1740,2341,1738
2350,1858,2349,1859,2340,1851,2341,1850
2351,1763,2350,1764,2342,1757,2343,1755
2350,1810,2349,1811,2340,1803,2342,1801
2331,2134,2329,2132,2339,2122,2341,2124
2337,1837,2338,1838,2330,1847,2329,1845
2340,2208,2341,2207,2348,2213,2346,2214
2337,1861,2338,1862,2330,1871,2329,1870
2338,2097,2340,2099,2330,2109,2328,2107
2336,1932,2338,1934,2318,1955,2316,1953
2338,1672,2339,1673,2332,1681,2330,1680
2349,2014,2350,2015,2330,2036,2328,2034
2326,2039,2327,2040,2319,2049,2318,2047
2329,1708,2328,1707,2335,1699,2337,1700
2336,1719,2337,1720,2331,1727,2330,1725
2339,1869,2338,1870,2329,1862,2330,1861
2338,1798,2337,1799,2329,1792,2330,1790
2339,1775,2338,1776,2330,1769,2331,1767
2350,2156,2352,2158,2320,2191,2317,2188
2314,2193,2315,2194,2307,2203,2305,2201
2338,1822,2337,1823,2328,1815,2330,1813
2327,1888,2328,1887,2337,1895,2335,1897
2328,1911,2329,1910,2338,1918,2336,1920
2328,1935,2329,1934,2338,1942,2336,1944
2327,1959,2328,1958,2337,1966,2335,1967
2338,2002,2340,2004,2319,2025,2317,2023
2314,2027,2315,2028,2307,2037,2306,2035
2328,2220,2329,2219,2336,2225,2334,2226
2325,1825,2326,1826,2318,1835,2317,1833
2328,1809,2327,1810,2319,1803,2320,1801
2326,2085,2328,2087,2318,2097,2316,2095
2324,1921,2326,1923,2307,1943,2304,1941
2324,1849,2325,1850,2317,1859,2316,1858
2324,1708,2325,1709,2319,1716,2318,1714
2338,2144,2340,2146,2308,2179,2305,2176
2302,2181,2303,2182,2295,2191,2293,2189
2326,2205,2327,2206,2319,2215,2317,2213
2328,1786,2327,1787,2319,1780,2320,1778
2339,1846,2338,1847,2329,1839,2331,1837
2327,1833,2326,1834,2317,1826,2319,1824
2317,2231,2318,2230,2325,2236,2323,2237
2313,1813,2314,1814,2306,1823,2305,1821
2314,2003,2315,2004,2307,2013,2306,2011
2302,2015,2303,2016,2295,2025,2294,2023
2306,2110,2304,2108,2314,2098,2316,2100
2316,1821,2315,1822,2307,1815,2308,1813
2313,1696,2314,1697,2308,1704,2307,1702
2316,1893,2315,1894,2306,1886,2307,1885
2315,1979,2316,1980,2308,1989,2306,1987
2303,2062,2316,2075,2307,2085,2293,2072
2316,1798,2315,1799,2307,1792,2308,1790
2315,1845,2314,1846,2305,1838,2307,1836
2304,1911,2305,1910,2314,1918,2312,1920
2320,3463,2320,3642,2299,3642,2299,3463
2304,1833,2303,1834,2295,1827,2296,1825
2304,1905,2303,1906,2294,1898,2295,1897
2294,2098,2280,2085,2290,2075,2304,2088
2313,2144,2315,2146,2295,2167,2292,2164
2290,2169,2291,2170,2283,2179,2281,2177
2324,3334,2324,3365,2289,3365,2289,3334
2304,1810,2303,1811,2295,1804,2296,1802
2303,1857,2302,1858,2293,1850,2295,1848
2292,1923,2294,1921,2315,1941,2312,1944
2291,2050,2293,2052,2283,2062,2281,2060
2290,2192,2291,2193,2283,2202,2282,2201
2303,2109,2316,2122,2307,2132,2293,2119
2302,2134,2303,2135,2295,2144,2293,2142
2289,2121,2302,2134,2283,2154,2269,2141
2266,2145,2279,2158,2271,2167,2257,2153
2292,1917,2291,1918,2282,1910,2283,1909
2292,1822,2291,1823,2283,1816,2284,1814
2279,1935,2281,1933,2326,1978,2323,1980
2278,2037,2280,2039,2270,2049,2268,2047
2271,2075,2269,2073,2279,2063,2281,2065
2280,1929,2279,1930,2270,1922,2271,1921
2290,2096,2293,2099,2260,2131,2257,2128
2255,2133,2256,2134,2248,2143,2246,2141
2277,2180,2279,2182,2259,2202,2257,2200
2267,1947,2271,1943,2315,1988,2311,1992
2259,2063,2257,2061,2267,2051,2269,2053
2266,2168,2268,2170,2248,2190,2246,2188
2256,1958,2259,1955,2303,1999,2300,2002
2271,3463,2271,3618,2254,3618,2254,3463
2258,1952,2257,1953,2248,1945,2249,1944
2255,2157,2257,2159,2237,2179,2235,2177
2265,855,2265,950,2227,950,2227,855
2267,2073,2280,2086,2271,2096,2257,2083
2266,2098,2267,2099,2259,2108,2257,2106
2254,2085,2268,2099,2248,2120,2233,2105
2232,2110,2244,2122,2235,2131,2223,2119
2244,1970,2247,1967,2291,2011,2288,2014
2246,1964,2245,1965,2236,1957,2237,1956
2243,2145,2245,2147,2225,2167,2223,2165
2242,2192,2243,2193,2235,2202,2233,2200
2233,1935,2234,1934,2243,1942,2241,1944
2232,1981,2234,1979,2279,2024,2276,2026
2234,1976,2233,1977,2224,1969,2225,1968
2231,2133,2232,2134,2212,2155,2211,2154
2244,2050,2257,2063,2248,2073,2234,2060
2243,2074,2244,2075,2236,2084,2234,2082
2230,2061,2243,2074,2223,2095,2209,2081
2208,2086,2221,2099,2213,2108,2199,2094
2222,1946,2223,1945,2232,1953,2230,1955
2230,2180,2231,2181,2223,2190,2221,2188
2221,1994,2223,1992,2267,2036,2265,2038
2222,1988,2221,1989,2212,1981,2213,1980
2237,866,2205,945,2150,922,2182,844
2196,2168,2236,2208,2228,2217,2188,2177
2185,2181,2222,2218,2213,2227,2176,2190
2219,2121,2220,2122,2200,2143,2199,2142
2219,2169,2220,2170,2212,2179,2210,2177
2225,3463,2225,3602,2210,3602,2210,3463
2210,1958,2211,1957,2220,1965,2218,1967
2208,2005,2210,2003,2255,2048,2252,2050
2218,2049,2220,2051,2200,2072,2197,2069
2196,2074,2197,2075,2189,2084,2187,2082
2222,1942,2208,1955,2198,1945,2211,1931
2221,1648,2237,1745,2206,1750,2190,1653
2207,2109,2209,2111,2189,2131,2187,2129
2209,2000,2208,2001,2199,1993,2200,1992
2208,2157,2209,2158,2201,2167,2199,2165
2205,2228,2206,2229,2199,2237,2197,2236
2198,1970,2199,1969,2208,1977,2206,1979
2197,2018,2199,2016,2243,2060,2241,2062
2197,2012,2196,2013,2187,2005,2188,2004
2194,2097,2196,2099,2176,2119,2174,2117
2196,2145,2197,2146,2189,2155,2187,2153
2294,4046,2294,4836,2155,4836,2155,4046
2157,4210,2157,4657,2099,4657,2099,4210
2186,1935,2187,1934,2196,1942,2194,1944
2186,1982,2187,1981,2196,1989,2194,1991
2185,2030,2188,2027,2232,2071,2229,2074
2184,2156,2186,2158,2165,2179,2163,2177
2198,1965,2184,1978,2175,1968,2188,1955
2183,2086,2184,2087,2165,2107,2163,2106
2185,2024,2184,2025,2175,2017,2176,2016
2194,2217,2195,2218,2188,2226,2186,2225
2183,2228,2184,2229,2177,2237,2175,2236
2184,2062,2185,2063,2177,2072,2175,2070
2183,2133,2184,2134,2176,2143,2174,2141
2174,1994,2175,1993,2184,2001,2182,2003
2173,2041,2176,2038,2208,2071,2205,2074
2182,2205,2183,2206,2176,2214,2174,2213
2171,2216,2172,2217,2165,2225,2163,2224
2172,2075,2173,2076,2154,2096,2152,2095
2172,2144,2174,2146,2153,2167,2151,2165
2174,2035,2173,2036,2164,2028,2165,2027
2171,2121,2172,2122,2164,2131,2162,2129
2171,2194,2172,2195,2165,2203,2163,2202
2179,3463,2179,3601,2165,3601,2165,3463
2162,1936,2165,1933,2185,1953,2182,1956
2162,2006,2163,2005,2172,2013,2170,2015
2161,2053,2164,2050,2196,2083,2193,2086
2175,1988,2161,2001,2151,1991,2164,1977
2163,2047,2162,2048,2153,2040,2154,2039
2159,2062,2161,2064,2141,2084,2139,2082
2159,2132,2161,2134,2141,2154,2139,2152
2160,2110,2161,2111,2153,2120,2151,2118
2151,1947,2152,1946,2172,1966,2171,1967
2151,2016,2152,2015,2161,2023,2159,2025
2150,2064,2151,2063,2160,2071,2158,2073
2151,2059,2150,2060,2141,2052,2142,2051
2159,2182,2160,2183,2153,2191,2151,2190
2148,2193,2149,2194,2142,2202,2140,2201
2148,2121,2149,2122,2141,2131,2140,2130
2156,1628,2160,1756,2129,1757,2125,1629
2148,2098,2149,2099,2141,2108,2139,2106
2139,1959,2140,1958,2160,1978,2159,1979
2151,2012,2149,2014,2139,2004,2141,2002
2139,2028,2140,2027,2149,2035,2147,2037
2138,2076,2139,2075,2148,2083,2146,2085
2136,2062,2137,2063,2129,2072,2128,2071
2139,2071,2138,2072,2129,2064,2130,2063
2136,2109,2138,2111,2118,2131,2116,2129
2137,2086,2138,2087,2130,2096,2128,2094
2128,1970,2129,1969,2149,1989,2148,1990
2136,2181,2137,2182,2130,2190,2128,2189
2137,2235,2135,2236,2129,2227,2131,2226
2125,2004,2126,2005,2119,2013,2117,2012
2125,2027,2126,2028,2106,2049,2105,2048
2126,2041,2127,2040,2136,2048,2134,2050
2126,2088,2127,2087,2136,2095,2134,2097
2135,2158,2136,2159,2129,2167,2127,2166
2124,2169,2125,2170,2118,2178,2116,2177
2124,2050,2125,2051,2117,2060,2116,2059
2138,2024,2124,2037,2115,2027,2128,2014
2127,2083,2126,2084,2117,2076,2118,2075
2124,2097,2126,2099,2106,2120,2104,2118
2125,2074,2126,2075,2118,2084,2116,2082
2115,1982,2117,1980,2137,2000,2135,2002
2135,3462,2133,3589,2116,3589,2118,3462
2115,2052,2116,2051,2125,2059,2123,2061
2123,2146,2124,2147,2117,2155,2115,2154
2112,2157,2113,2158,2106,2166,2104,2165
2113,1992,2114,1993,2107,2001,2105,2000
2112,2014,2114,2016,2094,2037,2092,2035
2113,2086,2114,2087,2094,2108,2093,2107
2113,2062,2114,2063,2106,2072,2104,2070
2103,1994,2105,1992,2125,2012,2123,2014
2101,1980,2102,1981,2095,1989,2093,1988
2101,2003,2102,2004,2082,2025,2081,2024
2115,2047,2113,2049,2103,2039,2105,2037
2112,2134,2113,2135,2106,2143,2104,2142
2100,2145,2101,2146,2094,2154,2092,2153
2101,2073,2103,2075,2082,2096,2080,2094
2101,2050,2102,2051,2094,2060,2092,2058
2076,2210,2107,2179,2115,2187,2084,2218
2091,2006,2093,2004,2113,2024,2111,2026
2100,2122,2101,2123,2094,2131,2092,2130
2089,2133,2090,2134,2083,2142,2081,2141
2089,1968,2090,1969,2083,1977,2081,1976
2089,1992,2091,1994,2071,2014,2069,2012
2089,2061,2091,2063,2070,2084,2068,2082
2090,2039,2091,2040,2083,2049,2081,2047
2079,2017,2080,2016,2101,2036,2099,2038
2088,2110,2089,2111,2082,2119,2080,2118
2077,2121,2078,2122,2071,2130,2069,2129
2077,1956,2078,1957,2071,1965,2069,1964
2076,1979,2078,1981,2058,2002,2056,2000
2077,2049,2079,2051,2059,2072,2057,2070
2077,2026,2078,2027,2070,2036,2068,2034
2067,2029,2069,2027,2089,2048,2087,2050
2076,2098,2077,2099,2070,2107,2068,2106
2065,2109,2066,2110,2059,2118,2057,2117
2066,1945,2067,1946,2060,1954,2058,1953
2064,1967,2065,1968,2058,1976,2056,1975
2065,2038,2066,2039,2058,2048,2057,2047
2065,2014,2066,2015,2058,2024,2056,2022
2064,2086,2065,2087,2058,2095,2056,2094
2053,2097,2054,2098,2047,2106,2045,2105
2053,1956,2055,1958,2035,1979,2033,1977
2054,2027,2055,2028,2035,2049,2034,2048
2077,2154,2076,2155,2068,2148,2069,2146
2066,2141,2065,2142,2057,2135,2058,2133
2054,2004,2055,2005,2047,2014,2045,2012
2041,1943,2043,1945,2022,1966,2020,1964
2043,2108,2044,2109,2036,2118,2035,2117
2036,2142,2035,2141,2042,2133,2044,2134
2066,2165,2065,2166,2057,2159,2058,2157
2055,2152,2054,2153,2046,2146,2047,2144
2042,2156,2043,2157,2035,2166,2034,2165
2041,2085,2042,2086,2035,2094,2033,2093
2040,2063,2041,2064,2034,2072,2032,2071
2030,2074,2031,2075,2024,2083,2022,2082
2029,1932,2031,1934,2011,1955,2009,1953
2045,2029,2017,2026,2019,2011,2046,2014
2030,2003,2031,2004,2023,2013,2022,2012
2055,2176,2054,2177,2046,2170,2047,2168
2043,2164,2042,2165,2034,2158,2035,2156
2030,2027,2031,2028,2023,2037,2022,2036
2031,2096,2032,2097,2024,2106,2023,2105
2025,2131,2024,2130,2031,2122,2033,2123
2030,1979,2031,1980,2023,1989,2021,1987
2030,2144,2031,2145,2023,2154,2022,2153
2028,2051,2029,2052,2022,2060,2020,2059
2018,2062,2019,2063,2012,2071,2010,2070
2019,2085,2020,2086,2012,2095,2011,2094
2013,2119,2012,2118,2019,2110,2021,2111
2043,2188,2042,2189,2034,2182,2035,2180
2031,2176,2030,2177,2022,2170,2023,2168
2018,2133,2019,2134,2011,2143,2010,2142
2018,1967,2019,1968,2011,1977,2009,1975
2017,2039,2018,2040,2011,2048,2009,2047
2006,2050,2007,2051,2000,2059,1998,2058
2006,1933,2007,1934,1999,1943,1998,1942
2007,2073,2008,2074,2000,2083,1999,2082
2031,2200,2030,2201,2022,2194,2023,2192
2019,2188,2018,2189,2010,2182,2011,2180
2001,2108,2000,2107,2007,2099,2009,2100
2006,2121,2007,2122,1999,2131,1998,2130
1995,2061,1996,2062,1988,2071,1987,2070
1989,2096,1988,2095,1995,2087,1997,2088
2020,2211,2019,2212,2011,2205,2012,2203
2007,2200,2006,2201,1998,2194,1999,2192
1994,2109,1995,2110,1987,2119,1986,2118
1994,2038,1995,2039,1988,2047,1986,2046
1996,2211,1995,2212,1987,2205,1988,2203
1982,2050,1983,2051,1975,2060,1974,2059
1977,2083,1976,2082,1983,2074,1985,2075
1983,2098,1984,2099,1976,2108,1975,2107
1992,1722,1998,1811,1968,1813,1962,1724
1988,1671,1989,1679,1960,1681,1959,1673
1983,2027,1984,2028,1977,2036,1975,2035
1971,2039,1972,2040,1964,2049,1963,2048
1965,2072,1964,2071,1971,2063,1973,2064
1971,2086,1972,2087,1964,2096,1963,2095
1971,2015,1972,2016,1965,2024,1963,2023
1972,2235,1971,2236,1963,2229,1964,2227
1955,1781,1913,1824,1904,1815,1946,1772
1977,3048,1977,3135,1946,3135,1946,3048
1937,2247,1673,2512,1665,2504,1928,2239
1935,2297,1925,2308,1904,2288,1915,2277
1914,2318,1912,2320,1892,2301,1894,2298
1902,2331,1901,2332,1880,2312,1881,2311
1890,2343,1889,2344,1868,2324,1869,2323
1879,2354,1877,2356,1856,2336,1858,2334
1868,2366,1866,2368,1845,2347,1847,2345
1856,2378,1701,2534,1680,2513,1835,2357
1952,2776,1838,2891,1817,2870,1931,2756
1948,2448,1947,2449,1939,2442,1940,2440
1946,1613,1948,1615,1928,1636,1925,1633
1924,1636,1926,1638,1916,1648,1914,1646
1936,1909,1937,1910,1929,1919,1928,1918
1934,1576,1935,1577,1927,1586,1926,1585
1935,1665,1935,1665,1943,1673,1943,1673
1937,1466,1936,1467,1928,1460,1930,1459
1935,1932,1936,1933,1928,1942,1927,1940
1936,1986,1935,1987,1928,1981,1930,1980
1923,2109,1937,2123,1916,2144,1902,2130
1900,2133,1914,2146,1906,2154,1892,2141
1934,2429,1935,2430,1927,2439,1925,2437
1938,2672,1935,2675,1915,2654,1917,2652
1937,2697,1936,2698,1927,2690,1928,2689
1938,3003,1937,3005,1929,2999,1930,2998
1937,1962,1936,1963,1929,1957,1931,1956
1926,1486,1927,1485,1935,1492,1934,1494
1926,1628,1927,1627,1936,1635,1934,1637
1936,1750,1935,1751,1927,1744,1928,1742
1936,2010,1935,2011,1928,2005,1930,2004
1926,2194,1927,2193,1936,2201,1934,2202
1936,2460,1935,2461,1927,2454,1928,2452
1926,2480,1927,2479,1934,2486,1933,2487
1937,2719,1936,2720,1928,2713,1929,2711
1924,1566,1925,1567,1917,1576,1916,1575
1935,2405,1936,2406,1928,2415,1926,2413
1922,2417,1923,2418,1915,2427,1913,2425
1917,1885,1916,1884,1924,1875,1925,1876
1924,1897,1925,1898,1917,1907,1916,1906
1924,2157,1925,2158,1918,2166,1916,2165
1925,2739,1926,2738,1935,2746,1933,2748
1925,1479,1924,1480,1916,1473,1918,1472
1925,1620,1924,1621,1915,1613,1916,1612
1917,3020,1916,3019,1923,3011,1925,3012
1934,1601,1937,1604,1904,1636,1901,1633
1900,1637,1901,1638,1893,1647,1891,1645
1925,1998,1924,1999,1917,1993,1919,1992
1921,1679,1922,1678,1930,1687,1929,1687
1925,2165,1924,2166,1915,2158,1916,2157
1920,3220,1922,3220,1922,3232,1920,3232
1915,1497,1916,1496,1924,1503,1923,1505
1915,1639,1916,1638,1936,1657,1935,1659
1923,2465,1924,2466,1917,2474,1915,2473
1923,1920,1924,1921,1916,1930,1915,1928
1911,1933,1912,1934,1905,1942,1903,1941
1925,1974,1924,1975,1917,1969,1919,1968
1925,2022,1924,2023,1917,2017,1919,2016
1914,1948,1915,1947,1922,1953,1920,1954
1925,2189,1924,2190,1915,2182,1917,2181
1914,2206,1915,2205,1936,2225,1935,2227
1925,2470,1924,2471,1916,2464,1917,2462
1913,2135,1914,2134,1923,2142,1921,2143
1914,2492,1916,2490,1935,2509,1933,2511
1915,2749,1916,2748,1925,2756,1923,2758
1912,1554,1913,1555,1905,1564,1904,1563
1905,1873,1904,1872,1912,1863,1913,1864
1923,2393,1924,2394,1916,2403,1914,2401
1912,2407,1913,2408,1905,2417,1903,2415
1912,2073,1913,2074,1905,2083,1904,2081
1914,1490,1913,1491,1905,1484,1907,1483
1913,1632,1912,1633,1903,1625,1904,1624
1913,2010,1912,2011,1905,2005,1907,2004
1912,3209,1913,3210,1906,3218,1904,3217
1927,2708,1925,2710,1892,2678,1894,2676
1910,1690,1911,1689,1919,1698,1918,1698
1875,2363,1930,2308,1939,2316,1883,2371
1922,1589,1924,1591,1892,1624,1889,1621
1888,1625,1889,1626,1881,1635,1879,1633
1905,3008,1904,3007,1911,2999,1913,3000
1921,2654,1922,2655,1914,2664,1912,2662
1913,2666,1914,2667,1906,2676,1905,2674
1911,3114,1912,3115,1904,3124,1903,3122
1900,2086,1913,2099,1892,2121,1879,2107
1875,2108,1889,2122,1881,2131,1867,2117
1911,1908,1912,1909,1904,1918,1903,1916
1899,1921,1900,1922,1893,1930,1891,1929
1914,2673,1913,2674,1904,2666,1905,2665
1911,2453,1912,2454,1905,2462,1903,2461
1903,1509,1904,1508,1912,1515,1911,1517
1903,1651,1904,1650,1924,1669,1923,1671
1911,3162,1912,3163,1904,3172,1902,3170
1913,1986,1912,1987,1905,1981,1907,1980
1913,2034,1912,2035,1905,2029,1907,2028
1913,2201,1912,2202,1903,2194,1905,2193
1902,2218,1903,2217,1924,2237,1923,2239
1913,2482,1912,2483,1904,2476,1905,2474
1902,2504,1903,2503,1923,2522,1921,2523
1911,2381,1912,2382,1904,2391,1902,2389
1900,2394,1901,2395,1893,2404,1891,2402
1901,2147,1902,2146,1911,2154,1909,2155
1900,1447,1901,1448,1893,1457,1892,1456
1912,2743,1911,2744,1903,2737,1904,2735
1900,1542,1901,1543,1893,1552,1892,1551
1900,1874,1901,1875,1893,1884,1892,1883
1900,2061,1901,2062,1893,2071,1892,2069
1901,1503,1900,1504,1892,1497,1894,1496
1902,1644,1899,1647,1879,1627,1882,1624
1901,2022,1900,2023,1893,2017,1895,2016
1863,1389,1904,1430,1897,1437,1855,1397
1853,1400,1889,1436,1880,1445,1844,1409
1901,2189,1900,2190,1891,2182,1892,2181
1899,3126,1900,3127,1892,3136,1891,3135
1912,3020,1913,3021,1906,3029,1904,3028
1899,3032,1900,3033,1893,3040,1892,3039
1899,2441,1900,2442,1893,2450,1891,2449
1902,2874,1901,2875,1892,2867,1893,2866
1914,2721,1912,2723,1879,2691,1881,2689
1911,2643,1913,2645,1894,2664,1892,2662
1888,2665,1889,2666,1881,2675,1880,2673
1895,3220,1897,3220,1897,3232,1895,3232
1891,1663,1892,1662,1912,1681,1911,1683
1899,3150,1900,3151,1892,3160,1890,3158
1901,1785,1900,1786,1892,1779,1893,1777
1891,1948,1892,1947,1910,1965,1908,1966
1901,1998,1900,1999,1893,1993,1895,1992
1890,1522,1891,1521,1899,1528,1898,1530
1901,2045,1900,2046,1893,2040,1895,2039
1902,2212,1901,2213,1892,2205,1894,2204
1900,2369,1901,2370,1893,2379,1891,2377
1888,2382,1889,2383,1881,2392,1879,2390
1890,2230,1891,2229,1912,2249,1911,2251
1901,2495,1900,2496,1892,2489,1893,2487
1891,2515,1892,2514,1912,2533,1910,2534
1891,2657,1892,2656,1899,2663,1898,2664
1882,1471,1881,1470,1889,1461,1890,1462
1871,1482,1870,1481,1878,1472,1879,1473
1901,2755,1900,2756,1892,2749,1893,2747
1888,1530,1889,1531,1881,1540,1880,1539
1888,1862,1889,1863,1881,1872,1880,1871
1899,1896,1901,1898,1881,1918,1879,1916
1876,1920,1877,1921,1870,1929,1868,1928
1797,427,1962,432,1961,460,1796,455
1903,2733,1902,2734,1868,2702,1869,2700
1888,2027,1889,2028,1882,2036,1880,2035
1890,1514,1889,1515,1881,1508,1883,1507
1899,1566,1912,1579,1903,1587,1891,1574
1888,1578,1902,1592,1881,1613,1867,1599
1864,1600,1877,1613,1869,1622,1855,1608
1889,2159,1890,2158,1899,2166,1897,2167
1887,2073,1889,2075,1857,2107,1855,2105
1900,3008,1901,3009,1894,3017,1892,3016
1888,3021,1889,3022,1882,3029,1881,3028
1890,2131,1877,2145,1867,2135,1880,2121
1903,2142,1890,2156,1845,2112,1858,2098
1865,2128,1864,2129,1855,2121,1856,2120
1882,2985,1881,2984,1888,2976,1890,2977
1890,1656,1888,1658,1867,1638,1869,1636
1892,1251,1892,1302,1870,1302,1870,1251
1888,3185,1889,3186,1882,3194,1880,3193
1887,3114,1888,3115,1880,3124,1879,3123
1889,2201,1888,2202,1879,2194,1880,2193
1891,2886,1890,2887,1881,2879,1882,2878
1899,2631,1901,2633,1882,2652,1880,2650
1875,2652,1876,2653,1868,2662,1867,2660
1887,2429,1888,2430,1881,2438,1879,2437
1886,2476,1887,2477,1880,2485,1878,2484
1879,1533,1880,1532,1888,1539,1887,1541
1888,3139,1889,3140,1881,3149,1879,3147
1889,1797,1888,1798,1880,1791,1881,1789
1878,1675,1880,1673,1912,1705,1910,1707
1879,1960,1880,1959,1898,1977,1896,1978
1889,2009,1888,2010,1881,2004,1883,2003
1889,2057,1888,2058,1881,2052,1883,2051
1890,2224,1889,2225,1880,2217,1882,2216
1889,2506,1888,2507,1880,2500,1881,2498
1879,2527,1880,2526,1900,2545,1898,2546
1879,2669,1880,2668,1887,2675,1886,2676
1890,2766,1889,2767,1881,2760,1882,2758
1870,1459,1869,1458,1877,1449,1878,1450
1859,1470,1858,1469,1866,1460,1867,1461
1878,2242,1879,2241,1900,2261,1899,2263
1877,1637,1878,1638,1870,1647,1869,1646
1887,1884,1889,1886,1869,1906,1867,1904
1864,1908,1865,1909,1858,1917,1856,1916
1869,1838,1868,1837,1876,1828,1877,1829
1876,1850,1877,1851,1869,1860,1868,1859
1877,2038,1878,2039,1870,2048,1869,2046
1875,1518,1876,1519,1868,1528,1867,1527
1876,2014,1877,2015,1870,2023,1868,2022
1877,2171,1878,2170,1887,2178,1885,2179
1891,2745,1890,2746,1856,2714,1857,2712
1877,2488,1878,2489,1871,2497,1869,2496
1875,2061,1877,2063,1845,2095,1843,2093
1878,1527,1877,1528,1869,1521,1871,1520
1878,2045,1877,2046,1870,2040,1872,2039
1877,3174,1878,3175,1871,3183,1869,3182
1870,2973,1869,2972,1876,2964,1878,2965
1879,1667,1877,1669,1857,1650,1859,1647
1888,2996,1889,2997,1882,3005,1880,3004
1875,3008,1876,3009,1869,3016,1868,3015
1876,3079,1877,3080,1869,3089,1868,3087
1876,3103,1877,3104,1869,3113,1868,3112
1877,2213,1876,2214,1867,2206,1868,2205
1879,2166,1866,2180,1844,2158,1857,2144
1867,2178,1865,2180,1855,2170,1857,2168
1887,2618,1889,2620,1869,2640,1867,2638
1865,2642,1866,2643,1858,2652,1857,2650
1876,2418,1877,2419,1870,2427,1868,2426
1879,2898,1878,2899,1869,2891,1870,2890
1864,2499,1877,2512,1856,2534,1843,2520
1840,2522,1853,2535,1845,2544,1832,2530
1828,2534,1841,2547,1833,2556,1820,2542
1875,2465,1876,2466,1869,2474,1867,2473
1877,2345,1878,2346,1870,2355,1868,2353
1864,2358,1865,2359,1857,2368,1855,2366
1877,2985,1878,2986,1871,2994,1869,2993
1872,3220,1874,3220,1874,3232,1872,3232
1876,3127,1877,3128,1869,3137,1867,3135
1867,1687,1868,1686,1900,1717,1899,1719
1867,1971,1868,1970,1887,1988,1885,1990
1878,2517,1877,2518,1869,2511,1870,2509
1878,2236,1877,2237,1868,2229,1870,2228
1868,2538,1869,2537,1889,2556,1887,2557
1866,1546,1867,1545,1875,1552,1874,1554
1878,2778,1877,2779,1869,2772,1870,2770
1876,1810,1875,1811,1867,1804,1868,1802
1858,1447,1857,1446,1865,1437,1866,1438
1847,1458,1846,1457,1854,1448,1855,1449
1876,1873,1877,1874,1858,1894,1856,1893
1853,1897,1854,1898,1847,1906,1845,1905
1866,2254,1867,2253,1888,2273,1887,2275
1864,1483,1865,1484,1857,1493,1856,1491
1879,2757,1878,2758,1844,2726,1845,2724
1866,2797,1867,2796,1876,2804,1874,2806
1864,1624,1865,1625,1857,1634,1856,1633
1857,1826,1856,1825,1864,1816,1865,1817
1863,1506,1864,1507,1856,1516,1855,1515
1865,2026,1866,2027,1858,2036,1857,2034
1864,1838,1865,1839,1857,1848,1856,1847
1865,2183,1866,2182,1875,2190,1873,2191
1864,2003,1865,2004,1858,2012,1856,2011
1875,1542,1888,1555,1880,1564,1867,1550
1864,1554,1878,1568,1857,1589,1843,1574
1841,1577,1854,1590,1846,1599,1832,1585
1864,2050,1865,2051,1857,2060,1856,2059
1863,1931,1864,1932,1857,1940,1855,1939
1864,2476,1865,2477,1858,2485,1856,2484
1867,2224,1866,2225,1857,2217,1858,2216
1864,2546,1865,2547,1857,2556,1856,2554
1865,3162,1866,3163,1859,3171,1857,3170
1867,1679,1865,1681,1845,1662,1847,1659
1864,3067,1865,3068,1857,3077,1856,3075
1857,2961,1856,2960,1863,2952,1865,2953
1864,3091,1865,3092,1857,3101,1856,3100
1875,2606,1877,2608,1857,2628,1855,2626
1853,2630,1854,2631,1846,2640,1845,2638
1864,2405,1865,2406,1858,2414,1856,2413
1864,2454,1865,2455,1858,2463,1856,2462
1867,2910,1866,2911,1857,2903,1858,2902
1855,1699,1856,1698,1888,1729,1887,1731
1864,3115,1865,3116,1857,3125,1855,3123
1866,1820,1865,1821,1857,1814,1858,1812
1855,1982,1856,1981,1875,1999,1873,2001
1866,2248,1865,2249,1856,2241,1858,2240
1855,2551,1857,2549,1876,2568,1874,2570
1856,2692,1857,2691,1864,2698,1863,2699
1866,2790,1865,2791,1857,2784,1858,2782
1846,1435,1845,1434,1853,1425,1854,1426
1835,1446,1834,1445,1842,1436,1843,1437
1854,2266,1856,2264,1877,2284,1875,2287
1868,2769,1866,2771,1832,2738,1834,2736
1864,1861,1866,1863,1846,1884,1843,1881
1841,1885,1842,1886,1835,1894,1833,1893
1853,1496,1854,1497,1846,1506,1845,1505
1852,1471,1853,1472,1845,1481,1844,1479
1853,1613,1854,1614,1846,1623,1845,1622
1852,1826,1853,1827,1845,1836,1844,1835
1853,2014,1854,2015,1846,2024,1845,2022
1854,2809,1855,2808,1864,2816,1862,2818
1852,1921,1853,1922,1846,1930,1844,1929
1865,2972,1866,2973,1859,2981,1857,2980
1852,2984,1853,2985,1846,2992,1845,2991
1853,2195,1854,2194,1863,2202,1861,2203
1852,2038,1853,2039,1845,2048,1844,2047
1863,1530,1866,1533,1833,1565,1830,1562
1829,1566,1830,1567,1822,1576,1820,1574
1852,2275,1853,2276,1845,2285,1844,2283
1851,1991,1852,1992,1845,2000,1843,1999
1852,2487,1855,2490,1823,2522,1820,2519
1817,2523,1818,2524,1810,2533,1809,2531
1852,2464,1853,2465,1846,2473,1844,2472
1864,2594,1866,2596,1846,2616,1844,2614
1841,2618,1842,2619,1834,2628,1833,2626
1855,1692,1854,1693,1833,1673,1834,1672
1853,3079,1854,3080,1846,3089,1845,3088
1846,2950,1845,2949,1852,2941,1854,2942
1853,3150,1854,3151,1847,3159,1845,3158
1852,3055,1853,3056,1845,3065,1844,3063
1852,2134,1854,2136,1844,2146,1842,2144
1852,2346,1853,2347,1845,2356,1843,2354
1852,2393,1853,2394,1846,2402,1844,2401
1855,2922,1854,2923,1845,2915,1846,2914
1852,2441,1853,2442,1846,2450,1844,2449
1854,2969,1853,2970,1844,2962,1845,2961
1848,3220,1850,3220,1850,3232,1848,3232
1843,1711,1845,1709,1876,1740,1874,1742
1846,1936,1814,1969,1808,1963,1839,1930
1852,3103,1853,3104,1845,3113,1843,3111
1854,1832,1853,1833,1845,1826,1846,1824
1854,2260,1853,2261,1844,2253,1846,2252
1844,2562,1845,2561,1865,2580,1863,2581
1857,2780,1854,2783,1821,2750,1823,2747
1843,2705,1844,2704,1851,2711,1850,2712
1852,1849,1854,1851,1834,1872,1831,1869
1829,1873,1830,1874,1823,1882,1821,1881
1841,1484,1842,1485,1834,1494,1833,1493
1833,1423,1832,1422,1840,1413,1841,1414
1822,1435,1821,1434,1829,1425,1830,1426
1842,2278,1844,2276,1865,2296,1863,2299
1841,1601,1842,1602,1834,1611,1833,1610
1840,1459,1841,1460,1833,1469,1832,1467
1840,1814,1841,1815,1833,1824,1832,1823
1853,2960,1854,2961,1847,2969,1845,2968
1841,2973,1842,2974,1835,2981,1834,2980
1840,1909,1841,1910,1834,1918,1832,1917
1841,2207,1842,2206,1851,2214,1849,2215
1840,2001,1841,2002,1833,2011,1832,2009
1840,2026,1843,2029,1811,2061,1808,2058
1839,1979,1840,1980,1833,1988,1831,1987
1840,2452,1841,2453,1834,2461,1832,2460
1839,2474,1843,2478,1811,2510,1807,2506
1805,2511,1806,2512,1798,2521,1797,2519
1843,2248,1842,2249,1833,2241,1834,2240
1841,3067,1842,3068,1834,3077,1833,3076
1840,2593,1841,2594,1833,2603,1832,2601
1829,2606,1830,2607,1822,2616,1821,2614
1841,3138,1842,3139,1835,3147,1833,3146
1844,1704,1842,1706,1820,1685,1823,1683
1841,3210,1842,3211,1834,3220,1833,3219
1840,3043,1841,3044,1833,3053,1832,3051
1840,2333,1841,2334,1833,2343,1831,2341
1842,2437,1841,2438,1832,2430,1833,2429
1840,2381,1841,2382,1834,2390,1832,2389
1840,2429,1841,2430,1834,2438,1832,2437
1843,2934,1842,2935,1833,2927,1834,2926
1842,2981,1841,2982,1832,2974,1833,2973
1832,1722,1834,1720,1865,1751,1863,1753
1840,3091,1841,3092,1833,3101,1831,3099
1842,2461,1841,2462,1820,2442,1821,2441
1842,1844,1841,1845,1833,1838,1834,1836
1824,2143,1822,2141,1832,2131,1834,2133
1842,2272,1841,2273,1832,2265,1834,2264
1831,2289,1832,2288,1853,2308,1852,2310
1832,2574,1833,2573,1853,2592,1851,2593
1832,2716,1833,2715,1840,2722,1839,2723
1822,1412,1821,1411,1829,1402,1830,1403
1810,1423,1809,1422,1817,1413,1818,1414
1829,1471,1830,1472,1822,1481,1821,1480
1828,1447,1829,1448,1821,1457,1820,1455
1829,1589,1830,1590,1822,1599,1821,1598
1840,1837,1842,1839,1822,1860,1819,1857
1816,1860,1817,1861,1810,1869,1808,1868
1829,1990,1830,1991,1822,2000,1821,1998
1828,1968,1829,1969,1822,1977,1820,1976
1841,2948,1842,2949,1835,2957,1833,2956
1829,2961,1830,2962,1823,2969,1822,2968
1828,2014,1831,2017,1799,2049,1796,2046
1840,1507,1853,1520,1845,1529,1832,1515
1829,1518,1842,1531,1821,1553,1808,1539
1805,1542,1818,1555,1810,1564,1796,1550
1829,2442,1830,2443,1823,2451,1821,2450
1828,2463,1829,2464,1821,2473,1820,2471
1828,2581,1829,2582,1821,2591,1820,2589
1817,2594,1818,2595,1810,2604,1809,2602
1831,1716,1830,1717,1809,1697,1810,1696
1829,3126,1830,3127,1823,3135,1821,3134
1831,2260,1830,2261,1821,2253,1822,2252
1828,3031,1829,3032,1821,3041,1820,3039
1829,2085,1831,2087,1821,2097,1819,2095
1828,3055,1829,3056,1821,3065,1820,3064
1829,2110,1831,2112,1821,2122,1819,2120
1833,2189,1831,2191,1810,2171,1812,2169
1832,2164,1830,2166,1809,2147,1811,2145
1831,2946,1830,2947,1821,2939,1822,2938
1828,2369,1829,2370,1822,2378,1820,2377
1840,2263,1842,2265,1811,2296,1809,2294
1804,2300,1805,2301,1797,2310,1795,2308
1828,2417,1829,2418,1822,2426,1820,2425
1853,3257,1853,3364,1813,3364,1813,3257
1831,2992,1830,2993,1821,2985,1822,2984
1829,2936,1830,2937,1823,2945,1821,2944
1832,2780,1829,2783,1809,2762,1811,2760
1830,2473,1829,2474,1808,2454,1809,2453
1828,3079,1829,3080,1821,3089,1819,3087
1825,3220,1827,3220,1827,3232,1825,3232
1819,1733,1821,1731,1854,1763,1851,1766
1833,2214,1807,2241,1775,2209,1801,2183
1832,2213,1806,2240,1761,2197,1788,2170
1798,2202,1797,2203,1788,2195,1789,2194
1819,2229,1820,2228,1829,2236,1827,2237
1830,2284,1829,2285,1820,2277,1822,2276
1811,2131,1809,2129,1819,2119,1821,2121
1819,2301,1820,2300,1841,2320,1840,2322
1820,2418,1821,2417,1830,2425,1828,2426
1820,2586,1821,2585,1841,2604,1839,2605
1820,2728,1821,2727,1828,2734,1827,2735
1817,1459,1818,1460,1810,1469,1809,1468
1819,2843,1820,2842,1829,2850,1827,2852
1817,1577,1818,1578,1810,1587,1809,1586
1828,1825,1831,1828,1810,1848,1807,1845
1804,1848,1805,1849,1798,1857,1796,1856
1816,1435,1817,1436,1809,1445,1808,1443
1817,1978,1818,1979,1810,1988,1809,1986
1818,2571,1819,2572,1811,2581,1810,2579
1805,2582,1806,2583,1798,2592,1797,2590
1818,3115,1819,3116,1812,3124,1810,3123
1817,2878,1818,2879,1810,2888,1809,2886
1819,1728,1817,1730,1797,1711,1799,1708
1818,3208,1820,3210,1810,3220,1808,3218
1817,3186,1818,3187,1810,3196,1809,3195
1816,3019,1817,3020,1809,3029,1808,3027
1816,3043,1817,3044,1809,3053,1808,3052
1805,1991,1818,2004,1797,2026,1783,2013
1780,2015,1794,2028,1786,2036,1772,2023
1816,2405,1817,2406,1810,2414,1808,2413
1819,2885,1818,2886,1810,2879,1811,2877
1828,2251,1830,2253,1799,2284,1797,2282
1792,2288,1793,2289,1785,2298,1783,2296
1819,2484,1817,2486,1796,2466,1798,2464
1820,2792,1817,2795,1797,2774,1799,2772
1818,3005,1817,3006,1808,2998,1809,2997
1817,1814,1818,1815,1799,1835,1797,1834
1794,1838,1795,1839,1788,1847,1786,1846
1808,1745,1810,1743,1843,1775,1840,1778
1820,2909,1818,2911,1797,2891,1799,2889
1816,3066,1817,3067,1809,3076,1807,3074
1809,2739,1810,2738,1817,2745,1816,2746
1819,2295,1818,2296,1809,2288,1811,2287
1807,2241,1808,2240,1817,2248,1815,2249
1807,2313,1808,2312,1829,2332,1828,2334
1805,1424,1806,1425,1798,1434,1797,1432
1805,1447,1806,1448,1798,1457,1797,1456
1816,1483,1829,1496,1821,1505,1808,1491
1806,1495,1819,1508,1798,1530,1785,1516
1781,1517,1794,1530,1786,1539,1772,1525
1807,2855,1808,2854,1817,2862,1815,2864
1805,1565,1806,1566,1798,1575,1797,1574
1805,1966,1806,1967,1798,1976,1797,1974
1805,2180,1806,2181,1798,2190,1797,2188
1805,2487,1806,2488,1798,2497,1797,2495
1794,2500,1795,2501,1787,2510,1786,2508
1806,2559,1807,2560,1799,2569,1798,2567
1793,2570,1794,2571,1786,2580,1785,2578
1805,2866,1806,2867,1798,2876,1797,2874
1793,2878,1794,2879,1787,2887,1785,2886
1808,2496,1807,2497,1798,2489,1799,2488
1805,3102,1806,3103,1799,3111,1797,3110
1805,3174,1806,3175,1798,3184,1797,3183
1807,1857,1806,1858,1797,1850,1798,1849
1816,2239,1818,2241,1787,2272,1785,2270
1781,2276,1782,2277,1774,2286,1772,2284
1808,2803,1807,2804,1799,2798,1801,2796
1806,2394,1807,2395,1800,2403,1798,2402
1805,2913,1806,2914,1799,2922,1797,2921
1806,3017,1805,3018,1796,3010,1797,3009
1800,3220,1802,3220,1802,3232,1800,3232
1796,1758,1798,1756,1830,1788,1828,1790
1808,2921,1806,2923,1785,2903,1787,2901
1804,3054,1805,3055,1797,3064,1795,3062
1807,2307,1806,2308,1797,2300,1799,2299
1795,2144,1797,2146,1787,2156,1785,2154
1796,2420,1798,2418,1818,2438,1816,2440
1805,1802,1806,1803,1787,1823,1785,1822
1782,1826,1783,1827,1776,1835,1774,1834
1787,2108,1785,2106,1795,2096,1797,2098
1795,2325,1796,2324,1817,2344,1816,2346
1796,2752,1797,2751,1804,2758,1803,2759
1806,2827,1805,2828,1798,2821,1799,2820
1806,2849,1805,2850,1797,2843,1798,2841
1793,1412,1794,1413,1786,1422,1785,1420
1793,1979,1795,1981,1763,2014,1761,2012
1793,1553,1794,1554,1786,1563,1785,1562
1795,2868,1796,2867,1805,2875,1803,2877
1792,1435,1793,1436,1785,1445,1784,1444
1794,2547,1795,2548,1787,2557,1786,2555
1782,2559,1783,2560,1775,2569,1774,2567
1804,1471,1807,1474,1775,1506,1772,1503
1770,1506,1771,1507,1763,1516,1761,1514
1793,2168,1794,2169,1786,2178,1785,2176
1804,1779,1806,1781,1775,1812,1773,1810
1770,1814,1771,1815,1764,1823,1762,1822
1793,2641,1794,2642,1786,2651,1785,2649
1793,2854,1794,2855,1786,2864,1785,2862
1781,2866,1782,2867,1775,2875,1773,2874
1793,3090,1794,3091,1787,3099,1785,3098
1795,1869,1794,1870,1785,1862,1786,1861
1796,2816,1795,2817,1787,2811,1789,2809
1792,3162,1795,3165,1775,3186,1772,3183
1804,2227,1806,2229,1775,2260,1773,2258
1770,2265,1771,2266,1763,2275,1761,2273
1796,2508,1795,2509,1774,2489,1775,2488
1796,3028,1795,3029,1786,3021,1787,3020
1793,2901,1794,2902,1787,2910,1785,2909
1808,2969,1806,2971,1761,2927,1763,2925
1784,1770,1786,1768,1818,1800,1816,1802
1796,2318,1795,2319,1786,2311,1788,2310
1783,2132,1785,2134,1775,2144,1773,2142
1784,2432,1786,2430,1806,2450,1804,2452
1782,1543,1783,1544,1775,1553,1774,1552
1783,2337,1784,2336,1805,2356,1804,2358
1784,2764,1785,2763,1792,2770,1791,2771
1794,2861,1793,2862,1785,2855,1786,2853
1781,1967,1784,1970,1751,2002,1749,2000
1782,2205,1783,2206,1775,2215,1774,2213
1769,2216,1770,2217,1762,2226,1761,2224
1780,1423,1781,1424,1773,1433,1772,1432
1782,2535,1783,2536,1775,2545,1774,2543
1770,2547,1771,2548,1763,2557,1762,2555
1782,2652,1784,2654,1763,2676,1761,2674
1783,2880,1784,2879,1793,2887,1791,2889
1781,2156,1782,2157,1774,2166,1773,2164
1771,2097,1784,2110,1775,2120,1761,2107
1781,2629,1782,2630,1774,2639,1773,2637
1785,2238,1783,2240,1773,2230,1775,2228
1783,1881,1782,1882,1773,1874,1774,1873
1792,2215,1794,2217,1763,2248,1761,2246
1758,2253,1759,2254,1751,2263,1749,2261
1781,3078,1782,3079,1775,3087,1773,3086
1780,2418,1781,2419,1774,2427,1772,2426
1783,2921,1782,2922,1774,2915,1775,2913
1782,2749,1783,2750,1775,2759,1773,2757
1784,3040,1783,3041,1774,3033,1775,3032
1784,2520,1783,2521,1762,2501,1763,2500
1774,2097,1736,2061,1747,2050,1784,2086
1777,3220,1779,3220,1779,3232,1777,3232
1772,1782,1774,1780,1806,1812,1804,1814
1784,2330,1783,2331,1774,2323,1776,2322
1769,3139,1783,3152,1762,3174,1748,3160
1772,2444,1774,2442,1794,2462,1792,2464
1773,2775,1774,2774,1781,2781,1780,2782
1771,2349,1773,2347,1794,2367,1792,2370
1770,1531,1771,1532,1763,1541,1762,1540
1772,2891,1773,2890,1782,2898,1780,2900
1773,3081,1774,3080,1783,3088,1781,3089
1770,2145,1771,2146,1763,2155,1762,2153
1770,2193,1771,2194,1763,2203,1762,2201
1758,2205,1759,2206,1751,2215,1750,2213
1772,1396,1771,1397,1762,1389,1763,1388
1781,1448,1794,1461,1785,1469,1773,1456
1770,1459,1783,1472,1762,1494,1749,1480
1746,1482,1759,1495,1751,1504,1737,1490
1768,1955,1770,1957,1749,1978,1747,1976
1770,2523,1771,2524,1763,2533,1762,2531
1758,2535,1759,2536,1751,2545,1750,2543
1770,2640,1772,2642,1739,2676,1737,2674
1784,2968,1782,2970,1751,2939,1753,2937
1768,1411,1769,1412,1761,1421,1760,1420
1772,1893,1771,1894,1762,1886,1763,1885
1759,2108,1773,2121,1762,2132,1748,2119
1769,2380,1770,2381,1763,2389,1761,2388
1769,2617,1770,2618,1762,2627,1761,2625
1769,1436,1770,1437,1762,1446,1761,1444
1758,1447,1759,1448,1751,1457,1749,1455
1769,2830,1770,2831,1762,2840,1761,2838
1769,2407,1770,2408,1763,2416,1761,2415
1772,2532,1771,2533,1750,2513,1751,2512
1781,2842,1782,2843,1763,2863,1761,2862
1759,2866,1760,2867,1753,2875,1751,2874
1772,3052,1771,3053,1762,3045,1763,3044
1760,1415,1761,1414,1770,1422,1768,1424
1759,1793,1762,1790,1806,1834,1803,1837
1771,2343,1770,2344,1761,2336,1763,2335
1759,2085,1761,2087,1751,2097,1749,2095
1760,2456,1762,2454,1782,2474,1780,2476
1761,2787,1762,2786,1769,2793,1768,2794
1758,1519,1759,1520,1751,1529,1750,1528
1759,2361,1761,2359,1782,2379,1780,2382
1761,3093,1762,3092,1771,3100,1769,3101
1771,2555,1770,2556,1737,2525,1739,2524
1757,1424,1758,1425,1750,1434,1749,1432
1758,2133,1759,2134,1751,2143,1750,2141
1758,2228,1759,2229,1751,2238,1750,2237
1757,2180,1758,2181,1750,2190,1749,2188
1746,2193,1747,2194,1739,2203,1738,2201
1761,1999,1760,2000,1751,1992,1752,1991
1772,2980,1770,2982,1739,2951,1741,2949
1757,1944,1758,1945,1750,1954,1749,1953
1759,2904,1760,2903,1769,2911,1767,2913
1760,1905,1759,1906,1750,1898,1751,1897
1758,2606,1759,2607,1751,2616,1750,2614
1753,3232,1752,3231,1759,3223,1761,3224
1758,2819,1759,2820,1751,2829,1750,2827
1757,2369,1758,2370,1751,2378,1749,2377
1757,3127,1760,3130,1739,3151,1736,3148
1746,2616,1760,2630,1739,2652,1724,2638
1723,2642,1735,2654,1726,2663,1714,2651
1783,2038,1796,2052,1786,2062,1772,2049
1759,2013,1796,2051,1774,2073,1737,2035
1748,2026,1772,2051,1762,2061,1738,2036
1760,3064,1759,3065,1750,3057,1751,3056
1749,1427,1750,1426,1770,1445,1769,1447
1748,1804,1750,1802,1794,1846,1792,1848
1773,3004,1771,3006,1727,2962,1729,2960
1749,1923,1750,1922,1758,1929,1757,1931
1749,1971,1750,1970,1759,1978,1757,1980
1759,2355,1758,2356,1749,2348,1751,2347
1748,2372,1749,2371,1770,2391,1769,2393
1749,2395,1750,2394,1759,2402,1757,2403
1748,2468,1750,2466,1770,2486,1768,2488
1761,2566,1758,2569,1726,2537,1729,2535
1749,2799,1750,2798,1757,2805,1756,2806
1748,2914,1749,2913,1758,2921,1756,2923
1746,1507,1747,1508,1739,1517,1738,1516
1746,1933,1747,1934,1739,1943,1738,1942
1749,2011,1748,2012,1739,2004,1740,2003
2066,4715,2066,4877,1674,4878,1674,4716
1666,4705,1666,4876,1562,4876,1562,4705
1547,4700,1549,4874,1441,4875,1439,4701
1746,2121,1747,2122,1739,2131,1738,2129
1748,1917,1747,1918,1738,1910,1739,1909
1746,2216,1747,2217,1739,2226,1738,2225
1746,2358,1747,2359,1740,2367,1738,2366
1745,2168,1746,2169,1738,2178,1737,2176
1734,2181,1735,2182,1727,2191,1726,2189
1746,2594,1747,2595,1739,2604,1738,2602
1747,1962,1746,1963,1737,1955,1738,1954
1735,2061,1748,2074,1739,2084,1725,2071
1735,2085,1749,2098,1738,2109,1724,2096
1741,3220,1740,3219,1747,3211,1749,3212
1746,2240,1747,2241,1739,2250,1737,2248
1758,2725,1771,2738,1751,2759,1737,2745
1734,2748,1735,2749,1727,2758,1726,2756
1746,2429,1747,2430,1739,2439,1737,2437
2063,3999,2063,4510,1440,4510,1440,3999
1747,2854,1748,2855,1741,2863,1739,2862
1748,3076,1747,3077,1738,3069,1739,3068
1737,1438,1739,1436,1759,1456,1757,1458
1761,3016,1759,3018,1715,2974,1717,2972
1735,1817,1738,1814,1782,1858,1779,1861
1737,1935,1738,1934,1746,1941,1745,1943
1737,1983,1738,1982,1747,1990,1745,1992
1736,2251,1737,2252,1729,2261,1728,2260
1729,1837,1728,1836,1735,1828,1737,1829
1736,2480,1738,2478,1758,2498,1756,2500
1749,2578,1747,2580,1714,2548,1716,2546
1734,1495,1735,1496,1727,1505,1726,1504
1736,2810,1737,2809,1745,2816,1744,2818
1736,2926,1737,2925,1746,2933,1744,2935
1757,2394,1760,2397,1703,2452,1701,2449
1698,2453,1699,2454,1691,2463,1689,2461
1734,2109,1735,2110,1727,2119,1726,2117
1737,2023,1736,2024,1727,2016,1728,2015
1734,2157,1735,2158,1727,2167,1726,2165
1722,2169,1723,2170,1715,2179,1714,2177
1736,1432,1735,1433,1726,1425,1727,1424
1726,2050,1724,2048,1734,2038,1736,2040
1736,1929,1735,1930,1726,1922,1727,1921
1734,2345,1735,2346,1728,2354,1726,2353
1736,1974,1735,1975,1726,1967,1727,1966
1733,2204,1734,2205,1726,2214,1725,2213
1734,2582,1735,2583,1727,2592,1726,2590
1746,2713,1748,2715,1728,2735,1726,2733
1723,2737,1724,2738,1716,2747,1715,2745
1746,2807,1747,2808,1728,2828,1726,2827
1723,2830,1724,2831,1717,2839,1715,2838
1734,2228,1735,2229,1727,2238,1725,2236
1733,3104,1734,3105,1726,3114,1725,3113
1733,3125,1735,3127,1725,3137,1723,3135
1749,3028,1747,3030,1703,2986,1705,2984
1735,2842,1736,2843,1729,2851,1727,2850
1722,2594,1736,2608,1716,2629,1701,2616
1697,2616,1711,2630,1702,2639,1688,2625
1725,1450,1726,1449,1746,1468,1745,1470
1724,1828,1727,1825,1771,1869,1768,1872
1724,1851,1726,1849,1759,1881,1757,1884
1725,1947,1726,1946,1734,1953,1733,1955
1726,1994,1727,1993,1736,2001,1734,2003
1738,2590,1736,2592,1702,2559,1704,2557
1717,1825,1716,1824,1723,1816,1725,1817
1724,2239,1725,2240,1717,2249,1716,2248
1724,2492,1726,2490,1746,2510,1744,2512
1724,2279,1725,2278,1733,2285,1732,2287
1725,2821,1726,2820,1734,2827,1733,2829
1725,3129,1726,3128,1735,3136,1733,3137
1725,1941,1724,1942,1715,1934,1716,1933
1744,2381,1747,2385,1692,2438,1689,2435
1686,2441,1687,2442,1679,2451,1677,2449
1722,2097,1723,2098,1715,2107,1714,2105
1723,2808,1724,2809,1717,2817,1715,2816
1725,2035,1724,2036,1715,2028,1716,2027
1712,2038,1725,2051,1716,2061,1702,2048
1722,2145,1723,2146,1715,2155,1714,2153
1710,2157,1711,2158,1703,2167,1702,2165
1723,2939,1724,2938,1733,2946,1731,2948
1724,1444,1723,1445,1714,1437,1715,1436
1712,2062,1726,2075,1716,2085,1702,2072
1722,2334,1723,2335,1716,2343,1714,2342
1724,1986,1723,1987,1714,1979,1715,1978
1721,2192,1722,2193,1714,2202,1713,2201
1716,3197,1715,3196,1722,3188,1724,3189
1722,2216,1723,2217,1715,2226,1713,2224
1721,2454,1722,2455,1714,2463,1713,2462
1723,2885,1722,2886,1713,2879,1715,2878
1713,1463,1716,1460,1736,1480,1733,1483
1737,3040,1735,3042,1691,2998,1693,2996
1712,1863,1714,1861,1747,1893,1745,1896
1714,1958,1715,1957,1723,1964,1722,1966
1714,2006,1715,2005,1724,2013,1722,2015
1714,2289,1715,2288,1723,2295,1722,2297
1713,2503,1715,2501,1735,2521,1733,2523
1713,2833,1714,2832,1722,2839,1721,2841
1674,3186,1738,3250,1731,3258,1666,3194
1724,2957,1723,2958,1715,2951,1716,2949
1713,3141,1714,3140,1723,3148,1721,3149
1713,1953,1712,1954,1703,1946,1704,1945
1710,2085,1711,2086,1703,2095,1702,2093
1711,2134,1712,2135,1704,2144,1703,2142
1698,2145,1699,2146,1691,2155,1690,2153
1711,2227,1712,2228,1704,2237,1703,2236
1713,2048,1712,2049,1703,2041,1704,2040
1710,2181,1711,2182,1703,2191,1702,2190
1721,2950,1722,2951,1714,2959,1713,2958
1711,2961,1712,2962,1705,2970,1703,2969
1710,2251,1711,2252,1703,2261,1702,2259
1710,2583,1712,2585,1681,2617,1679,2615
1712,1456,1711,1457,1702,1449,1703,1448
1711,2772,1712,2773,1704,2782,1703,2780
1698,2783,1699,2784,1692,2792,1690,2791
1709,2322,1710,2323,1703,2331,1701,2330
1712,1999,1711,2000,1702,1992,1703,1991
1722,2688,1736,2702,1727,2711,1713,2697
1712,2699,1726,2713,1704,2735,1690,2721
1699,2713,1700,2714,1692,2723,1691,2721
1710,2795,1711,2796,1704,2804,1702,2803
1711,2204,1712,2205,1704,2214,1702,2212
1714,2591,1712,2593,1691,2572,1693,2570
1700,2854,1714,2867,1704,2877,1690,2864
1704,3184,1703,3183,1710,3175,1712,3176
1713,2897,1712,2898,1703,2891,1705,2890
1726,3052,1723,3055,1678,3010,1681,3008
1714,3111,1713,3112,1704,3104,1705,3103
1702,1473,1703,1472,1723,1491,1722,1493
1700,1875,1702,1873,1735,1905,1733,1908
1710,3293,1711,3294,1705,3301,1704,3299
1701,1971,1702,1970,1710,1977,1709,1979
1701,2017,1702,2016,1711,2024,1709,2026
1702,2301,1703,2300,1711,2307,1710,2309
1701,2514,1703,2512,1723,2532,1721,2534
1702,2844,1703,2843,1711,2850,1710,2852
1712,2969,1711,2970,1703,2963,1704,2961
1701,3153,1702,3152,1711,3160,1709,3161
1698,2073,1699,2074,1691,2083,1690,2081
1702,2060,1701,2061,1692,2053,1693,2052
1710,1494,1712,1496,1668,1540,1666,1538
1663,1542,1664,1543,1656,1552,1654,1550
1710,2938,1711,2939,1703,2947,1702,2946
1699,2949,1700,2950,1693,2958,1691,2957
1698,2121,1699,2122,1691,2131,1690,2129
1686,2133,1687,2134,1679,2143,1678,2141
1701,1965,1700,1966,1691,1958,1692,1957
1721,2358,1734,2372,1714,2392,1700,2378
1699,2381,1713,2395,1704,2404,1690,2390
1687,2394,1700,2407,1691,2415,1678,2402
1675,2405,1687,2418,1679,2426,1667,2413
1662,2417,1675,2431,1667,2439,1653,2425
1698,2169,1699,2170,1691,2179,1690,2178
1699,2215,1700,2216,1692,2225,1691,2224
1700,1468,1699,1469,1690,1461,1691,1460
1699,2760,1700,2761,1692,2770,1691,2768
1687,2772,1688,2773,1681,2781,1679,2780
1700,2011,1699,2012,1690,2004,1691,2003
1693,3173,1692,3172,1699,3164,1701,3165
1697,2310,1698,2311,1691,2319,1689,2318
1710,3268,1711,3269,1704,3276,1703,3275
1698,3280,1699,3281,1693,3288,1692,3286
1698,2191,1699,2192,1691,2201,1689,2199
1700,2666,1701,2667,1693,2676,1691,2674
1701,2910,1700,2911,1691,2904,1693,2903
1702,3123,1701,3124,1692,3116,1693,3115
1689,1391,1691,1389,1724,1422,1721,1424
1714,3064,1712,3066,1667,3022,1669,3020
1690,1485,1691,1484,1711,1503,1710,1505
1688,1887,1691,1884,1723,1917,1721,1920
1689,1983,1690,1982,1698,1989,1697,1991
1689,2030,1690,2029,1699,2037,1697,2039
1700,2687,1702,2689,1692,2699,1690,2697
1687,2701,1688,2702,1680,2711,1679,2709
1689,2313,1690,2312,1698,2319,1697,2321
1689,2549,1690,2548,1699,2556,1697,2557
1690,1479,1689,1480,1680,1472,1681,1471
1685,2530,1694,2521,1714,2541,1705,2550
1689,2857,1690,2856,1698,2863,1697,2865
1700,2981,1699,2982,1691,2975,1692,2973
1690,1976,1689,1977,1680,1969,1681,1968
1690,2022,1689,2023,1680,2015,1681,2014
1689,3165,1690,3164,1699,3172,1697,3173
1698,2926,1699,2927,1691,2935,1690,2934
1687,2937,1688,2938,1681,2946,1679,2945
1687,2062,1688,2063,1680,2072,1679,2070
1699,2240,1700,2241,1680,2261,1679,2259
1676,2263,1677,2264,1669,2272,1668,2270
1687,2110,1688,2111,1680,2120,1679,2118
1674,2121,1675,2122,1667,2131,1666,2129
1687,2157,1688,2158,1680,2167,1679,2166
1689,2072,1688,2073,1679,2065,1680,2064
1687,2203,1688,2204,1680,2213,1679,2212
1702,3076,1700,3078,1667,3045,1669,3043
1687,2842,1689,2844,1679,2854,1677,2852
1698,3257,1699,3258,1692,3265,1691,3264
1686,3268,1687,3269,1681,3276,1680,3274
1686,2581,1689,2584,1668,2605,1665,2602
1687,2748,1688,2749,1680,2758,1679,2756
1687,1495,1688,1496,1680,1505,1678,1503
1688,2181,1689,2182,1681,2191,1679,2189
1681,3162,1680,3161,1687,3153,1689,3154
1687,2276,1688,2277,1680,2285,1679,2283
1690,3135,1689,3136,1680,3128,1681,3127
1678,1402,1679,1401,1712,1433,1710,1435
1677,1498,1679,1496,1699,1516,1697,1518
1677,1899,1679,1897,1711,1929,1709,1931
1699,2335,1712,2349,1691,2370,1678,2356
1675,2357,1688,2371,1680,2379,1666,2365
1662,2369,1675,2383,1667,2391,1653,2377
1663,2393,1664,2394,1656,2402,1655,2401
1690,3088,1688,3090,1667,3070,1669,3068
1678,1994,1679,1993,1687,2000,1686,2002
1678,2041,1679,2040,1688,2048,1686,2050
1852,1636,1865,1649,1857,1658,1844,1644
1840,1624,1866,1650,1845,1671,1819,1645
1828,1612,1853,1638,1832,1659,1807,1633
1828,1637,1841,1650,1821,1670,1808,1657
1828,1684,1841,1697,1821,1718,1807,1704
1817,1601,1890,1674,1822,1742,1749,1669
1816,1625,1829,1638,1809,1658,1796,1645
1817,1673,1842,1698,1810,1730,1785,1705
1805,1589,1889,1673,1809,1753,1725,1669
1804,1613,1817,1626,1797,1646,1784,1633
1805,1660,1830,1686,1798,1718,1772,1692
1793,1577,1877,1661,1797,1741,1713,1657
1793,1602,1806,1615,1786,1635,1773,1622
1793,1648,1830,1686,1786,1730,1748,1692
1781,1565,1889,1673,1785,1776,1677,1668
1781,1591,1877,1687,1775,1789,1679,1693
1782,1637,1819,1675,1775,1719,1737,1681
1769,1553,1878,1662,1775,1764,1666,1655
1769,1577,1866,1674,1763,1776,1666,1679
1770,1625,1830,1685,1762,1752,1703,1692
1757,1541,1889,1673,1763,1799,1631,1667
1757,1754,1758,1755,1750,1764,1749,1762
1757,1566,1877,1687,1751,1811,1631,1691
1758,1613,1818,1673,1750,1740,1691,1680
1758,1779,1759,1780,1752,1788,1750,1787
1745,1529,1879,1663,1741,1801,1607,1667
1746,1554,1841,1650,1738,1752,1643,1656
1746,1602,1807,1663,1740,1729,1679,1668
1734,1518,1866,1650,1740,1776,1608,1644
1734,1731,1735,1732,1727,1741,1726,1739
1733,1542,1853,1663,1727,1787,1607,1667
1733,1589,1770,1627,1727,1670,1690,1632
1734,1708,1735,1709,1728,1717,1726,1716
1669,1737,1750,1818,1743,1826,1661,1745
1723,1506,1854,1637,1728,1763,1597,1632
1722,1719,1723,1720,1715,1729,1714,1727
1722,1531,1841,1651,1716,1776,1596,1656
1722,1577,1783,1639,1716,1706,1655,1644
1711,1543,1818,1650,1716,1752,1609,1645
1711,1708,1712,1709,1704,1718,1703,1716
1709,1518,1829,1639,1703,1763,1583,1643
1710,1565,1771,1627,1704,1694,1643,1632
1699,1531,1806,1638,1704,1740,1597,1633
1699,1696,1700,1697,1692,1706,1691,1704
1699,1554,1794,1650,1692,1751,1597,1655
1687,1684,1712,1709,1693,1728,1668,1703
1687,1542,1783,1639,1681,1740,1585,1643
1687,1708,1688,1709,1681,1717,1679,1716
1675,1554,1736,1615,1668,1682,1608,1621
1675,1695,1676,1696,1669,1704,1667,1703
1659,1561,1712,1614,1656,1670,1603,1617
1637,1584,1808,1756,1787,1776,1616,1604
1677,2325,1678,2324,1686,2331,1685,2333
1678,1491,1677,1492,1668,1484,1669,1483
1677,2869,1678,2868,1686,2875,1685,2877
1688,2993,1687,2994,1679,2987,1680,2985
1678,1988,1677,1989,1668,1981,1669,1980
1669,1778,1668,1777,1675,1769,1677,1770
1678,2034,1677,2035,1668,2027,1669,2026
1675,2050,1676,2051,1668,2060,1667,2058
1687,2228,1688,2229,1668,2249,1667,2247
1664,2251,1665,2252,1657,2260,1656,2258
1686,2914,1687,2915,1679,2923,1678,2922
1675,2925,1676,2926,1669,2934,1667,2933
1675,2098,1676,2099,1668,2108,1667,2106
1663,2110,1664,2111,1656,2120,1655,2118
1675,2145,1676,2146,1668,2155,1667,2154
1687,2323,1689,2325,1668,2346,1666,2344
1663,2345,1664,2346,1656,2355,1654,2353
1674,2192,1675,2193,1667,2202,1666,2201
1676,2169,1677,2170,1669,2179,1667,2177
1687,2653,1689,2655,1668,2676,1666,2674
1663,2677,1664,2678,1656,2687,1655,2685
1687,3244,1688,3245,1681,3252,1680,3251
1674,3257,1675,3258,1669,3265,1668,3263
1675,2216,1676,2217,1668,2226,1667,2224
1664,2226,1665,2227,1657,2236,1655,2234
1678,2532,1677,2533,1668,2525,1669,2524
1678,3100,1677,3101,1668,3093,1669,3092
1678,3147,1677,3148,1668,3140,1669,3139
1663,2553,1673,2543,1693,2563,1683,2573
1674,2901,1675,2902,1667,2910,1666,2909
1662,2010,1670,2002,1678,2009,1670,2018
1664,1414,1666,1412,1699,1445,1697,1447
1665,1510,1667,1508,1687,1528,1685,1530
1675,2310,1676,2311,1669,2319,1667,2318
1663,2321,1665,2323,1655,2333,1653,2331
1664,1910,1666,1908,1699,1940,1697,1943
1676,3233,1677,3234,1670,3241,1669,3240
1663,3245,1664,3246,1658,3253,1657,3251
1665,2053,1666,2052,1675,2060,1673,2062
1666,2000,1665,2001,1656,1993,1657,1992
1666,2046,1665,2047,1656,2039,1657,2038
1675,2642,1676,2643,1668,2652,1666,2650
1664,2651,1666,2653,1656,2663,1654,2661
1665,2881,1666,2880,1674,2887,1673,2889
1675,3005,1674,3006,1666,2999,1667,2997
1657,1766,1656,1765,1663,1757,1665,1758
1663,2038,1664,2039,1656,2048,1655,2046
1663,2086,1664,2087,1656,2096,1655,2094
1662,2133,1663,2134,1655,2143,1654,2142
1662,2180,1663,2181,1655,2190,1654,2189
1663,2204,1664,2205,1656,2214,1655,2212
1666,2544,1665,2545,1656,2537,1657,2536
1664,2157,1665,2158,1657,2167,1655,2165
1662,2576,1663,2575,1671,2584,1670,2584
1664,2299,1665,2300,1658,2308,1656,2307
1663,2583,1664,2584,1656,2593,1655,2592
1663,2630,1664,2631,1656,2640,1654,2638
1663,3220,1664,3221,1657,3228,1656,3227
1653,1426,1655,1424,1688,1457,1686,1459
1654,1450,1655,1449,1676,1469,1674,1471
1653,1521,1654,1520,1675,1540,1673,1542
1653,1545,1654,1544,1663,1552,1661,1554
1653,1922,1655,1920,1688,1952,1686,1955
1654,1947,1656,1945,1676,1965,1674,1967
1653,1970,1654,1969,1663,1977,1661,1978
1650,2022,1651,2021,1658,2029,1658,2030
1649,2120,1650,2121,1642,2130,1641,2129
1653,2145,1654,2146,1646,2155,1644,2153
1649,2589,1650,2588,1658,2597,1657,2597
1645,2570,1646,2569,1654,2578,1653,2578
1649,2615,1650,2616,1642,2625,1640,2623
1645,1776,1647,1804,1628,1805,1626,1777
1630,1427,1631,1426,1640,1434,1638,1436
1639,1541,1644,1546,1635,1554,1630,1549
1632,1557,1633,1558,1624,1566,1623,1565
1629,1539,1628,1540,1619,1532,1620,1531
1618,1439,1619,1438,1628,1446,1626,1448
1619,1556,1620,1555,1629,1563,1627,1565
1617,1551,1616,1552,1607,1544,1608,1543
1607,1568,1608,1567,1628,1586,1627,1588
1606,1562,1605,1563,1596,1555,1597,1554
1594,1580,1595,1579,1604,1587,1602,1589
1583,1428,1586,1425,1628,1468,1625,1471
1579,1477,1588,1468,1633,1513,1623,1522
1589,1147,1589,1202,1567,1202,1567,1147
1584,1552,1585,1554,1576,1558,1575,1556
1605,2957,1550,2955,1551,2935,1606,2937
1571,1440,1575,1436,1642,1505,1639,1508
1571,1486,1573,1484,1605,1517,1603,1519
1560,1451,1561,1450,1568,1456,1566,1457
1570,1152,1567,1224,1527,1223,1530,1151
1548,1463,1549,1462,1556,1468,1554,1469
1546,1472,1547,1473,1540,1481,1538,1480
1564,1315,1562,1365,1522,1364,1524,1314
1536,1475,1542,1469,1608,1536,1602,1542
1533,1460,1534,1461,1527,1469,1525,1468
1547,2006,1539,2092,1515,2089,1523,2004
1524,1487,1526,1485,1568,1527,1566,1530
1560,1567,1561,1566,1570,1574,1568,1576
1523,1533,1525,1531,1569,1575,1567,1577
1524,1581,1526,1579,1546,1599,1544,1601
1521,1448,1522,1449,1515,1457,1513,1456
1512,1498,1514,1496,1556,1538,1554,1541
1511,1544,1514,1541,1557,1585,1555,1588
1511,1592,1513,1590,1534,1610,1531,1613
1508,1436,1509,1437,1502,1445,1500,1444
1511,1583,1511,1584,1504,1584,1504,1583
1500,1603,1501,1602,1510,1610,1508,1612
1446,1280,1446,1328,1414,1328,1414,1280
1197,513,1197,638,1121,638,1121,513
1204,979,1206,1172,1124,1173,1122,980
1189,2236,1189,2431,1150,2431,1150,2236
1187,1610,1187,1811,1110,1811,1110,1610
1195,2820,1186,2959,1139,2956,1148,2817
1181,3050,1180,3063,1133,3060,1134,3047
1143,2278,1138,2369,1103,2367,1108,2276
1146,2816,1150,2934,1115,2935,1111,2817
905,4006,905,4123,883,4123,883,4006
849,4007,849,4114,767,4114,767,4007
688,1152,812,1152,812,1177,688,1177
849,4163,849,4357,815,4357,815,4163
849,4155,853,4866,707,4867,703,4156
737,4156,737,4817,590,4817,590,4156
622,4436,620,4784,541,4784,543,4436
431,4022,432,4028,409,4030,408,4024
431,4132,431,4157,410,4157,410,4132
429,4252,429,4269,409,4269,409,4252
429,4483,429,4508,411,4508,411,4483
257,4057,257,4323,225,4323,225,4057
244,4044,244,4866,178,4866,178,4044
154,4236,154,4528,108,4528,108,4236
151,70,151,3693,62,3693,62,70
