3417,3463,3417,3551,3386,3551,3386,3463
3417,3559,3417,3599,3386,3599,3386,3559
3417,3606,3417,3614,3386,3614,3386,3606
3417,3613,3417,3653,3386,3653,3386,3613
3370,3411,3370,3490,3347,3490,3347,3411
3370,3497,3370,3528,3347,3528,3347,3497
3370,3533,3370,3582,3347,3582,3347,3533
3370,3581,3370,3587,3347,3587,3347,3581
3370,3591,3370,3661,3347,3661,3347,3591
3370,3665,3370,3705,3347,3705,3347,3665
3370,3711,3370,3738,3347,3738,3347,3711
3392,4232,3392,4500,3318,4500,3318,4232
3340,4229,3340,4499,3270,4499,3270,4229
3322,3412,3322,3491,3303,3491,3303,3412
3322,3498,3322,3538,3303,3538,3303,3498
3322,3546,3322,3603,3303,3603,3303,3546
3322,3608,3322,3635,3303,3635,3303,3608
3275,3412,3275,3491,3259,3491,3259,3412
3275,3496,3275,3540,3259,3540,3259,3496
3275,3547,3275,3604,3259,3604,3259,3547
3275,3608,3275,3638,3259,3638,3259,3608
3230,3412,3230,3491,3214,3491,3214,3412
3230,3496,3230,3537,3214,3537,3214,3496
3230,3547,3230,3622,3214,3622,3214,3547
3230,3625,3230,3656,3214,3656,3214,3625
3230,3660,3230,3664,3214,3664,3214,3660
3230,3671,3230,3725,3214,3725,3214,3671
3230,3732,3230,3744,3214,3744,3214,3732
3230,3746,3230,3777,3214,3777,3214,3746
3230,3782,3230,3826,3214,3826,3214,3782
3182,3286,3182,3298,3169,3298,3169,3286
3182,3300,3182,3303,3169,3303,3169,3300
3182,3302,3182,3317,3169,3317,3169,3302
3184,3412,3184,3489,3166,3489,3166,3412
3184,3496,3184,3569,3166,3569,3166,3496
3184,3576,3184,3635,3166,3635,3166,3576
3184,3642,3184,3656,3166,3656,3166,3642
3184,3660,3184,3695,3166,3695,3166,3660
3184,3702,3184,3750,3166,3750,3166,3702
3184,3759,3184,3818,3166,3818,3166,3759
3147,3412,3147,3448,3130,3448,3130,3412
3147,3453,3147,3457,3130,3457,3130,3453
3147,3461,3147,3465,3130,3465,3130,3461
3147,3465,3147,3522,3129,3522,3129,3465
3146,3531,3146,3559,3129,3559,3129,3531
3146,3570,3146,3596,3129,3596,3129,3570
3146,3604,3146,3640,3128,3640,3128,3604
3145,3648,3145,3674,3128,3674,3128,3648
3128,3412,3128,3416,3111,3416,3111,3412
3128,3417,3128,3483,3111,3483,3111,3417
3128,3484,3128,3488,3111,3488,3111,3484
3128,3488,3128,3543,3111,3543,3111,3488
3128,3545,3128,3549,3111,3549,3111,3545
3205,4277,3205,4591,3147,4591,3147,4277
3116,4118,3116,4180,3072,4180,3072,4118
3116,4186,3116,4198,3072,4198,3072,4186
3116,4212,3116,4268,3072,4268,3072,4212
3116,4281,3116,4293,3072,4293,3072,4281
3116,4323,3116,4497,3072,4497,3072,4323
3116,4526,3116,4761,3072,4761,3072,4526
3068,4245,3068,4367,3021,4367,3021,4245
3068,4410,3068,4639,3021,4639,3021,4410
3091,3413,3091,3443,3075,3443,3075,3413
3092,3449,3092,3464,3075,3464,3075,3449
3092,3472,3092,3520,3076,3520,3076,3472
3092,3524,3092,3539,3076,3539,3076,3524
3092,3549,3092,3560,3076,3560,3076,3549
3093,3563,3093,3567,3077,3567,3077,3563
3093,3572,3093,3592,3077,3592,3077,3572
3093,3597,3093,3601,3077,3601,3077,3597
3093,3606,3093,3610,3077,3610,3077,3606
3047,3312,3047,3337,3029,3337,3029,3312
3056,3412,3056,3443,3039,3443,3039,3412
3056,3450,3056,3466,3039,3466,3039,3450
3056,3472,3056,3521,3039,3521,3039,3472
3056,3526,3056,3539,3039,3539,3039,3526
3056,3550,3056,3562,3039,3562,3039,3550
3056,3563,3056,3567,3039,3567,3039,3563
3056,3572,3056,3593,3039,3593,3039,3572
3056,3597,3056,3601,3039,3601,3039,3597
3056,3606,3056,3610,3039,3610,3039,3606
3056,3619,3056,3623,3039,3623,3039,3619
3056,3623,3056,3704,3039,3704,3039,3623
3056,3709,3056,3781,3039,3781,3039,3709
3056,3784,3056,3872,3039,3872,3039,3784
3056,3874,3056,3878,3039,3878,3039,3874
3038,3413,3038,3444,3022,3444,3022,3413
3038,3452,3038,3456,3022,3456,3022,3452
3038,3459,3038,3463,3022,3463,3022,3459
3038,3464,3038,3485,3022,3485,3022,3464
3038,3499,3038,3511,3022,3511,3022,3499
3038,3519,3038,3523,3022,3523,3022,3519
3038,3524,3038,3528,3022,3528,3022,3524
3038,3530,3038,3548,3022,3548,3022,3530
3038,3559,3038,3575,3022,3575,3022,3559
3038,3581,3038,3599,3022,3599,3022,3581
3004,3411,3004,3447,2983,3447,2983,3411
3004,3451,3004,3466,2983,3466,2983,3451
3004,3473,3004,3526,2983,3526,2983,3473
3004,3532,3004,3542,2983,3542,2983,3532
3004,3556,3004,3567,2983,3567,2983,3556
3004,3568,3004,3573,2983,3573,2983,3568
3004,3578,3004,3599,2983,3599,2983,3578
3004,3603,3004,3608,2983,3608,2983,3603
3004,3612,3004,3617,2983,3617,2983,3612
3004,3621,3004,3626,2983,3626,2983,3621
3004,3631,3004,3660,2983,3660,2983,3631
3004,3663,3004,3668,2983,3668,2983,3663
3004,3674,3004,3679,2983,3679,2983,3674
3004,3687,3004,3692,2983,3692,2983,3687
3004,3691,3004,3696,2983,3696,2983,3691
3004,3701,3004,3719,2983,3719,2983,3701
3004,3729,3004,3744,2983,3744,2983,3729
3004,3752,3004,3769,2983,3769,2983,3752
2957,3414,2957,3418,2940,3418,2940,3414
2957,3425,2957,3467,2940,3467,2940,3425
2957,3473,2957,3489,2940,3489,2940,3473
2957,3496,2957,3547,2939,3547,2939,3496
2956,3552,2956,3565,2939,3565,2939,3552
2956,3578,2956,3586,2939,3586,2939,3578
2956,3591,2956,3595,2939,3595,2939,3591
2956,3599,2956,3619,2939,3619,2939,3599
2956,3624,2956,3628,2939,3628,2939,3624
2956,3633,2956,3637,2939,3637,2939,3633
2956,3642,2956,3646,2939,3646,2939,3642
2956,3648,2956,3682,2939,3682,2939,3648
2956,3684,2956,3688,2939,3688,2939,3684
2955,3695,2955,3699,2938,3699,2938,3695
2955,3709,2955,3713,2938,3713,2938,3709
2955,3713,2955,3717,2938,3717,2938,3713
2955,3719,2955,3738,2938,3738,2938,3719
2955,3749,2955,3764,2938,3764,2938,3749
2955,3772,2955,3790,2938,3790,2938,3772
2910,3314,2910,3352,2892,3352,2892,3314
2911,3411,2911,3446,2893,3446,2893,3411
2911,3451,2911,3467,2893,3467,2893,3451
2911,3474,2911,3526,2893,3526,2893,3474
2911,3529,2911,3543,2893,3543,2893,3529
2911,3554,2911,3568,2893,3568,2893,3554
2911,3570,2911,3574,2893,3574,2893,3570
2911,3578,2911,3598,2893,3598,2893,3578
2911,3604,2911,3608,2893,3608,2893,3604
2911,3614,2911,3618,2893,3618,2893,3614
2911,3623,2911,3666,2893,3666,2893,3623
2911,3672,2911,3702,2893,3702,2893,3672
2911,3709,2911,3713,2893,3713,2893,3709
2911,3722,2911,3726,2893,3726,2893,3722
2911,3728,2911,3732,2893,3732,2893,3728
2911,3733,2911,3754,2893,3754,2893,3733
2911,3762,2911,3779,2893,3779,2893,3762
2911,3784,2911,3804,2893,3804,2893,3784
2866,3411,2866,3443,2845,3443,2845,3411
2866,3451,2866,3466,2845,3466,2845,3451
2866,3470,2866,3520,2845,3520,2845,3470
2866,3526,2866,3538,2845,3538,2845,3526
2866,3551,2866,3562,2845,3562,2845,3551
2866,3564,2866,3569,2845,3569,2845,3564
2866,3570,2866,3592,2845,3592,2845,3570
2866,3597,2866,3602,2845,3602,2845,3597
2866,3606,2866,3611,2845,3611,2845,3606
2866,3620,2866,3669,2845,3669,2845,3620
2847,1001,2847,1097,2811,1097,2811,1001
2807,1003,2807,1012,2772,1013,2772,1004
2807,1021,2807,1030,2772,1031,2772,1022
2808,1033,2809,1065,2774,1066,2773,1034
2810,1086,2810,1095,2775,1096,2775,1087
2819,3412,2819,3445,2803,3445,2803,3412
2819,3451,2819,3469,2803,3469,2803,3451
2819,3474,2819,3525,2803,3525,2803,3474
2819,3530,2819,3544,2803,3544,2803,3530
2819,3553,2819,3576,2803,3576,2803,3553
2819,3582,2819,3586,2803,3586,2803,3582
2819,3592,2819,3596,2803,3596,2803,3592
2819,3603,2819,3644,2803,3644,2803,3603
2819,3651,2819,3690,2803,3690,2803,3651
2819,3695,2819,3711,2803,3711,2803,3695
2819,3717,2819,3762,2803,3762,2803,3717
2774,3411,2774,3444,2757,3444,2757,3411
2774,3451,2774,3467,2757,3467,2757,3451
2774,3473,2774,3526,2757,3526,2757,3473
2774,3529,2774,3605,2757,3605,2757,3529
2774,3611,2774,3615,2757,3615,2757,3611
2774,3618,2774,3645,2757,3645,2757,3618
2774,3650,2774,3691,2757,3691,2757,3650
2774,3696,2774,3711,2757,3711,2757,3696
2774,3715,2774,3719,2757,3719,2757,3715
2774,3724,2774,3737,2757,3737,2757,3724
2774,3739,2774,3743,2757,3743,2757,3739
2774,3746,2774,3784,2757,3784,2757,3746
2774,3789,2774,3793,2757,3793,2757,3789
2728,3410,2728,3452,2711,3452,2711,3410
2728,3459,2728,3475,2711,3475,2711,3459
2728,3481,2728,3531,2711,3531,2711,3481
2728,3536,2728,3580,2711,3580,2711,3536
2728,3592,2728,3633,2711,3633,2711,3592
2728,3635,2728,3639,2711,3639,2711,3635
2728,3645,2728,3657,2711,3657,2711,3645
2728,3671,2728,3681,2711,3681,2711,3671
2728,3684,2728,3688,2711,3688,2711,3684
2728,3691,2728,3711,2711,3711,2711,3691
2728,3716,2728,3720,2711,3720,2711,3716
2728,3725,2728,3729,2711,3729,2711,3725
2728,3735,2728,3764,2711,3764,2711,3735
2728,3767,2728,3820,2711,3820,2711,3767
2728,3824,2728,3881,2711,3881,2711,3824
2684,3410,2684,3444,2669,3444,2669,3410
2684,3450,2684,3467,2669,3467,2669,3450
2684,3473,2684,3526,2669,3526,2669,3473
2684,3528,2684,3573,2669,3573,2669,3528
2684,3582,2684,3596,2669,3596,2669,3582
2684,3608,2684,3619,2669,3619,2669,3608
2684,3624,2684,3627,2669,3627,2669,3624
2684,3630,2684,3651,2669,3651,2669,3630
2684,3657,2684,3660,2669,3660,2669,3657
2684,3667,2684,3670,2669,3670,2669,3667
2684,3677,2684,3773,2669,3773,2669,3677
2684,3777,2684,3844,2669,3844,2669,3777
2635,3412,2635,3444,2621,3444,2621,3412
2635,3451,2635,3467,2621,3467,2621,3451
2635,3473,2635,3570,2621,3570,2621,3473
2635,3575,2635,3608,2621,3608,2621,3575
2589,3309,2597,3340,2583,3344,2574,3313
2594,3414,2594,3494,2573,3494,2573,3414
2594,3505,2594,3568,2573,3568,2573,3505
2594,3573,2594,3578,2573,3578,2573,3573
2594,3578,2594,3611,2573,3611,2573,3578
2594,3612,2594,3617,2573,3617,2573,3612
2594,3622,2594,3656,2573,3656,2573,3622
2594,3656,2594,3661,2573,3661,2573,3656
2594,3664,2594,3731,2573,3731,2573,3664
2594,3729,2594,3734,2573,3734,2573,3729
2594,3739,2594,3766,2573,3766,2573,3739
2594,3772,2594,3818,2573,3818,2573,3772
2594,3819,2594,3824,2573,3824,2573,3819
2594,3824,2594,3829,2573,3829,2573,3824
2594,3828,2594,3833,2573,3833,2573,3828
2594,3832,2594,3837,2573,3837,2573,3832
2546,3414,2546,3494,2525,3494,2525,3414
2546,3501,2546,3534,2525,3534,2525,3501
2546,3538,2546,3583,2525,3583,2525,3538
2499,3412,2499,3491,2485,3491,2485,3412
2453,1328,2450,1482,2424,1481,2427,1327
2454,3410,2454,3453,2438,3453,2438,3410
2454,3458,2454,3528,2438,3528,2438,3458
2454,3532,2454,3597,2438,3597,2438,3532
2448,1680,2452,1747,2422,1749,2418,1682
2447,2145,2447,2315,2423,2315,2423,2145
2421,3294,2422,3322,2411,3322,2410,3294
2407,3412,2407,3477,2390,3477,2390,3412
2407,3482,2407,3552,2390,3552,2390,3482
2407,3557,2407,3628,2390,3628,2390,3557
2407,3633,2407,3646,2390,3646,2390,3633
2407,3652,2407,3691,2390,3691,2390,3652
2362,3412,2362,3477,2346,3477,2346,3412
2362,3485,2362,3489,2346,3489,2346,3485
2362,3496,2362,3519,2346,3519,2346,3496
2362,3525,2362,3570,2346,3570,2346,3525
2324,3281,2324,3333,2289,3333,2289,3281
2318,3412,2318,3453,2301,3453,2301,3412
2318,3455,2318,3459,2301,3459,2301,3455
2318,3459,2318,3523,2301,3523,2301,3459
2318,3531,2318,3592,2301,3592,2301,3531
2271,3415,2271,3490,2254,3490,2254,3415
2271,3497,2271,3501,2254,3501,2254,3497
2271,3503,2271,3507,2254,3507,2254,3503
2271,3507,2271,3567,2254,3567,2254,3507
2286,608,2256,608,2256,585,2286,585
2227,608,2202,608,2202,585,2227,585
2224,3413,2224,3465,2211,3465,2211,3413
2224,3469,2224,3484,2211,3484,2211,3469
2224,3490,2224,3539,2211,3539,2211,3490
2224,3548,2224,3551,2211,3551,2211,3548
2301,4061,2301,4588,2221,4588,2221,4061
2301,4635,2301,4802,2221,4802,2221,4635
2217,4046,2217,4435,2155,4435,2155,4046
2217,4474,2217,4531,2155,4531,2155,4474
2217,4585,2217,4602,2155,4602,2155,4585
2217,4644,2217,4830,2155,4830,2155,4644
2157,4210,2157,4341,2099,4341,2099,4210
2157,4372,2157,4521,2099,4521,2099,4372
2157,4570,2157,4586,2099,4586,2099,4570
2157,4611,2157,4627,2099,4627,2099,4611
2157,4641,2157,4657,2099,4657,2099,4641
2157,4676,2157,4692,2099,4692,2099,4676
2179,3413,2179,3464,2164,3464,2164,3413
2179,3469,2179,3485,2164,3485,2164,3469
2179,3492,2179,3538,2164,3538,2164,3492
2179,3547,2179,3550,2164,3550,2164,3547
2135,648,2135,703,2114,703,2114,648
2135,3409,2135,3466,2118,3466,2118,3409
2135,3471,2135,3484,2118,3484,2118,3471
2135,3490,2135,3539,2118,3539,2118,3490
1743,605,1963,601,1964,653,1744,657
2019,600,2100,598,2101,649,2020,651
1978,999,1974,1097,1938,1096,1942,998
1939,1000,1939,1031,1905,1031,1905,1000
1939,1037,1939,1046,1905,1046,1905,1037
1939,1049,1939,1080,1905,1080,1905,1049
1977,1649,1980,1788,1941,1789,1938,1650
1980,1812,1981,1848,1943,1849,1942,1813
1937,1654,1937,1664,1901,1664,1901,1654
1937,1669,1937,1679,1901,1679,1901,1669
1937,1683,1937,1710,1901,1710,1901,1683
1937,1732,1937,1742,1901,1742,1901,1732
1975,2150,1975,2159,1941,2159,1941,2150
1975,2190,1975,2326,1941,2326,1941,2190
1975,2351,1975,2382,1941,2382,1941,2351
1938,2193,1938,2215,1896,2215,1896,2193
1938,2218,1938,2229,1896,2229,1896,2218
1938,2228,1938,2300,1896,2300,1896,2228
2064,4010,2064,4147,2017,4147,2017,4010
2013,4003,2013,4172,1975,4172,1975,4003
2013,4203,2013,4239,1975,4239,1975,4203
1963,4003,1963,4172,1925,4172,1925,4003
1963,4203,1963,4239,1925,4239,1925,4203
1920,4006,1920,4183,1869,4183,1869,4006
1860,4004,1860,4069,1825,4069,1825,4004
1810,4000,1810,4058,1775,4058,1775,4000
1763,4007,1763,4250,1724,4250,1724,4007
1722,4010,1722,4157,1687,4157,1687,4010
1722,4189,1722,4307,1687,4307,1687,4189
1681,3998,1681,4186,1645,4186,1645,3998
1640,4005,1640,4145,1604,4145,1604,4005
1596,4010,1596,4193,1549,4193,1549,4010
1596,4231,1596,4244,1549,4244,1549,4231
1596,4255,1596,4268,1549,4268,1549,4255
1596,4279,1596,4292,1549,4292,1549,4279
1533,4008,1533,4157,1491,4157,1491,4008
1533,4193,1533,4312,1491,4312,1491,4193
1533,4338,1533,4510,1491,4510,1491,4338
2064,4714,2064,4761,2022,4761,2022,4714
2064,4766,2064,4777,2022,4777,2022,4766
2064,4776,2064,4814,2022,4814,2022,4776
2064,4830,2064,4877,2022,4877,2022,4830
2011,4728,2012,4757,1974,4758,1973,4729
2011,4761,2011,4771,1973,4772,1973,4762
2012,4773,2013,4814,1974,4815,1973,4774
2013,4830,2014,4873,1976,4874,1975,4831
1965,4742,1965,4753,1925,4753,1925,4742
1965,4762,1965,4773,1925,4773,1925,4762
1965,4770,1965,4815,1925,4815,1925,4770
1965,4834,1965,4870,1925,4870,1925,4834
1916,4740,1916,4751,1874,4751,1874,4740
1916,4761,1916,4772,1874,4772,1874,4761
1916,4775,1916,4814,1874,4814,1874,4775
1916,4831,1916,4870,1874,4870,1874,4831
1865,4736,1865,4746,1827,4746,1827,4736
1865,4763,1865,4773,1827,4773,1827,4763
1865,4776,1865,4811,1827,4811,1827,4776
1865,4834,1865,4868,1827,4868,1827,4834
1815,4743,1815,4753,1777,4753,1777,4743
1815,4767,1815,4777,1777,4777,1777,4767
1815,4776,1815,4811,1777,4811,1777,4776
1815,4834,1815,4868,1777,4868,1777,4834
1763,4739,1763,4750,1723,4751,1723,4740
1763,4759,1763,4770,1723,4771,1723,4760
1764,4772,1765,4810,1724,4811,1723,4773
1765,4835,1766,4871,1726,4872,1725,4836
1708,4696,1708,4749,1660,4749,1660,4696
1708,4750,1708,4763,1660,4763,1660,4750
1708,4766,1708,4811,1660,4811,1660,4766
1708,4838,1708,4872,1660,4872,1660,4838
1655,4736,1655,4752,1599,4752,1599,4736
1655,4758,1655,4774,1599,4774,1599,4758
1655,4774,1655,4815,1599,4815,1599,4774
1655,4839,1655,4870,1599,4870,1599,4839
1603,4720,1603,4761,1547,4761,1547,4720
1603,4761,1603,4777,1547,4777,1547,4761
1603,4777,1603,4818,1547,4818,1547,4777
1603,4834,1603,4875,1547,4875,1547,4834
1538,4680,1538,4747,1490,4747,1490,4680
1538,4751,1538,4764,1490,4764,1490,4751
1538,4768,1538,4811,1490,4811,1490,4768
1538,4834,1538,4847,1490,4847,1490,4834
1538,4859,1538,4872,1490,4872,1490,4859
1571,2443,1518,2443,1518,2424,1571,2424
1489,1895,1489,1904,1455,1904,1455,1895
1488,1970,1488,2001,1454,2001,1454,1970
1488,2026,1488,2057,1454,2057,1454,2026
1487,2066,1487,2074,1453,2074,1453,2066
1486,2205,1486,2259,1452,2259,1452,2205
1486,2282,1486,2313,1451,2313,1451,2282
1424,1923,1419,1981,1379,1977,1384,1920
1428,2437,1426,2491,1397,2490,1399,2436
1423,2539,1421,2589,1392,2588,1394,2538
1413,2728,1413,2761,1377,2761,1377,2728
1378,1928,1378,1936,1349,1937,1349,1929
1378,1943,1378,1951,1349,1952,1349,1944
1379,1956,1382,2017,1353,2018,1350,1957
1380,2134,1380,2198,1362,2198,1362,2134
1382,2537,1382,2545,1350,2546,1350,2538
1382,2554,1382,2562,1350,2563,1350,2555
1383,2568,1384,2597,1352,2598,1351,2569
1385,2620,1385,2628,1353,2629,1353,2621
1300,1524,1332,1524,1332,1545,1300,1545
1355,1524,1387,1524,1387,1545,1355,1545
1271,2380,1304,2380,1304,2416,1271,2416
1327,2380,1360,2380,1360,2416,1327,2416
1192,1753,1192,1782,1160,1782,1160,1753
1192,1809,1192,1838,1160,1838,1160,1809
1192,1890,1192,1898,1160,1898,1160,1890
1192,2007,1192,2036,1160,2036,1160,2007
1192,2063,1192,2134,1160,2134,1160,2063
1109,1840,1109,1894,1087,1894,1087,1840
1053,1668,1053,1713,1026,1713,1026,1668
1069,2065,1069,2200,1033,2200,1033,2065
971,1370,1022,1370,1022,1391,971,1391
1016,1677,1017,1686,982,1689,981,1680
1017,1691,1018,1700,983,1703,982,1694
1019,1709,1020,1718,985,1721,984,1712
917,863,908,863,908,829,917,829
905,4006,905,4123,883,4123,883,4006
838,869,922,869,922,900,838,900
840,863,831,863,831,829,840,829
808,863,799,863,799,829,808,829
842,1413,845,1502,804,1503,801,1415
849,4034,849,4071,815,4071,815,4034
803,4007,803,4017,767,4017,767,4007
803,4025,803,4035,767,4035,767,4025
803,4044,803,4054,767,4054,767,4044
803,4073,803,4083,767,4083,767,4073
803,4081,803,4091,767,4091,767,4081
803,4087,803,4114,767,4114,767,4087
849,4163,849,4245,815,4245,815,4163
849,4268,849,4357,815,4357,815,4268
851,4551,851,4692,815,4692,815,4551
851,4712,851,4744,815,4744,815,4712
851,4768,851,4866,815,4866,815,4768
804,4157,805,4277,771,4277,770,4157
805,4301,805,4331,772,4331,772,4301
806,4357,807,4419,773,4419,772,4357
807,4551,808,4620,775,4620,774,4551
808,4630,808,4639,775,4639,775,4630
808,4641,809,4754,776,4754,775,4641
762,4161,762,4261,727,4261,727,4161
762,4283,762,4315,727,4315,727,4283
727,4156,727,4312,704,4312,704,4156
737,4433,737,4612,708,4612,708,4433
737,4635,737,4685,708,4685,708,4635
737,4704,737,4817,708,4817,708,4704
701,4158,701,4316,672,4316,672,4158
701,4339,701,4403,672,4403,672,4339
707,4437,707,4445,678,4445,678,4437
707,4446,707,4492,678,4492,678,4446
707,4506,707,4514,678,4514,678,4506
707,4518,707,4617,678,4617,678,4518
671,4161,671,4314,644,4314,644,4161
671,4340,671,4347,644,4347,644,4340
679,4433,679,4467,648,4467,648,4433
679,4487,679,4555,648,4555,648,4487
679,4564,679,4572,648,4572,648,4564
679,4575,679,4648,648,4648,648,4575
643,4156,643,4262,616,4262,616,4156
643,4282,643,4391,616,4391,616,4282
651,4432,651,4471,620,4471,620,4432
651,4494,651,4558,620,4558,620,4494
651,4570,651,4578,620,4578,620,4570
651,4581,651,4711,620,4711,620,4581
613,4162,613,4168,590,4168,590,4162
613,4171,613,4217,590,4217,590,4171
613,4226,613,4232,590,4232,590,4226
622,4436,622,4445,587,4444,587,4435
622,4468,619,4682,583,4681,586,4467
580,4440,580,4474,543,4474,543,4440
580,4495,580,4607,543,4607,543,4495
580,4626,580,4660,543,4660,543,4626
580,4680,580,4784,543,4784,543,4680
430,4131,430,4136,409,4136,409,4131
430,4144,430,4149,409,4149,409,4144
430,4153,430,4158,409,4158,409,4153
429,4252,429,4269,409,4269,409,4252
430,4486,430,4507,410,4507,410,4486
253,4054,253,4138,230,4138,230,4054
253,4159,253,4180,230,4180,230,4159
253,4203,253,4254,230,4254,230,4203
253,4273,253,4298,230,4298,230,4273
253,4317,253,4323,230,4323,230,4317
220,4037,220,4082,179,4082,179,4037
220,4087,220,4098,179,4098,179,4087
220,4111,220,4163,179,4163,179,4111
220,4171,220,4182,179,4182,179,4171
220,4197,220,4284,179,4284,179,4197
244,4539,244,4642,198,4642,198,4539
244,4680,244,4866,198,4866,198,4680
154,4236,154,4315,108,4315,108,4236
154,4333,154,4346,108,4346,108,4333
154,4357,154,4408,108,4408,108,4357
154,4450,154,4528,108,4528,108,4450
151,70,151,138,120,138,120,70
151,160,151,168,120,168,120,160
151,182,151,230,120,230,120,182
151,249,151,444,120,444,120,249
151,465,151,534,120,534,120,465
151,555,151,717,120,717,120,555
151,742,151,750,120,750,120,742
151,758,151,766,120,766,120,758
151,769,151,834,120,834,120,769
151,855,151,1005,120,1005,120,855
151,1028,151,1056,120,1056,120,1028
151,1082,151,1199,120,1199,120,1082
151,1225,151,1274,120,1274,120,1225
151,1291,151,1458,120,1458,120,1291
151,1479,151,1637,120,1637,120,1479
151,1657,151,1692,120,1692,120,1657
151,1708,151,1935,120,1935,120,1708
151,1952,151,2016,120,2016,120,1952
151,2040,151,2080,120,2080,120,2040
151,2104,151,2252,120,2252,120,2104
151,2273,151,2354,120,2354,120,2273
151,2358,151,2366,120,2366,120,2358
151,2380,151,2534,120,2534,120,2380
151,2540,151,2548,120,2548,120,2540
151,2567,151,2693,120,2693,120,2567
151,2694,151,2702,120,2702,120,2694
151,2720,151,2784,120,2784,120,2720
151,2793,151,2801,120,2801,120,2793
151,2807,151,2936,120,2936,120,2807
151,2940,151,2948,120,2948,120,2940
151,2967,151,3007,120,3007,120,2967
151,3028,151,3203,120,3203,120,3028
151,3225,151,3260,120,3260,120,3225
151,3271,151,3392,120,3392,120,3271
151,3419,151,3506,120,3506,120,3419
151,3510,151,3518,120,3518,120,3510
151,3535,151,3574,120,3574,120,3535
121,70,121,205,92,205,92,70
121,232,121,396,92,396,92,232
121,415,121,484,92,484,92,415
121,506,121,522,92,522,92,506
121,543,121,649,92,649,92,543
121,670,121,702,92,702,92,670
121,721,121,742,92,742,92,721
121,763,121,868,92,868,92,763
121,890,121,960,92,960,92,890
121,977,121,1077,92,1077,92,977
121,1099,121,1107,92,1107,92,1099
121,1138,121,1207,92,1207,92,1138
121,1227,121,1341,92,1341,92,1227
121,1345,121,1353,92,1353,92,1345
121,1368,121,1422,92,1422,92,1368
121,1442,121,1578,92,1578,92,1442
121,1601,121,1671,92,1671,92,1601
121,1688,121,1906,92,1906,92,1688
121,1906,121,1914,92,1914,92,1906
121,1926,121,1980,92,1980,92,1926
121,2003,121,2194,92,2194,92,2003
121,2212,121,2244,92,2244,92,2212
121,2267,121,2337,92,2337,92,2267
121,2354,121,2404,92,2404,92,2354
121,2423,121,2547,92,2547,92,2423
121,2548,121,2556,92,2556,92,2548
121,2572,121,2604,92,2604,92,2572
121,2626,121,2783,92,2783,92,2626
121,2809,121,2817,92,2817,92,2809
121,2824,121,2832,92,2832,92,2824
121,2833,121,2883,92,2883,92,2833
121,2902,121,2952,92,2952,92,2902
121,2975,121,3178,92,3178,92,2975
121,3181,121,3189,92,3189,92,3181
121,3205,121,3255,92,3255,92,3205
121,3280,121,3432,92,3432,92,3280
121,3455,121,3523,92,3523,92,3455
121,3542,121,3660,92,3660,92,3542
121,3685,121,3693,92,3693,92,3685
93,76,93,147,62,147,62,76
93,164,93,280,62,280,62,164
93,304,93,339,62,339,62,304
93,360,93,542,62,542,62,360
93,564,93,598,62,598,62,564
93,619,93,705,62,705,62,619
93,708,93,716,62,716,62,708
