2053,95,2141,95,2141,116,2053,116
2153,95,2193,95,2193,116,2153,116
2198,95,2203,95,2203,116,2198,116
2206,95,2245,95,2245,116,2206,116
2005,142,2084,142,2084,158,2005,158
2088,142,2121,142,2121,158,2088,158
2127,142,2174,142,2174,158,2127,158
2174,142,2178,142,2178,158,2174,158
2181,142,2253,142,2253,158,2181,158
2260,142,2297,142,2297,158,2260,158
2304,142,2331,142,2331,158,2304,158
2779,122,3042,122,3042,176,2779,176
2780,174,3043,174,3043,236,2780,236
2005,187,2083,187,2083,205,2005,205
2089,187,2129,187,2129,205,2089,205
2139,187,2195,187,2195,205,2139,205
2198,187,2228,187,2228,205,2198,205
2004,234,2083,234,2083,250,2004,250
2090,234,2131,234,2131,250,2090,250
2139,234,2195,234,2195,250,2139,250
2203,234,2230,234,2230,250,2203,250
2159,225,2198,227,2197,245,2158,243
2204,227,2230,228,2229,246,2203,245
2003,279,2085,279,2085,296,2003,296
2090,279,2131,279,2131,296,2090,296
2140,279,2213,279,2213,296,2140,296
2219,279,2248,279,2248,296,2219,296
2254,279,2258,279,2258,296,2254,296
2262,279,2318,279,2318,296,2262,296
2325,279,2338,279,2338,296,2325,296
2342,279,2372,279,2372,296,2342,296
2374,279,2419,279,2419,296,2374,296
1879,327,1892,327,1892,341,1879,341
1893,327,1896,327,1896,341,1893,341
1897,327,1910,327,1910,341,1897,341
2006,320,2083,320,2083,343,2006,343
2089,320,2161,320,2161,343,2089,343
2170,320,2229,320,2229,343,2170,343
2235,320,2248,320,2248,343,2235,343
2252,320,2287,320,2287,343,2252,343
2293,320,2343,320,2343,343,2293,343
2350,320,2408,320,2408,343,2350,343
2005,363,2040,363,2040,378,2005,378
2047,363,2050,363,2050,378,2047,378
2053,363,2056,363,2056,378,2053,378
2056,363,2117,363,2117,378,2056,378
2123,363,2154,363,2154,378,2123,378
2163,363,2190,363,2190,378,2163,378
2198,363,2234,363,2234,378,2198,378
2242,363,2268,363,2268,378,2242,378
2006,383,2009,383,2009,396,2006,396
2009,383,2076,383,2076,396,2009,396
2077,383,2080,383,2080,396,2077,396
2081,383,2134,383,2134,396,2081,396
2137,383,2140,383,2140,396,2137,396
2829,298,3132,298,3132,360,2829,360
2664,387,2725,387,2725,440,2664,440
2734,387,2749,387,2749,440,2734,440
2754,387,2822,387,2822,440,2754,440
2825,387,2840,387,2840,440,2825,440
2869,387,3046,387,3046,440,2869,440
3074,387,3308,387,3308,440,3074,440
2794,441,2913,441,2913,487,2794,487
2953,441,3185,441,3185,487,2953,487
2004,416,2038,416,2038,434,2004,434
2043,415,2059,415,2059,434,2043,434
2067,415,2116,415,2116,433,2067,433
2119,415,2133,415,2133,433,2119,433
2142,415,2156,415,2156,433,2142,433
2158,414,2162,414,2162,432,2158,432
2164,414,2187,414,2187,432,2164,432
2191,414,2195,414,2195,432,2191,432
2200,414,2204,414,2204,432,2200,432
1906,459,1929,459,1929,480,1906,480
2004,453,2037,453,2037,470,2004,470
2045,453,2057,453,2057,470,2045,470
2064,453,2115,453,2115,470,2064,470
2120,453,2130,453,2130,470,2120,470
2145,453,2153,453,2153,470,2145,470
2156,453,2160,453,2160,470,2156,470
2164,453,2186,453,2186,470,2164,470
2191,453,2195,453,2195,470,2191,470
2200,453,2204,453,2204,470,2200,470
2210,453,2214,453,2214,470,2210,470
2214,453,2295,453,2295,470,2214,470
2302,453,2372,453,2372,470,2302,470
2378,453,2464,453,2464,470,2378,470
2466,453,2470,453,2470,470,2466,470
2006,471,2036,471,2036,485,2006,485
2046,471,2049,471,2049,485,2046,485
2052,471,2055,471,2055,485,2052,485
2058,471,2079,471,2079,485,2058,485
2091,471,2104,471,2104,485,2091,485
2112,471,2115,471,2115,485,2112,485
2117,471,2120,471,2120,485,2117,485
2121,471,2142,471,2142,485,2121,485
2153,471,2166,471,2166,485,2153,485
2175,471,2193,471,2193,485,2175,485
2005,507,2038,507,2038,522,2005,522
2045,507,2059,507,2059,522,2045,522
2066,507,2118,507,2118,522,2066,522
2122,507,2136,507,2136,522,2122,522
2148,507,2159,507,2159,522,2148,522
2162,507,2165,507,2165,522,2162,522
2169,507,2191,507,2191,522,2169,522
2197,507,2200,507,2200,522,2197,522
2207,507,2210,507,2210,522,2207,522
2216,507,2219,507,2219,522,2216,522
2221,507,2255,507,2255,522,2221,522
2258,507,2261,507,2261,522,2258,522
2267,507,2270,507,2270,522,2267,522
2282,507,2285,507,2285,522,2282,522
2287,507,2290,507,2290,522,2287,522
2292,507,2312,507,2312,522,2292,522
2322,507,2336,507,2336,522,2322,522
2344,507,2363,507,2363,522,2344,522
2006,552,2010,552,2010,569,2006,569
2018,552,2061,552,2061,569,2018,569
2066,552,2082,552,2082,569,2066,569
2089,552,2139,552,2139,569,2089,569
2145,552,2157,552,2157,569,2145,569
2171,552,2179,552,2179,569,2171,569
2184,552,2188,552,2188,569,2184,569
2192,552,2212,552,2212,569,2192,569
2217,552,2221,552,2221,569,2217,569
2226,552,2230,552,2230,569,2226,569
2235,552,2239,552,2239,569,2235,569
2241,552,2275,552,2275,569,2241,569
2278,552,2282,552,2282,569,2278,569
2289,552,2293,552,2293,569,2289,569
2301,552,2305,552,2305,569,2301,569
2307,552,2311,552,2311,569,2307,569
2315,552,2331,552,2331,569,2315,569
2344,552,2357,552,2357,569,2344,569
2363,552,2384,552,2384,569,2363,569
1907,597,1946,597,1946,618,1907,618
2005,598,2039,598,2039,615,2005,615
2045,598,2061,598,2061,615,2045,615
2066,598,2117,598,2117,615,2066,615
2123,598,2135,598,2135,615,2123,615
2148,598,2158,598,2158,615,2148,615
2163,598,2167,598,2167,615,2163,615
2171,598,2192,598,2192,615,2171,615
2197,598,2201,598,2201,615,2197,615
2206,598,2210,598,2210,615,2206,615
2218,598,2260,598,2260,615,2218,615
2264,598,2294,598,2294,615,2264,615
2301,598,2305,598,2305,615,2301,615
2316,598,2320,598,2320,615,2316,615
2319,598,2323,598,2323,615,2319,615
2324,598,2346,598,2346,615,2324,615
2356,598,2372,598,2372,615,2356,615
2377,598,2396,598,2396,615,2377,615
2006,645,2038,645,2038,661,2006,661
2043,645,2057,645,2057,661,2043,661
2066,645,2113,645,2113,661,2066,661
2118,645,2133,645,2133,661,2118,661
2143,645,2154,645,2154,661,2143,661
2156,645,2160,645,2160,661,2156,661
2165,645,2186,645,2186,661,2165,661
2190,645,2194,645,2194,661,2190,661
2200,645,2204,645,2204,661,2200,661
2212,645,2261,645,2261,661,2212,661
720,658,878,658,878,681,720,681
2007,686,2038,686,2038,709,2007,709
2044,686,2061,686,2061,709,2044,709
2067,686,2118,686,2118,709,2067,709
2125,686,2137,686,2137,709,2125,709
2149,686,2168,686,2168,709,2149,709
2174,686,2180,686,2180,709,2174,709
2184,686,2190,686,2190,709,2184,709
2196,686,2238,686,2238,709,2196,709
2242,686,2284,686,2284,709,2242,709
2289,686,2306,686,2306,709,2289,709
2312,686,2356,686,2356,709,2312,709
2005,734,2037,734,2037,752,2005,752
2045,734,2061,734,2061,752,2045,752
2065,734,2117,734,2117,752,2065,752
2122,734,2197,734,2197,752,2122,752
2203,734,2207,734,2207,752,2203,752
2211,734,2238,734,2238,752,2211,752
2242,734,2283,734,2283,752,2242,752
2291,734,2303,734,2303,752,2291,752
2308,734,2312,734,2312,752,2308,752
2316,734,2330,734,2330,752,2316,752
2332,734,2336,734,2336,752,2332,752
2341,734,2378,734,2378,752,2341,752
2382,734,2386,734,2386,752,2382,752
2005,780,2048,780,2048,797,2005,797
2052,780,2068,780,2068,797,2052,797
2073,780,2127,780,2127,797,2073,797
2129,780,2174,780,2174,797,2129,797
2179,780,2183,780,2183,797,2179,797
2185,780,2225,780,2225,797,2185,797
2227,780,2231,780,2231,797,2227,797
2237,780,2253,780,2253,797,2237,797
2263,780,2273,780,2273,797,2263,797
2276,780,2280,780,2280,797,2276,797
2283,780,2303,780,2303,797,2283,797
2308,780,2312,780,2312,797,2308,797
2317,780,2321,780,2321,797,2317,797
2327,780,2356,780,2356,797,2327,797
2360,780,2412,780,2412,797,2360,797
2419,780,2473,780,2473,797,2419,797
1533,924,1533,725,1579,725,1579,924
2005,824,2039,824,2039,841,2005,841
2045,824,2060,824,2060,841,2045,841
2067,824,2117,824,2117,841,2067,841
2121,824,2168,824,2168,841,2121,841
2177,824,2189,824,2189,841,2177,841
2202,824,2211,824,2211,841,2202,841
2215,824,2219,824,2219,841,2215,841
2222,824,2244,824,2244,841,2222,841
2249,824,2253,824,2253,841,2249,841
2260,824,2264,824,2264,841,2260,841
2270,824,2364,824,2364,841,2270,841
2368,824,2438,824,2438,841,2368,841
2005,872,2037,872,2037,890,2005,890
2045,872,2061,872,2061,890,2045,890
2065,872,2162,872,2162,890,2065,890
2169,872,2200,872,2200,890,2169,890
2005,917,2088,918,2088,936,2005,935
2096,918,2125,918,2125,935,2096,935
2131,919,2175,920,2175,937,2131,936
2005,963,2084,963,2084,980,2005,980
2004,1008,2044,1008,2044,1026,2004,1026
2052,1008,2119,1008,2119,1026,2052,1026
2126,1008,2192,1008,2192,1026,2126,1026
1887,1044,1915,1044,1915,1054,1887,1054
2006,1052,2072,1052,2072,1075,2006,1075
2076,1052,2145,1052,2145,1075,2076,1075
2151,1052,2221,1052,2221,1075,2151,1075
2224,1052,2241,1052,2241,1075,2224,1075
2246,1052,2284,1052,2284,1075,2246,1075
2004,1100,2070,1100,2070,1121,2004,1121
2076,1100,2081,1100,2081,1121,2076,1121
2089,1100,2112,1100,2112,1121,2089,1121
2118,1100,2164,1100,2164,1121,2118,1121
1876,1150,1906,1150,1906,1169,1876,1169
2005,1146,2045,1146,2045,1162,2005,1162
2047,1146,2051,1146,2051,1162,2047,1162
2053,1146,2116,1146,2116,1162,2053,1162
2125,1146,2184,1146,2184,1162,2125,1162
2008,1193,2085,1193,2085,1209,2008,1209
2089,1193,2093,1193,2093,1209,2089,1209
2096,1193,2100,1193,2100,1209,2096,1209
2099,1193,2158,1193,2158,1209,2099,1209
2006,1237,2057,1237,2057,1255,2006,1255
2063,1237,2076,1237,2076,1255,2063,1255
2083,1237,2132,1237,2132,1255,2083,1255
2141,1237,2145,1237,2145,1255,2141,1255
2006,1281,2058,1282,2058,1300,2006,1299
2062,1282,2078,1282,2078,1299,2062,1299
2083,1282,2132,1283,2132,1301,2083,1300
2141,1283,2145,1283,2145,1300,2141,1300
2621,1212,3144,1212,3144,1284,2621,1284
3190,1212,3342,1212,3342,1284,3190,1284
2588,1294,2979,1294,2979,1345,2588,1345
3022,1294,3078,1294,3078,1345,3022,1345
3137,1294,3151,1294,3151,1345,3137,1345
3193,1294,3376,1294,3376,1345,3193,1345
2761,1350,2896,1350,2896,1412,2761,1412
2944,1350,2961,1350,2961,1412,2944,1412
3016,1350,3073,1350,3073,1412,3016,1412
3121,1350,3138,1350,3138,1412,3121,1412
3158,1350,3175,1350,3175,1412,3158,1412
3190,1350,3207,1350,3207,1412,3190,1412
2003,1327,2056,1327,2056,1345,2003,1345
2063,1327,2076,1327,2076,1345,2063,1345
2082,1327,2131,1327,2131,1345,2082,1345
355,1356,382,1356,382,1377,355,1377
410,1356,442,1356,442,1377,410,1377
731,1365,782,1365,782,1386,731,1386
587,1387,608,1388,607,1407,586,1406
611,1388,616,1388,615,1407,610,1407
615,1388,636,1389,635,1408,614,1407
2550,1448,2717,1448,2717,1484,2550,1484
2745,1448,2785,1448,2785,1484,2745,1484
2549,1492,2717,1492,2717,1539,2549,1539
2746,1492,2789,1492,2789,1539,2746,1539
2551,1545,2693,1545,2693,1585,2551,1585
2554,1596,2617,1596,2617,1633,2554,1633
2550,1646,2602,1646,2602,1681,2550,1681
2550,1698,2795,1698,2795,1730,2550,1730
2555,1736,2703,1736,2703,1772,2555,1772
2736,1736,2859,1736,2859,1772,2736,1772
2548,1776,2737,1776,2737,1812,2548,1812
2561,1827,2676,1827,2676,1865,2561,1865
3267,1446,3300,1446,3300,1482,3267,1482
3306,1446,3316,1446,3316,1482,3306,1482
3321,1446,3361,1446,3361,1482,3321,1482
3382,1446,3414,1446,3414,1482,3382,1482
3267,1498,3298,1498,3298,1532,3267,1532
3308,1498,3317,1498,3317,1532,3308,1532
3322,1498,3359,1498,3359,1532,3322,1532
3381,1498,3419,1498,3419,1532,3381,1532
3272,1546,3303,1546,3303,1580,3272,1580
3317,1546,3326,1546,3326,1580,3317,1580
3330,1546,3355,1546,3355,1580,3330,1580
3380,1546,3417,1546,3417,1580,3380,1580
3289,1594,3299,1594,3299,1630,3289,1630
3308,1594,3318,1594,3318,1630,3308,1630
3324,1594,3357,1594,3357,1630,3324,1630
3383,1594,3417,1594,3417,1630,3383,1630
3296,1644,3306,1644,3306,1682,3296,1682
3308,1644,3318,1644,3318,1682,3308,1682
3324,1644,3360,1644,3360,1682,3324,1682
3384,1644,3418,1644,3418,1682,3384,1682
3288,1694,3298,1694,3298,1732,3288,1732
3308,1694,3318,1694,3318,1732,3308,1732
3320,1694,3362,1694,3362,1732,3320,1732
3378,1694,3419,1694,3419,1732,3378,1732
3253,1751,3300,1751,3300,1793,3253,1793
3301,1751,3312,1751,3312,1793,3301,1793
3313,1751,3360,1751,3360,1793,3313,1793
3379,1751,3418,1751,3418,1793,3379,1793
866,1650,960,1650,960,1684,866,1684
868,1693,903,1692,904,1724,869,1725
900,1692,908,1692,909,1723,901,1723
910,1692,959,1690,960,1721,911,1723
961,1690,969,1690,970,1721,962,1721
1585,1779,1580,1849,1522,1845,1526,1775
1578,1878,1572,1970,1513,1966,1519,1874
3268,1823,3299,1823,3299,1866,3268,1866
3303,1823,3315,1823,3315,1866,3303,1866
3312,1823,3360,1823,3360,1866,3312,1866
3380,1823,3420,1823,3420,1866,3380,1866
3264,1892,3295,1892,3295,1935,3264,1935
3304,1892,3316,1892,3316,1935,3304,1935
3325,1892,3356,1892,3356,1935,3325,1935
3381,1892,3420,1892,3420,1935,3381,1935
1442,1949,1525,1949,1525,1960,1442,1960
2552,1895,2733,1895,2733,1937,2552,1937
2554,1964,2707,1964,2707,2007,2554,2007
2740,1964,2854,1964,2854,2007,2740,2007
2889,1964,3052,1964,3052,2007,2889,2007
3230,1967,3294,1966,3295,2007,3231,2008
3298,1966,3309,1966,3310,2006,3299,2006
3311,1966,3354,1965,3355,2005,3312,2006
3381,1964,3419,1963,3420,2003,3382,2004
315,2098,315,2270,290,2270,290,2098
1090,2458,1090,2452,1113,2452,1113,2458
1090,2417,1090,2364,1113,2364,1113,2417
1338,2361,1378,2361,1378,2392,1338,2392
1280,2410,1554,2404,1555,2441,1281,2447
911,2418,920,2418,921,2453,912,2453
963,2416,995,2415,996,2451,964,2452
1022,2415,1048,2414,1049,2449,1023,2450
1210,2411,1219,2411,1220,2446,1211,2446
865,2436,865,2438,856,2438,856,2436
547,2568,598,2568,598,2589,547,2589
609,2726,609,2693,631,2693,631,2726
609,2669,609,2641,631,2641,631,2669
487,2694,525,2675,536,2695,497,2715
495,2723,503,2721,509,2752,501,2753
505,2721,513,2719,519,2750,511,2751
517,2718,583,2705,589,2737,523,2750
614,2699,622,2697,628,2728,620,2729
859,2750,921,2750,921,2769,859,2769
1137,2811,1138,2779,1167,2780,1166,2812
1138,2757,1139,2725,1169,2726,1168,2758
1357,2840,1366,2839,1369,2873,1360,2874
1375,2838,1384,2837,1387,2871,1378,2872
1387,2837,1454,2830,1457,2865,1390,2872
2617,2728,2617,2859,2603,2859,2603,2728
2617,2874,2617,2877,2603,2877,2603,2874
2617,2880,2617,2883,2603,2883,2603,2880
2617,2886,2617,2889,2603,2889,2603,2886
2617,2897,2617,2956,2603,2956,2603,2897
728,2854,762,2856,759,2903,725,2901
786,2857,813,2859,810,2905,783,2904
978,2865,1014,2865,1014,2897,978,2897
1036,2865,1065,2865,1065,2897,1036,2897
3253,2936,3253,2888,3263,2888,3263,2936
1168,2933,1223,2933,1223,2953,1168,2953
1028,2981,1082,2981,1082,3002,1028,3002
495,3771,631,3771,631,3805,495,3805
656,3771,687,3771,687,3805,656,3805
492,3810,525,3810,525,3846,492,3846
527,3810,537,3810,537,3846,527,3846
540,3810,572,3810,572,3846,540,3846
590,3810,600,3810,600,3846,590,3846
1182,3770,1322,3770,1322,3808,1182,3808
1341,3770,1377,3770,1377,3808,1341,3808
1182,3814,1211,3813,1212,3846,1183,3847
1218,3813,1226,3813,1227,3845,1219,3845
1229,3813,1257,3812,1258,3844,1230,3845
1280,3811,1288,3811,1289,3843,1281,3843
2554,4071,2674,4071,2674,4102,2554,4102
2579,4135,2618,4135,2618,4161,2579,4161
2556,4167,2564,4167,2564,4196,2556,4196
2574,4167,2582,4167,2582,4196,2574,4196
2592,4167,2600,4167,2600,4196,2592,4196
2622,4166,2630,4166,2630,4195,2622,4195
2628,4166,2636,4166,2636,4195,2628,4195
2635,4166,2662,4166,2662,4195,2635,4195
2711,4128,2791,4128,2791,4160,2711,4160
2816,4128,2904,4128,2904,4160,2816,4160
3068,4138,3077,4138,3077,4172,3068,4172
3104,4138,3240,4138,3240,4172,3104,4172
3261,4138,3292,4138,3292,4172,3261,4172
3314,4138,3415,4138,3415,4172,3314,4172
2706,4165,2824,4164,2824,4194,2706,4195
2847,4164,2879,4164,2879,4193,2847,4193
2901,4163,2964,4162,2964,4192,2901,4193
2953,4174,2962,4174,2961,4208,2952,4208
3105,4176,3171,4177,3170,4212,3104,4211
3180,4178,3189,4178,3188,4212,3179,4212
3192,4178,3305,4180,3304,4215,3191,4213
2706,4199,2810,4199,2810,4231,2706,4231
2834,4199,2862,4199,2862,4231,2834,4231
2706,4231,2861,4231,2861,4260,2706,4260
2983,4218,3163,4220,3163,4256,2983,4254
3182,4220,3232,4221,3232,4257,3182,4256
3254,4220,3369,4221,3369,4257,3254,4256
2706,4258,2864,4256,2864,4286,2706,4288
2887,4256,2951,4255,2951,4285,2887,4286
2985,4255,2993,4255,2993,4284,2985,4284
2994,4255,3044,4254,3044,4283,2994,4284
3054,4254,3062,4254,3062,4283,3054,4283
3066,4254,3163,4253,3163,4283,3066,4284
3159,4253,3167,4253,3167,4282,3159,4282
2707,4292,2864,4290,2864,4313,2707,4315
2888,4290,2893,4290,2893,4312,2888,4312
2980,4281,3014,4281,3014,4312,2980,4312
3034,4281,3103,4281,3103,4312,3034,4312
3112,4281,3120,4281,3120,4312,3112,4312
3123,4281,3196,4281,3196,4312,3123,4312
2705,4319,2810,4319,2810,4341,2705,4341
2832,4319,2937,4319,2937,4341,2832,4341
2978,4311,3021,4311,3021,4340,2978,4340
3041,4311,3108,4311,3108,4340,3041,4340
3116,4311,3124,4311,3124,4340,3116,4340
3134,4311,3259,4311,3259,4340,3134,4340
2711,4348,2716,4348,2716,4369,2711,4369
2718,4348,2766,4348,2766,4369,2718,4369
2775,4348,2780,4348,2780,4369,2775,4369
2985,4340,2993,4340,2993,4369,2985,4369
3017,4340,3229,4343,3229,4373,3017,4370
3047,4379,3157,4380,3157,4415,3047,4414
3175,4380,3207,4380,3207,4415,3175,4415
3229,4381,3332,4382,3332,4417,3229,4416
2680,4533,2684,4533,2684,4550,2680,4550
2692,4533,2696,4533,2696,4550,2692,4550
2700,4533,2704,4533,2704,4550,2700,4550
2799,4531,2820,4533,2818,4552,2797,4550
3033,4532,3052,4532,3052,4553,3033,4553
3087,4717,3189,4717,3189,4765,3087,4765
3231,4717,3411,4717,3411,4765,3231,4765
70,4779,138,4779,138,4810,70,4810
160,4779,168,4779,168,4810,160,4810
187,4779,231,4779,231,4810,187,4810
249,4779,444,4779,444,4810,249,4810
465,4779,534,4779,534,4810,465,4810
552,4779,718,4779,718,4810,552,4810
743,4779,751,4779,751,4810,743,4810
755,4779,763,4779,763,4810,755,4810
764,4779,836,4779,836,4810,764,4810
856,4779,1006,4779,1006,4810,856,4810
1029,4779,1057,4779,1057,4810,1029,4810
1083,4779,1201,4779,1201,4810,1083,4810
1227,4779,1275,4779,1275,4810,1227,4810
1292,4779,1454,4779,1454,4810,1292,4810
1481,4779,1637,4779,1637,4810,1481,4810
1657,4779,1691,4779,1691,4810,1657,4810
1710,4779,1935,4779,1935,4810,1710,4810
1951,4779,2017,4779,2017,4810,1951,4810
2042,4779,2082,4779,2082,4810,2042,4810
2105,4779,2252,4779,2252,4810,2105,4810
2273,4779,2354,4779,2354,4810,2273,4810
2355,4779,2363,4779,2363,4810,2355,4810
69,4809,228,4809,228,4840,69,4840
229,4809,237,4809,237,4840,229,4840
260,4809,381,4809,381,4840,260,4840
383,4809,391,4809,391,4840,383,4840
413,4809,477,4809,477,4840,413,4840
485,4809,493,4809,493,4840,485,4840
496,4809,624,4809,624,4840,496,4840
629,4809,637,4809,637,4840,629,4840
654,4809,694,4809,694,4840,654,4840
715,4809,892,4809,892,4840,715,4840
913,4809,948,4809,948,4840,913,4840
965,4809,1085,4809,1085,4840,965,4840
1111,4809,1197,4809,1197,4840,1111,4840
1199,4809,1207,4809,1207,4840,1199,4840
1228,4809,1268,4809,1268,4840,1228,4840
1285,4809,1418,4809,1418,4840,1285,4840
1444,4809,1610,4809,1610,4840,1444,4840
1632,4809,1702,4809,1702,4840,1632,4840
1716,4809,1738,4809,1738,4840,1716,4840
1758,4809,1863,4809,1863,4840,1758,4840
1883,4809,1917,4809,1917,4840,1883,4840
1938,4809,1956,4809,1956,4840,1938,4840
1981,4809,2081,4809,2081,4840,1981,4840
2107,4809,2170,4809,2170,4840,2107,4840
2192,4809,2291,4809,2291,4840,2192,4840
2316,4809,2324,4809,2324,4840,2316,4840
2350,4809,2420,4809,2420,4840,2350,4840
72,4841,189,4841,189,4868,72,4868
193,4841,200,4841,200,4868,193,4868
213,4841,267,4841,267,4868,213,4868
291,4841,426,4841,426,4868,291,4868
448,4841,515,4841,515,4868,448,4868
531,4841,748,4841,748,4868,531,4868
753,4841,760,4841,760,4868,753,4868
774,4841,824,4841,824,4868,774,4868
848,4841,1039,4841,1039,4868,848,4868
1057,4841,1092,4841,1092,4868,1057,4868
1115,4841,1183,4841,1183,4868,1115,4868
1200,4841,1247,4841,1247,4868,1200,4868
1272,4841,1392,4841,1392,4868,1272,4868
1397,4841,1404,4841,1404,4868,1397,4868
1418,4841,1452,4841,1452,4868,1418,4868
1475,4841,1627,4841,1627,4868,1475,4868
1654,4841,1661,4841,1661,4868,1654,4868
1671,4841,1678,4841,1678,4868,1671,4868
1678,4841,1728,4841,1728,4868,1678,4868
1749,4841,1800,4841,1800,4868,1749,4868
1819,4841,2023,4841,2023,4868,1819,4868
2029,4841,2036,4841,2036,4868,2029,4868
2051,4841,2101,4841,2101,4868,2051,4868
2122,4841,2277,4841,2277,4868,2122,4868
2301,4841,2370,4841,2370,4868,2301,4868
72,4870,192,4870,192,4893,72,4893
215,4870,221,4870,221,4893,215,4893
252,4870,319,4870,319,4893,252,4893
340,4870,453,4870,453,4893,340,4893
479,4870,514,4870,514,4893,479,4893
533,4870,716,4870,716,4893,533,4893
739,4870,768,4870,768,4893,739,4893
792,4870,876,4870,876,4893,792,4893
884,4870,890,4870,890,4893,884,4893
2603,4707,2682,4707,2682,4734,2603,4734
2708,4707,2727,4707,2727,4734,2708,4734
2751,4707,2800,4707,2800,4734,2751,4734
2821,4707,2846,4707,2846,4734,2821,4734
2865,4707,2872,4707,2872,4734,2865,4734
2591,4740,2630,4740,2630,4782,2591,4782
2646,4740,2657,4740,2657,4782,2646,4782
2667,4740,2714,4740,2714,4782,2667,4782
2719,4740,2730,4740,2730,4782,2719,4782
2744,4740,2837,4740,2837,4782,2744,4782
2783,4805,2860,4805,2860,4853,2783,4853
2880,4805,2893,4805,2893,4853,2880,4853
2907,4805,2950,4805,2950,4853,2907,4853
2997,4805,3073,4805,3073,4853,2997,4853
