3417,3512,3417,3600,3386,3600,3386,3512
3417,3612,3417,3652,3386,3652,3386,3612
3417,3658,3417,3666,3386,3666,3386,3658
3417,3662,3417,3706,3386,3706,3386,3662
3366,3462,3366,3542,3350,3542,3350,3462
3366,3545,3366,3578,3350,3578,3350,3545
3366,3585,3366,3632,3350,3632,3350,3585
3366,3630,3366,3634,3350,3634,3350,3630
3366,3639,3366,3710,3350,3710,3350,3639
3366,3717,3366,3754,3350,3754,3350,3717
3366,3761,3366,3788,3350,3788,3350,3761
3392,4232,3392,4500,3318,4500,3318,4232
3340,4229,3340,4499,3270,4499,3270,4229
3324,3463,3324,3543,3303,3543,3303,3463
3324,3549,3324,3587,3303,3587,3303,3549
3324,3596,3324,3652,3303,3652,3303,3596
3324,3659,3324,3686,3303,3686,3303,3659
3277,3462,3276,3540,3258,3540,3259,3462
3276,3545,3276,3590,3259,3590,3259,3545
3276,3599,3276,3653,3258,3653,3258,3599
3275,3660,3275,3688,3258,3688,3258,3660
3230,3462,3230,3540,3213,3540,3213,3462
3230,3545,3230,3589,3213,3589,3213,3545
3230,3598,3230,3671,3213,3671,3213,3598
3230,3676,3230,3707,3213,3707,3213,3676
3230,3711,3230,3715,3213,3715,3213,3711
3230,3721,3230,3776,3213,3776,3213,3721
3230,3785,3230,3794,3213,3794,3213,3785
3230,3798,3230,3827,3213,3827,3213,3798
3230,3833,3230,3878,3213,3878,3213,3833
3182,3336,3182,3348,3169,3348,3169,3336
3182,3350,3182,3353,3169,3353,3169,3350
3182,3352,3182,3367,3169,3367,3169,3352
3184,3463,3184,3541,3167,3541,3167,3463
3184,3547,3184,3619,3167,3619,3167,3547
3184,3626,3184,3686,3167,3686,3167,3626
3184,3693,3184,3705,3167,3705,3167,3693
3184,3711,3184,3745,3167,3745,3167,3711
3184,3753,3184,3799,3167,3799,3167,3753
3184,3809,3184,3868,3167,3868,3167,3809
3147,3462,3147,3499,3129,3499,3129,3462
3147,3503,3147,3507,3129,3507,3129,3503
3147,3511,3147,3515,3129,3515,3129,3511
3147,3517,3147,3575,3129,3575,3129,3517
3147,3581,3147,3612,3129,3612,3129,3581
3147,3620,3147,3649,3129,3649,3129,3620
3147,3654,3147,3691,3129,3691,3129,3654
3147,3699,3147,3725,3129,3725,3129,3699
3128,3463,3128,3467,3110,3467,3110,3463
3128,3467,3128,3536,3110,3536,3110,3467
3128,3535,3128,3539,3110,3539,3110,3535
3128,3540,3128,3593,3110,3593,3110,3540
3128,3596,3128,3600,3110,3600,3110,3596
3205,4277,3205,4591,3147,4591,3147,4277
3116,4118,3116,4180,3072,4180,3072,4118
3116,4186,3116,4198,3072,4198,3072,4186
3116,4212,3116,4268,3072,4268,3072,4212
3116,4281,3116,4293,3072,4293,3072,4281
3116,4323,3116,4497,3072,4497,3072,4323
3116,4526,3116,4761,3072,4761,3072,4526
3068,4245,3068,4367,3021,4367,3021,4245
3068,4410,3068,4639,3021,4639,3021,4410
3090,3462,3091,3493,3073,3493,3072,3462
3090,3500,3090,3515,3073,3515,3073,3500
3091,3522,3092,3573,3074,3573,3073,3522
3092,3576,3092,3588,3074,3588,3074,3576
3092,3600,3092,3613,3075,3613,3075,3600
3092,3615,3092,3619,3075,3619,3075,3615
3093,3622,3093,3644,3075,3644,3075,3622
3093,3647,3093,3651,3076,3651,3076,3647
3093,3656,3093,3660,3076,3660,3076,3656
3047,3365,3047,3387,3029,3387,3029,3365
3057,3461,3057,3494,3040,3494,3040,3461
3057,3502,3057,3516,3040,3516,3040,3502
3057,3522,3057,3572,3040,3572,3040,3522
3056,3578,3056,3588,3039,3588,3039,3578
3056,3602,3056,3610,3039,3610,3039,3602
3056,3614,3056,3618,3039,3618,3039,3614
3056,3622,3056,3644,3039,3644,3039,3622
3056,3648,3056,3652,3039,3652,3039,3648
3056,3657,3056,3661,3039,3661,3039,3657
3056,3668,3056,3672,3039,3672,3039,3668
3056,3672,3056,3752,3039,3752,3039,3672
3056,3760,3056,3829,3038,3829,3038,3760
3055,3836,3055,3922,3038,3922,3038,3836
3055,3924,3055,3928,3038,3928,3038,3924
3038,3463,3038,3495,3022,3495,3022,3463
3038,3503,3038,3507,3022,3507,3022,3503
3038,3511,3038,3515,3022,3515,3022,3511
3038,3518,3038,3538,3022,3538,3022,3518
3038,3549,3038,3561,3022,3561,3022,3549
3038,3569,3038,3573,3022,3573,3022,3569
3038,3574,3038,3578,3022,3578,3022,3574
3038,3580,3038,3598,3022,3598,3022,3580
3038,3610,3038,3625,3022,3625,3022,3610
3038,3631,3038,3649,3022,3649,3022,3631
3001,3463,3001,3496,2985,3496,2985,3463
3001,3502,3001,3517,2985,3517,2985,3502
3001,3525,3001,3576,2985,3576,2985,3525
3001,3581,3001,3592,2985,3592,2985,3581
3001,3607,3001,3615,2985,3615,2985,3607
3001,3621,3001,3625,2985,3625,2985,3621
3001,3628,3001,3648,2985,3648,2985,3628
3001,3655,3001,3659,2985,3659,2985,3655
3001,3663,3001,3667,2985,3667,2985,3663
3001,3673,3001,3677,2985,3677,2985,3673
3001,3678,3001,3711,2985,3711,2985,3678
3001,3714,3001,3718,2985,3718,2985,3714
3001,3726,3001,3730,2985,3730,2985,3726
3001,3738,3001,3742,2985,3742,2985,3738
3001,3743,3001,3747,2985,3747,2985,3743
3001,3749,3001,3767,2985,3767,2985,3749
3001,3779,3001,3794,2985,3794,2985,3779
3001,3800,3001,3818,2985,3818,2985,3800
2957,3465,2957,3469,2940,3469,2940,3465
2957,3476,2957,3516,2940,3516,2940,3476
2957,3523,2957,3539,2940,3539,2940,3523
2957,3546,2957,3596,2939,3596,2939,3546
2956,3600,2956,3616,2939,3616,2939,3600
2956,3627,2956,3640,2939,3640,2939,3627
2956,3642,2956,3646,2939,3646,2939,3642
2956,3649,2956,3671,2939,3671,2939,3649
2956,3674,2956,3678,2939,3678,2939,3674
2956,3683,2956,3687,2939,3687,2939,3683
2956,3694,2956,3698,2939,3698,2939,3694
2956,3698,2956,3731,2939,3731,2939,3698
2956,3735,2956,3739,2939,3739,2939,3735
2955,3746,2955,3750,2938,3750,2938,3746
2955,3759,2955,3763,2938,3763,2938,3759
2955,3764,2955,3768,2938,3768,2938,3764
2955,3772,2955,3788,2938,3788,2938,3772
2955,3801,2955,3813,2938,3813,2938,3801
2955,3821,2955,3840,2938,3840,2938,3821
2910,3364,2909,3401,2891,3400,2892,3363
2909,3463,2909,3496,2894,3496,2894,3463
2909,3503,2909,3517,2894,3517,2894,3503
2909,3524,2909,3576,2894,3576,2894,3524
2909,3580,2909,3594,2894,3594,2894,3580
2909,3606,2909,3617,2894,3617,2894,3606
2909,3619,2909,3622,2894,3622,2894,3619
2909,3626,2909,3648,2894,3648,2894,3626
2909,3655,2909,3658,2894,3658,2894,3655
2909,3664,2909,3667,2894,3667,2894,3664
2909,3676,2909,3717,2894,3717,2894,3676
2909,3722,2909,3750,2894,3750,2894,3722
2909,3760,2909,3763,2894,3763,2894,3760
2909,3773,2909,3776,2894,3776,2894,3773
2909,3778,2909,3781,2894,3781,2894,3778
2909,3783,2909,3803,2894,3803,2894,3783
2909,3815,2909,3826,2894,3826,2894,3815
2909,3834,2909,3853,2894,3853,2894,3834
2865,3463,2865,3495,2846,3495,2846,3463
2865,3500,2865,3517,2846,3517,2846,3500
2865,3524,2865,3573,2846,3573,2846,3524
2865,3578,2865,3588,2846,3588,2846,3578
2865,3602,2865,3612,2846,3612,2846,3602
2865,3613,2865,3618,2846,3618,2846,3613
2865,3622,2865,3643,2846,3643,2846,3622
2865,3647,2865,3652,2846,3652,2846,3647
2865,3657,2865,3662,2846,3662,2846,3657
2865,3670,2865,3719,2846,3719,2846,3670
2819,3461,2819,3494,2802,3494,2802,3461
2819,3501,2819,3517,2802,3517,2802,3501
2819,3525,2819,3576,2802,3576,2802,3525
2819,3581,2819,3593,2802,3593,2802,3581
2819,3604,2819,3626,2802,3626,2802,3604
2819,3632,2819,3636,2802,3636,2802,3632
2819,3643,2819,3647,2802,3647,2802,3643
2819,3652,2819,3694,2802,3694,2802,3652
2819,3700,2819,3742,2802,3742,2802,3700
2819,3748,2819,3761,2802,3761,2802,3748
2819,3768,2819,3814,2802,3814,2802,3768
2778,3463,2778,3495,2753,3495,2753,3463
2778,3501,2778,3519,2753,3519,2753,3501
2778,3526,2778,3576,2753,3576,2753,3526
2778,3580,2778,3654,2753,3654,2753,3580
2778,3661,2778,3667,2753,3667,2753,3661
2778,3665,2778,3696,2753,3696,2753,3665
2778,3700,2778,3741,2753,3741,2753,3700
2778,3746,2778,3764,2753,3764,2753,3746
2778,3765,2778,3771,2753,3771,2753,3765
2778,3776,2778,3785,2753,3785,2753,3776
2778,3788,2778,3794,2753,3794,2753,3788
2778,3798,2778,3834,2753,3834,2753,3798
2778,3838,2778,3844,2753,3844,2753,3838
2728,3461,2728,3504,2711,3504,2711,3461
2728,3510,2728,3526,2711,3526,2711,3510
2728,3532,2728,3582,2711,3582,2711,3532
2728,3587,2728,3631,2711,3631,2711,3587
2728,3643,2728,3683,2711,3683,2711,3643
2728,3684,2728,3688,2711,3688,2711,3684
2728,3696,2728,3708,2711,3708,2711,3696
2728,3720,2728,3733,2711,3733,2711,3720
2728,3735,2728,3739,2711,3739,2711,3735
2728,3740,2728,3762,2711,3762,2711,3740
2728,3765,2728,3769,2711,3769,2711,3765
2728,3774,2728,3778,2711,3778,2711,3774
2728,3786,2728,3813,2711,3813,2711,3786
2728,3818,2728,3869,2711,3869,2711,3818
2728,3875,2728,3932,2711,3932,2711,3875
2684,3463,2684,3494,2668,3494,2668,3463
2684,3502,2684,3517,2668,3517,2668,3502
2684,3525,2684,3574,2668,3574,2668,3525
2684,3580,2684,3624,2668,3624,2668,3580
2684,3633,2684,3648,2668,3648,2668,3633
2684,3660,2684,3668,2668,3668,2668,3660
2684,3673,2684,3677,2668,3677,2668,3673
2684,3680,2684,3701,2668,3701,2668,3680
2684,3707,2684,3711,2668,3711,2668,3707
2684,3718,2684,3722,2668,3722,2668,3718
2684,3730,2684,3821,2668,3821,2668,3730
2684,3827,2684,3894,2668,3894,2668,3827
2669,1530,2671,1532,2661,1542,2659,1540
2667,1578,2668,1579,2661,1586,2660,1585
2637,1254,2670,1287,2662,1295,2629,1262
2668,2004,2669,2005,2661,2014,2659,2012
2670,2073,2672,2075,2662,2085,2660,2083
2669,1892,2668,1893,2661,1887,2663,1886
2657,1518,2659,1520,2649,1530,2647,1528
2650,1693,2649,1692,2656,1684,2657,1686
2655,1566,2656,1567,2649,1574,2648,1573
2654,1388,2655,1389,2647,1398,2646,1396
2656,1992,2657,1993,2649,2002,2647,2000
2658,2061,2660,2063,2650,2073,2648,2071
2657,1904,2656,1905,2649,1899,2651,1898
2639,1683,2638,1682,2645,1674,2646,1676
2634,1495,2636,1497,2626,1507,2624,1505
2645,1506,2647,1508,2637,1518,2635,1516
2643,1554,2644,1555,2637,1562,2636,1561
2644,1579,2645,1580,2639,1586,2639,1585
2638,1898,2637,1897,2644,1889,2646,1890
2644,2098,2645,2099,2638,2107,2636,2106
2644,1980,2645,1981,2637,1990,2635,1988
2645,1916,2644,1917,2637,1911,2639,1910
2633,1340,2634,1341,2626,1350,2625,1349
2628,1672,2627,1671,2634,1663,2635,1665
2633,1591,2634,1592,2628,1597,2627,1597
2632,1543,2633,1544,2626,1551,2625,1550
2631,1388,2632,1389,2624,1398,2623,1396
2632,1568,2633,1569,2627,1575,2627,1574
2626,1886,2625,1885,2632,1877,2634,1878
2632,2110,2633,2111,2626,2118,2625,2117
2632,1968,2633,1969,2625,1978,2623,1976
2633,1927,2632,1928,2625,1922,2627,1921
2635,3461,2635,3495,2620,3495,2620,3461
2635,3501,2635,3518,2620,3518,2620,3501
2635,3525,2635,3619,2620,3619,2620,3525
2635,3625,2635,3658,2620,3658,2620,3625
2621,1482,2623,1484,2613,1494,2611,1492
2620,1327,2621,1328,2613,1337,2612,1336
2622,1909,2623,1910,2615,1919,2614,1918
2620,1531,2621,1532,2614,1539,2613,1538
2631,1365,2632,1366,2624,1375,2623,1373
2619,1376,2620,1377,2612,1386,2611,1384
2607,1388,2608,1389,2600,1398,2598,1396
2615,1659,2614,1658,2621,1650,2622,1652
2620,1556,2621,1557,2615,1563,2615,1562
2620,1579,2621,1580,2615,1585,2614,1585
2614,1874,2613,1873,2620,1865,2622,1866
2618,1839,2620,1840,2613,1850,2612,1849
2620,1956,2621,1957,2613,1966,2611,1964
2621,1939,2620,1940,2613,1934,2615,1933
2645,2087,2594,2135,2586,2127,2637,2079
2604,1648,2603,1647,2610,1639,2611,1641
2608,1315,2609,1316,2601,1325,2600,1324
2610,1897,2611,1898,2603,1907,2602,1906
2609,1568,2610,1569,2604,1574,2603,1574
2608,1519,2609,1520,2602,1527,2601,1526
2619,1353,2620,1354,2612,1363,2611,1361
2607,1364,2608,1365,2600,1374,2599,1372
2596,1377,2597,1378,2589,1387,2587,1385
2608,1545,2609,1546,2603,1552,2603,1551
2556,1242,2600,1286,2591,1294,2548,1250
2607,1293,2608,1294,2600,1303,2599,1301
2619,1305,2620,1306,2612,1315,2611,1313
2609,2063,2610,2064,2603,2072,2601,2071
2598,1459,2600,1461,2590,1471,2588,1469
2609,1470,2611,1472,2601,1482,2599,1480
2609,1827,2610,1828,2603,1836,2601,1835
2611,2014,2613,2016,2603,2026,2601,2024
2623,2025,2625,2027,2615,2037,2613,2035
2634,2037,2636,2039,2626,2049,2624,2047
2646,2048,2648,2050,2638,2060,2636,2058
2609,1951,2608,1952,2601,1946,2603,1945
2592,1636,2591,1635,2598,1627,2599,1629
2596,1303,2597,1304,2589,1313,2588,1312
2597,1556,2598,1557,2592,1562,2591,1562
2598,1838,2599,1839,2592,1847,2590,1846
2596,1507,2597,1508,2590,1515,2589,1514
2634,1132,2647,1132,2647,1179,2634,1179
2538,1176,2625,1176,2625,1210,2538,1210
2552,1132,2565,1132,2565,1179,2552,1179
2597,1745,2598,1746,2592,1751,2591,1751
2596,1533,2597,1534,2591,1540,2591,1539
2607,1341,2608,1342,2600,1351,2599,1349
2595,1352,2596,1353,2588,1362,2587,1360
2584,1364,2585,1365,2577,1374,2575,1372
2596,2051,2597,2052,2590,2060,2588,2059
2596,1720,2597,1721,2590,1729,2588,1728
2600,2011,2599,2012,2591,2005,2592,2003
2597,1815,2598,1816,2591,1824,2589,1823
2599,2001,2601,2003,2591,2013,2589,2011
2600,1915,2599,1916,2591,1909,2592,1907
2590,1984,2591,1983,2598,1990,2597,1991
2599,1964,2598,1965,2590,1958,2591,1956
2597,1962,2596,1963,2589,1957,2591,1956
2601,2065,2602,2064,2610,2072,2609,2073
2589,2052,2590,2051,2598,2058,2597,2060
2585,1293,2586,1294,2578,1303,2577,1302
2585,1496,2586,1497,2579,1504,2578,1503
2580,1624,2579,1623,2586,1615,2587,1617
2585,1544,2586,1545,2580,1550,2579,1550
2584,1388,2585,1389,2577,1398,2576,1397
2586,1873,2587,1874,2579,1883,2578,1882
2585,1734,2586,1735,2580,1740,2579,1740
2575,1436,2577,1438,2567,1448,2565,1446
2586,1447,2588,1449,2578,1459,2576,1457
2595,1329,2596,1330,2588,1339,2587,1337
2583,1340,2584,1341,2576,1350,2575,1348
2572,1352,2573,1353,2565,1362,2563,1360
2583,1317,2584,1318,2576,1327,2575,1325
2585,1826,2586,1827,2579,1835,2577,1834
2584,2039,2585,2040,2578,2048,2576,2047
2584,1708,2585,1709,2578,1717,2576,1716
2588,2023,2587,2024,2579,2017,2580,2015
2585,1802,2586,1803,2579,1811,2577,1810
2589,3362,2591,3392,2583,3392,2581,3362
2592,3462,2592,3545,2575,3545,2575,3462
2592,3553,2592,3618,2574,3618,2574,3553
2591,3624,2591,3628,2574,3628,2574,3624
2591,3628,2591,3661,2574,3661,2574,3628
2591,3664,2591,3668,2574,3668,2574,3664
2591,3673,2591,3705,2574,3705,2574,3673
2591,3707,2591,3711,2574,3711,2574,3707
2591,3715,2591,3780,2574,3780,2574,3715
2590,3779,2590,3783,2573,3783,2573,3779
2590,3786,2590,3816,2573,3816,2573,3786
2590,3822,2590,3869,2573,3869,2573,3822
2590,3870,2590,3874,2573,3874,2573,3870
2590,3874,2590,3878,2573,3878,2573,3874
2590,3880,2590,3884,2573,3884,2573,3880
2590,3883,2590,3887,2573,3887,2573,3883
2588,1927,2587,1928,2579,1921,2580,1919
2585,1974,2584,1975,2577,1969,2579,1968
2587,1976,2586,1977,2578,1970,2579,1968
2577,1995,2578,1994,2585,2001,2584,2002
2589,2077,2590,2076,2598,2084,2597,2085
2576,2065,2577,2064,2585,2071,2584,2073
2573,1281,2574,1282,2566,1291,2565,1290
2573,1484,2574,1485,2567,1492,2566,1491
2571,1376,2572,1377,2564,1386,2563,1385
2560,1388,2561,1389,2553,1398,2552,1397
2567,1612,2566,1611,2573,1603,2574,1605
2573,1721,2574,1722,2568,1727,2567,1727
2574,1861,2575,1862,2567,1871,2566,1870
2572,1532,2573,1533,2567,1538,2566,1538
2573,1814,2574,1815,2567,1823,2565,1822
2574,1885,2575,1886,2567,1895,2566,1893
2571,2026,2572,2027,2565,2035,2563,2034
2572,1696,2573,1697,2566,1705,2564,1704
2573,1790,2574,1791,2567,1799,2565,1798
2576,1939,2575,1940,2567,1933,2568,1931
2575,1987,2574,1988,2566,1981,2567,1979
2573,1986,2572,1987,2565,1981,2567,1980
2565,2007,2566,2006,2573,2013,2572,2014
2577,2089,2578,2088,2586,2096,2585,2097
2564,2077,2565,2076,2573,2083,2572,2085
2562,1423,2564,1425,2554,1435,2552,1433
2561,1269,2562,1270,2554,1279,2553,1278
2560,1294,2561,1295,2553,1304,2552,1302
2549,1306,2550,1307,2542,1316,2541,1314
2556,1601,2555,1600,2562,1592,2563,1594
2561,1472,2562,1473,2555,1480,2554,1479
2561,1710,2562,1711,2556,1716,2555,1716
2561,1731,2562,1732,2555,1739,2554,1738
2562,1849,2563,1850,2555,1859,2554,1858
2560,1365,2561,1366,2553,1375,2552,1374
2547,1376,2548,1377,2540,1386,2539,1385
2561,1802,2562,1803,2555,1811,2553,1810
2562,1873,2563,1874,2555,1883,2554,1881
2562,1921,2563,1922,2555,1931,2554,1929
2571,1305,2572,1306,2564,1315,2563,1313
2559,1316,2560,1317,2552,1326,2551,1324
2549,1329,2550,1330,2542,1339,2540,1337
2561,1341,2562,1342,2554,1351,2552,1349
2561,1685,2562,1686,2555,1694,2553,1693
2562,1779,2563,1780,2556,1788,2554,1787
2562,1967,2564,1969,2554,1979,2552,1977
2564,2047,2563,2048,2555,2041,2556,2039
2564,1951,2563,1952,2555,1945,2556,1943
2562,1997,2561,1998,2554,1992,2556,1991
2563,1999,2562,2000,2554,1993,2555,1991
2564,2100,2565,2099,2573,2107,2572,2108
2552,2089,2553,2088,2561,2095,2560,2097
2549,1257,2550,1258,2542,1267,2541,1266
2549,1698,2550,1699,2544,1704,2543,1704
2550,1742,2551,1743,2543,1752,2542,1751
2550,1791,2551,1792,2544,1800,2542,1799
2549,1719,2550,1720,2543,1727,2542,1726
2550,1837,2551,1838,2543,1847,2542,1846
2548,1282,2549,1283,2541,1292,2540,1290
2550,1861,2551,1862,2543,1871,2542,1869
2548,1353,2549,1354,2541,1363,2540,1362
2550,1909,2551,1910,2543,1919,2542,1917
2549,1672,2550,1673,2543,1681,2541,1680
2550,1767,2551,1768,2544,1776,2542,1775
2552,2060,2551,2061,2543,2054,2544,2052
2539,1238,2540,1237,2548,1244,2547,1246
2564,2023,2563,2024,2554,2016,2556,2014
2550,2009,2549,2010,2542,2004,2544,2003
2551,2011,2550,2012,2542,2005,2543,2003
2539,1731,2540,1732,2532,1741,2531,1740
2537,1686,2538,1687,2532,1692,2531,1692
2538,1708,2539,1709,2532,1716,2531,1715
2538,1779,2539,1780,2532,1788,2530,1787
2538,1825,2539,1826,2531,1835,2530,1834
2538,1849,2539,1850,2531,1859,2530,1857
2538,1897,2539,1898,2531,1907,2530,1905
2537,1660,2538,1661,2531,1669,2529,1668
2538,1755,2539,1756,2532,1764,2530,1763
2539,1944,2541,1946,2531,1956,2529,1954
2550,1955,2552,1957,2542,1967,2540,1965
2541,2071,2540,2072,2532,2065,2533,2063
2546,3463,2546,3544,2525,3544,2525,3463
2546,3555,2546,3584,2525,3584,2525,3555
2546,3588,2546,3633,2525,3633,2525,3588
2529,1426,2530,1425,2539,1433,2537,1434
2528,1474,2529,1473,2538,1481,2536,1482
2552,2035,2551,2036,2542,2028,2544,2026
2539,2023,2538,2024,2530,2017,2531,2015
2527,1719,2528,1720,2520,1729,2519,1728
2525,1329,2526,1330,2518,1339,2517,1338
2513,1341,2514,1342,2506,1351,2505,1350
2525,1353,2526,1354,2518,1363,2517,1362
2526,1674,2527,1675,2521,1680,2520,1680
2526,1696,2527,1697,2520,1704,2519,1703
2525,1767,2526,1768,2519,1776,2517,1775
2526,1837,2527,1838,2519,1847,2518,1845
2526,1885,2527,1886,2519,1895,2518,1893
2525,1282,2526,1283,2518,1292,2517,1290
2513,1293,2514,1294,2506,1303,2504,1301
2525,1306,2526,1307,2518,1316,2516,1314
2525,1648,2526,1649,2519,1657,2517,1656
2527,1932,2529,1934,2519,1944,2517,1942
2591,4259,2591,4785,2452,4785,2452,4259
2517,1438,2518,1437,2527,1445,2525,1446
2517,1485,2518,1484,2527,1492,2525,1493
2539,2047,2538,2048,2529,2040,2531,2038
2527,2035,2526,2036,2518,2029,2519,2027
2528,2059,2527,2060,2518,2052,2520,2050
2523,1245,2522,1246,2514,1239,2515,1237
2515,1708,2516,1709,2508,1718,2507,1717
2515,1803,2516,1804,2508,1813,2507,1812
2514,1662,2515,1663,2509,1668,2508,1668
2512,1246,2513,1247,2505,1256,2504,1254
2501,1258,2502,1259,2494,1268,2493,1266
2514,1684,2515,1685,2508,1692,2507,1691
2512,1317,2513,1318,2505,1327,2504,1326
2501,1329,2502,1330,2494,1339,2493,1338
2514,1873,2515,1874,2507,1883,2506,1881
2515,1638,2516,1639,2509,1647,2507,1646
2514,1254,2513,1255,2505,1248,2506,1246
2513,1270,2514,1271,2506,1280,2505,1278
2501,1281,2502,1282,2494,1291,2492,1289
2505,1450,2506,1449,2515,1457,2513,1458
2505,1497,2506,1496,2515,1504,2513,1505
2503,1274,2504,1273,2512,1280,2511,1282
2502,1651,2503,1652,2497,1657,2496,1657
2503,1696,2504,1697,2496,1706,2495,1705
2502,1672,2503,1673,2496,1680,2495,1679
2500,1305,2501,1306,2493,1315,2492,1314
2489,1317,2490,1318,2482,1327,2481,1326
2503,1791,2504,1792,2496,1801,2495,1800
2502,1861,2503,1862,2495,1871,2494,1869
2502,1626,2503,1627,2496,1635,2494,1634
2476,1787,2509,1820,2500,1828,2468,1795
2504,1908,2506,1910,2496,1920,2494,1918
2505,2106,2504,2107,2496,2100,2497,2098
2492,1238,2493,1237,2501,1244,2500,1246
2504,2058,2503,2059,2495,2052,2496,2050
2502,1266,2501,1267,2493,1260,2494,1258
2493,1462,2494,1461,2503,1469,2501,1470
2492,1285,2493,1284,2501,1291,2500,1293
2493,1509,2494,1508,2503,1516,2501,1517
2491,1661,2492,1662,2485,1669,2484,1668
2490,1639,2491,1640,2485,1645,2484,1645
2491,1684,2492,1685,2484,1694,2483,1693
2489,1246,2490,1247,2482,1256,2481,1254
2518,1766,2516,1768,2506,1758,2508,1756
2507,1777,2505,1779,2495,1769,2497,1767
2508,1751,2506,1753,2496,1743,2498,1741
2495,1764,2493,1766,2483,1756,2485,1754
2491,1943,2492,1944,2484,1953,2483,1951
2490,1849,2491,1850,2483,1859,2482,1857
2491,1614,2492,1615,2485,1623,2483,1622
2494,2117,2493,2118,2485,2111,2486,2109
2500,3462,2500,3542,2485,3542,2485,3462
2482,1473,2483,1472,2492,1480,2490,1481
2480,1250,2481,1249,2489,1256,2488,1258
2481,1521,2482,1520,2491,1528,2489,1529
2480,1297,2481,1296,2489,1303,2488,1305
2489,1279,2488,1280,2480,1273,2481,1271
2505,2081,2504,2082,2495,2074,2497,2072
2492,2070,2491,2071,2483,2064,2484,2062
2480,1719,2481,1720,2473,1729,2472,1728
2479,1672,2480,1673,2472,1682,2471,1681
2480,1932,2481,1933,2473,1942,2472,1940
2478,1627,2479,1628,2473,1633,2472,1633
2478,1648,2479,1649,2472,1656,2471,1655
2479,1838,2480,1839,2472,1848,2471,1846
2479,2097,2480,2098,2472,2107,2471,2106
2468,2110,2469,2111,2461,2120,2460,2119
2477,1234,2478,1235,2470,1244,2469,1242
2479,2192,2480,2193,2472,2202,2471,2201
2476,1305,2477,1306,2469,1315,2468,1314
2482,2129,2481,2130,2473,2123,2474,2121
2480,1884,2482,1886,2472,1896,2470,1894
2492,1895,2494,1897,2484,1907,2482,1905
2480,1466,2479,1467,2472,1460,2473,1459
2470,1485,2471,1484,2480,1492,2478,1493
2470,1943,2472,1945,2462,1955,2460,1953
2468,1262,2469,1261,2477,1268,2476,1270
2469,1533,2470,1532,2479,1540,2477,1541
2478,1290,2477,1291,2469,1284,2470,1282
2481,2105,2480,2106,2471,2098,2473,2096
2468,1309,2469,1308,2477,1315,2476,1317
2493,2093,2492,2094,2483,2086,2485,2084
2480,2082,2479,2083,2471,2076,2472,2074
2467,1637,2468,1638,2461,1645,2460,1644
2468,1754,2470,1756,2460,1766,2458,1764
2467,1660,2468,1661,2460,1670,2459,1669
2467,1707,2468,1708,2460,1717,2459,1716
2467,2085,2468,2086,2460,2095,2459,2094
2456,2098,2457,2099,2449,2108,2448,2107
2467,2180,2468,2181,2460,2190,2459,2189
2467,1254,2466,1255,2458,1248,2459,1246
2464,1293,2465,1294,2457,1303,2456,1302
2467,2157,2468,2158,2460,2167,2458,2165
2457,1273,2458,1272,2466,1279,2465,1281
2468,1478,2467,1479,2460,1472,2461,1471
2458,1497,2459,1496,2468,1504,2466,1505
2466,1302,2465,1303,2457,1296,2458,1294
2456,1321,2457,1320,2465,1327,2464,1329
2457,1545,2458,1544,2467,1552,2465,1553
2469,2117,2468,2118,2459,2110,2461,2108
2457,1930,2459,1932,2449,1942,2447,1940
2456,1649,2457,1650,2449,1659,2448,1658
2455,1625,2456,1626,2449,1633,2448,1632
2450,2133,2449,2132,2457,2123,2458,2124
2455,1695,2456,1696,2448,1705,2447,1704
2456,2075,2457,2076,2449,2085,2448,2084
2443,2086,2444,2087,2436,2096,2435,2095
2456,2169,2457,2170,2449,2179,2448,2178
2455,1266,2454,1267,2446,1260,2447,1258
2444,1730,2446,1732,2436,1742,2434,1740
2455,1742,2457,1744,2447,1754,2445,1752
2494,1788,2492,1790,2482,1780,2484,1778
2483,1776,2481,1778,2471,1768,2473,1766
2471,1787,2469,1789,2459,1779,2461,1777
2481,1801,2479,1803,2469,1793,2471,1791
2470,1812,2468,1814,2458,1804,2460,1802
2471,1764,2470,1765,2461,1757,2463,1755
2458,1776,2457,1777,2448,1769,2450,1767
2458,1800,2456,1802,2446,1792,2448,1790
2447,1787,2446,1788,2437,1780,2439,1778
2458,2154,2457,2155,2449,2148,2450,2146
2455,2145,2456,2146,2448,2155,2446,2153
2456,1244,2454,1245,2447,1237,2449,1236
2457,1442,2456,1443,2449,1436,2450,1435
2446,1331,2447,1330,2455,1337,2454,1339
2445,1285,2446,1284,2454,1291,2453,1293
2456,1490,2455,1491,2448,1484,2449,1483
2446,1509,2447,1508,2456,1516,2454,1517
2454,1314,2453,1315,2445,1308,2446,1306
2445,1557,2446,1556,2455,1564,2453,1565
2457,2129,2456,2130,2447,2122,2449,2120
2443,1613,2444,1614,2437,1621,2436,1620
2445,1918,2447,1920,2437,1930,2435,1928
2443,1637,2444,1638,2436,1647,2435,1646
2443,1683,2444,1684,2436,1693,2435,1692
2444,1777,2445,1778,2437,1787,2436,1786
2444,1896,2445,1897,2437,1906,2436,1904
2447,1762,2446,1763,2437,1755,2439,1754
2444,2063,2445,2064,2437,2073,2436,2072
2432,2075,2433,2076,2425,2085,2424,2084
2477,982,2477,1090,2441,1090,2441,982
2440,978,2440,989,2400,989,2400,978
2440,999,2440,1010,2400,1010,2400,999
2440,1014,2440,1044,2400,1044,2400,1014
2440,1064,2440,1075,2400,1075,2400,1064
2437,2120,2436,2119,2444,2110,2445,2111
2443,2157,2444,2158,2436,2167,2435,2166
2443,1279,2442,1280,2434,1273,2435,1271
2445,1848,2447,1850,2437,1860,2435,1858
2443,1944,2444,1945,2436,1954,2434,1952
2444,1975,2443,1976,2435,1969,2436,1967
2455,3460,2455,3502,2437,3502,2437,3460
2455,3511,2455,3578,2437,3578,2437,3511
2455,3582,2455,3648,2437,3648,2437,3582
2445,1454,2444,1455,2437,1448,2438,1447
2445,1501,2444,1502,2437,1495,2438,1494
2443,1255,2441,1256,2434,1248,2436,1247
2445,1356,2446,1355,2453,1362,2452,1363
2433,1344,2434,1343,2442,1350,2441,1352
2434,1521,2435,1520,2444,1528,2442,1529
2432,1297,2433,1296,2441,1303,2440,1305
2434,1568,2435,1567,2444,1575,2442,1576
2431,1625,2432,1626,2424,1635,2423,1634
2432,1766,2433,1767,2425,1776,2424,1775
2419,1778,2420,1779,2414,1786,2413,1784
2432,1884,2433,1885,2425,1894,2424,1892
2432,2051,2433,2052,2425,2061,2424,2060
2420,2063,2421,2064,2413,2073,2412,2072
2426,2109,2425,2108,2433,2099,2434,2100
2420,1707,2422,1709,2412,1719,2410,1717
2432,1718,2434,1720,2424,1730,2422,1728
2432,1290,2431,1291,2423,1284,2424,1282
2431,2145,2432,2146,2424,2155,2423,2154
2435,1774,2434,1775,2425,1767,2427,1766
2422,1763,2421,1764,2412,1756,2413,1755
2434,1986,2433,1987,2425,1980,2426,1978
2432,2122,2433,2123,2425,2132,2423,2130
2433,1466,2432,1467,2425,1460,2426,1459
2432,1513,2431,1514,2424,1507,2425,1506
2423,1579,2424,1578,2433,1586,2431,1587
2422,1533,2423,1532,2432,1540,2430,1541
2433,1368,2434,1367,2441,1374,2440,1375
2421,1356,2422,1355,2430,1362,2429,1364
2430,1266,2428,1267,2421,1259,2423,1258
2420,1309,2421,1308,2429,1315,2428,1317
2432,1933,2433,1934,2425,1943,2423,1941
2420,1944,2421,1945,2413,1954,2411,1952
2430,1338,2429,1339,2421,1332,2422,1330
2420,1754,2421,1755,2413,1764,2412,1763
2407,1767,2408,1768,2402,1775,2401,1773
2457,1823,2455,1825,2445,1815,2447,1813
2446,1812,2444,1814,2434,1804,2436,1802
2435,1823,2433,1825,2423,1815,2425,1813
2435,1800,2434,1801,2425,1793,2427,1791
2423,1812,2422,1813,2413,1805,2415,1803
2414,2098,2413,2097,2421,2088,2422,2089
2419,2038,2420,2039,2412,2048,2411,2047
2408,2051,2409,2052,2401,2061,2400,2060
2420,2180,2422,2182,2412,2192,2410,2190
2420,1301,2419,1302,2411,1295,2412,1293
2423,1786,2422,1787,2413,1779,2415,1778
2410,1775,2409,1776,2400,1768,2401,1767
2413,2215,2412,2214,2419,2206,2421,2207
2422,1998,2421,1999,2413,1992,2414,1990
2420,2110,2421,2111,2413,2120,2411,2118
2410,1320,2411,1319,2419,1326,2418,1328
2420,1348,2419,1349,2411,1342,2412,1340
2421,1524,2420,1525,2413,1518,2414,1517
2421,1380,2422,1379,2429,1386,2428,1387
2409,1368,2410,1367,2418,1374,2417,1376
2421,3344,2421,3371,2409,3371,2409,3344
2420,1479,2419,1480,2412,1473,2413,1472
2410,1545,2411,1544,2420,1552,2418,1553
2409,1593,2410,1592,2419,1600,2417,1601
2420,1739,2419,1740,2411,1733,2412,1731
2410,1884,2412,1886,2402,1896,2400,1894
2420,1921,2421,1922,2413,1931,2411,1929
2408,1932,2409,1933,2401,1942,2399,1940
2408,1648,2409,1649,2401,1658,2400,1657
2408,1742,2409,1743,2401,1752,2400,1751
2395,1755,2396,1756,2390,1763,2389,1761
2402,2086,2401,2085,2409,2076,2410,2077
2397,1684,2399,1686,2389,1696,2387,1694
2408,1695,2410,1697,2400,1707,2398,1705
2407,2027,2408,2028,2400,2037,2399,2036
2397,2039,2398,2040,2390,2049,2389,2048
2408,2122,2409,2123,2401,2132,2400,2131
2411,2010,2410,2011,2402,2004,2403,2002
2408,1314,2407,1315,2399,1308,2400,1306
2402,2205,2401,2204,2408,2196,2410,2197
2411,1799,2410,1800,2401,1792,2403,1791
2398,1787,2397,1788,2388,1780,2389,1779
2407,2004,2408,2005,2401,2013,2399,2012
2408,2098,2409,2099,2401,2108,2399,2106
2397,2157,2399,2159,2389,2169,2387,2167
2408,2168,2410,2170,2400,2180,2398,2178
2408,1360,2407,1361,2399,1354,2400,1352
2409,1391,2410,1390,2417,1397,2416,1398
2397,1380,2398,1379,2406,1386,2405,1388
2409,1490,2408,1491,2401,1484,2402,1483
2397,1332,2398,1331,2406,1338,2405,1340
2399,1556,2400,1555,2409,1563,2407,1564
2408,1537,2407,1538,2400,1531,2401,1530
2409,1750,2408,1751,2400,1744,2401,1742
2398,1731,2399,1732,2391,1741,2390,1740
2383,1744,2384,1745,2378,1752,2377,1750
2412,1846,2410,1848,2400,1838,2402,1836
2398,1872,2400,1874,2390,1884,2388,1882
2408,1909,2409,1910,2401,1919,2399,1917
2396,1920,2397,1921,2389,1930,2387,1928
2396,1637,2397,1638,2389,1647,2388,1646
2396,2015,2397,2016,2389,2025,2388,2024
2384,2026,2385,2027,2377,2036,2376,2035
2390,2074,2389,2073,2397,2064,2398,2065
2396,2110,2397,2111,2389,2120,2388,2119
2390,2193,2389,2192,2396,2184,2398,2185
2397,1779,2398,1780,2391,1787,2390,1786
2349,1489,2405,1434,2411,1439,2355,1495
2399,1811,2398,1812,2389,1804,2391,1803
2387,1799,2386,1800,2377,1792,2378,1791
2399,2023,2398,2024,2390,2017,2391,2015
2395,1992,2396,1993,2389,2001,2387,2000
2407,3461,2407,3530,2391,3530,2391,3461
2407,3533,2407,3601,2391,3601,2391,3533
2407,3606,2407,3679,2391,3679,2391,3606
2407,3681,2407,3696,2391,3696,2391,3681
2407,3702,2407,3740,2391,3740,2391,3702
2396,2086,2397,2087,2389,2096,2387,2094
2397,1502,2396,1503,2389,1496,2390,1495
2387,1568,2388,1567,2397,1575,2395,1576
2397,1897,2398,1898,2390,1907,2388,1905
2384,1908,2385,1909,2377,1918,2375,1916
2385,1672,2387,1674,2377,1684,2375,1682
2397,1762,2396,1763,2388,1756,2389,1754
2385,1719,2386,1720,2378,1729,2377,1728
2371,1732,2372,1733,2366,1740,2365,1738
2385,1837,2386,1838,2378,1847,2377,1845
2386,1860,2388,1862,2378,1872,2376,1870
2387,1750,2386,1751,2378,1744,2379,1742
2378,2062,2377,2061,2385,2052,2386,2053
2384,2003,2385,2004,2377,2013,2376,2012
2372,2014,2373,2015,2365,2024,2364,2023
2385,2098,2386,2099,2378,2108,2377,2107
2385,1766,2386,1767,2379,1774,2378,1773
2386,1823,2385,1824,2376,1816,2378,1815
2375,1811,2374,1812,2365,1804,2366,1803
2387,2036,2386,2037,2378,2030,2379,2028
2383,1980,2384,1981,2377,1989,2375,1988
2384,2074,2385,2075,2377,2084,2375,2082
2386,1513,2385,1514,2378,1507,2379,1506
2385,1560,2384,1561,2377,1554,2378,1553
2375,1580,2376,1579,2385,1587,2383,1588
2385,1774,2384,1775,2376,1768,2377,1766
2385,1885,2386,1886,2378,1895,2376,1893
2372,1896,2373,1897,2365,1906,2363,1904
2383,1385,2382,1386,2374,1379,2375,1377
2376,2173,2377,2172,2384,2178,2382,2179
2374,1848,2376,1850,2366,1860,2364,1858
2373,1707,2374,1708,2366,1717,2365,1716
2359,1720,2360,1721,2354,1728,2353,1726
2371,1365,2372,1366,2364,1375,2363,1373
2409,1869,2407,1871,2397,1861,2399,1859
2399,1858,2397,1860,2387,1850,2389,1848
2388,1869,2386,1871,2376,1861,2378,1859
2387,1846,2386,1847,2377,1839,2379,1837
2375,1858,2374,1859,2365,1851,2367,1849
2366,2050,2365,2049,2373,2040,2374,2041
2361,1648,2363,1650,2353,1660,2351,1658
2372,1659,2374,1661,2364,1671,2362,1669
2375,1763,2374,1764,2366,1757,2367,1755
2373,1992,2374,1993,2366,2002,2365,2001
2360,2003,2361,2004,2353,2013,2352,2012
2372,2085,2373,2086,2365,2095,2364,2094
2360,2212,2383,2190,2389,2196,2365,2218
2372,1754,2373,1755,2366,1762,2365,1761
2371,1968,2372,1969,2365,1977,2363,1976
2372,2062,2373,2063,2365,2072,2363,2070
2374,1572,2373,1573,2366,1566,2367,1565
2374,1785,2373,1786,2365,1779,2366,1777
2373,1873,2374,1874,2366,1883,2364,1881
2362,1885,2363,1886,2355,1895,2353,1893
2364,2184,2365,2183,2372,2189,2370,2190
2372,1396,2371,1397,2363,1390,2364,1388
2361,1695,2362,1696,2354,1705,2353,1704
2347,1709,2348,1710,2342,1717,2341,1715
2359,1353,2360,1354,2352,1363,2351,1361
2363,1445,2362,1446,2354,1439,2356,1438
2364,1822,2363,1823,2354,1815,2355,1814
2354,2039,2353,2038,2361,2029,2362,2030
2364,1845,2363,1846,2354,1838,2356,1837
2363,1775,2362,1776,2354,1769,2355,1767
2361,2074,2362,2075,2354,2084,2353,2083
2360,1981,2361,1982,2353,1991,2352,1990
2349,1992,2350,1993,2342,2002,2341,2001
2360,1957,2361,1958,2354,1966,2352,1965
2360,2049,2361,2050,2353,2059,2351,2057
2350,2109,2352,2111,2342,2121,2340,2119
2361,2120,2363,2122,2353,2132,2351,2130
2362,1537,2361,1538,2354,1531,2355,1530
2362,1797,2361,1798,2353,1791,2354,1789
2364,1869,2363,1870,2354,1862,2356,1860
2361,1861,2362,1862,2354,1871,2352,1869
2350,1873,2351,1874,2343,1883,2341,1881
2352,2196,2353,2195,2360,2201,2358,2202
2352,1456,2351,1457,2343,1450,2345,1449
2348,1385,2350,1387,2341,1397,2338,1395
2349,1683,2350,1684,2342,1693,2341,1692
2335,1697,2336,1698,2330,1705,2329,1703
2347,1341,2348,1342,2340,1351,2339,1349
2352,1786,2351,1787,2343,1780,2344,1778
2366,3461,2366,3528,2343,3528,2343,3461
2366,3535,2366,3541,2343,3541,2343,3535
2366,3546,2366,3569,2343,3569,2343,3546
2366,3575,2366,3623,2343,3623,2343,3575
2342,2027,2341,2026,2349,2017,2350,2018
2348,1969,2349,1970,2341,1979,2340,1978
2337,1980,2338,1981,2330,1990,2329,1989
2352,1952,2351,1953,2342,1945,2343,1944
2350,2156,2352,2158,2342,2168,2340,2166
2336,2168,2337,2169,2329,2178,2328,2176
2325,2181,2326,2182,2319,2190,2317,2189
2313,2192,2314,2193,2306,2202,2305,2200
2349,1730,2350,1731,2343,1738,2342,1737
2348,2062,2349,2063,2341,2072,2340,2071
2352,1857,2351,1858,2342,1850,2344,1849
2340,1847,2339,1848,2330,1840,2331,1839
2342,1759,2343,1758,2350,1765,2349,1766
2350,2039,2351,2040,2343,2049,2341,2047
2348,1944,2349,1945,2342,1953,2340,1952
2350,1549,2349,1550,2342,1543,2343,1542
2350,1809,2349,1810,2341,1803,2342,1801
2350,1850,2351,1851,2343,1860,2341,1858
2338,1861,2339,1862,2331,1871,2329,1869
2340,1922,2341,1921,2350,1929,2348,1930
2331,2134,2329,2132,2339,2122,2341,2124
2340,2208,2341,2207,2348,2213,2346,2214
2337,1671,2338,1672,2330,1681,2329,1680
2331,2016,2330,2015,2338,2006,2339,2007
2338,2097,2340,2099,2330,2109,2328,2107
2340,1468,2339,1469,2331,1462,2333,1461
2335,1329,2336,1330,2328,1339,2327,1337
2340,1799,2339,1800,2331,1793,2332,1791
2336,1956,2337,1957,2329,1966,2328,1965
2325,1968,2326,1969,2318,1978,2317,1977
2338,2144,2340,2146,2330,2156,2328,2154
2325,2157,2326,2158,2318,2167,2317,2165
2314,2170,2315,2171,2308,2179,2306,2178
2301,2180,2302,2181,2294,2190,2293,2188
2338,1719,2339,1720,2332,1727,2331,1726
2339,1870,2338,1871,2329,1863,2331,1862
2336,2050,2337,2051,2329,2060,2328,2059
2339,1965,2338,1966,2329,1958,2330,1957
2338,1837,2339,1838,2331,1847,2329,1845
2326,1849,2327,1850,2319,1859,2317,1857
2336,1932,2337,1933,2330,1941,2328,1940
2339,1560,2338,1561,2331,1554,2332,1553
2330,1771,2331,1770,2338,1777,2337,1778
2315,1380,2333,1398,2325,1407,2307,1388
2337,2026,2338,2027,2330,2036,2328,2034
2338,1821,2337,1822,2329,1815,2330,1813
2328,2220,2329,2219,2336,2225,2334,2226
2325,1945,2326,1946,2318,1955,2317,1954
2326,2085,2328,2087,2318,2097,2316,2095
2325,2039,2326,2040,2318,2049,2317,2048
2313,1352,2315,1354,2306,1364,2303,1362
2324,1363,2326,1365,2317,1375,2314,1373
2323,1317,2324,1318,2316,1327,2315,1325
2325,2204,2326,2205,2318,2214,2317,2212
2328,1811,2327,1812,2319,1805,2320,1803
2323,1686,2324,1687,2318,1694,2317,1692
2326,1707,2327,1708,2320,1715,2319,1714
2326,1825,2327,1826,2319,1835,2317,1833
2324,1920,2325,1921,2318,1929,2316,1928
2326,2015,2327,2016,2319,2025,2317,2023
2317,1783,2318,1782,2325,1789,2324,1790
2317,2231,2318,2230,2325,2236,2323,2237
2325,1834,2324,1835,2316,1828,2317,1826
2316,1443,2315,1444,2308,1438,2309,1437
2313,1648,2314,1649,2306,1658,2305,1657
2316,1492,2315,1493,2307,1486,2309,1485
2306,2110,2304,2108,2314,2098,2316,2100
2311,1305,2312,1306,2304,1315,2303,1313
2316,1823,2315,1824,2307,1817,2308,1815
2313,2027,2314,2028,2306,2037,2305,2036
2316,1871,2315,1872,2306,1864,2307,1863
2312,1933,2313,1934,2305,1943,2304,1942
2314,1695,2315,1696,2308,1703,2307,1702
2317,1988,2316,1989,2307,1981,2308,1980
2313,2145,2314,2146,2306,2155,2305,2153
2301,2157,2302,2158,2295,2166,2293,2165
2290,2169,2291,2170,2283,2179,2282,2177
2315,1894,2314,1895,2305,1887,2307,1886
2303,2062,2305,2064,2295,2074,2293,2072
2314,2073,2316,2075,2306,2085,2304,2083
2314,2003,2315,2004,2307,2013,2305,2011
2303,2109,2305,2111,2295,2121,2293,2119
2314,2120,2316,2122,2306,2132,2304,2130
2301,2133,2302,2134,2294,2143,2293,2141
2289,2121,2290,2122,2282,2131,2281,2129
2289,2145,2290,2146,2283,2154,2281,2153
2277,2133,2278,2134,2271,2142,2269,2141
2278,2157,2279,2158,2271,2167,2270,2165
2266,2145,2267,2146,2259,2155,2258,2153
2306,1793,2307,1792,2314,1799,2313,1800
2314,1845,2313,1846,2305,1839,2306,1837
2327,1935,2328,1934,2337,1942,2335,1943
2315,1923,2316,1922,2325,1930,2323,1931
2304,1911,2305,1910,2314,1918,2312,1920
2320,3463,2320,3503,2299,3503,2299,3463
2320,3506,2320,3511,2299,3511,2299,3506
2320,3510,2320,3574,2299,3574,2299,3510
2320,3582,2320,3642,2299,3642,2299,3582
2300,1294,2301,1295,2293,1304,2292,1302
2300,1340,2302,1342,2293,1352,2290,1350
2304,1836,2303,1837,2295,1830,2296,1828
2305,2000,2304,2001,2295,1993,2296,1992
2304,1906,2303,1907,2294,1899,2296,1898
2294,1893,2293,1894,2284,1886,2285,1885
2324,3334,2324,3365,2289,3365,2289,3334
2301,2015,2302,2016,2294,2025,2293,2024
2294,2098,2292,2096,2302,2086,2304,2088
2283,2087,2281,2085,2291,2075,2293,2077
2293,1805,2294,1804,2301,1811,2300,1812
2299,1396,2263,1367,2269,1360,2305,1389
2302,1857,2301,1858,2293,1851,2294,1849
2303,1935,2304,1934,2313,1942,2311,1943
2293,1922,2294,1921,2303,1929,2301,1931
2293,1467,2292,1468,2285,1462,2286,1461
2291,2050,2293,2052,2283,2062,2281,2060
2293,1516,2292,1517,2284,1510,2286,1509
2291,2097,2293,2099,2283,2109,2281,2107
2277,2109,2278,2110,2270,2119,2269,2117
2265,2121,2266,2122,2259,2130,2257,2129
2254,2133,2255,2134,2247,2143,2246,2141
2293,2012,2292,2013,2283,2005,2284,2004
2292,1918,2291,1919,2282,1911,2284,1910
2281,1906,2280,1907,2271,1899,2272,1898
2290,2192,2291,2193,2283,2202,2282,2201
2282,1816,2283,1815,2290,1822,2289,1823
2291,1868,2290,1869,2282,1862,2283,1860
2303,1959,2304,1958,2313,1966,2311,1967
2292,1946,2293,1945,2302,1953,2300,1954
2280,1934,2281,1933,2290,1941,2288,1943
2271,2075,2269,2073,2279,2063,2281,2065
2278,2037,2280,2039,2270,2049,2268,2047
2276,1270,2277,1271,2269,1280,2268,1278
2281,2024,2280,2025,2271,2017,2272,2016
2280,1930,2279,1931,2270,1923,2272,1922
2278,1254,2277,1255,2268,1247,2269,1246
2277,2180,2278,2181,2270,2190,2269,2189
2267,2192,2268,2193,2260,2202,2259,2201
2267,2073,2269,2075,2259,2085,2257,2083
2278,2084,2280,2086,2270,2096,2268,2094
2265,2097,2266,2098,2258,2107,2257,2105
2253,2085,2254,2086,2246,2095,2245,2093
2254,2110,2255,2111,2248,2119,2246,2118
2242,2098,2243,2099,2236,2107,2234,2106
2242,2121,2243,2122,2235,2131,2234,2129
2230,2109,2231,2110,2223,2119,2222,2117
2278,1881,2277,1882,2269,1875,2270,1873
2293,1969,2294,1968,2303,1976,2301,1977
2281,1957,2282,1956,2291,1964,2289,1965
2268,1946,2269,1945,2278,1953,2276,1955
2259,2063,2257,2061,2267,2051,2269,2053
2267,2169,2268,2170,2260,2179,2259,2178
2255,2180,2256,2181,2248,2190,2247,2189
2266,1266,2265,1267,2256,1259,2257,1258
2269,1285,2239,1320,2231,1313,2261,1278
2254,1279,2253,1280,2244,1272,2245,1271
2244,1290,2243,1291,2234,1283,2235,1282
2269,1941,2268,1942,2259,1934,2261,1933
2268,2036,2267,2037,2258,2029,2259,2028
2281,1981,2282,1980,2291,1988,2289,1989
2269,1969,2270,1968,2279,1976,2277,1977
2256,1958,2257,1957,2266,1965,2264,1967
2271,3463,2271,3541,2254,3541,2254,3463
2271,3548,2271,3552,2254,3552,2254,3548
2271,3553,2271,3557,2254,3557,2254,3553
2271,3558,2271,3618,2254,3618,2254,3558
2258,2047,2257,2048,2248,2040,2249,2039
2255,2157,2256,2158,2248,2167,2247,2166
2244,2169,2245,2170,2237,2179,2236,2178
2257,1952,2256,1953,2247,1945,2249,1944
2244,2050,2246,2052,2236,2062,2234,2060
2255,2061,2257,2063,2247,2073,2245,2071
2243,2075,2244,2076,2236,2085,2235,2083
2231,2063,2232,2064,2224,2073,2223,2071
2230,2086,2231,2087,2224,2095,2222,2094
2218,2074,2219,2075,2212,2083,2210,2082
2218,2097,2219,2098,2211,2107,2210,2105
2207,2086,2208,2087,2200,2096,2199,2094
2269,1993,2270,1992,2279,2000,2277,2001
2257,1981,2258,1980,2267,1988,2265,1989
2244,1970,2245,1969,2254,1977,2252,1979
2243,2145,2244,2146,2236,2155,2235,2154
2232,2157,2233,2158,2225,2167,2224,2166
2242,1337,2241,1338,2233,1331,2234,1329
2246,2059,2245,2060,2236,2052,2237,2051
2245,1964,2244,1965,2235,1957,2237,1956
2257,2005,2258,2004,2267,2012,2265,2013
2245,1993,2246,1992,2255,2000,2253,2001
2233,1981,2234,1980,2243,1988,2241,1990
2221,1946,2223,1944,2233,1954,2231,1956
2232,1935,2234,1933,2244,1943,2242,1945
2231,2133,2232,2134,2224,2143,2223,2142
2219,2145,2220,2146,2212,2155,2211,2154
2230,1350,2229,1351,2221,1344,2222,1342
2246,1399,2250,1618,2216,1619,2212,1400
2234,2071,2233,2072,2224,2064,2225,2063
2233,1976,2232,1977,2223,1969,2225,1968
2230,2227,2231,2228,2223,2237,2222,2235
2242,2192,2243,2193,2235,2202,2233,2200
2230,2204,2231,2205,2223,2214,2221,2212
2219,2216,2220,2217,2212,2226,2211,2224
2245,2017,2246,2016,2255,2024,2253,2025
2233,2005,2234,2004,2243,2012,2241,2013
2222,1993,2223,1992,2232,2000,2230,2002
2219,2051,2220,2052,2212,2061,2211,2059
2206,2062,2207,2063,2200,2071,2198,2070
2196,2075,2197,2076,2189,2085,2188,2083
2219,2121,2220,2122,2212,2131,2211,2130
2207,2133,2208,2134,2200,2143,2199,2142
2221,1989,2220,1990,2211,1982,2213,1981
2220,1360,2219,1361,2211,1354,2212,1352
2216,1281,2217,1282,2209,1291,2208,1289
2228,1293,2229,1294,2221,1303,2220,1301
2240,1305,2241,1306,2233,1315,2232,1313
2253,1318,2290,1355,2281,1363,2245,1326
2264,1353,2265,1354,2258,1361,2257,1360
2253,1342,2254,1343,2247,1350,2246,1349
2240,1329,2241,1330,2234,1337,2233,1336
2228,1317,2229,1318,2222,1325,2221,1324
2217,1305,2218,1306,2211,1313,2210,1312
2225,3463,2225,3515,2210,3515,2210,3463
2225,3519,2225,3535,2210,3535,2210,3519
2225,3542,2225,3590,2210,3590,2210,3542
2225,3599,2225,3602,2210,3602,2210,3599
2209,1958,2211,1956,2221,1966,2219,1968
2233,2029,2234,2028,2243,2036,2241,2037
2221,2017,2222,2016,2231,2024,2229,2025
2209,2005,2210,2004,2219,2012,2217,2014
2222,1942,2220,1944,2210,1934,2212,1932
2210,1953,2208,1955,2198,1945,2200,1943
2207,2109,2208,2110,2200,2119,2199,2118
2196,2121,2197,2122,2189,2131,2188,2130
2208,1372,2207,1373,2199,1366,2200,1364
2213,1642,2230,1718,2208,1723,2192,1647
2230,2180,2231,2181,2223,2190,2221,2188
2219,2193,2220,2194,2212,2203,2210,2201
2207,2204,2208,2205,2200,2214,2199,2212
2194,2217,2195,2218,2188,2226,2186,2225
2183,2228,2184,2229,2177,2237,2175,2236
2209,2001,2208,2002,2199,1994,2201,1993
2197,1970,2199,1968,2209,1978,2207,1980
2221,2041,2222,2040,2231,2048,2229,2049
2209,2029,2210,2028,2219,2036,2217,2037
2198,2017,2199,2016,2208,2024,2206,2026
2197,2013,2196,2014,2187,2006,2189,2005
2219,2169,2220,2170,2212,2179,2210,2177
2207,2181,2208,2182,2200,2191,2198,2189
2195,2192,2196,2193,2188,2202,2187,2200
2182,2205,2183,2206,2176,2214,2174,2213
2170,2215,2171,2216,2164,2224,2162,2223
2194,2097,2195,2098,2187,2107,2186,2106
2184,2109,2185,2110,2177,2119,2176,2118
2195,1385,2194,1386,2186,1379,2187,1377
2208,2157,2209,2158,2201,2167,2199,2165
2195,2169,2196,2170,2188,2179,2186,2177
2184,2181,2185,2182,2177,2191,2176,2189
2171,2194,2172,2195,2165,2203,2163,2202
2186,1935,2187,1934,2196,1942,2194,1944
2210,2052,2211,2051,2220,2059,2218,2060
2197,2041,2198,2040,2207,2048,2205,2049
2186,2029,2187,2028,2196,2036,2194,2038
2184,2063,2185,2064,2177,2073,2176,2071
2174,1993,2176,1991,2186,2001,2184,2003
2185,1982,2187,1980,2197,1990,2195,1992
2198,1965,2196,1967,2186,1957,2188,1955
2187,1976,2185,1978,2175,1968,2177,1966
2181,1246,2182,1247,2174,1256,2173,1254
2193,1258,2194,1259,2186,1268,2185,1266
2182,1270,2183,1271,2176,1278,2175,1277
2170,1258,2171,1259,2164,1266,2163,1265
2186,2024,2185,2025,2176,2017,2178,2016
2183,2086,2184,2087,2176,2096,2175,2095
2172,2097,2173,2098,2165,2107,2164,2106
2198,2064,2199,2063,2208,2071,2206,2072
2186,2052,2187,2051,2196,2059,2194,2060
2173,2041,2174,2040,2183,2048,2181,2050
2196,2145,2197,2146,2189,2155,2187,2153
2183,2157,2184,2158,2176,2167,2174,2165
2172,2169,2173,2170,2165,2179,2164,2177
2159,2182,2160,2183,2153,2191,2151,2190
2146,2191,2147,2192,2140,2200,2138,2199
2172,2075,2173,2076,2165,2085,2164,2084
2161,2086,2162,2087,2154,2096,2153,2095
2174,2036,2173,2037,2164,2029,2166,2028
2183,2133,2184,2134,2176,2143,2174,2141
2171,2145,2172,2146,2164,2155,2162,2153
2160,2157,2161,2158,2153,2167,2152,2165
2179,3463,2179,3515,2165,3515,2165,3463
2179,3520,2179,3535,2165,3535,2165,3520
2179,3541,2179,3590,2165,3590,2165,3541
2179,3598,2179,3601,2165,3601,2165,3598
2175,1946,2176,1945,2185,1953,2183,1955
2162,1936,2163,1935,2171,1942,2170,1944
2186,2076,2187,2075,2196,2083,2194,2084
2174,2064,2175,2063,2184,2071,2182,2072
2161,2053,2162,2052,2171,2060,2169,2062
2175,1988,2173,1990,2163,1980,2165,1978
2163,1999,2161,2001,2151,1991,2153,1989
2151,2016,2153,2014,2163,2024,2161,2026
2161,2006,2163,2004,2173,2014,2171,2016
2163,2047,2162,2048,2153,2040,2155,2039
2207,905,2095,903,2095,882,2207,884
2160,2063,2161,2064,2153,2073,2152,2072
2148,2074,2149,2075,2141,2084,2140,2083
2162,1958,2163,1957,2172,1965,2170,1967
2151,1947,2152,1946,2160,1953,2159,1955
2150,2064,2151,2063,2160,2071,2158,2073
2151,2059,2150,2060,2141,2052,2143,2051
2158,1625,2161,1678,2128,1680,2125,1627
2162,1703,2164,1740,2131,1742,2129,1705
2160,2110,2161,2111,2153,2120,2151,2118
2148,2121,2149,2122,2141,2131,2139,2129
2171,2121,2172,2122,2164,2131,2162,2129
2160,2133,2161,2134,2153,2143,2151,2141
2148,2145,2149,2146,2141,2155,2140,2153
2135,2158,2136,2159,2129,2167,2127,2166
2124,2169,2125,2170,2118,2178,2116,2177
2150,1970,2151,1969,2160,1977,2158,1979
2139,1959,2140,1958,2148,1965,2147,1967
2151,2012,2149,2014,2139,2004,2141,2002
2138,2029,2140,2027,2150,2037,2148,2039
2138,2076,2139,2075,2148,2083,2146,2085
2136,2062,2137,2063,2129,2072,2128,2071
2139,2071,2138,2072,2129,2064,2131,2063
2134,1387,2135,1388,2127,1397,2126,1396
2124,2211,2145,2193,2150,2199,2129,2217
2134,2179,2135,2180,2128,2188,2126,2187
2139,1981,2140,1980,2149,1988,2147,1990
2128,1970,2129,1969,2137,1976,2136,1978
2137,2235,2135,2236,2129,2227,2131,2226
2125,2004,2126,2005,2119,2013,2117,2012
2124,2026,2125,2027,2118,2035,2116,2034
2113,2039,2114,2040,2106,2049,2105,2048
2126,2088,2127,2087,2136,2095,2134,2097
2124,2050,2125,2051,2117,2060,2116,2059
2138,2024,2136,2026,2126,2016,2128,2014
2127,2035,2125,2037,2115,2027,2117,2025
2115,2052,2117,2050,2127,2060,2125,2062
2126,2041,2128,2039,2138,2049,2136,2051
2126,2083,2125,2084,2116,2076,2118,2075
2127,1993,2128,1992,2137,2000,2135,2002
2115,1982,2116,1981,2124,1988,2123,1990
2135,3462,2134,3515,2117,3515,2118,3462
2134,3520,2134,3535,2118,3535,2118,3520
2134,3541,2133,3589,2116,3589,2117,3541
2148,2098,2149,2099,2141,2108,2139,2106
2137,2110,2138,2111,2130,2120,2128,2118
2124,2121,2125,2122,2117,2131,2116,2129
2112,2135,2113,2136,2106,2144,2104,2143
2100,2145,2101,2146,2094,2154,2092,2153
2089,2157,2090,2158,2082,2167,2080,2165
2123,2146,2124,2147,2117,2155,2115,2154
2112,2157,2113,2158,2106,2166,2104,2165
2113,1992,2114,1993,2107,2001,2105,2000
2113,2015,2114,2016,2107,2024,2105,2023
2101,2027,2102,2028,2094,2037,2093,2036
2137,2086,2138,2087,2130,2096,2128,2094
2125,2098,2126,2099,2118,2108,2116,2106
2112,2109,2113,2110,2105,2119,2104,2117
2100,2122,2101,2123,2094,2131,2092,2130
2088,2133,2089,2134,2082,2142,2080,2141
2077,2144,2078,2145,2070,2154,2068,2152
2115,2005,2116,2004,2125,2012,2123,2014
2103,1994,2104,1993,2112,2000,2111,2002
2112,2165,2111,2166,2103,2159,2104,2157
2100,1353,2101,1354,2093,1363,2092,1362
2101,1980,2102,1981,2095,1989,2093,1988
2101,2003,2102,2004,2095,2012,2093,2011
2089,2015,2090,2016,2082,2025,2081,2024
2125,2074,2126,2075,2118,2084,2116,2082
2113,2086,2114,2087,2106,2096,2104,2094
2101,2098,2102,2099,2094,2108,2093,2106
2088,2110,2089,2111,2082,2119,2080,2118
2077,2122,2078,2123,2071,2131,2069,2130
2066,2133,2067,2134,2059,2143,2057,2141
2129,574,2129,676,2091,676,2091,574
2087,584,2087,591,2060,591,2060,584
2087,598,2087,605,2060,605,2060,598
2087,609,2087,639,2060,639,2060,609
2087,662,2087,669,2060,669,2060,662
2115,2047,2113,2049,2103,2039,2105,2037
2098,1329,2099,1330,2091,1339,2090,1337
2102,2176,2101,2177,2093,2170,2094,2168
2103,2017,2104,2016,2113,2024,2111,2026
2091,2006,2092,2005,2100,2012,2099,2014
2076,2210,2107,2179,2115,2187,2084,2218
2089,1968,2090,1969,2083,1977,2081,1976
2089,1991,2090,1992,2083,2000,2081,1999
2078,2004,2079,2005,2071,2014,2070,2013
2113,2062,2114,2063,2106,2072,2104,2070
2100,2074,2101,2075,2093,2084,2091,2082
2089,2086,2090,2087,2082,2096,2081,2094
2076,2098,2077,2099,2070,2107,2068,2106
2064,2109,2065,2110,2058,2118,2056,2117
2054,2122,2055,2123,2047,2132,2045,2130
2086,1246,2087,1247,2080,1255,2079,1254
2086,1317,2087,1318,2079,1327,2078,1325
2087,1341,2088,1342,2080,1351,2079,1350
2087,1388,2088,1389,2080,1398,2079,1396
2090,2188,2089,2189,2081,2182,2082,2180
2091,2029,2092,2028,2101,2036,2099,2038
2079,2017,2080,2016,2088,2023,2087,2025
2101,2050,2102,2051,2094,2060,2092,2058
2088,2062,2089,2063,2081,2072,2079,2070
2077,2074,2078,2075,2070,2084,2069,2082
2064,2086,2065,2087,2058,2095,2056,2094
2052,2097,2053,2098,2046,2106,2044,2105
2042,2110,2043,2111,2035,2120,2033,2118
2077,1956,2078,1957,2071,1965,2069,1964
2074,1234,2075,1235,2068,1243,2067,1242
2075,1306,2076,1307,2068,1316,2067,1314
2076,1979,2077,1980,2070,1988,2068,1987
2065,1992,2066,1993,2058,2002,2057,2001
2075,1329,2076,1330,2068,1339,2067,1338
2075,1376,2076,1377,2068,1386,2067,1384
2077,2026,2078,2027,2070,2036,2068,2034
2065,2038,2066,2039,2058,2048,2056,2046
2078,2200,2077,2201,2069,2194,2070,2192
2079,2041,2080,2040,2089,2048,2087,2050
2068,2028,2069,2027,2077,2034,2076,2036
2068,2124,2069,2123,2077,2130,2076,2132
2069,2171,2070,2170,2078,2178,2077,2179
2066,1945,2067,1946,2060,1954,2058,1953
2090,2039,2091,2040,2083,2049,2081,2047
2076,2050,2077,2051,2069,2060,2067,2058
2066,2063,2067,2064,2059,2073,2058,2071
2053,2075,2054,2076,2047,2084,2045,2083
2040,2085,2041,2086,2034,2094,2032,2093
2030,2098,2031,2099,2023,2108,2021,2106
2063,1294,2064,1295,2056,1304,2055,1302
2063,1317,2064,1318,2056,1327,2055,1326
2064,1968,2065,1969,2058,1977,2056,1976
2063,1364,2064,1365,2056,1374,2055,1372
2066,2164,2065,2165,2057,2158,2058,2156
2066,2213,2065,2214,2057,2207,2058,2205
2056,2136,2057,2135,2065,2142,2064,2144
2056,2183,2057,2182,2065,2190,2064,2191
2051,1282,2052,1283,2044,1292,2043,1290
2052,1306,2053,1307,2045,1316,2044,1315
2051,1352,2052,1353,2044,1362,2043,1360
2053,1957,2054,1958,2047,1966,2045,1965
2041,1968,2042,1969,2034,1978,2033,1977
2054,2004,2055,2005,2047,2014,2045,2012
2055,2176,2054,2177,2046,2170,2047,2168
2065,2014,2066,2015,2058,2024,2056,2022
2054,2027,2055,2028,2047,2037,2045,2035
2042,2039,2043,2040,2035,2049,2034,2047
2028,2051,2029,2052,2022,2060,2020,2059
2017,2062,2018,2063,2011,2071,2009,2070
2006,2074,2007,2075,1999,2084,1997,2082
2044,2148,2045,2147,2053,2154,2052,2156
2044,2195,2045,2194,2053,2202,2052,2203
2041,1944,2042,1945,2035,1953,2033,1952
2029,1956,2030,1957,2022,1966,2021,1965
2040,1271,2041,1272,2033,1281,2032,1279
2041,2132,2042,2133,2035,2141,2033,2140
2039,1293,2040,1294,2032,1303,2031,1302
2039,1340,2040,1341,2032,1350,2031,1348
2043,2189,2042,2190,2034,2183,2035,2181
2032,2159,2033,2158,2041,2165,2040,2167
2042,2157,2043,2158,2036,2166,2034,2165
2029,2169,2030,2170,2023,2178,2021,2177
2031,2206,2032,2205,2040,2213,2039,2214
2027,1258,2028,1259,2020,1268,2019,1266
2028,1329,2029,1330,2021,1339,2020,1337
2027,1281,2028,1282,2020,1291,2019,1290
2028,1353,2029,1354,2021,1363,2020,1362
2029,1933,2030,1934,2023,1942,2021,1941
2017,1944,2018,1945,2010,1954,2009,1953
2029,2121,2030,2122,2023,2130,2021,2129
2049,1180,1994,1180,1994,1155,2049,1155
2030,1979,2031,1980,2023,1989,2021,1987
2030,2003,2031,2004,2023,2013,2021,2011
2041,2063,2042,2064,2035,2072,2033,2071
2028,2073,2029,2074,2022,2082,2020,2081
2018,2086,2019,2087,2011,2096,2009,2094
2033,2200,2032,2201,2024,2194,2025,2192
2020,2171,2021,2170,2029,2177,2028,2179
2016,1247,2017,1248,2009,1257,2008,1255
2018,2110,2019,2111,2012,2119,2010,2118
2016,1271,2017,1272,2009,1281,2008,1280
2016,1317,2017,1318,2009,1327,2008,1325
2044,2029,1996,2029,1996,2014,2044,2014
2016,1341,2017,1342,2009,1351,2008,1350
2030,2027,2031,2028,2023,2037,2022,2035
2017,2039,2018,2040,2011,2048,2009,2047
2005,2050,2006,2051,1999,2059,1997,2058
1994,2061,1995,2062,1987,2071,1985,2069
2018,1967,2019,1968,2011,1977,2009,1975
2021,2213,2020,2214,2012,2207,2013,2205
2029,2144,2030,2145,2023,2153,2021,2152
2018,2157,2019,2158,2012,2166,2010,2165
2006,2169,2007,2170,1999,2179,1997,2177
2018,2133,2019,2134,2012,2142,2010,2141
2006,2145,2007,2146,2000,2154,1998,2153
1994,2156,1995,2157,1987,2166,1985,2164
1953,2215,2079,2213,2079,2225,1953,2227
2072,2214,2074,2214,2074,2225,2072,2225
2008,2183,2009,2182,2017,2189,2016,2191
2006,1933,2007,1934,1999,1943,1998,1942
2006,2097,2007,2098,2000,2106,1998,2105
2004,1235,2005,1236,1997,1245,1996,1243
2004,1259,2005,1260,1997,1269,1996,1268
2004,1305,2005,1306,1997,1315,1996,1313
2004,1329,2005,1330,1997,1339,1996,1338
1996,2195,1997,2194,2005,2201,2004,2203
1992,1247,1993,1248,1985,1257,1984,1256
1992,1293,1993,1294,1985,1303,1984,1301
2005,2120,2006,2121,1999,2129,1997,2128
1994,2133,1995,2134,1988,2142,1986,2141
1983,2144,1984,2145,1976,2154,1974,2152
1993,2086,1994,2087,1987,2095,1985,2094
1991,1317,1992,1318,1984,1327,1983,1326
1994,2039,1995,2040,1988,2048,1986,2047
1983,2050,1984,2051,1976,2060,1974,2058
1984,2207,1985,2206,1993,2213,1992,2215
1995,2110,1996,2111,1989,2119,1987,2118
1983,2122,1984,2123,1977,2131,1975,2130
1971,2132,1972,2133,1964,2142,1962,2140
1980,1281,1981,1282,1973,1291,1972,1289
1980,1306,1981,1307,1973,1316,1972,1315
1981,2074,1982,2075,1975,2083,1973,2082
1983,2098,1984,2099,1977,2107,1975,2106
1971,2109,1972,2110,1965,2118,1963,2117
1981,2026,1982,2027,1975,2035,1973,2034
1971,2038,1972,2039,1964,2048,1962,2046
1971,2086,1972,2087,1965,2095,1963,2094
1969,2014,1970,2015,1963,2023,1961,2022
1969,2062,1970,2063,1963,2071,1961,2070
1977,964,1976,994,1943,993,1944,963
1975,1020,1974,1049,1942,1048,1943,1019
1979,1671,1979,1680,1945,1679,1945,1670
1960,2230,1961,2229,1969,2236,1968,2238
1977,1725,1976,1756,1942,1755,1943,1724
1976,1781,1975,1812,1941,1811,1942,1780
1974,3045,1974,3074,1951,3074,1951,3045
1974,3102,1974,3131,1951,3131,1951,3102
1941,1296,1912,1325,1906,1319,1935,1290
1956,2092,1956,2122,1933,2122,1933,2092
1956,2148,1956,2177,1933,2177,1933,2148
1943,2915,1943,2934,1926,2934,1926,2915
1943,2937,1943,2941,1926,2941,1926,2937
1943,2941,1943,2963,1926,2963,1926,2941
1917,1342,1916,1343,1909,1337,1910,1336
1915,1370,1913,1371,1907,1362,1909,1361
1901,1359,1900,1360,1893,1354,1894,1353
1888,1341,1889,1342,1881,1351,1880,1349
1896,1295,1840,1241,1847,1233,1904,1287
1889,1371,1888,1372,1881,1366,1882,1365
1876,1329,1877,1330,1869,1339,1868,1337
1871,1363,1870,1362,1877,1354,1879,1355
1878,1289,1877,1290,1869,1283,1870,1281
1864,1317,1865,1318,1857,1327,1856,1325
1859,1351,1858,1350,1865,1342,1867,1343
1866,1302,1865,1303,1857,1296,1858,1294
2293,4065,2293,4588,2221,4588,2221,4065
2293,4631,2293,4798,2221,4798,2221,4631
2217,4046,2217,4435,2155,4435,2155,4046
2217,4474,2217,4531,2155,4531,2155,4474
2217,4585,2217,4602,2155,4602,2155,4585
2217,4644,2217,4830,2155,4830,2155,4644
2157,4210,2157,4341,2099,4341,2099,4210
2157,4393,2157,4409,2099,4409,2099,4393
2157,4458,2157,4521,2099,4521,2099,4458
2157,4570,2157,4586,2099,4586,2099,4570
2157,4611,2157,4627,2099,4627,2099,4611
2157,4641,2157,4657,2099,4657,2099,4641
2157,4676,2157,4692,2099,4692,2099,4676
2063,4000,2063,4144,2025,4144,2025,4000
2063,4185,2063,4195,2025,4195,2025,4185
2063,4228,2063,4475,2025,4475,2025,4228
2063,4728,2064,4749,2024,4750,2023,4729
2063,4759,2063,4770,2023,4771,2023,4760
2064,4774,2065,4810,2025,4811,2024,4775
2065,4834,2066,4872,2026,4873,2025,4835
2013,4003,2013,4172,1975,4172,1975,4003
2013,4203,2013,4239,1975,4239,1975,4203
2014,4720,2014,4751,1972,4751,1972,4720
2014,4761,2014,4772,1972,4772,1972,4761
2014,4781,2014,4811,1972,4811,1972,4781
2014,4835,2014,4873,1972,4873,1972,4835
1963,4003,1963,4172,1925,4172,1925,4003
1963,4203,1963,4239,1925,4239,1925,4203
1964,4744,1964,4755,1922,4755,1922,4744
1964,4762,1964,4773,1922,4773,1922,4762
1964,4776,1964,4814,1922,4814,1922,4776
1964,4831,1964,4870,1922,4870,1922,4831
1912,4003,1912,4169,1876,4169,1876,4003
1912,4202,1912,4242,1876,4242,1876,4202
1920,4739,1920,4753,1869,4753,1869,4739
1920,4760,1920,4774,1869,4774,1869,4760
1920,4775,1920,4812,1869,4812,1869,4775
1920,4830,1920,4877,1869,4877,1869,4830
1859,4006,1859,4143,1823,4143,1823,4006
1872,4723,1872,4760,1821,4760,1821,4723
1872,4765,1872,4779,1821,4779,1821,4765
1872,4782,1872,4810,1821,4810,1821,4782
1872,4830,1872,4877,1821,4877,1821,4830
1813,4003,1813,4150,1775,4150,1775,4003
1820,4737,1820,4751,1769,4751,1769,4737
1820,4758,1820,4772,1769,4772,1769,4758
1820,4770,1820,4817,1769,4817,1769,4770
1820,4835,1820,4872,1769,4872,1769,4835
1762,4002,1762,4056,1725,4056,1725,4002
1765,4755,1765,4766,1726,4766,1726,4755
1765,4767,1765,4778,1726,4778,1726,4767
1765,4782,1765,4811,1726,4811,1726,4782
1765,4831,1765,4874,1726,4874,1726,4831
1720,4009,1720,4075,1669,4075,1669,4009
1720,4103,1720,4140,1669,4140,1669,4103
1716,4740,1716,4751,1674,4751,1674,4740
1716,4762,1716,4773,1674,4773,1674,4762
1716,4776,1716,4814,1674,4814,1674,4776
1716,4831,1716,4870,1674,4870,1674,4831
1661,4004,1661,4067,1627,4067,1627,4004
1661,4103,1661,4141,1627,4141,1627,4103
1667,4740,1667,4751,1627,4751,1627,4740
1667,4760,1667,4771,1627,4771,1627,4760
1667,4780,1667,4809,1627,4809,1627,4780
1667,4830,1667,4875,1627,4875,1627,4830
1622,4007,1622,4159,1587,4159,1587,4007
1622,4190,1622,4310,1587,4310,1587,4190
1608,4702,1608,4746,1560,4746,1560,4702
1608,4754,1608,4767,1560,4767,1560,4754
1608,4772,1608,4808,1560,4808,1560,4772
1608,4837,1608,4871,1560,4871,1560,4837
1581,3999,1581,4189,1547,4189,1547,3999
1541,3998,1541,4134,1505,4134,1505,3998
1545,4739,1545,4750,1505,4751,1505,4740
1545,4759,1545,4770,1505,4771,1505,4760
1546,4774,1547,4810,1507,4811,1506,4775
1547,4834,1548,4872,1508,4873,1507,4835
1483,4007,1483,4160,1445,4160,1445,4007
1483,4190,1483,4310,1445,4310,1445,4190
1483,4337,1483,4510,1445,4510,1445,4337
1488,4704,1488,4741,1438,4741,1438,4704
1488,4752,1488,4766,1438,4766,1438,4752
1488,4764,1488,4809,1438,4809,1438,4764
1488,4837,1488,4875,1438,4875,1438,4837
1852,1305,1853,1306,1845,1315,1844,1313
1855,1313,1854,1314,1846,1307,1847,1305
1847,1339,1846,1338,1853,1330,1855,1331
1854,1273,1855,1272,1864,1280,1862,1282
1843,1260,1844,1259,1852,1266,1851,1268
1843,1254,1842,1255,1834,1248,1835,1246
1840,1293,1841,1294,1833,1303,1832,1301
1835,1327,1834,1326,1841,1318,1843,1319
1843,1325,1842,1326,1834,1319,1835,1317
1852,2785,1852,2847,1833,2847,1833,2785
1844,1284,1845,1283,1854,1291,1852,1293
1831,1272,1832,1271,1840,1278,1839,1280
1824,1317,1823,1316,1830,1308,1832,1309
1831,1266,1830,1267,1822,1260,1823,1258
1819,1254,1818,1255,1810,1248,1811,1246
1855,3257,1855,3366,1815,3366,1815,3257
1830,1337,1829,1338,1821,1331,1822,1329
1831,1296,1832,1295,1841,1303,1839,1305
1819,1284,1820,1283,1828,1290,1827,1292
1819,1278,1818,1279,1810,1272,1811,1270
1807,1266,1806,1267,1798,1260,1799,1258
1796,1255,1795,1256,1787,1249,1789,1248
1819,1348,1818,1349,1810,1342,1811,1340
1860,1364,1862,1364,1862,1373,1860,1373
1836,1364,1838,1364,1838,1373,1836,1373
1812,1364,1814,1364,1814,1373,1812,1373
1770,1383,1804,1382,1804,1397,1770,1398
1825,1382,1859,1381,1859,1396,1825,1397
1789,1365,1791,1365,1791,1374,1789,1374
1765,1365,1767,1365,1767,1374,1765,1374
1857,2058,1857,2161,1821,2161,1821,2058
1857,2168,1857,2178,1821,2178,1821,2168
1857,2184,1857,2242,1821,2242,1821,2184
1815,2063,1816,2089,1781,2090,1780,2064
1816,2097,1816,2106,1781,2107,1781,2098
1816,2105,1817,2137,1782,2138,1781,2106
1818,2158,1818,2167,1783,2168,1783,2159
1819,1308,1820,1307,1829,1315,1827,1317
1807,1296,1808,1295,1816,1302,1815,1304
1807,1291,1806,1292,1798,1285,1799,1283
1794,1278,1793,1279,1785,1272,1786,1270
1783,1267,1782,1268,1774,1261,1776,1260
1807,1361,1806,1362,1798,1355,1799,1353
1807,1319,1808,1318,1817,1326,1815,1328
1795,1308,1796,1307,1804,1314,1803,1316
1796,1302,1795,1303,1787,1296,1788,1294
1783,1289,1782,1290,1774,1283,1775,1281
1772,1278,1771,1279,1763,1272,1765,1271
1784,1319,1785,1318,1793,1325,1792,1327
1784,1314,1783,1315,1775,1308,1776,1306
1771,1301,1770,1302,1762,1295,1763,1293
1760,1291,1759,1292,1751,1285,1753,1284
1772,1331,1773,1330,1781,1337,1780,1339
1772,1326,1771,1327,1763,1320,1764,1318
1760,1313,1759,1314,1751,1307,1752,1305
1759,1344,1760,1343,1768,1350,1767,1352
1760,1338,1759,1339,1751,1332,1752,1330
1748,1325,1747,1326,1739,1319,1740,1317
1748,1355,1749,1354,1757,1361,1756,1363
1748,1350,1747,1351,1739,1344,1740,1342
1742,1365,1744,1365,1744,1374,1742,1374
1726,1239,1727,1238,1734,1244,1732,1246
1714,1250,1715,1249,1722,1255,1720,1257
1712,1243,1711,1244,1703,1238,1705,1236
1702,1262,1703,1261,1710,1267,1708,1269
1702,1254,1701,1255,1693,1249,1695,1247
1689,1268,1688,1269,1680,1263,1682,1261
1689,1274,1690,1273,1697,1279,1695,1281
1645,1317,1690,1275,1696,1283,1652,1324
1676,1253,1675,1254,1667,1247,1668,1245
1665,1243,1664,1244,1655,1236,1656,1235
1664,1265,1663,1266,1655,1259,1656,1257
1653,1255,1652,1256,1643,1248,1644,1247
1676,1481,1675,1508,1628,1506,1629,1479
1674,1533,1673,1567,1626,1565,1627,1531
1652,1277,1651,1278,1643,1271,1644,1269
1644,763,1644,796,1626,796,1626,763
1641,1267,1640,1268,1631,1260,1632,1259
1629,1254,1628,1255,1620,1248,1621,1246
1667,1726,1666,1752,1618,1750,1619,1724
1665,1778,1664,1812,1616,1810,1617,1776
1661,1860,1661,1873,1614,1871,1614,1858
1662,2393,1662,2421,1627,2421,1627,2393
1660,2741,1660,2776,1636,2776,1636,2741
1660,2799,1660,2830,1636,2830,1636,2799
1662,2487,1662,2519,1627,2519,1627,2487
1662,2546,1662,2572,1627,2572,1627,2546
1662,2623,1662,2632,1627,2632,1627,2623
1640,1289,1639,1290,1631,1283,1632,1281
1630,1279,1629,1280,1620,1272,1621,1271
1617,1266,1616,1267,1608,1260,1609,1258
1629,1300,1628,1301,1620,1294,1621,1292
1619,1290,1618,1291,1609,1283,1610,1282
1606,1278,1605,1279,1597,1272,1598,1270
1617,1312,1616,1313,1608,1306,1609,1304
1607,1302,1606,1303,1597,1295,1598,1294
1594,1290,1593,1291,1585,1284,1586,1282
1605,1324,1604,1325,1596,1318,1597,1316
1595,1314,1594,1315,1585,1307,1586,1306
1583,1301,1582,1302,1574,1295,1575,1293
1593,1336,1592,1337,1584,1330,1585,1328
1583,1327,1582,1328,1573,1320,1574,1319
1570,1314,1569,1315,1561,1308,1562,1306
1606,2957,1551,2957,1551,2937,1606,2937
1582,1347,1581,1348,1573,1341,1574,1339
1571,1339,1570,1340,1561,1332,1562,1331
1570,1359,1569,1360,1561,1353,1562,1351
1559,1351,1558,1352,1549,1344,1550,1343
1556,1317,1557,1318,1550,1326,1548,1325
1543,1330,1544,1331,1536,1339,1535,1337
1555,1342,1556,1343,1548,1351,1547,1349
1558,1371,1557,1372,1549,1365,1550,1363
1549,1361,1548,1362,1539,1354,1540,1353
1545,1306,1546,1307,1539,1315,1537,1314
1532,1317,1533,1318,1525,1326,1524,1324
1571,1813,1566,1881,1517,1877,1522,1809
1565,1880,1564,1894,1515,1890,1516,1876
1537,1373,1536,1374,1527,1366,1528,1365
1533,1294,1534,1295,1527,1303,1525,1302
1522,1306,1523,1307,1515,1315,1514,1313
1558,1986,1550,2091,1501,2087,1509,1982
1521,1281,1522,1282,1515,1290,1513,1289
1511,1293,1512,1294,1504,1302,1503,1300
1509,1269,1510,1270,1503,1278,1501,1277
1187,797,1187,894,1147,894,1147,797
1189,2233,1189,2372,1151,2372,1151,2233
1189,2396,1189,2432,1151,2432,1151,2396
1187,1610,1187,1750,1151,1750,1151,1610
1187,1771,1187,1811,1151,1811,1151,1771
1150,1613,1150,1624,1110,1624,1110,1613
1150,1629,1150,1640,1110,1640,1110,1629
1150,1638,1150,1676,1110,1676,1110,1638
1150,1690,1150,1701,1110,1701,1110,1690
1195,2805,1188,2945,1141,2943,1148,2803
1186,3008,1185,3021,1138,3019,1139,3006
1148,2241,1147,2250,1112,2246,1113,2237
1146,2255,1145,2264,1110,2260,1111,2251
1146,2267,1143,2299,1108,2295,1111,2263
1147,2805,1148,2830,1113,2831,1112,2806
1148,2838,1148,2847,1113,2848,1113,2839
1148,2855,1149,2881,1114,2882,1113,2856
1150,2900,1150,2909,1115,2910,1115,2901
905,4006,905,4123,883,4123,883,4006
692,2055,886,2055,886,2084,692,2084
849,4034,849,4071,815,4071,815,4034
803,4007,803,4017,767,4017,767,4007
803,4025,803,4035,767,4035,767,4025
803,4044,803,4054,767,4054,767,4044
803,4073,803,4083,767,4083,767,4073
803,4081,803,4091,767,4091,767,4081
803,4087,803,4114,767,4114,767,4087
849,4163,849,4245,815,4245,815,4163
849,4268,849,4357,815,4357,815,4268
851,4551,851,4692,815,4692,815,4551
851,4712,851,4744,815,4744,815,4712
851,4768,851,4866,815,4866,815,4768
804,4157,805,4277,771,4277,770,4157
805,4301,805,4331,772,4331,772,4301
806,4357,807,4419,773,4419,772,4357
807,4551,808,4620,775,4620,774,4551
808,4630,808,4639,775,4639,775,4630
808,4641,809,4754,776,4754,775,4641
762,4161,762,4261,727,4261,727,4161
762,4283,762,4315,727,4315,727,4283
727,4156,727,4312,704,4312,704,4156
737,4433,737,4612,708,4612,708,4433
737,4635,737,4685,708,4685,708,4635
737,4704,737,4817,708,4817,708,4704
701,4158,701,4316,672,4316,672,4158
701,4339,701,4403,672,4403,672,4339
707,4437,707,4445,678,4445,678,4437
707,4446,707,4492,678,4492,678,4446
707,4506,707,4514,678,4514,678,4506
707,4518,707,4617,678,4617,678,4518
671,4161,671,4314,644,4314,644,4161
671,4340,671,4347,644,4347,644,4340
679,4433,679,4467,648,4467,648,4433
679,4487,679,4555,648,4555,648,4487
679,4564,679,4572,648,4572,648,4564
679,4575,679,4648,648,4648,648,4575
643,4156,643,4262,616,4262,616,4156
643,4282,643,4391,616,4391,616,4282
651,4432,651,4471,620,4471,620,4432
651,4494,651,4558,620,4558,620,4494
651,4570,651,4578,620,4578,620,4570
651,4581,651,4711,620,4711,620,4581
613,4162,613,4168,590,4168,590,4162
613,4171,613,4217,590,4217,590,4171
613,4226,613,4232,590,4232,590,4226
621,4437,621,4445,589,4445,589,4437
621,4471,621,4682,589,4682,589,4471
580,4440,580,4474,543,4474,543,4440
580,4495,580,4607,543,4607,543,4495
580,4626,580,4660,543,4660,543,4626
580,4680,580,4784,543,4784,543,4680
431,4132,431,4137,410,4137,410,4132
431,4143,431,4148,410,4148,410,4143
431,4152,431,4157,410,4157,410,4152
429,4252,429,4269,409,4269,409,4252
429,4483,429,4508,411,4508,411,4483
253,4054,253,4138,230,4138,230,4054
253,4159,253,4180,230,4180,230,4159
253,4203,253,4254,230,4254,230,4203
253,4273,253,4298,230,4298,230,4273
253,4317,253,4323,230,4323,230,4317
220,4037,220,4082,179,4082,179,4037
220,4087,220,4098,179,4098,179,4087
220,4111,220,4163,179,4163,179,4111
220,4171,220,4182,179,4182,179,4171
220,4197,220,4284,179,4284,179,4197
244,4539,244,4642,198,4642,198,4539
244,4680,244,4866,198,4866,198,4680
154,4236,154,4315,108,4315,108,4236
154,4333,154,4346,108,4346,108,4333
154,4357,154,4408,108,4408,108,4357
154,4450,154,4528,108,4528,108,4450
151,70,151,138,120,138,120,70
151,160,151,168,120,168,120,160
151,182,151,230,120,230,120,182
151,249,151,444,120,444,120,249
151,465,151,534,120,534,120,465
151,555,151,717,120,717,120,555
151,742,151,750,120,750,120,742
151,758,151,766,120,766,120,758
151,769,151,834,120,834,120,769
151,855,151,1005,120,1005,120,855
151,1028,151,1056,120,1056,120,1028
151,1082,151,1199,120,1199,120,1082
151,1225,151,1274,120,1274,120,1225
151,1291,151,1458,120,1458,120,1291
151,1479,151,1637,120,1637,120,1479
151,1657,151,1692,120,1692,120,1657
151,1708,151,1935,120,1935,120,1708
151,1952,151,2016,120,2016,120,1952
151,2040,151,2080,120,2080,120,2040
151,2104,151,2252,120,2252,120,2104
151,2273,151,2354,120,2354,120,2273
151,2358,151,2366,120,2366,120,2358
151,2380,151,2534,120,2534,120,2380
151,2540,151,2548,120,2548,120,2540
151,2567,151,2693,120,2693,120,2567
151,2694,151,2702,120,2702,120,2694
151,2720,151,2784,120,2784,120,2720
151,2793,151,2801,120,2801,120,2793
151,2807,151,2936,120,2936,120,2807
151,2940,151,2948,120,2948,120,2940
151,2967,151,3007,120,3007,120,2967
151,3028,151,3203,120,3203,120,3028
151,3225,151,3260,120,3260,120,3225
151,3271,151,3392,120,3392,120,3271
151,3419,151,3506,120,3506,120,3419
151,3510,151,3518,120,3518,120,3510
151,3535,151,3574,120,3574,120,3535
121,70,121,205,92,205,92,70
121,232,121,396,92,396,92,232
121,415,121,484,92,484,92,415
121,506,121,522,92,522,92,506
121,543,121,649,92,649,92,543
121,670,121,702,92,702,92,670
121,721,121,742,92,742,92,721
121,763,121,868,92,868,92,763
121,890,121,960,92,960,92,890
121,977,121,1077,92,1077,92,977
121,1099,121,1107,92,1107,92,1099
121,1138,121,1207,92,1207,92,1138
121,1227,121,1341,92,1341,92,1227
121,1345,121,1353,92,1353,92,1345
121,1368,121,1422,92,1422,92,1368
121,1442,121,1578,92,1578,92,1442
121,1601,121,1671,92,1671,92,1601
121,1688,121,1906,92,1906,92,1688
121,1906,121,1914,92,1914,92,1906
121,1926,121,1980,92,1980,92,1926
121,2003,121,2194,92,2194,92,2003
121,2212,121,2244,92,2244,92,2212
121,2267,121,2337,92,2337,92,2267
121,2354,121,2404,92,2404,92,2354
121,2423,121,2547,92,2547,92,2423
121,2548,121,2556,92,2556,92,2548
121,2572,121,2604,92,2604,92,2572
121,2626,121,2783,92,2783,92,2626
121,2809,121,2817,92,2817,92,2809
121,2824,121,2832,92,2832,92,2824
121,2833,121,2883,92,2883,92,2833
121,2902,121,2952,92,2952,92,2902
121,2975,121,3178,92,3178,92,2975
121,3181,121,3189,92,3189,92,3181
121,3205,121,3255,92,3255,92,3205
121,3280,121,3432,92,3432,92,3280
121,3455,121,3523,92,3523,92,3455
121,3542,121,3660,92,3660,92,3542
121,3685,121,3693,92,3693,92,3685
93,76,93,147,62,147,62,76
93,164,93,280,62,280,62,164
93,304,93,339,62,339,62,304
93,360,93,542,62,542,62,360
93,564,93,598,62,598,62,564
93,619,93,705,62,705,62,619
93,708,93,716,62,716,62,708
