3412,3497,3412,3585,3389,3585,3389,3497
3412,3595,3412,3632,3389,3632,3389,3595
3412,3641,3412,3647,3389,3647,3389,3641
3412,3648,3412,3688,3389,3688,3389,3648
3370,3446,3370,3526,3345,3526,3345,3446
3370,3531,3370,3572,3345,3572,3345,3531
3370,3579,3370,3633,3345,3633,3345,3579
3364,4445,3364,4656,3288,4656,3288,4445
3320,3447,3320,3526,3305,3526,3305,3447
3320,3531,3320,3572,3305,3572,3305,3531
3320,3582,3320,3636,3305,3636,3305,3582
3275,3447,3275,3525,3258,3525,3258,3447
3275,3531,3275,3572,3258,3572,3258,3531
3275,3581,3275,3638,3258,3638,3258,3581
3275,3645,3275,3649,3258,3649,3258,3645
3275,3655,3275,3698,3258,3698,3258,3655
3275,3701,3275,3758,3258,3758,3258,3701
3253,4207,3253,4325,3231,4325,3231,4207
3253,4338,3253,4392,3231,4392,3231,4338
3228,3446,3228,3493,3215,3493,3215,3446
3228,3501,3228,3558,3215,3558,3215,3501
3228,3566,3228,3578,3215,3578,3215,3566
3228,3584,3228,3640,3215,3640,3215,3584
3183,3448,3183,3466,3165,3466,3165,3448
3182,3468,3182,3472,3165,3472,3165,3468
3182,3472,3182,3484,3165,3484,3165,3472
3182,3486,3182,3490,3165,3490,3165,3486
3182,3490,3181,3520,3163,3520,3164,3490
3139,3448,3139,3467,3122,3467,3122,3448
3139,3468,3139,3472,3122,3472,3122,3468
3139,3472,3139,3485,3122,3485,3122,3472
3139,3486,3139,3490,3122,3490,3122,3486
3139,3490,3139,3522,3121,3522,3121,3490
3138,3528,3138,3540,3121,3540,3121,3528
3138,3545,3137,3620,3120,3620,3121,3545
3138,3624,3138,3662,3120,3662,3120,3624
3137,3671,3137,3724,3120,3724,3120,3671
3206,4285,3206,4582,3150,4582,3150,4285
3118,4119,3118,4178,3067,4178,3067,4119
3118,4186,3118,4200,3067,4200,3067,4186
3118,4213,3118,4279,3067,4279,3067,4213
3118,4279,3118,4293,3067,4293,3067,4279
3118,4326,3118,4497,3067,4497,3067,4326
3118,4529,3118,4760,3067,4760,3067,4529
3070,4245,3070,4371,3022,4371,3022,4245
3070,4409,3070,4638,3022,4638,3022,4409
3091,3447,3090,3492,3071,3492,3072,3447
3090,3498,3090,3514,3072,3514,3072,3498
3090,3517,3090,3521,3072,3521,3072,3517
3090,3523,3090,3531,3072,3531,3072,3523
3090,3534,3090,3538,3072,3538,3072,3534
3089,3537,3089,3568,3071,3568,3071,3537
3059,2707,3059,2734,3030,2734,3030,2707
3055,3447,3055,3482,3037,3482,3037,3447
3055,3488,3055,3492,3037,3492,3037,3488
3055,3494,3055,3498,3037,3498,3037,3494
3055,3499,3055,3558,3037,3558,3037,3499
3055,3563,3055,3592,3037,3592,3037,3563
3055,3601,3055,3629,3037,3629,3037,3601
3055,3635,3055,3674,3037,3674,3037,3635
3055,3679,3055,3708,3037,3708,3037,3679
3037,3447,3037,3451,3020,3451,3020,3447
3037,3452,3036,3518,3018,3518,3019,3452
3036,3519,3036,3523,3019,3523,3019,3519
3036,3523,3035,3577,3017,3577,3018,3523
3035,3581,3035,3585,3018,3585,3018,3581
3002,3444,3002,3502,2985,3502,2985,3444
3002,3507,3002,3552,2985,3552,2985,3507
3002,3560,3002,3609,2985,3609,2985,3560
3002,3615,3002,3636,2985,3636,2985,3615
2957,3447,2957,3505,2939,3505,2939,3447
2957,3513,2957,3564,2939,3564,2939,3513
2957,3570,2957,3608,2939,3608,2939,3570
2957,3616,2957,3624,2939,3624,2939,3616
2957,3631,2957,3674,2939,3674,2939,3631
2910,3448,2910,3506,2894,3506,2894,3448
2910,3512,2910,3567,2894,3567,2894,3512
2910,3573,2910,3623,2894,3623,2894,3573
2910,3628,2910,3689,2894,3689,2894,3628
2864,3447,2864,3477,2846,3477,2846,3447
2864,3485,2864,3501,2846,3501,2846,3485
2864,3506,2864,3556,2846,3556,2846,3506
2864,3563,2864,3572,2846,3572,2846,3563
2864,3587,2864,3597,2846,3597,2846,3587
2864,3600,2864,3604,2846,3604,2846,3600
2864,3608,2864,3628,2846,3628,2846,3608
2864,3633,2864,3637,2846,3637,2846,3633
2864,3642,2864,3646,2846,3646,2846,3642
2819,3349,2819,3371,2801,3371,2801,3349
2828,3447,2828,3480,2810,3480,2810,3447
2828,3485,2828,3501,2810,3501,2810,3485
2828,3506,2828,3556,2810,3556,2810,3506
2828,3563,2828,3572,2810,3572,2810,3563
2828,3587,2828,3597,2810,3597,2810,3587
2828,3600,2828,3604,2810,3604,2810,3600
2828,3608,2828,3628,2810,3628,2810,3608
2828,3633,2828,3637,2810,3637,2810,3633
2828,3644,2828,3648,2810,3648,2810,3644
2828,3654,2828,3658,2810,3658,2810,3654
2828,3656,2828,3739,2810,3739,2810,3656
2828,3745,2828,3817,2810,3817,2810,3745
2828,3823,2828,3910,2810,3910,2810,3823
2828,3912,2828,3916,2810,3916,2810,3912
2809,3449,2809,3479,2794,3479,2794,3449
2809,3488,2809,3491,2794,3491,2794,3488
2809,3496,2809,3499,2794,3499,2794,3496
2809,3502,2809,3522,2794,3522,2794,3502
2809,3535,2809,3546,2794,3546,2794,3535
2809,3555,2809,3558,2794,3558,2794,3555
2809,3559,2809,3562,2794,3562,2794,3559
2809,3565,2809,3584,2794,3584,2794,3565
2809,3597,2809,3607,2794,3607,2794,3597
2809,3615,2809,3634,2794,3634,2794,3615
2823,2290,2823,2430,2787,2430,2787,2290
2823,2453,2823,2486,2787,2486,2787,2453
2783,2293,2783,2320,2747,2320,2747,2293
2783,2324,2783,2334,2747,2334,2747,2324
2783,2338,2783,2400,2747,2400,2747,2338
2772,3447,2772,3480,2758,3480,2758,3447
2772,3486,2772,3501,2758,3501,2758,3486
2772,3509,2772,3560,2758,3560,2758,3509
2772,3565,2772,3578,2758,3578,2758,3565
2772,3588,2772,3598,2758,3598,2758,3588
2772,3602,2772,3605,2758,3605,2758,3602
2772,3609,2772,3629,2758,3629,2758,3609
2772,3636,2772,3639,2758,3639,2758,3636
2772,3645,2772,3648,2758,3648,2758,3645
2772,3654,2772,3657,2758,3657,2758,3654
2772,3661,2772,3694,2758,3694,2758,3661
2772,3696,2772,3699,2758,3699,2758,3696
2772,3707,2772,3710,2758,3710,2758,3707
2772,3720,2772,3723,2758,3723,2758,3720
2772,3725,2772,3728,2758,3728,2758,3725
2772,3732,2772,3750,2758,3750,2758,3732
2772,3758,2772,3782,2758,3782,2758,3758
2772,3787,2772,3807,2758,3807,2758,3787
2789,1983,2636,1983,2636,1962,2789,1962
2728,3450,2728,3454,2711,3454,2711,3450
2728,3461,2728,3502,2711,3502,2711,3461
2728,3507,2728,3523,2711,3523,2711,3507
2728,3530,2728,3596,2711,3596,2711,3530
2728,3610,2728,3619,2711,3619,2711,3610
2728,3623,2728,3627,2711,3627,2711,3623
2728,3629,2728,3651,2711,3651,2711,3629
2728,3657,2728,3661,2711,3661,2711,3657
2728,3666,2728,3670,2711,3670,2711,3666
2728,3675,2728,3679,2711,3679,2711,3675
2728,3680,2728,3715,2711,3715,2711,3680
2728,3716,2728,3720,2711,3720,2711,3716
2728,3727,2728,3731,2711,3731,2711,3727
2728,3741,2728,3745,2711,3745,2711,3741
2728,3747,2728,3751,2711,3751,2711,3747
2728,3751,2728,3772,2711,3772,2711,3751
2728,3787,2728,3800,2711,3800,2711,3787
2728,3807,2728,3827,2711,3827,2711,3807
2682,3348,2682,3386,2663,3386,2663,3348
2681,3446,2681,3480,2666,3480,2666,3446
2681,3487,2681,3501,2666,3501,2666,3487
2681,3507,2681,3560,2666,3560,2666,3507
2681,3565,2681,3576,2666,3576,2666,3565
2681,3586,2681,3597,2666,3597,2666,3586
2681,3602,2681,3605,2666,3605,2666,3602
2681,3608,2681,3629,2666,3629,2666,3608
2681,3635,2681,3638,2666,3638,2666,3635
2681,3645,2681,3648,2666,3648,2666,3645
2681,3656,2681,3697,2666,3697,2666,3656
2681,3702,2681,3733,2666,3733,2666,3702
2681,3741,2681,3744,2666,3744,2666,3741
2681,3755,2681,3758,2666,3758,2666,3755
2681,3760,2681,3763,2666,3763,2666,3760
2681,3765,2681,3768,2666,3768,2666,3765
2681,3775,2681,3789,2666,3789,2666,3775
2681,3800,2681,3814,2666,3814,2666,3800
2681,3819,2681,3839,2666,3839,2666,3819
2634,3447,2634,3479,2620,3479,2620,3447
2634,3484,2634,3500,2620,3500,2620,3484
2634,3506,2634,3557,2620,3557,2620,3506
2634,3560,2634,3573,2620,3573,2620,3560
2634,3586,2634,3599,2620,3599,2620,3586
2634,3600,2634,3603,2620,3603,2620,3600
2634,3607,2634,3627,2620,3627,2620,3607
2634,3633,2634,3636,2620,3636,2620,3633
2634,3644,2634,3647,2620,3647,2620,3644
2634,3655,2634,3706,2620,3706,2620,3655
2591,3446,2591,3480,2574,3480,2574,3446
2591,3486,2591,3502,2574,3502,2574,3486
2591,3508,2591,3561,2574,3561,2574,3508
2591,3563,2591,3579,2574,3579,2574,3563
2591,3586,2591,3608,2574,3608,2574,3586
2591,3614,2591,3618,2574,3618,2574,3614
2591,3624,2591,3628,2574,3628,2574,3624
2591,3633,2591,3675,2574,3675,2574,3633
2591,3681,2591,3723,2574,3723,2574,3681
2591,3730,2591,3742,2574,3742,2574,3730
2591,3750,2591,3801,2574,3801,2574,3750
2546,3446,2546,3479,2529,3479,2529,3446
2546,3486,2546,3502,2529,3502,2529,3486
2546,3508,2546,3561,2529,3561,2529,3508
2546,3564,2546,3637,2529,3637,2529,3564
2546,3642,2546,3646,2529,3646,2529,3642
2546,3648,2546,3676,2529,3676,2529,3648
2546,3681,2546,3721,2529,3721,2529,3681
2546,3727,2546,3743,2529,3743,2529,3727
2546,3747,2546,3751,2529,3751,2529,3747
2546,3755,2546,3767,2529,3767,2529,3755
2546,3772,2546,3776,2529,3776,2529,3772
2546,3776,2546,3780,2529,3780,2529,3776
2546,3783,2546,3821,2529,3821,2529,3783
2546,3826,2546,3830,2529,3830,2529,3826
2499,3447,2499,3480,2483,3480,2483,3447
2499,3487,2499,3502,2483,3502,2483,3487
2499,3508,2499,3603,2483,3603,2483,3508
2499,3611,2499,3641,2483,3641,2483,3611
2453,3445,2453,3479,2438,3479,2438,3445
2453,3489,2453,3499,2438,3499,2438,3489
2453,3510,2453,3559,2438,3559,2438,3510
2407,3448,2407,3528,2391,3528,2391,3448
2407,3537,2407,3569,2391,3569,2391,3537
2407,3574,2407,3617,2391,3617,2391,3574
2371,2507,2371,2513,2346,2511,2346,2505
2365,3448,2364,3505,2346,3505,2347,3448
2364,3514,2363,3548,2345,3548,2346,3514
2289,2232,2343,2232,2343,2253,2289,2253
2263,2203,2267,2203,2267,2220,2263,2220
2281,2203,2285,2203,2285,2220,2281,2220
2320,3447,2320,3527,2299,3527,2299,3447
2284,2041,2284,2073,2263,2073,2263,2041
2284,2098,2284,2130,2263,2130,2263,2098
2272,3444,2272,3486,2255,3486,2255,3444
2272,3495,2272,3562,2255,3562,2255,3495
2272,3569,2272,3631,2255,3631,2255,3569
2238,3328,2238,3357,2226,3357,2226,3328
2233,1377,2233,1403,2210,1403,2210,1377
2233,1430,2233,1465,2210,1465,2210,1430
2224,3445,2224,3512,2211,3512,2211,3445
2224,3517,2224,3585,2211,3585,2211,3517
2224,3587,2224,3661,2211,3661,2211,3587
2224,3663,2224,3678,2211,3678,2211,3663
2224,3685,2224,3723,2211,3723,2211,3685
2297,4073,2297,4596,2225,4596,2225,4073
2297,4652,2297,4794,2225,4794,2225,4652
2217,4046,2217,4435,2155,4435,2155,4046
2217,4474,2217,4531,2155,4531,2155,4474
2217,4585,2217,4602,2155,4602,2155,4585
2217,4644,2217,4830,2155,4830,2155,4644
2157,4209,2157,4343,2099,4343,2099,4209
2157,4380,2157,4520,2099,4520,2099,4380
2157,4572,2157,4588,2099,4588,2099,4572
2157,4613,2157,4629,2099,4629,2099,4613
2157,4649,2157,4665,2099,4665,2099,4649
2179,3444,2179,3513,2164,3513,2164,3444
2179,3519,2179,3522,2164,3522,2164,3519
2179,3531,2179,3553,2164,3553,2164,3531
2179,3561,2179,3606,2164,3606,2164,3561
2139,3316,2139,3353,2107,3353,2107,3316
2135,3448,2135,3486,2118,3486,2118,3448
2134,3490,2134,3494,2117,3494,2117,3490
2135,3496,2134,3557,2116,3557,2117,3496
2134,3564,2133,3628,2115,3628,2116,3564
2121,1556,2121,1655,2089,1655,2089,1556
2044,1952,2079,1952,2079,1973,2044,1973
2103,1952,2129,1952,2129,1973,2103,1973
2087,3449,2087,3526,2074,3526,2074,3449
2087,3532,2087,3535,2074,3535,2074,3532
2087,3537,2087,3540,2074,3540,2074,3537
2087,3542,2087,3601,2074,3601,2074,3542
2043,3448,2042,3501,2023,3501,2024,3448
2042,3503,2042,3520,2024,3520,2024,3503
2042,3527,2041,3574,2022,3574,2023,3527
2041,3585,2041,3589,2023,3589,2023,3585
1996,3447,1996,3499,1983,3499,1983,3447
1996,3504,1996,3519,1983,3519,1983,3504
1996,3525,1996,3574,1983,3574,1983,3525
1996,3583,1996,3586,1983,3586,1983,3583
1917,1383,1917,1415,1896,1415,1896,1383
1917,1438,1917,1470,1896,1470,1896,1438
2062,4007,2062,4144,2022,4144,2022,4007
2013,4003,2013,4172,1975,4172,1975,4003
2013,4203,2013,4239,1975,4239,1975,4203
1963,4003,1963,4172,1925,4172,1925,4003
1963,4201,1963,4244,1925,4244,1925,4201
1910,4004,1910,4145,1876,4145,1876,4004
1862,4007,1862,4075,1825,4075,1825,4007
1809,4003,1809,4053,1775,4053,1775,4003
1762,4008,1762,4252,1725,4252,1725,4008
1724,4008,1724,4158,1684,4158,1684,4008
1724,4192,1724,4310,1684,4310,1684,4192
1684,3997,1684,4190,1642,4190,1642,3997
2064,4709,2064,4756,2022,4756,2022,4709
2064,4762,2064,4773,2022,4773,2022,4762
2064,4770,2064,4816,2022,4816,2022,4770
2064,4830,2064,4877,2022,4877,2022,4830
2014,4730,2014,4759,1974,4759,1974,4730
2014,4759,2014,4770,1974,4770,1974,4759
2014,4779,2014,4808,1974,4808,1974,4779
2014,4834,2014,4872,1974,4872,1974,4834
1965,4724,1965,4752,1927,4752,1927,4724
1965,4761,1965,4771,1927,4771,1927,4761
1965,4766,1965,4816,1927,4816,1927,4766
1965,4836,1965,4870,1927,4870,1927,4836
1913,4742,1913,4752,1875,4753,1875,4743
1913,4762,1913,4772,1875,4773,1875,4763
1914,4770,1915,4811,1876,4812,1875,4771
1915,4832,1916,4873,1878,4874,1877,4833
1866,4740,1866,4751,1824,4751,1824,4740
1866,4761,1866,4772,1824,4772,1824,4761
1866,4775,1866,4814,1824,4814,1824,4775
1866,4829,1866,4876,1824,4876,1824,4829
1815,4747,1815,4757,1777,4757,1777,4747
1815,4763,1815,4773,1777,4773,1777,4763
1815,4776,1815,4811,1777,4811,1777,4776
1815,4833,1815,4874,1777,4874,1777,4833
1765,4738,1765,4749,1725,4749,1725,4738
1765,4762,1765,4773,1725,4773,1725,4762
1765,4776,1765,4813,1725,4813,1725,4776
1765,4834,1765,4870,1725,4870,1725,4834
1708,4709,1708,4761,1661,4761,1661,4709
1708,4757,1708,4770,1661,4770,1661,4757
1708,4774,1708,4809,1661,4809,1661,4774
1708,4838,1708,4872,1661,4872,1661,4838
1833,1528,1779,1528,1779,1507,1833,1507
1693,1280,1845,1280,1845,1301,1693,1301
1793,1996,1788,2072,1758,2070,1763,1994
1676,2211,1676,2278,1656,2278,1656,2211
1614,1311,1614,1363,1593,1363,1593,1311
1569,2394,1601,2392,1603,2427,1571,2429
1623,2391,1655,2389,1657,2424,1625,2426
1641,2516,1638,2591,1608,2590,1611,2515
1603,2519,1603,2527,1573,2526,1573,2518
1602,2534,1602,2542,1572,2541,1572,2533
1602,2548,1601,2575,1571,2574,1572,2547
1545,1957,1545,2099,1516,2099,1516,1957
1553,2770,1474,2770,1474,2733,1553,2733
1441,2412,1441,2470,1420,2470,1420,2412
1381,2386,1381,2482,1349,2482,1349,2386
1349,1559,1349,1658,1309,1658,1309,1559
1311,1557,1311,1593,1272,1593,1272,1557
1311,1595,1311,1606,1272,1606,1272,1595
1311,1610,1311,1639,1272,1639,1272,1610
1311,1659,1311,1670,1272,1670,1272,1659
1317,2240,1317,2271,1283,2271,1283,2240
1317,2296,1317,2327,1283,2327,1283,2296
888,4005,888,4125,866,4125,866,4005
829,4033,827,4068,804,4067,806,4032
793,4009,793,4017,764,4016,764,4008
792,4027,792,4035,763,4034,763,4026
792,4042,792,4050,763,4049,763,4041
790,4072,790,4080,761,4079,761,4071
790,4078,790,4086,761,4085,761,4077
790,4090,789,4111,759,4110,760,4089
828,4161,828,4244,795,4244,795,4161
828,4266,828,4353,795,4353,795,4266
796,4157,796,4278,766,4278,766,4157
796,4301,796,4329,766,4329,766,4301
796,4354,796,4415,766,4415,766,4354
761,4159,761,4259,732,4259,732,4159
761,4282,761,4314,732,4314,732,4282
727,4156,727,4313,704,4313,704,4156
701,4162,701,4318,674,4318,674,4162
701,4337,701,4401,674,4401,674,4337
666,4156,668,4312,646,4312,644,4156
669,4339,669,4344,647,4344,647,4339
641,4155,641,4261,618,4261,618,4155
641,4281,641,4388,618,4388,618,4281
614,4162,614,4168,591,4168,591,4162
614,4167,614,4217,591,4217,591,4167
614,4224,614,4230,591,4230,591,4224
701,2358,701,2498,665,2498,665,2358
701,2520,701,2560,665,2560,665,2520
665,2361,665,2388,627,2388,627,2361
665,2397,665,2407,627,2407,627,2397
665,2405,665,2441,627,2441,627,2405
665,2459,665,2469,627,2469,627,2459
822,4555,822,4696,790,4696,790,4555
822,4715,822,4745,790,4745,790,4715
822,4768,822,4871,790,4871,790,4768
783,4558,782,4622,748,4621,749,4557
781,4632,781,4641,748,4640,748,4631
781,4643,779,4756,745,4755,747,4642
738,4447,738,4623,707,4623,707,4447
738,4645,738,4694,707,4694,707,4645
738,4717,738,4828,707,4828,707,4717
707,4450,707,4458,678,4458,678,4450
707,4455,707,4505,678,4505,678,4455
707,4516,707,4524,678,4524,678,4516
707,4532,707,4625,678,4625,678,4532
707,4624,707,4632,678,4632,678,4624
679,4445,679,4479,648,4479,648,4445
679,4499,679,4569,648,4569,648,4499
679,4576,679,4584,648,4584,648,4576
679,4587,679,4660,648,4660,648,4587
651,4445,651,4485,620,4485,620,4445
651,4504,651,4571,620,4571,620,4504
651,4580,651,4588,620,4588,620,4580
651,4596,651,4720,620,4720,620,4596
621,4449,621,4457,592,4457,592,4449
621,4482,618,4690,588,4690,591,4482
579,4449,579,4488,543,4488,543,4449
579,4506,579,4620,543,4620,543,4506
579,4638,579,4671,543,4671,543,4638
579,4695,579,4797,543,4797,543,4695
430,4253,430,4269,409,4269,409,4253
430,4486,430,4507,410,4507,410,4486
259,4054,259,4139,225,4139,225,4054
259,4161,259,4180,225,4180,225,4161
259,4205,259,4258,225,4258,225,4205
259,4275,259,4300,225,4300,225,4275
259,4318,259,4327,225,4327,225,4318
246,4539,246,4648,198,4648,198,4539
246,4683,246,4864,198,4864,198,4683
219,4047,219,4082,181,4082,181,4047
219,4100,219,4110,181,4110,181,4100
219,4118,219,4166,181,4166,181,4118
219,4170,219,4180,181,4180,181,4170
219,4196,219,4289,181,4289,181,4196
156,4235,156,4318,108,4318,108,4235
156,4337,156,4350,108,4350,108,4337
156,4357,156,4409,108,4409,108,4357
156,4448,156,4524,108,4524,108,4448
151,69,151,136,122,136,122,69
151,159,151,167,122,167,122,159
151,183,151,233,122,233,122,183
151,248,151,365,122,365,122,248
151,375,151,444,122,444,122,375
151,466,151,531,122,531,122,466
151,553,151,719,122,719,122,553
151,741,151,749,122,749,122,741
151,756,151,764,122,764,122,756
151,764,151,830,122,830,122,764
151,853,151,1007,122,1007,122,853
151,1032,151,1053,122,1053,122,1032
151,1080,151,1201,122,1201,122,1080
151,1228,151,1274,122,1274,122,1228
151,1292,151,1453,122,1453,122,1292
151,1480,151,1638,122,1638,122,1480
151,1655,151,1692,122,1692,122,1655
151,1711,151,1934,122,1934,122,1711
151,1953,151,2018,122,2018,122,1953
151,2040,151,2081,122,2081,122,2040
151,2106,151,2249,122,2249,122,2106
151,2272,151,2355,122,2355,122,2272
151,2355,151,2363,122,2363,122,2355
151,2379,151,2537,122,2537,122,2379
151,2538,151,2546,122,2546,122,2538
151,2566,151,2690,122,2690,122,2566
151,2694,151,2702,122,2702,122,2694
151,2722,151,2786,122,2786,122,2722
151,2793,151,2801,122,2801,122,2793
151,2805,151,2936,122,2936,122,2805
151,2937,151,2945,122,2945,122,2937
151,2964,151,3005,122,3005,122,2964
151,3027,151,3202,122,3202,122,3027
151,3225,151,3257,122,3257,122,3225
151,3272,151,3395,122,3395,122,3272
151,3415,151,3507,122,3507,122,3415
151,3510,151,3518,122,3518,122,3510
151,3534,151,3575,122,3575,122,3534
121,70,121,205,92,205,92,70
121,232,121,396,92,396,92,232
121,415,121,484,92,484,92,415
121,506,121,522,92,522,92,506
121,543,121,649,92,649,92,543
121,670,121,702,92,702,92,670
121,721,121,742,92,742,92,721
121,763,121,868,92,868,92,763
121,890,121,960,92,960,92,890
121,977,121,1077,92,1077,92,977
121,1102,121,1110,92,1110,92,1102
121,1138,121,1207,92,1207,92,1138
121,1227,121,1341,92,1341,92,1227
121,1345,121,1353,92,1353,92,1345
121,1368,121,1422,92,1422,92,1368
121,1442,121,1578,92,1578,92,1442
121,1601,121,1671,92,1671,92,1601
121,1688,121,1905,92,1905,92,1688
121,1906,121,1914,92,1914,92,1906
121,1930,121,1980,92,1980,92,1930
121,2003,121,2194,92,2194,92,2003
121,2212,121,2244,92,2244,92,2212
121,2267,121,2337,92,2337,92,2267
121,2350,121,2404,92,2404,92,2350
121,2423,121,2547,92,2547,92,2423
121,2548,121,2556,92,2556,92,2548
121,2572,121,2604,92,2604,92,2572
121,2630,121,2784,92,2784,92,2630
121,2809,121,2817,92,2817,92,2809
121,2824,121,2832,92,2832,92,2824
121,2833,121,2883,92,2883,92,2833
121,2902,121,2952,92,2952,92,2902
121,2975,121,3178,92,3178,92,2975
121,3181,121,3189,92,3189,92,3181
121,3205,121,3255,92,3255,92,3205
121,3275,121,3302,92,3302,92,3275
121,3307,121,3432,92,3432,92,3307
121,3455,121,3523,92,3523,92,3455
121,3542,121,3660,92,3660,92,3542
121,3685,121,3693,92,3693,92,3685
93,76,93,147,62,147,62,76
93,164,93,280,62,280,62,164
93,309,93,337,62,337,62,309
93,360,93,547,62,547,62,360
93,564,93,598,62,598,62,564
93,619,93,705,62,705,62,619
93,711,93,719,62,719,62,711
