3415,3478,3415,3567,3388,3567,3388,3478
3415,3576,3415,3615,3388,3615,3388,3576
3415,3623,3415,3630,3388,3630,3388,3623
3415,3629,3415,3668,3388,3668,3388,3629
3367,3427,3367,3506,3349,3506,3349,3427
3367,3511,3367,3543,3349,3543,3349,3511
3367,3548,3367,3597,3349,3597,3349,3548
3367,3596,3367,3600,3349,3600,3349,3596
3367,3604,3367,3675,3349,3675,3349,3604
3367,3681,3367,3719,3349,3719,3349,3681
3367,3727,3367,3756,3349,3756,3349,3727
3392,4232,3392,4500,3318,4500,3318,4232
3339,4232,3339,4495,3274,4495,3274,4232
3321,3429,3321,3507,3303,3507,3303,3429
3321,3513,3321,3553,3303,3553,3303,3513
3321,3560,3321,3617,3303,3617,3303,3560
3321,3623,3321,3651,3303,3651,3303,3623
3277,3427,3276,3506,3260,3506,3261,3427
3276,3512,3276,3552,3261,3552,3261,3512
3276,3562,3276,3618,3260,3618,3260,3562
3275,3625,3275,3652,3260,3652,3260,3625
3273,387,3273,412,3246,412,3246,387
3273,442,3273,471,3246,471,3246,442
3238,581,3238,621,3215,621,3215,581
3238,622,3238,628,3215,628,3215,622
3238,627,3238,648,3215,648,3215,627
3230,3427,3230,3506,3214,3506,3214,3427
3230,3511,3230,3552,3214,3552,3214,3511
3230,3562,3230,3637,3214,3637,3214,3562
3230,3640,3230,3671,3214,3671,3214,3640
3230,3675,3230,3679,3214,3679,3214,3675
3230,3686,3230,3740,3214,3740,3214,3686
3230,3747,3230,3759,3214,3759,3214,3747
3230,3761,3230,3792,3214,3792,3214,3761
3230,3797,3230,3841,3214,3841,3214,3797
3182,3300,3182,3312,3169,3312,3169,3300
3182,3315,3182,3318,3169,3318,3169,3315
3182,3318,3182,3330,3169,3330,3169,3318
3184,3426,3184,3503,3167,3503,3167,3426
3184,3509,3184,3582,3167,3582,3167,3509
3184,3591,3184,3651,3167,3651,3167,3591
3184,3658,3184,3671,3167,3671,3167,3658
3184,3674,3184,3708,3167,3708,3167,3674
3184,3716,3184,3764,3167,3764,3167,3716
3184,3774,3184,3830,3167,3830,3167,3774
3147,3427,3147,3462,3129,3462,3129,3427
3147,3468,3147,3472,3129,3472,3129,3468
3147,3474,3147,3478,3129,3478,3129,3474
3147,3479,3147,3538,3129,3538,3129,3479
3147,3546,3147,3577,3129,3577,3129,3546
3147,3584,3147,3611,3129,3611,3129,3584
3147,3619,3147,3656,3129,3656,3129,3619
3147,3664,3147,3690,3129,3690,3129,3664
3127,3428,3127,3432,3111,3432,3111,3428
3127,3432,3127,3498,3111,3498,3111,3432
3127,3499,3127,3503,3111,3503,3111,3499
3127,3505,3127,3558,3111,3558,3111,3505
3127,3560,3127,3564,3111,3564,3111,3560
3205,4277,3205,4591,3147,4591,3147,4277
3116,4118,3116,4180,3072,4180,3072,4118
3116,4186,3116,4198,3072,4198,3072,4186
3116,4212,3116,4268,3072,4268,3072,4212
3116,4281,3116,4293,3072,4293,3072,4281
3116,4323,3116,4497,3072,4497,3072,4323
3116,4526,3116,4761,3072,4761,3072,4526
3068,4245,3068,4367,3021,4367,3021,4245
3068,4410,3068,4639,3021,4639,3021,4410
3089,3427,3089,3459,3075,3459,3075,3427
3090,3464,3090,3480,3075,3480,3075,3464
3090,3486,3091,3537,3077,3537,3076,3486
3090,3542,3090,3552,3076,3552,3076,3542
3091,3566,3091,3576,3076,3576,3076,3566
3091,3579,3091,3582,3077,3582,3077,3579
3091,3586,3091,3606,3077,3606,3077,3586
3091,3613,3091,3616,3077,3616,3077,3613
3091,3622,3091,3625,3077,3625,3077,3622
3047,3329,3047,3351,3029,3351,3029,3329
3056,3426,3056,3460,3040,3460,3040,3426
3056,3466,3056,3480,3040,3480,3040,3466
3056,3486,3056,3535,3040,3535,3040,3486
3055,3541,3055,3553,3039,3553,3039,3541
3055,3565,3055,3576,3039,3576,3039,3565
3055,3579,3055,3583,3039,3583,3039,3579
3055,3586,3055,3606,3039,3606,3039,3586
3055,3613,3055,3617,3039,3617,3039,3613
3055,3621,3055,3625,3039,3625,3039,3621
3055,3633,3055,3637,3039,3637,3039,3633
3055,3637,3055,3716,3039,3716,3039,3637
3055,3725,3055,3794,3038,3794,3038,3725
3054,3799,3054,3886,3038,3886,3038,3799
3054,3888,3054,3892,3038,3892,3038,3888
3038,3427,3038,3458,3022,3458,3022,3427
3038,3468,3038,3472,3022,3472,3022,3468
3038,3475,3038,3479,3022,3479,3022,3475
3038,3481,3038,3502,3022,3502,3022,3481
3038,3515,3038,3527,3022,3527,3022,3515
3038,3535,3038,3539,3022,3539,3022,3535
3038,3538,3038,3542,3022,3542,3022,3538
3038,3544,3038,3565,3022,3565,3022,3544
3038,3574,3038,3589,3022,3589,3022,3574
3038,3595,3038,3613,3022,3613,3022,3595
3002,3426,3002,3459,2985,3459,2985,3426
3002,3466,3002,3482,2985,3482,2985,3466
3002,3488,3002,3541,2985,3541,2985,3488
3002,3543,3002,3559,2985,3559,2985,3543
3002,3569,3002,3582,2985,3582,2985,3569
3002,3585,3002,3589,2985,3589,2985,3585
3002,3592,3002,3614,2985,3614,2985,3592
3002,3619,3002,3623,2985,3623,2985,3619
3002,3628,3002,3632,2985,3632,2985,3628
3002,3637,3002,3641,2985,3641,2985,3637
3002,3642,3002,3677,2985,3677,2985,3642
3002,3678,3002,3682,2985,3682,2985,3678
3002,3691,3002,3695,2985,3695,2985,3691
3002,3703,3002,3707,2985,3707,2985,3703
3002,3709,3002,3713,2985,3713,2985,3709
3002,3716,3002,3734,2985,3734,2985,3716
3002,3743,3002,3759,2985,3759,2985,3743
3002,3767,3002,3783,2985,3783,2985,3767
2957,3430,2957,3434,2940,3434,2940,3430
2957,3440,2957,3481,2940,3481,2940,3440
2957,3487,2957,3503,2940,3503,2940,3487
2957,3510,2957,3562,2939,3562,2939,3510
2956,3567,2956,3580,2939,3580,2939,3567
2956,3591,2956,3603,2939,3603,2939,3591
2956,3606,2956,3610,2939,3610,2939,3606
2956,3613,2956,3635,2939,3635,2939,3613
2956,3638,2956,3642,2939,3642,2939,3638
2956,3649,2956,3653,2939,3653,2939,3649
2956,3658,2956,3662,2939,3662,2939,3658
2956,3662,2956,3695,2939,3695,2939,3662
2956,3700,2956,3704,2939,3704,2939,3700
2955,3710,2955,3714,2938,3714,2938,3710
2955,3723,2955,3727,2938,3727,2938,3723
2955,3728,2955,3732,2938,3732,2938,3728
2955,3736,2955,3755,2938,3755,2938,3736
2955,3765,2955,3778,2938,3778,2938,3765
2955,3785,2955,3805,2938,3805,2938,3785
2909,3328,2909,3369,2891,3369,2891,3328
2909,3426,2909,3460,2892,3460,2892,3426
2909,3465,2909,3481,2892,3481,2892,3465
2910,3487,2910,3541,2892,3541,2892,3487
2910,3546,2910,3559,2893,3559,2893,3546
2910,3572,2910,3580,2893,3580,2893,3572
2910,3584,2910,3588,2893,3588,2893,3584
2910,3592,2910,3614,2893,3614,2893,3592
2910,3618,2910,3622,2893,3622,2893,3618
2910,3629,2910,3633,2893,3633,2893,3629
2910,3641,2910,3680,2893,3680,2893,3641
2910,3685,2910,3715,2893,3715,2893,3685
2911,3725,2911,3729,2894,3729,2894,3725
2911,3737,2911,3741,2894,3741,2894,3737
2911,3743,2911,3747,2894,3747,2894,3743
2911,3747,2911,3767,2894,3767,2894,3747
2911,3780,2911,3793,2894,3793,2894,3780
2911,3799,2911,3820,2894,3820,2894,3799
2864,3427,2864,3459,2846,3459,2846,3427
2864,3465,2864,3481,2846,3481,2846,3465
2864,3486,2864,3536,2846,3536,2846,3486
2864,3542,2864,3555,2846,3555,2846,3542
2864,3564,2864,3578,2846,3578,2846,3564
2864,3579,2864,3583,2846,3583,2846,3579
2864,3586,2864,3606,2846,3606,2846,3586
2864,3613,2864,3617,2846,3617,2846,3613
2864,3622,2864,3626,2846,3626,2846,3622
2864,3636,2864,3684,2846,3684,2846,3636
2819,3426,2819,3459,2802,3459,2802,3426
2819,3466,2819,3482,2802,3482,2802,3466
2819,3488,2819,3538,2802,3538,2802,3488
2819,3543,2819,3559,2802,3559,2802,3543
2819,3569,2819,3591,2802,3591,2802,3569
2819,3597,2819,3601,2802,3601,2802,3597
2819,3606,2819,3610,2802,3610,2802,3606
2819,3617,2819,3659,2802,3659,2802,3617
2819,3665,2819,3707,2802,3707,2802,3665
2819,3711,2819,3726,2802,3726,2802,3711
2819,3731,2819,3779,2802,3779,2802,3731
2774,3426,2774,3459,2757,3459,2757,3426
2774,3466,2774,3482,2757,3482,2757,3466
2774,3488,2774,3541,2757,3541,2757,3488
2774,3544,2774,3620,2757,3620,2757,3544
2774,3626,2774,3630,2757,3630,2757,3626
2774,3633,2774,3660,2757,3660,2757,3633
2774,3665,2774,3706,2757,3706,2757,3665
2774,3711,2774,3726,2757,3726,2757,3711
2774,3730,2774,3734,2757,3734,2757,3730
2774,3739,2774,3752,2757,3752,2757,3739
2774,3754,2774,3758,2757,3758,2757,3754
2774,3761,2774,3799,2757,3799,2757,3761
2774,3804,2774,3808,2757,3808,2757,3804
2728,3426,2728,3469,2711,3469,2711,3426
2728,3475,2728,3491,2711,3491,2711,3475
2728,3497,2728,3548,2711,3548,2711,3497
2728,3553,2728,3596,2711,3596,2711,3553
2728,3603,2728,3607,2711,3607,2711,3603
2728,3606,2728,3646,2711,3646,2711,3606
2728,3649,2728,3653,2711,3653,2711,3649
2728,3661,2728,3673,2711,3673,2711,3661
2728,3686,2728,3695,2711,3695,2711,3686
2728,3698,2728,3702,2711,3702,2711,3698
2728,3705,2728,3725,2711,3725,2711,3705
2728,3730,2728,3734,2711,3734,2711,3730
2728,3739,2728,3743,2711,3743,2711,3739
2728,3751,2728,3779,2711,3779,2711,3751
2728,3781,2728,3834,2711,3834,2711,3781
2728,3840,2728,3896,2711,3896,2711,3840
2684,3427,2684,3460,2668,3460,2668,3427
2684,3466,2684,3484,2668,3484,2668,3466
2684,3489,2684,3540,2668,3540,2668,3489
2684,3544,2684,3590,2668,3590,2668,3544
2684,3597,2684,3612,2668,3612,2668,3597
2684,3623,2684,3635,2668,3635,2668,3623
2684,3637,2684,3641,2668,3641,2668,3637
2684,3643,2684,3666,2668,3666,2668,3643
2684,3671,2684,3675,2668,3675,2668,3671
2684,3682,2684,3686,2668,3686,2668,3682
2684,3693,2684,3788,2668,3788,2668,3693
2684,3791,2684,3860,2668,3860,2668,3791
2635,3428,2635,3459,2620,3459,2620,3428
2635,3465,2635,3482,2620,3482,2620,3465
2635,3488,2635,3583,2620,3583,2620,3488
2635,3591,2635,3624,2620,3624,2620,3591
2589,3325,2595,3355,2581,3358,2575,3328
2592,3428,2592,3508,2576,3508,2576,3428
2592,3519,2592,3582,2575,3582,2575,3519
2591,3589,2591,3593,2575,3593,2575,3589
2591,3592,2591,3625,2575,3625,2575,3592
2591,3628,2591,3632,2575,3632,2575,3628
2591,3637,2591,3669,2575,3669,2575,3637
2591,3671,2591,3675,2575,3675,2575,3671
2591,3680,2591,3743,2575,3743,2575,3680
2590,3744,2590,3748,2574,3748,2574,3744
2590,3751,2590,3781,2574,3781,2574,3751
2590,3789,2590,3834,2574,3834,2574,3789
2590,3836,2590,3840,2574,3840,2574,3836
2590,3839,2590,3843,2574,3843,2574,3839
2590,3844,2590,3848,2574,3848,2574,3844
2590,3847,2590,3851,2574,3851,2574,3847
2571,418,2571,519,2537,519,2537,418
2533,419,2533,429,2497,429,2497,419
2533,437,2533,447,2497,447,2497,437
2533,455,2533,482,2497,482,2497,455
2533,504,2533,514,2497,514,2497,504
2544,3429,2544,3509,2527,3509,2527,3429
2544,3517,2544,3546,2527,3546,2527,3517
2544,3552,2544,3596,2527,3596,2527,3552
2564,4265,2564,4812,2462,4812,2462,4265
2499,3427,2499,3506,2486,3506,2486,3427
2454,3425,2454,3468,2438,3468,2438,3425
2454,3473,2454,3543,2438,3543,2438,3473
2454,3547,2454,3612,2438,3612,2438,3547
2421,3309,2422,3337,2411,3337,2410,3309
2402,3318,2401,3321,2387,3318,2387,3315
2407,3426,2407,3494,2390,3494,2390,3426
2407,3499,2407,3566,2390,3566,2390,3499
2407,3570,2407,3644,2390,3644,2390,3570
2407,3646,2407,3662,2390,3662,2390,3646
2407,3668,2407,3704,2390,3704,2390,3668
2363,3426,2363,3492,2346,3492,2346,3426
2363,3500,2363,3504,2346,3504,2346,3500
2363,3512,2363,3534,2346,3534,2346,3512
2363,3539,2363,3586,2346,3586,2346,3539
2324,3297,2324,3348,2289,3348,2289,3297
2318,3428,2318,3469,2301,3469,2301,3428
2318,3471,2318,3475,2301,3475,2301,3471
2318,3476,2318,3537,2301,3537,2301,3476
2318,3544,2318,3606,2301,3606,2301,3544
2271,3430,2270,3505,2252,3505,2253,3430
2270,3512,2270,3516,2253,3516,2253,3512
2270,3517,2270,3521,2253,3521,2253,3517
2270,3522,2269,3581,2251,3581,2252,3522
2233,2524,2239,2611,2201,2613,2195,2526
2225,3428,2225,3480,2209,3480,2209,3428
2225,3484,2225,3499,2209,3499,2209,3484
2225,3506,2225,3553,2209,3553,2209,3506
2225,3564,2225,3568,2209,3568,2209,3564
2225,1224,2218,1275,2150,1265,2157,1215
2212,1321,2195,1443,2127,1434,2144,1312
2135,1377,2220,1377,2220,1398,2135,1398
2179,3427,2179,3479,2164,3479,2164,3427
2179,3483,2179,3499,2164,3499,2164,3483
2179,3506,2179,3554,2164,3554,2164,3506
2179,3562,2179,3565,2164,3565,2164,3562
2168,762,2178,861,2148,865,2137,765
2179,1898,2177,1973,2136,1972,2138,1897
2135,3426,2135,3479,2118,3479,2118,3426
2135,3484,2135,3500,2118,3500,2118,3484
2135,3504,2135,3554,2118,3554,2118,3504
2026,818,2077,818,2077,838,2026,838
2094,1872,2094,1920,2052,1920,2052,1872
2094,1950,2094,1980,2052,1980,2052,1950
2094,1990,2094,2001,2052,2001,2052,1990
2094,2006,2094,2053,2052,2053,2052,2006
2049,1870,2049,1881,2009,1882,2009,1871
2049,1887,2049,1898,2009,1899,2009,1888
2050,1902,2053,2000,2012,2001,2009,1903
2038,352,2038,406,2016,406,2016,352
2053,2791,2053,2822,2029,2822,2029,2791
2053,2847,2053,2887,2029,2887,2029,2847
2011,2774,2011,2782,1980,2783,1980,2775
2011,2790,2011,2798,1980,2799,1980,2791
2012,2800,2013,2834,1982,2835,1981,2801
2014,2854,2014,2862,1983,2863,1983,2855
1928,2430,1928,2434,1910,2433,1910,2429
1928,2444,1928,2448,1910,2447,1910,2443
1927,2452,1925,2482,1907,2481,1909,2451
1931,2911,1856,2911,1856,2882,1931,2882
1804,1896,1859,1896,1859,1918,1804,1918
1851,2401,1851,2456,1830,2456,1830,2401
2297,4062,2297,4585,2219,4585,2219,4062
2297,4630,2297,4812,2219,4812,2219,4630
2217,4046,2217,4435,2155,4435,2155,4046
2217,4474,2217,4531,2155,4531,2155,4474
2217,4585,2217,4602,2155,4602,2155,4585
2217,4644,2217,4836,2155,4836,2155,4644
2145,4203,2145,4341,2096,4341,2096,4203
2145,4371,2145,4518,2096,4518,2096,4371
2145,4567,2145,4581,2096,4581,2096,4567
2145,4607,2145,4621,2096,4621,2096,4607
2145,4642,2145,4656,2096,4656,2096,4642
2063,3997,2063,4147,2023,4147,2023,3997
2062,4736,2062,4747,2021,4748,2021,4737
2063,4761,2063,4772,2022,4773,2022,4762
2063,4775,2064,4813,2022,4814,2021,4776
2064,4834,2065,4872,2024,4873,2023,4835
2013,4003,2013,4172,1975,4172,1975,4003
2013,4203,2013,4239,1975,4239,1975,4203
2014,4716,2014,4755,1972,4755,1972,4716
2014,4763,2014,4774,1972,4774,1972,4763
2014,4772,2014,4811,1972,4811,1972,4772
2014,4833,2014,4871,1972,4871,1972,4833
1963,4003,1963,4172,1925,4172,1925,4003
1963,4203,1963,4239,1925,4239,1925,4203
1970,4745,1970,4759,1919,4759,1919,4745
1970,4760,1970,4774,1919,4774,1919,4760
1970,4775,1970,4812,1919,4812,1919,4775
1970,4830,1970,4877,1919,4877,1919,4830
1910,4003,1910,4169,1874,4169,1874,4003
1910,4202,1910,4242,1874,4242,1874,4202
1920,4739,1920,4753,1869,4753,1869,4739
1920,4760,1920,4774,1869,4774,1869,4760
1920,4775,1920,4812,1869,4812,1869,4775
1920,4830,1920,4877,1869,4877,1869,4830
1859,4005,1859,4143,1825,4143,1825,4005
1865,4713,1865,4763,1827,4763,1827,4713
1865,4766,1865,4776,1827,4776,1827,4766
1865,4775,1865,4809,1827,4809,1827,4775
1865,4831,1865,4874,1827,4874,1827,4831
1810,4007,1810,4067,1775,4067,1775,4007
1810,4101,1810,4139,1775,4139,1775,4101
1810,4173,1810,4182,1775,4182,1775,4173
1810,4213,1810,4264,1775,4264,1775,4213
1813,4736,1813,4746,1775,4747,1775,4737
1813,4760,1813,4770,1775,4771,1775,4761
1814,4770,1815,4813,1776,4814,1775,4771
1815,4835,1816,4869,1778,4870,1777,4836
1759,4006,1759,4068,1723,4068,1723,4006
1759,4102,1759,4142,1723,4142,1723,4102
1770,4737,1770,4751,1719,4751,1719,4737
1770,4763,1770,4777,1719,4777,1719,4763
1770,4777,1770,4814,1719,4814,1719,4777
1770,4835,1770,4872,1719,4872,1719,4835
1710,4004,1710,4054,1676,4054,1676,4004
1716,4745,1716,4756,1676,4756,1676,4745
1716,4761,1716,4772,1676,4772,1676,4761
1716,4774,1716,4812,1676,4812,1676,4774
1716,4833,1716,4869,1676,4869,1676,4833
1661,4004,1661,4251,1625,4251,1625,4004
1666,4744,1666,4755,1624,4755,1624,4744
1666,4769,1666,4780,1624,4780,1624,4769
1666,4781,1666,4811,1624,4811,1624,4781
1666,4830,1666,4876,1624,4876,1624,4830
1622,4007,1622,4159,1587,4159,1587,4007
1622,4190,1622,4310,1587,4310,1587,4190
1608,4698,1608,4750,1560,4750,1560,4698
1608,4751,1608,4764,1560,4764,1560,4751
1608,4767,1608,4812,1560,4812,1560,4767
1608,4832,1608,4875,1560,4875,1560,4832
1581,3999,1581,4189,1547,4189,1547,3999
1541,4006,1541,4142,1505,4142,1505,4006
1545,4741,1545,4752,1505,4753,1505,4742
1546,4762,1546,4773,1506,4774,1506,4763
1546,4775,1547,4813,1506,4814,1505,4776
1547,4832,1548,4870,1508,4871,1507,4833
1497,4005,1495,4195,1456,4194,1458,4004
1494,4232,1494,4242,1456,4241,1456,4232
1493,4259,1493,4269,1455,4268,1455,4259
1493,4279,1493,4289,1455,4288,1455,4279
1494,4714,1494,4765,1454,4765,1454,4714
1494,4768,1494,4779,1454,4779,1454,4768
1494,4785,1494,4808,1454,4808,1454,4785
1494,4836,1494,4872,1454,4872,1454,4836
1435,4008,1435,4157,1393,4157,1393,4008
1435,4193,1435,4312,1393,4312,1393,4193
1435,4338,1435,4510,1393,4510,1393,4338
1436,4680,1436,4749,1392,4749,1392,4680
1436,4750,1436,4762,1392,4762,1392,4750
1436,4770,1436,4810,1392,4810,1392,4770
1436,4833,1436,4873,1392,4873,1392,4833
1783,1973,1783,2006,1761,2006,1761,1973
1783,2031,1783,2064,1761,2064,1761,2031
1783,2438,1783,2472,1760,2472,1760,2438
1783,2497,1783,2526,1760,2526,1760,2497
1673,2158,1673,2223,1655,2223,1655,2158
1604,1374,1633,1374,1633,1406,1604,1406
1660,1374,1689,1374,1689,1406,1660,1406
1607,2027,1616,2056,1594,2062,1585,2034
1623,2079,1625,2085,1603,2091,1601,2086
1636,2620,1602,2620,1602,2583,1636,2583
1579,2620,1545,2620,1545,2583,1579,2583
1501,2620,1491,2620,1491,2583,1501,2583
1509,1114,1509,1271,1480,1271,1480,1114
1488,1475,1488,1509,1466,1509,1466,1475
1488,1532,1488,1561,1466,1561,1466,1532
1495,2088,1494,2119,1459,2118,1460,2087
1493,2144,1492,2175,1458,2174,1459,2143
1494,2343,1494,2373,1461,2373,1461,2343
1494,2402,1494,2426,1461,2426,1461,2402
1430,2484,1497,2484,1497,2531,1430,2531
1435,2552,1382,2552,1382,2533,1435,2533
909,309,1115,309,1115,351,909,351
1022,563,1022,662,963,662,963,563
974,559,974,597,934,597,934,559
974,599,974,610,934,610,934,599
974,610,974,646,934,646,934,610
1012,1250,1012,1387,976,1387,976,1250
1012,1408,1012,1447,976,1447,976,1408
973,1252,973,1262,935,1262,935,1252
973,1267,973,1277,935,1277,935,1267
973,1282,973,1309,935,1309,935,1282
973,1333,973,1343,935,1343,935,1333
1014,1801,1014,1939,976,1939,976,1801
1014,1964,1014,2000,976,2000,976,1964
972,1807,972,1817,934,1817,934,1807
972,1823,972,1833,934,1833,934,1823
972,1832,972,1902,934,1902,934,1832
1015,2338,1015,2477,979,2477,979,2338
1015,2496,1015,2535,979,2535,979,2496
974,2340,975,2371,940,2372,939,2341
975,2373,975,2382,941,2383,941,2374
975,2385,976,2416,942,2417,941,2386
977,2436,977,2445,943,2446,943,2437
905,4006,905,4123,883,4123,883,4006
849,4034,849,4071,815,4071,815,4034
803,4007,803,4017,767,4017,767,4007
803,4025,803,4035,767,4035,767,4025
803,4044,803,4054,767,4054,767,4044
803,4073,803,4083,767,4083,767,4073
803,4081,803,4091,767,4091,767,4081
803,4087,803,4114,767,4114,767,4087
849,4163,849,4245,815,4245,815,4163
849,4268,849,4357,815,4357,815,4268
851,4551,851,4692,815,4692,815,4551
851,4712,851,4744,815,4744,815,4712
851,4768,851,4866,815,4866,815,4768
804,4157,805,4277,771,4277,770,4157
805,4301,805,4331,772,4331,772,4301
806,4357,807,4419,773,4419,772,4357
807,4551,808,4620,775,4620,774,4551
808,4630,808,4639,775,4639,775,4630
808,4641,809,4754,776,4754,775,4641
762,4161,762,4261,727,4261,727,4161
762,4283,762,4315,727,4315,727,4283
727,4156,727,4312,704,4312,704,4156
737,4433,737,4612,708,4612,708,4433
737,4635,737,4685,708,4685,708,4635
737,4704,737,4817,708,4817,708,4704
701,4158,701,4316,672,4316,672,4158
701,4339,701,4403,672,4403,672,4339
707,4437,707,4445,678,4445,678,4437
707,4446,707,4492,678,4492,678,4446
707,4506,707,4514,678,4514,678,4506
707,4518,707,4617,678,4617,678,4518
671,4161,671,4314,644,4314,644,4161
671,4340,671,4347,644,4347,644,4340
679,4433,679,4467,648,4467,648,4433
679,4487,679,4555,648,4555,648,4487
679,4564,679,4572,648,4572,648,4564
679,4575,679,4648,648,4648,648,4575
643,4156,643,4262,616,4262,616,4156
643,4282,643,4391,616,4391,616,4282
651,4432,651,4471,620,4471,620,4432
651,4494,651,4558,620,4558,620,4494
651,4570,651,4578,620,4578,620,4570
651,4581,651,4711,620,4711,620,4581
613,4162,613,4168,590,4168,590,4162
613,4171,613,4217,590,4217,590,4171
613,4226,613,4232,590,4232,590,4226
621,4437,621,4445,589,4445,589,4437
621,4471,621,4682,589,4682,589,4471
580,4440,580,4474,543,4474,543,4440
580,4495,580,4607,543,4607,543,4495
580,4626,580,4660,543,4660,543,4626
580,4680,580,4784,543,4784,543,4680
533,2217,682,2217,682,2238,533,2238
528,785,528,956,507,956,507,785
526,2403,531,2546,509,2547,504,2404
431,4022,432,4028,409,4030,408,4024
430,4131,430,4136,409,4136,409,4131
430,4144,430,4149,409,4149,409,4144
430,4153,430,4158,409,4158,409,4153
429,4252,429,4269,409,4269,409,4252
429,4483,429,4508,411,4508,411,4483
415,503,415,604,379,604,379,503
380,508,380,519,338,519,338,508
380,525,380,536,338,536,338,525
380,543,380,566,338,566,338,543
380,589,380,600,338,600,338,589
257,4057,257,4136,225,4136,225,4057
257,4159,257,4183,225,4183,225,4159
257,4206,257,4255,225,4255,225,4206
257,4275,257,4298,225,4298,225,4275
257,4315,257,4323,225,4323,225,4315
244,4539,244,4642,198,4642,198,4539
244,4680,244,4866,198,4866,198,4680
219,4044,219,4082,178,4082,178,4044
219,4097,219,4108,178,4108,178,4097
219,4116,219,4169,178,4169,178,4116
219,4169,219,4180,178,4180,178,4169
219,4192,219,4288,178,4288,178,4192
154,4236,154,4315,108,4315,108,4236
154,4333,154,4346,108,4346,108,4333
154,4357,154,4408,108,4408,108,4357
154,4450,154,4528,108,4528,108,4450
151,70,151,138,120,138,120,70
151,160,151,168,120,168,120,160
151,182,151,230,120,230,120,182
151,249,151,444,120,444,120,249
151,465,151,534,120,534,120,465
151,555,151,717,120,717,120,555
151,742,151,750,120,750,120,742
151,758,151,766,120,766,120,758
151,769,151,834,120,834,120,769
151,855,151,1005,120,1005,120,855
151,1028,151,1056,120,1056,120,1028
151,1082,151,1199,120,1199,120,1082
151,1225,151,1274,120,1274,120,1225
151,1291,151,1458,120,1458,120,1291
151,1479,151,1637,120,1637,120,1479
151,1657,151,1692,120,1692,120,1657
151,1708,151,1935,120,1935,120,1708
151,1952,151,2016,120,2016,120,1952
151,2040,151,2080,120,2080,120,2040
151,2104,151,2252,120,2252,120,2104
151,2273,151,2354,120,2354,120,2273
151,2358,151,2366,120,2366,120,2358
151,2380,151,2534,120,2534,120,2380
151,2540,151,2548,120,2548,120,2540
151,2567,151,2693,120,2693,120,2567
151,2694,151,2702,120,2702,120,2694
151,2720,151,2784,120,2784,120,2720
151,2793,151,2801,120,2801,120,2793
151,2807,151,2936,120,2936,120,2807
151,2940,151,2948,120,2948,120,2940
151,2967,151,3007,120,3007,120,2967
151,3028,151,3203,120,3203,120,3028
151,3225,151,3260,120,3260,120,3225
151,3271,151,3392,120,3392,120,3271
151,3419,151,3506,120,3506,120,3419
151,3510,151,3518,120,3518,120,3510
151,3535,151,3574,120,3574,120,3535
121,70,121,205,92,205,92,70
121,232,121,396,92,396,92,232
121,415,121,484,92,484,92,415
121,506,121,522,92,522,92,506
121,543,121,649,92,649,92,543
121,670,121,702,92,702,92,670
121,721,121,742,92,742,92,721
121,763,121,868,92,868,92,763
121,890,121,960,92,960,92,890
121,977,121,1077,92,1077,92,977
121,1099,121,1107,92,1107,92,1099
121,1138,121,1207,92,1207,92,1138
121,1227,121,1341,92,1341,92,1227
121,1345,121,1353,92,1353,92,1345
121,1368,121,1422,92,1422,92,1368
121,1442,121,1578,92,1578,92,1442
121,1601,121,1671,92,1671,92,1601
121,1688,121,1906,92,1906,92,1688
121,1906,121,1914,92,1914,92,1906
121,1926,121,1980,92,1980,92,1926
121,2003,121,2194,92,2194,92,2003
121,2212,121,2244,92,2244,92,2212
121,2267,121,2337,92,2337,92,2267
121,2354,121,2404,92,2404,92,2354
121,2423,121,2547,92,2547,92,2423
121,2548,121,2556,92,2556,92,2548
121,2572,121,2604,92,2604,92,2572
121,2626,121,2783,92,2783,92,2626
121,2809,121,2817,92,2817,92,2809
121,2824,121,2832,92,2832,92,2824
121,2833,121,2883,92,2883,92,2833
121,2902,121,2952,92,2952,92,2902
121,2975,121,3178,92,3178,92,2975
121,3181,121,3189,92,3189,92,3181
121,3205,121,3255,92,3255,92,3205
121,3280,121,3432,92,3432,92,3280
121,3455,121,3523,92,3523,92,3455
121,3542,121,3660,92,3660,92,3542
121,3685,121,3693,92,3693,92,3685
93,76,93,147,62,147,62,76
93,164,93,280,62,280,62,164
93,304,93,339,62,339,62,304
93,360,93,542,62,542,62,360
93,564,93,598,62,598,62,564
93,619,93,705,62,705,62,619
93,708,93,716,62,716,62,708
