3412,3497,3412,3585,3389,3585,3389,3497
3412,3595,3412,3635,3389,3635,3389,3595
3412,3641,3412,3647,3389,3647,3389,3641
3412,3645,3412,3688,3389,3688,3389,3645
3367,3447,3367,3526,3349,3526,3349,3447
3367,3532,3367,3572,3349,3572,3349,3532
3367,3580,3367,3636,3349,3636,3349,3580
3364,4442,3364,4656,3288,4656,3288,4442
3320,3446,3320,3525,3304,3525,3304,3446
3320,3529,3320,3574,3304,3574,3304,3529
3320,3582,3320,3636,3304,3636,3304,3582
3278,3447,3278,3527,3257,3527,3257,3447
3278,3532,3278,3571,3257,3571,3257,3532
3278,3581,3278,3638,3257,3638,3257,3581
3278,3646,3278,3651,3257,3651,3257,3646
3278,3658,3278,3699,3257,3699,3257,3658
3278,3704,3278,3760,3257,3760,3257,3704
3276,2036,3276,2132,3238,2132,3238,2036
3237,2036,3237,2045,3202,2046,3202,2037
3237,2053,3237,2062,3202,2063,3202,2054
3238,2068,3239,2094,3203,2095,3202,2069
3240,2116,3240,2125,3205,2126,3205,2117
3253,4209,3253,4325,3230,4325,3230,4209
3253,4336,3253,4392,3230,4392,3230,4336
3180,980,3211,980,3211,1014,3180,1014
3236,980,3267,980,3267,1014,3236,1014
3231,1797,3231,1877,3197,1877,3197,1797
3228,3447,3228,3495,3212,3495,3212,3447
3228,3501,3229,3558,3213,3558,3212,3501
3229,3567,3230,3642,3214,3642,3213,3567
3183,3446,3182,3467,3163,3467,3164,3446
3182,3466,3182,3470,3164,3470,3164,3466
3182,3474,3182,3484,3164,3484,3164,3474
3182,3485,3182,3489,3164,3489,3164,3485
3182,3491,3181,3521,3162,3521,3163,3491
3138,3447,3138,3465,3124,3465,3124,3447
3138,3467,3138,3470,3124,3470,3124,3467
3138,3474,3138,3484,3124,3484,3124,3474
3138,3485,3138,3488,3124,3488,3124,3485
3138,3490,3138,3524,3123,3524,3123,3490
3137,3529,3137,3539,3123,3539,3123,3529
3138,3545,3137,3623,3122,3623,3123,3545
3137,3628,3137,3664,3122,3664,3122,3628
3136,3673,3136,3728,3122,3728,3122,3673
3207,4286,3207,4589,3146,4589,3146,4286
3116,4118,3116,4180,3072,4180,3072,4118
3116,4186,3116,4198,3072,4198,3072,4186
3116,4212,3116,4268,3072,4268,3072,4212
3116,4281,3116,4293,3072,4293,3072,4281
3116,4323,3116,4497,3072,4497,3072,4323
3116,4526,3116,4761,3072,4761,3072,4526
3068,4246,3068,4367,3021,4367,3021,4246
3068,4404,3068,4641,3021,4641,3021,4404
3091,3444,3091,3490,3076,3490,3076,3444
3091,3499,3091,3513,3076,3513,3076,3499
3091,3516,3091,3519,3076,3519,3076,3516
3091,3522,3091,3533,3076,3533,3076,3522
3091,3534,3091,3537,3076,3537,3076,3534
3091,3538,3091,3569,3076,3569,3076,3538
3054,1830,3054,1866,3030,1866,3030,1830
3054,1889,3054,1920,3030,1920,3030,1889
3055,3446,3055,3481,3038,3481,3038,3446
3055,3488,3055,3492,3038,3492,3038,3488
3055,3495,3055,3499,3038,3499,3038,3495
3055,3499,3055,3557,3038,3557,3038,3499
3055,3565,3055,3595,3038,3595,3038,3565
3055,3604,3055,3633,3038,3633,3038,3604
3055,3637,3055,3676,3038,3676,3038,3637
3055,3684,3055,3709,3038,3709,3038,3684
3037,3448,3037,3452,3020,3452,3020,3448
3037,3450,3037,3520,3020,3520,3020,3450
3037,3518,3037,3522,3020,3522,3020,3518
3037,3525,3037,3577,3020,3577,3020,3525
3037,3579,3037,3583,3020,3583,3020,3579
3002,3444,3002,3502,2985,3502,2985,3444
3002,3505,3002,3552,2985,3552,2985,3505
3002,3561,3002,3609,2985,3609,2985,3561
3002,3616,3002,3636,2985,3636,2985,3616
2998,2002,2945,2002,2945,1979,2998,1979
2956,3446,2957,3505,2939,3505,2938,3446
2956,3513,2956,3563,2939,3563,2939,3513
2956,3570,2956,3609,2939,3609,2939,3570
2957,3615,2957,3625,2940,3625,2940,3615
2957,3629,2957,3674,2940,3674,2940,3629
2910,3447,2910,3506,2894,3506,2894,3447
2910,3511,2910,3566,2894,3566,2894,3511
2910,3574,2910,3625,2894,3625,2894,3574
2910,3631,2910,3692,2894,3692,2894,3631
2862,3447,2863,3478,2844,3478,2843,3447
2862,3485,2862,3499,2844,3499,2844,3485
2863,3506,2864,3556,2845,3556,2844,3506
2863,3562,2863,3572,2845,3572,2845,3562
2864,3585,2864,3595,2846,3595,2846,3585
2864,3598,2864,3602,2846,3602,2846,3598
2864,3606,2864,3626,2846,3626,2846,3606
2865,3633,2865,3637,2847,3637,2847,3633
2865,3640,2865,3644,2847,3644,2847,3640
2818,3346,2818,3371,2801,3371,2801,3346
2828,3446,2828,3478,2810,3478,2810,3446
2828,3484,2828,3500,2810,3500,2810,3484
2828,3505,2828,3557,2810,3557,2810,3505
2828,3561,2828,3574,2810,3574,2810,3561
2828,3586,2828,3596,2810,3596,2810,3586
2828,3599,2828,3603,2810,3603,2810,3599
2828,3605,2828,3628,2810,3628,2810,3605
2828,3632,2828,3636,2810,3636,2810,3632
2828,3641,2828,3645,2810,3645,2810,3641
2828,3653,2828,3657,2810,3657,2810,3653
2828,3656,2828,3738,2810,3738,2810,3656
2828,3744,2828,3815,2810,3815,2810,3744
2828,3820,2828,3907,2810,3907,2810,3820
2828,3907,2828,3911,2810,3911,2810,3907
2809,3449,2809,3478,2794,3478,2794,3449
2809,3487,2809,3490,2794,3490,2794,3487
2809,3495,2809,3498,2794,3498,2794,3495
2809,3501,2809,3522,2794,3522,2794,3501
2809,3534,2809,3545,2794,3545,2794,3534
2809,3555,2809,3558,2794,3558,2794,3555
2809,3559,2809,3562,2794,3562,2794,3559
2809,3565,2809,3585,2794,3585,2794,3565
2809,3595,2809,3609,2794,3609,2794,3595
2809,3617,2809,3633,2794,3633,2794,3617
2782,2417,2782,2501,2761,2501,2761,2417
2773,3448,2773,3479,2759,3479,2759,3448
2773,3486,2773,3501,2759,3501,2759,3486
2773,3508,2773,3560,2759,3560,2759,3508
2773,3565,2773,3578,2759,3578,2759,3565
2773,3591,2773,3601,2759,3601,2759,3591
2773,3605,2773,3608,2759,3608,2759,3605
2773,3612,2773,3633,2759,3633,2759,3612
2773,3639,2773,3642,2759,3642,2759,3639
2773,3648,2773,3651,2759,3651,2759,3648
2773,3657,2773,3660,2759,3660,2759,3657
2773,3661,2773,3697,2759,3697,2759,3661
2773,3699,2773,3702,2759,3702,2759,3699
2773,3710,2773,3713,2759,3713,2759,3710
2773,3723,2773,3726,2759,3726,2759,3723
2773,3728,2773,3731,2759,3731,2759,3728
2773,3735,2773,3753,2759,3753,2759,3735
2773,3764,2773,3777,2759,3777,2759,3764
2773,3786,2773,3804,2759,3804,2759,3786
2762,1302,2762,1440,2720,1440,2720,1302
2762,1466,2762,1496,2720,1496,2720,1466
2730,1304,2730,1318,2680,1318,2680,1304
2730,1320,2730,1334,2680,1334,2680,1320
2760,2074,2760,2181,2724,2181,2724,2074
2760,2190,2760,2200,2724,2200,2724,2190
2760,2212,2760,2310,2724,2310,2724,2212
2718,2074,2719,2099,2685,2100,2684,2075
2719,2107,2719,2116,2685,2117,2685,2108
2720,2119,2722,2186,2687,2187,2685,2120
2730,3448,2730,3453,2709,3453,2709,3448
2730,3460,2730,3503,2709,3503,2709,3460
2730,3510,2730,3525,2709,3525,2709,3510
2730,3529,2730,3582,2709,3582,2709,3529
2730,3587,2730,3602,2709,3602,2709,3587
2730,3612,2730,3623,2709,3623,2709,3612
2730,3626,2730,3631,2709,3631,2709,3626
2730,3634,2730,3654,2709,3654,2709,3634
2730,3659,2730,3664,2709,3664,2709,3659
2730,3668,2730,3673,2709,3673,2709,3668
2730,3677,2730,3682,2709,3682,2709,3677
2730,3683,2730,3716,2709,3716,2709,3683
2730,3719,2730,3724,2709,3724,2709,3719
2730,3730,2730,3735,2709,3735,2709,3730
2730,3743,2730,3748,2709,3748,2709,3743
2730,3747,2730,3752,2709,3752,2709,3747
2730,3755,2730,3775,2709,3775,2709,3755
2730,3785,2730,3800,2709,3800,2709,3785
2730,3808,2730,3825,2709,3825,2709,3808
2682,3348,2682,3386,2663,3386,2663,3348
2683,3446,2683,3480,2666,3480,2666,3446
2683,3486,2683,3501,2666,3501,2666,3486
2683,3508,2683,3558,2666,3558,2666,3508
2683,3563,2683,3579,2666,3579,2666,3563
2683,3589,2683,3601,2666,3601,2666,3589
2683,3604,2683,3608,2666,3608,2666,3604
2683,3612,2683,3634,2666,3634,2666,3612
2683,3639,2683,3643,2666,3643,2666,3639
2683,3648,2683,3652,2666,3652,2666,3648
2683,3658,2683,3700,2666,3700,2666,3658
2683,3705,2683,3735,2666,3735,2666,3705
2683,3743,2683,3747,2666,3747,2666,3743
2683,3757,2683,3761,2666,3761,2666,3757
2683,3763,2683,3767,2666,3767,2666,3763
2683,3767,2683,3788,2666,3788,2666,3767
2683,3797,2683,3813,2666,3813,2666,3797
2683,3821,2683,3837,2666,3837,2666,3821
2636,3446,2636,3478,2618,3478,2618,3446
2636,3484,2636,3500,2618,3500,2618,3484
2636,3508,2636,3557,2618,3557,2618,3508
2636,3561,2636,3574,2618,3574,2618,3561
2636,3586,2636,3596,2618,3596,2618,3586
2636,3599,2636,3603,2618,3603,2618,3599
2636,3605,2636,3628,2618,3628,2618,3605
2636,3632,2636,3636,2618,3636,2618,3632
2636,3641,2636,3645,2618,3645,2618,3641
2636,3655,2636,3703,2618,3703,2618,3655
2591,3446,2591,3480,2574,3480,2574,3446
2591,3486,2591,3502,2574,3502,2574,3486
2591,3508,2591,3558,2574,3558,2574,3508
2591,3564,2591,3576,2574,3576,2574,3564
2591,3589,2591,3610,2574,3610,2574,3589
2591,3617,2591,3621,2574,3621,2574,3617
2591,3626,2591,3630,2574,3630,2574,3626
2591,3637,2591,3677,2574,3677,2574,3637
2591,3686,2591,3724,2574,3724,2574,3686
2591,3731,2591,3746,2574,3746,2574,3731
2591,3751,2591,3799,2574,3799,2574,3751
2545,3445,2545,3478,2528,3478,2528,3445
2545,3485,2545,3501,2528,3501,2528,3485
2545,3506,2545,3560,2528,3560,2528,3506
2545,3565,2545,3639,2528,3639,2528,3565
2545,3645,2545,3649,2528,3649,2528,3645
2545,3651,2545,3679,2528,3679,2528,3651
2545,3684,2545,3725,2528,3725,2528,3684
2545,3730,2545,3745,2528,3745,2528,3730
2545,3749,2545,3753,2528,3753,2528,3749
2545,3758,2545,3771,2528,3771,2528,3758
2545,3773,2545,3777,2528,3777,2528,3773
2545,3780,2545,3818,2528,3818,2528,3780
2545,3823,2545,3827,2528,3827,2528,3823
2498,3445,2498,3479,2483,3479,2483,3445
2498,3485,2498,3502,2483,3502,2483,3485
2498,3509,2498,3603,2483,3603,2483,3509
2498,3609,2498,3642,2483,3642,2483,3609
2453,3445,2453,3477,2438,3477,2438,3445
2453,3486,2453,3500,2438,3500,2438,3486
2453,3508,2453,3559,2438,3559,2438,3508
2407,3448,2407,3528,2391,3528,2391,3448
2407,3537,2407,3566,2391,3566,2391,3537
2407,3572,2407,3617,2391,3617,2391,3572
2365,3448,2364,3505,2346,3505,2347,3448
2364,3514,2363,3546,2345,3546,2346,3514
2318,3447,2318,3526,2302,3526,2302,3447
2316,2437,2316,2447,2279,2447,2279,2437
2274,3447,2274,3487,2253,3487,2253,3447
2274,3493,2274,3562,2253,3562,2253,3493
2274,3569,2274,3635,2253,3635,2253,3569
2238,3328,2238,3355,2226,3355,2226,3328
2228,3447,2228,3513,2207,3513,2207,3447
2228,3519,2228,3586,2207,3586,2207,3519
2228,3590,2228,3662,2207,3662,2207,3590
2228,3665,2228,3681,2207,3681,2207,3665
2228,3687,2228,3724,2207,3724,2207,3687
2203,1568,2203,1597,2171,1597,2171,1568
2203,1624,2203,1653,2171,1653,2171,1624
2179,3444,2179,3513,2164,3513,2164,3444
2179,3519,2179,3522,2164,3522,2164,3519
2179,3531,2179,3553,2164,3553,2164,3531
2179,3558,2179,3604,2164,3604,2164,3558
2155,1447,2132,1446,2133,1415,2156,1416
2177,2431,2177,2535,2136,2535,2136,2431
2142,3318,2142,3349,2107,3349,2107,3318
2134,3447,2134,3487,2119,3487,2119,3447
2134,3491,2134,3494,2119,3494,2119,3491
2134,3494,2134,3558,2119,3558,2119,3494
2134,3566,2134,3625,2119,3625,2119,3566
2088,3447,2088,3525,2071,3525,2071,3447
2088,3532,2088,3536,2071,3536,2071,3532
2088,3537,2088,3541,2071,3541,2071,3537
2088,3542,2088,3602,2071,3602,2071,3542
2079,1443,2045,1441,2046,1411,2080,1413
2022,1441,1995,1440,1996,1409,2023,1410
2017,1690,2048,1689,2050,1747,2019,1748
2067,1688,2109,1686,2111,1744,2069,1746
2105,1733,2071,1733,2071,1711,2105,1711
2046,1733,2018,1733,2018,1711,2046,1711
2043,3448,2043,3499,2025,3499,2025,3448
2043,3503,2043,3520,2025,3520,2025,3503
2043,3527,2043,3574,2025,3574,2025,3527
2043,3583,2043,3587,2025,3587,2025,3583
1998,3448,1998,3500,1981,3500,1981,3448
1998,3504,1998,3520,1981,3520,1981,3504
1998,3526,1998,3574,1981,3574,1981,3526
1998,3581,1998,3585,1981,3585,1981,3581
1956,1351,2012,1351,2012,1372,1956,1372
1920,1374,1978,1374,1978,1408,1920,1408
2297,4072,2297,4591,2223,4591,2223,4072
2297,4639,2297,4813,2223,4813,2223,4639
2217,4046,2217,4435,2155,4435,2155,4046
2217,4474,2217,4531,2155,4531,2155,4474
2217,4585,2217,4602,2155,4602,2155,4585
2217,4644,2217,4830,2155,4830,2155,4644
2145,4203,2145,4341,2096,4341,2096,4203
2145,4378,2145,4518,2096,4518,2096,4378
2145,4567,2145,4581,2096,4581,2096,4567
2145,4607,2145,4621,2096,4621,2096,4607
2145,4642,2145,4656,2096,4656,2096,4642
2064,4005,2064,4142,2021,4142,2021,4005
2061,4719,2063,4762,2023,4763,2021,4720
2062,4760,2062,4771,2022,4772,2022,4761
2063,4774,2064,4810,2024,4811,2023,4775
2065,4834,2066,4872,2026,4873,2025,4835
2013,4003,2013,4172,1975,4172,1975,4003
2013,4203,2013,4239,1975,4239,1975,4203
2014,4718,2014,4755,1974,4755,1974,4718
2014,4762,2014,4773,1974,4773,1974,4762
2014,4781,2014,4810,1974,4810,1974,4781
2014,4832,2014,4870,1974,4870,1974,4832
1960,4003,1960,4067,1923,4067,1923,4003
1964,4740,1964,4751,1922,4751,1922,4740
1964,4762,1964,4773,1922,4773,1922,4762
1964,4776,1964,4815,1922,4815,1922,4776
1964,4832,1964,4871,1922,4871,1922,4832
1910,4004,1910,4252,1875,4252,1875,4004
1914,4746,1914,4757,1872,4757,1872,4746
1914,4763,1914,4774,1872,4774,1872,4763
1914,4779,1914,4810,1872,4810,1872,4779
1914,4833,1914,4872,1872,4872,1872,4833
1871,4005,1871,4157,1832,4157,1832,4005
1871,4189,1871,4309,1832,4309,1832,4189
1862,4717,1862,4771,1803,4771,1803,4717
1862,4762,1862,4779,1803,4779,1803,4762
1862,4781,1862,4814,1803,4814,1803,4781
1862,4833,1862,4876,1803,4876,1803,4833
1828,3996,1832,4188,1799,4189,1795,3997
1781,3998,1785,4131,1741,4132,1737,3999
1781,4736,1781,4748,1738,4749,1738,4737
1781,4754,1781,4766,1738,4767,1738,4755
1782,4767,1783,4814,1739,4815,1738,4768
1783,4835,1784,4874,1741,4875,1740,4836
1711,4008,1711,4159,1671,4159,1671,4008
1711,4193,1711,4311,1671,4311,1671,4193
1711,4340,1711,4505,1671,4505,1671,4340
1713,4705,1713,4753,1670,4753,1670,4705
1713,4758,1713,4770,1670,4770,1670,4758
1713,4773,1713,4812,1670,4812,1670,4773
1713,4835,1713,4874,1670,4874,1670,4835
1963,1762,1963,1814,1942,1814,1942,1762
1906,1627,1946,1818,1912,1825,1872,1634
1887,1516,1872,1602,1835,1595,1850,1509
1845,1521,1846,1531,1810,1533,1809,1523
1846,1532,1847,1542,1811,1544,1810,1534
1846,1547,1847,1557,1811,1559,1810,1549
1747,1553,1749,1612,1727,1613,1725,1554
1516,1410,1553,1408,1554,1442,1517,1444
1577,1407,1608,1406,1609,1441,1578,1442
1382,1049,1480,1045,1481,1081,1383,1085
1453,1564,1451,1602,1417,1600,1419,1562
1451,1627,1450,1652,1416,1650,1417,1625
1411,1353,1411,1405,1390,1405,1390,1353
1461,1474,1366,1489,1361,1455,1455,1439
1435,1514,1427,1515,1425,1486,1433,1485
1414,1516,1360,1520,1358,1490,1412,1486
1316,1338,1309,1370,1287,1366,1293,1333
1285,2003,1285,2102,1242,2102,1242,2003
1261,2004,1255,2054,1187,2045,1194,1995
1255,2047,1253,2066,1186,2057,1189,2039
1253,2064,1249,2095,1183,2086,1187,2056
1245,2128,1243,2147,1176,2138,1179,2120
1272,2556,1127,2556,1127,2505,1272,2505
888,4006,888,4126,865,4126,865,4006
829,4035,829,4067,804,4067,804,4035
786,4009,786,4015,763,4015,763,4009
786,4026,786,4032,763,4032,763,4026
786,4043,786,4049,763,4049,763,4043
786,4074,786,4080,763,4080,763,4074
786,4079,786,4085,763,4085,763,4079
786,4085,786,4111,763,4111,763,4085
753,1180,753,1316,717,1316,717,1180
717,1177,717,1211,679,1211,679,1177
717,1215,717,1225,679,1225,679,1215
717,1223,717,1259,679,1259,679,1223
717,1277,717,1287,679,1287,679,1277
829,4161,829,4242,795,4242,795,4161
829,4270,829,4355,795,4355,795,4270
797,4158,793,4277,763,4276,767,4157
792,4299,791,4331,761,4330,762,4298
790,4354,788,4416,758,4415,760,4353
761,4157,761,4258,732,4258,732,4157
761,4281,761,4313,732,4313,732,4281
731,4154,731,4314,702,4314,702,4154
699,4162,699,4318,672,4318,672,4162
699,4337,699,4401,672,4401,672,4337
667,4160,669,4311,646,4311,644,4160
670,4338,670,4344,647,4344,647,4338
643,4155,643,4262,614,4262,614,4155
643,4281,643,4391,614,4391,614,4281
612,4163,612,4168,591,4168,591,4163
612,4168,612,4216,591,4216,591,4168
612,4225,612,4230,591,4230,591,4225
695,1847,695,1872,673,1872,673,1847
826,4556,824,4696,788,4696,790,4556
824,4715,824,4747,788,4747,788,4715
823,4765,822,4869,787,4869,788,4765
782,4557,780,4622,751,4621,753,4556
779,4632,779,4640,750,4639,750,4631
779,4645,775,4754,745,4753,749,4644
740,4448,740,4626,702,4626,702,4448
740,4648,740,4697,702,4697,702,4648
740,4718,740,4831,702,4831,702,4718
707,4450,707,4458,678,4458,678,4450
707,4455,707,4505,678,4505,678,4455
707,4516,707,4524,678,4524,678,4516
707,4532,707,4625,678,4625,678,4532
707,4624,707,4632,678,4632,678,4624
679,4445,679,4479,648,4479,648,4445
679,4499,679,4569,648,4569,648,4499
679,4576,679,4584,648,4584,648,4576
679,4587,679,4660,648,4660,648,4587
651,4445,651,4485,620,4485,620,4445
651,4504,651,4571,620,4571,620,4504
651,4580,651,4588,620,4588,620,4580
651,4596,651,4724,620,4724,620,4596
623,4450,623,4458,591,4457,591,4449
623,4480,620,4691,587,4690,590,4479
583,4471,583,4482,543,4482,543,4471
583,4507,582,4618,541,4618,542,4507
581,4636,581,4674,540,4674,540,4636
580,4697,579,4793,539,4793,540,4697
568,1821,568,1840,547,1840,547,1821
494,1977,490,2106,455,2105,459,1976
353,1691,524,1691,524,1720,353,1720
452,1978,452,1987,418,1988,418,1979
452,1992,452,2001,418,2002,418,1993
453,2004,456,2077,421,2078,418,2005
431,4022,432,4028,409,4030,408,4024
430,4131,430,4136,409,4136,409,4131
430,4144,430,4149,409,4149,409,4144
430,4153,430,4158,409,4158,409,4153
429,4252,429,4269,409,4269,409,4252
429,4483,429,4508,411,4508,411,4483
253,4054,253,4136,230,4136,230,4054
253,4161,253,4178,230,4178,230,4161
253,4203,253,4254,230,4254,230,4203
253,4272,253,4298,230,4298,230,4272
253,4318,253,4324,230,4324,230,4318
244,4536,244,4648,200,4648,200,4536
244,4682,244,4865,200,4865,200,4682
219,3924,219,3935,177,3935,177,3924
219,3989,219,4000,177,4000,177,3989
219,4036,219,4082,177,4082,177,4036
219,4088,219,4099,177,4099,177,4088
219,4107,219,4161,177,4161,177,4107
219,4174,219,4185,177,4185,177,4174
219,4193,219,4285,177,4285,177,4193
154,4236,154,4315,108,4315,108,4236
154,4333,154,4346,108,4346,108,4333
154,4357,154,4408,108,4408,108,4357
154,4450,154,4528,108,4528,108,4450
151,70,151,138,120,138,120,70
151,160,151,168,120,168,120,160
151,182,151,230,120,230,120,182
151,249,151,444,120,444,120,249
151,465,151,534,120,534,120,465
151,555,151,717,120,717,120,555
151,742,151,750,120,750,120,742
151,758,151,766,120,766,120,758
151,769,151,834,120,834,120,769
151,855,151,1005,120,1005,120,855
151,1028,151,1056,120,1056,120,1028
151,1082,151,1199,120,1199,120,1082
151,1225,151,1274,120,1274,120,1225
151,1291,151,1458,120,1458,120,1291
151,1479,151,1637,120,1637,120,1479
151,1657,151,1692,120,1692,120,1657
151,1708,151,1935,120,1935,120,1708
151,1952,151,2016,120,2016,120,1952
151,2040,151,2080,120,2080,120,2040
151,2104,151,2252,120,2252,120,2104
151,2273,151,2354,120,2354,120,2273
151,2358,151,2366,120,2366,120,2358
151,2380,151,2534,120,2534,120,2380
151,2540,151,2548,120,2548,120,2540
151,2567,151,2693,120,2693,120,2567
151,2694,151,2702,120,2702,120,2694
151,2720,151,2784,120,2784,120,2720
151,2793,151,2801,120,2801,120,2793
151,2807,151,2936,120,2936,120,2807
151,2940,151,2948,120,2948,120,2940
151,2967,151,3007,120,3007,120,2967
151,3028,151,3203,120,3203,120,3028
151,3225,151,3260,120,3260,120,3225
151,3271,151,3392,120,3392,120,3271
151,3419,151,3506,120,3506,120,3419
151,3510,151,3518,120,3518,120,3510
151,3535,151,3574,120,3574,120,3535
121,70,121,205,92,205,92,70
121,232,121,396,92,396,92,232
121,415,121,484,92,484,92,415
121,506,121,522,92,522,92,506
121,543,121,649,92,649,92,543
121,670,121,702,92,702,92,670
121,721,121,742,92,742,92,721
121,763,121,868,92,868,92,763
121,890,121,960,92,960,92,890
121,977,121,1077,92,1077,92,977
121,1099,121,1107,92,1107,92,1099
121,1138,121,1207,92,1207,92,1138
121,1227,121,1341,92,1341,92,1227
121,1345,121,1353,92,1353,92,1345
121,1368,121,1422,92,1422,92,1368
121,1442,121,1578,92,1578,92,1442
121,1601,121,1671,92,1671,92,1601
121,1688,121,1906,92,1906,92,1688
121,1906,121,1914,92,1914,92,1906
121,1926,121,1980,92,1980,92,1926
121,2003,121,2194,92,2194,92,2003
121,2212,121,2244,92,2244,92,2212
121,2267,121,2337,92,2337,92,2267
121,2354,121,2404,92,2404,92,2354
121,2423,121,2547,92,2547,92,2423
121,2548,121,2556,92,2556,92,2548
121,2572,121,2604,92,2604,92,2572
121,2626,121,2783,92,2783,92,2626
121,2809,121,2817,92,2817,92,2809
121,2824,121,2832,92,2832,92,2824
121,2833,121,2883,92,2883,92,2833
121,2902,121,2952,92,2952,92,2902
121,2975,121,3178,92,3178,92,2975
121,3181,121,3189,92,3189,92,3181
121,3205,121,3255,92,3255,92,3205
121,3280,121,3432,92,3432,92,3280
121,3455,121,3523,92,3523,92,3455
121,3542,121,3660,92,3660,92,3542
121,3685,121,3693,92,3693,92,3685
93,76,93,147,62,147,62,76
93,164,93,280,62,280,62,164
93,304,93,339,62,339,62,304
93,360,93,542,62,542,62,360
93,564,93,598,62,598,62,564
93,619,93,705,62,705,62,619
93,708,93,716,62,716,62,708
