3412,3497,3412,3585,3389,3585,3389,3497
3412,3595,3412,3632,3389,3632,3389,3595
3412,3641,3412,3647,3389,3647,3389,3641
3412,3648,3412,3688,3389,3688,3389,3648
3370,3446,3370,3526,3345,3526,3345,3446
3370,3531,3370,3572,3345,3572,3345,3531
3370,3579,3370,3633,3345,3633,3345,3579
3330,1503,3330,1629,3292,1629,3292,1503
3330,1654,3330,1694,3292,1694,3292,1654
3283,1502,3283,1510,3251,1510,3251,1502
3283,1519,3283,1527,3251,1527,3251,1519
3283,1525,3283,1594,3251,1594,3251,1525
3320,3447,3320,3526,3305,3526,3305,3447
3320,3531,3320,3572,3305,3572,3305,3531
3320,3582,3320,3636,3305,3636,3305,3582
3364,4445,3364,4656,3288,4656,3288,4445
3177,2568,3212,2567,3213,2600,3178,2601
3234,2566,3263,2565,3264,2598,3235,2599
3309,2563,3408,2559,3409,2591,3310,2595
3275,3447,3275,3525,3258,3525,3258,3447
3275,3531,3275,3572,3258,3572,3258,3531
3275,3581,3275,3638,3258,3638,3258,3581
3275,3645,3275,3649,3258,3649,3258,3645
3275,3655,3275,3698,3258,3698,3258,3655
3275,3701,3275,3758,3258,3758,3258,3701
3247,1821,3247,1898,3215,1898,3215,1821
3253,4207,3253,4325,3231,4325,3231,4207
3253,4338,3253,4392,3231,4392,3231,4338
3228,3446,3228,3493,3215,3493,3215,3446
3228,3501,3228,3558,3215,3558,3215,3501
3228,3566,3228,3578,3215,3578,3215,3566
3228,3584,3228,3640,3215,3640,3215,3584
3183,3448,3183,3466,3165,3466,3165,3448
3182,3468,3182,3472,3165,3472,3165,3468
3182,3472,3182,3484,3165,3484,3165,3472
3182,3486,3182,3490,3165,3490,3165,3486
3182,3490,3181,3520,3163,3520,3164,3490
3139,3448,3139,3467,3122,3467,3122,3448
3139,3468,3139,3472,3122,3472,3122,3468
3139,3472,3139,3485,3122,3485,3122,3472
3139,3486,3139,3490,3122,3490,3122,3486
3139,3490,3139,3522,3121,3522,3121,3490
3138,3528,3138,3540,3121,3540,3121,3528
3138,3545,3137,3620,3120,3620,3121,3545
3138,3624,3138,3662,3120,3662,3120,3624
3137,3671,3137,3724,3120,3724,3120,3671
3206,4285,3206,4582,3150,4582,3150,4285
3118,4119,3118,4178,3067,4178,3067,4119
3118,4186,3118,4200,3067,4200,3067,4186
3118,4213,3118,4279,3067,4279,3067,4213
3118,4279,3118,4293,3067,4293,3067,4279
3118,4326,3118,4497,3067,4497,3067,4326
3118,4529,3118,4760,3067,4760,3067,4529
3070,4245,3070,4371,3022,4371,3022,4245
3070,4409,3070,4638,3022,4638,3022,4409
3091,3447,3090,3492,3071,3492,3072,3447
3090,3498,3090,3514,3072,3514,3072,3498
3090,3517,3090,3521,3072,3521,3072,3517
3090,3523,3090,3531,3072,3531,3072,3523
3090,3534,3090,3538,3072,3538,3072,3534
3089,3537,3089,3568,3071,3568,3071,3537
3063,1839,3063,1871,3042,1871,3042,1839
3063,1897,3063,1924,3042,1924,3042,1897
3055,3447,3055,3482,3037,3482,3037,3447
3055,3488,3055,3492,3037,3492,3037,3488
3055,3494,3055,3498,3037,3498,3037,3494
3055,3499,3055,3558,3037,3558,3037,3499
3055,3563,3055,3592,3037,3592,3037,3563
3055,3601,3055,3629,3037,3629,3037,3601
3055,3635,3055,3674,3037,3674,3037,3635
3055,3679,3055,3708,3037,3708,3037,3679
3037,3447,3037,3451,3020,3451,3020,3447
3037,3452,3036,3518,3018,3518,3019,3452
3036,3519,3036,3523,3019,3523,3019,3519
3036,3523,3035,3577,3017,3577,3018,3523
3035,3581,3035,3585,3018,3585,3018,3581
2998,1646,2996,1678,2977,1677,2979,1645
3002,3444,3002,3502,2985,3502,2985,3444
3002,3507,3002,3552,2985,3552,2985,3507
3002,3560,3002,3609,2985,3609,2985,3560
3002,3615,3002,3636,2985,3636,2985,3615
3009,2008,2958,2008,2958,1986,3009,1986
2957,3447,2957,3505,2939,3505,2939,3447
2957,3513,2957,3564,2939,3564,2939,3513
2957,3570,2957,3608,2939,3608,2939,3570
2957,3616,2957,3624,2939,3624,2939,3616
2957,3631,2957,3674,2939,3674,2939,3631
2910,3448,2910,3506,2894,3506,2894,3448
2910,3512,2910,3567,2894,3567,2894,3512
2910,3573,2910,3623,2894,3623,2894,3573
2910,3628,2910,3689,2894,3689,2894,3628
2864,3447,2864,3477,2846,3477,2846,3447
2864,3485,2864,3501,2846,3501,2846,3485
2864,3506,2864,3556,2846,3556,2846,3506
2864,3563,2864,3572,2846,3572,2846,3563
2864,3587,2864,3597,2846,3597,2846,3587
2864,3600,2864,3604,2846,3604,2846,3600
2864,3608,2864,3628,2846,3628,2846,3608
2864,3633,2864,3637,2846,3637,2846,3633
2864,3642,2864,3646,2846,3646,2846,3642
2819,3349,2819,3371,2801,3371,2801,3349
2828,3447,2828,3480,2810,3480,2810,3447
2828,3485,2828,3501,2810,3501,2810,3485
2828,3506,2828,3556,2810,3556,2810,3506
2828,3563,2828,3572,2810,3572,2810,3563
2828,3587,2828,3597,2810,3597,2810,3587
2828,3600,2828,3604,2810,3604,2810,3600
2828,3608,2828,3628,2810,3628,2810,3608
2828,3633,2828,3637,2810,3637,2810,3633
2828,3644,2828,3648,2810,3648,2810,3644
2828,3654,2828,3658,2810,3658,2810,3654
2828,3656,2828,3739,2810,3739,2810,3656
2828,3745,2828,3817,2810,3817,2810,3745
2828,3823,2828,3910,2810,3910,2810,3823
2828,3912,2828,3916,2810,3916,2810,3912
2809,3449,2809,3479,2794,3479,2794,3449
2809,3488,2809,3491,2794,3491,2794,3488
2809,3496,2809,3499,2794,3499,2794,3496
2809,3502,2809,3522,2794,3522,2794,3502
2809,3535,2809,3546,2794,3546,2794,3535
2809,3555,2809,3558,2794,3558,2794,3555
2809,3559,2809,3562,2794,3562,2794,3559
2809,3565,2809,3584,2794,3584,2794,3565
2809,3597,2809,3607,2794,3607,2794,3597
2809,3615,2809,3634,2794,3634,2794,3615
2800,1321,2800,1458,2760,1458,2760,1321
2800,1479,2800,1517,2760,1517,2760,1479
2794,2425,2794,2508,2772,2508,2772,2425
2800,2086,2800,2198,2763,2198,2763,2086
2800,2203,2800,2213,2763,2213,2763,2203
2800,2223,2800,2325,2763,2325,2763,2223
2760,2087,2761,2112,2726,2113,2725,2088
2761,2120,2761,2129,2727,2130,2727,2121
2762,2136,2764,2205,2729,2206,2727,2137
2772,3447,2772,3480,2758,3480,2758,3447
2772,3486,2772,3501,2758,3501,2758,3486
2772,3509,2772,3560,2758,3560,2758,3509
2772,3565,2772,3578,2758,3578,2758,3565
2772,3588,2772,3598,2758,3598,2758,3588
2772,3602,2772,3605,2758,3605,2758,3602
2772,3609,2772,3629,2758,3629,2758,3609
2772,3636,2772,3639,2758,3639,2758,3636
2772,3645,2772,3648,2758,3648,2758,3645
2772,3654,2772,3657,2758,3657,2758,3654
2772,3661,2772,3694,2758,3694,2758,3661
2772,3696,2772,3699,2758,3699,2758,3696
2772,3707,2772,3710,2758,3710,2758,3707
2772,3720,2772,3723,2758,3723,2758,3720
2772,3725,2772,3728,2758,3728,2758,3725
2772,3732,2772,3750,2758,3750,2758,3732
2772,3758,2772,3782,2758,3782,2758,3758
2772,3787,2772,3807,2758,3807,2758,3787
2728,3450,2728,3454,2711,3454,2711,3450
2728,3461,2728,3502,2711,3502,2711,3461
2728,3507,2728,3523,2711,3523,2711,3507
2728,3530,2728,3596,2711,3596,2711,3530
2728,3610,2728,3619,2711,3619,2711,3610
2728,3623,2728,3627,2711,3627,2711,3623
2728,3629,2728,3651,2711,3651,2711,3629
2728,3657,2728,3661,2711,3661,2711,3657
2728,3666,2728,3670,2711,3670,2711,3666
2728,3675,2728,3679,2711,3679,2711,3675
2728,3680,2728,3715,2711,3715,2711,3680
2728,3716,2728,3720,2711,3720,2711,3716
2728,3727,2728,3731,2711,3731,2711,3727
2728,3741,2728,3745,2711,3745,2711,3741
2728,3747,2728,3751,2711,3751,2711,3747
2728,3751,2728,3772,2711,3772,2711,3751
2728,3787,2728,3800,2711,3800,2711,3787
2728,3807,2728,3827,2711,3827,2711,3807
2682,3348,2682,3386,2663,3386,2663,3348
2681,3446,2681,3480,2666,3480,2666,3446
2681,3487,2681,3501,2666,3501,2666,3487
2681,3507,2681,3560,2666,3560,2666,3507
2681,3565,2681,3576,2666,3576,2666,3565
2681,3586,2681,3597,2666,3597,2666,3586
2681,3602,2681,3605,2666,3605,2666,3602
2681,3608,2681,3629,2666,3629,2666,3608
2681,3635,2681,3638,2666,3638,2666,3635
2681,3645,2681,3648,2666,3648,2666,3645
2681,3656,2681,3697,2666,3697,2666,3656
2681,3702,2681,3733,2666,3733,2666,3702
2681,3741,2681,3744,2666,3744,2666,3741
2681,3755,2681,3758,2666,3758,2666,3755
2681,3760,2681,3763,2666,3763,2666,3760
2681,3765,2681,3768,2666,3768,2666,3765
2681,3775,2681,3789,2666,3789,2666,3775
2681,3800,2681,3814,2666,3814,2666,3800
2681,3819,2681,3839,2666,3839,2666,3819
2634,3447,2634,3479,2620,3479,2620,3447
2634,3484,2634,3500,2620,3500,2620,3484
2634,3506,2634,3557,2620,3557,2620,3506
2634,3560,2634,3573,2620,3573,2620,3560
2634,3586,2634,3599,2620,3599,2620,3586
2634,3600,2634,3603,2620,3603,2620,3600
2634,3607,2634,3627,2620,3627,2620,3607
2634,3633,2634,3636,2620,3636,2620,3633
2634,3644,2634,3647,2620,3647,2620,3644
2634,3655,2634,3706,2620,3706,2620,3655
2591,3446,2591,3480,2574,3480,2574,3446
2591,3486,2591,3502,2574,3502,2574,3486
2591,3508,2591,3561,2574,3561,2574,3508
2591,3563,2591,3579,2574,3579,2574,3563
2591,3586,2591,3608,2574,3608,2574,3586
2591,3614,2591,3618,2574,3618,2574,3614
2591,3624,2591,3628,2574,3628,2574,3624
2591,3633,2591,3675,2574,3675,2574,3633
2591,3681,2591,3723,2574,3723,2574,3681
2591,3730,2591,3742,2574,3742,2574,3730
2591,3750,2591,3801,2574,3801,2574,3750
2546,3446,2546,3479,2529,3479,2529,3446
2546,3486,2546,3502,2529,3502,2529,3486
2546,3508,2546,3561,2529,3561,2529,3508
2546,3564,2546,3637,2529,3637,2529,3564
2546,3642,2546,3646,2529,3646,2529,3642
2546,3648,2546,3676,2529,3676,2529,3648
2546,3681,2546,3721,2529,3721,2529,3681
2546,3727,2546,3743,2529,3743,2529,3727
2546,3747,2546,3751,2529,3751,2529,3747
2546,3755,2546,3767,2529,3767,2529,3755
2546,3772,2546,3776,2529,3776,2529,3772
2546,3776,2546,3780,2529,3780,2529,3776
2546,3783,2546,3821,2529,3821,2529,3783
2546,3826,2546,3830,2529,3830,2529,3826
2499,3447,2499,3480,2483,3480,2483,3447
2499,3487,2499,3502,2483,3502,2483,3487
2499,3508,2499,3603,2483,3603,2483,3508
2499,3611,2499,3641,2483,3641,2483,3611
2453,3445,2453,3479,2438,3479,2438,3445
2453,3489,2453,3499,2438,3499,2438,3489
2453,3510,2453,3559,2438,3559,2438,3510
2407,3448,2407,3528,2391,3528,2391,3448
2407,3537,2407,3569,2391,3569,2391,3537
2407,3574,2407,3617,2391,3617,2391,3574
2365,3448,2364,3505,2346,3505,2347,3448
2364,3514,2363,3548,2345,3548,2346,3514
2320,3447,2320,3527,2299,3527,2299,3447
2272,3444,2272,3486,2255,3486,2255,3444
2272,3495,2272,3562,2255,3562,2255,3495
2272,3569,2272,3631,2255,3631,2255,3569
2238,3328,2238,3357,2226,3357,2226,3328
2224,3445,2224,3512,2211,3512,2211,3445
2224,3517,2224,3585,2211,3585,2211,3517
2224,3587,2224,3661,2211,3661,2211,3587
2224,3663,2224,3678,2211,3678,2211,3663
2224,3685,2224,3723,2211,3723,2211,3685
2297,4073,2297,4596,2225,4596,2225,4073
2297,4652,2297,4804,2225,4804,2225,4652
2217,4046,2217,4435,2155,4435,2155,4046
2217,4474,2217,4531,2155,4531,2155,4474
2217,4585,2217,4602,2155,4602,2155,4585
2217,4644,2217,4830,2155,4830,2155,4644
2157,4213,2157,4345,2099,4345,2099,4213
2157,4403,2157,4419,2099,4419,2099,4403
2157,4461,2157,4525,2099,4525,2099,4461
2157,4574,2157,4590,2099,4590,2099,4574
2157,4616,2157,4632,2099,4632,2099,4616
2157,4645,2157,4661,2099,4661,2099,4645
2186,1576,2186,1602,2150,1602,2150,1576
2186,1630,2186,1662,2150,1662,2150,1630
2186,1706,2186,1716,2150,1716,2150,1706
2179,3444,2179,3513,2164,3513,2164,3444
2179,3519,2179,3522,2164,3522,2164,3519
2179,3531,2179,3553,2164,3553,2164,3531
2179,3561,2179,3606,2164,3606,2164,3561
2162,1362,2162,1417,2141,1417,2141,1362
2139,3316,2139,3353,2107,3353,2107,3316
2135,3448,2135,3486,2118,3486,2118,3448
2134,3490,2134,3494,2117,3494,2117,3490
2135,3496,2134,3557,2116,3557,2117,3496
2134,3564,2133,3628,2115,3628,2116,3564
2087,3449,2087,3526,2074,3526,2074,3449
2087,3532,2087,3535,2074,3535,2074,3532
2087,3537,2087,3540,2074,3540,2074,3537
2087,3542,2087,3601,2074,3601,2074,3542
2079,1331,2084,1377,2047,1381,2042,1335
2089,1427,2090,1440,2055,1444,2053,1431
2094,1746,2061,1747,2060,1710,2093,1709
2038,1748,2006,1749,2005,1712,2037,1711
2043,3448,2042,3501,2023,3501,2024,3448
2042,3503,2042,3520,2024,3520,2024,3503
2042,3527,2041,3574,2022,3574,2023,3527
2041,3585,2041,3589,2023,3589,2023,3585
2039,1338,2039,1349,1999,1350,1999,1339
2039,1351,2039,1362,1999,1363,1999,1352
2040,1366,2042,1429,2002,1430,2000,1367
1996,3447,1996,3499,1983,3499,1983,3447
1996,3504,1996,3519,1983,3519,1983,3504
1996,3525,1996,3574,1983,3574,1983,3525
1996,3583,1996,3586,1983,3586,1983,3583
1904,1558,1904,1616,1873,1616,1873,1558
1893,1770,1893,1824,1870,1824,1870,1770
2063,4006,2063,4155,2023,4155,2023,4006
2063,4192,2063,4203,2023,4203,2023,4192
2063,4233,2063,4375,2023,4375,2023,4233
2013,4003,2013,4172,1975,4172,1975,4003
2013,4203,2013,4239,1975,4239,1975,4203
1963,4003,1963,4172,1925,4172,1925,4003
1963,4201,1963,4244,1925,4244,1925,4201
1920,4010,1920,4044,1873,4044,1873,4010
1920,4062,1920,4140,1873,4140,1873,4062
1862,4007,1862,4075,1825,4075,1825,4007
1810,4003,1810,4054,1775,4054,1775,4003
1762,4008,1762,4252,1725,4252,1725,4008
1724,4006,1724,4159,1686,4159,1686,4006
1724,4190,1724,4311,1686,4311,1686,4190
1681,3999,1681,4189,1645,4189,1645,3999
1642,4010,1642,4194,1605,4194,1605,4010
1642,4225,1642,4266,1605,4266,1605,4225
1596,4010,1596,4193,1549,4193,1549,4010
1596,4230,1596,4265,1549,4265,1549,4230
1537,4009,1537,4157,1492,4157,1492,4009
1537,4193,1537,4308,1492,4308,1492,4193
1537,4338,1537,4506,1492,4506,1492,4338
2063,4723,2064,4753,2024,4754,2023,4724
2063,4761,2063,4772,2023,4773,2023,4762
2064,4776,2065,4812,2024,4813,2023,4777
2065,4831,2066,4876,2026,4877,2025,4832
2014,4720,2014,4751,1972,4751,1972,4720
2014,4761,2014,4772,1972,4772,1972,4761
2014,4774,2014,4813,1972,4813,1972,4774
2014,4835,2014,4873,1972,4873,1972,4835
1965,4744,1965,4755,1925,4755,1925,4744
1965,4760,1965,4771,1925,4771,1925,4760
1965,4780,1965,4809,1925,4809,1925,4780
1965,4830,1965,4875,1925,4875,1925,4830
1920,4721,1920,4768,1869,4768,1869,4721
1920,4766,1920,4780,1869,4780,1869,4766
1920,4782,1920,4810,1869,4810,1869,4782
1920,4830,1920,4877,1869,4877,1869,4830
1867,4740,1867,4751,1827,4751,1827,4740
1867,4760,1867,4771,1827,4771,1827,4760
1867,4779,1867,4809,1827,4809,1827,4779
1867,4830,1867,4873,1827,4873,1827,4830
1815,4745,1815,4755,1777,4755,1777,4745
1815,4761,1815,4771,1777,4771,1777,4761
1815,4778,1815,4813,1777,4813,1777,4778
1815,4831,1815,4872,1777,4872,1777,4831
1765,4744,1765,4755,1725,4755,1725,4744
1765,4760,1765,4771,1725,4771,1725,4760
1765,4774,1765,4811,1725,4811,1725,4774
1765,4830,1765,4875,1725,4875,1725,4830
1705,4700,1705,4755,1662,4755,1662,4700
1705,4758,1705,4770,1662,4770,1662,4758
1705,4775,1705,4807,1662,4807,1662,4775
1705,4835,1705,4874,1662,4874,1662,4835
1647,4741,1647,4751,1609,4751,1609,4741
1647,4761,1647,4771,1609,4771,1609,4761
1647,4777,1647,4813,1609,4813,1609,4777
1647,4831,1647,4872,1609,4872,1609,4831
1600,4742,1600,4755,1553,4755,1553,4742
1600,4761,1600,4774,1553,4774,1553,4761
1600,4772,1600,4815,1553,4815,1553,4772
1600,4837,1600,4871,1553,4871,1553,4837
1536,4699,1536,4749,1491,4749,1491,4699
1536,4750,1536,4762,1491,4762,1491,4750
1536,4764,1536,4813,1491,4813,1491,4764
1536,4837,1536,4870,1491,4870,1491,4837
1716,1558,1716,1621,1698,1621,1698,1558
1621,1447,1587,1447,1587,1411,1621,1411
1560,1447,1481,1447,1481,1411,1560,1411
1539,1071,1539,1084,1516,1084,1516,1071
1539,1110,1539,1163,1516,1163,1516,1110
1502,1038,1502,1088,1467,1088,1467,1038
1502,1116,1502,1125,1467,1125,1467,1116
1502,1130,1502,1139,1467,1139,1467,1130
1502,1142,1502,1174,1467,1174,1467,1142
1502,1194,1502,1203,1467,1203,1467,1194
1464,1572,1463,1607,1431,1606,1432,1571
1462,1631,1461,1659,1429,1658,1430,1630
1447,1362,1445,1415,1398,1413,1400,1360
1443,1445,1438,1554,1391,1552,1396,1443
1422,1360,1422,1411,1400,1411,1400,1360
1427,1497,1427,1551,1405,1551,1405,1497
1294,2130,1294,2227,1259,2227,1259,2130
1257,2133,1257,2175,1219,2175,1219,2133
1257,2169,1257,2179,1219,2179,1219,2169
1257,2178,1257,2227,1219,2227,1219,2178
1257,2231,1257,2241,1219,2241,1219,2231
1089,2516,1229,2516,1229,2559,1089,2559
888,4005,888,4125,866,4125,866,4005
829,4033,827,4068,804,4067,806,4032
793,4009,793,4017,764,4016,764,4008
792,4027,792,4035,763,4034,763,4026
792,4042,792,4050,763,4049,763,4041
790,4072,790,4080,761,4079,761,4071
790,4078,790,4086,761,4085,761,4077
790,4090,789,4111,759,4110,760,4089
828,4161,828,4244,795,4244,795,4161
828,4266,828,4353,795,4353,795,4266
792,4158,792,4275,770,4275,770,4158
792,4300,792,4328,770,4328,770,4300
792,4353,792,4416,770,4416,770,4353
761,4159,761,4259,732,4259,732,4159
761,4282,761,4314,732,4314,732,4282
727,4156,727,4313,704,4313,704,4156
701,4162,701,4318,674,4318,674,4162
701,4337,701,4401,674,4401,674,4337
666,4156,668,4312,646,4312,644,4156
669,4339,669,4344,647,4344,647,4339
641,4155,641,4261,618,4261,618,4155
641,4281,641,4388,618,4388,618,4281
614,4162,614,4168,591,4168,591,4162
614,4167,614,4217,591,4217,591,4167
614,4224,614,4230,591,4230,591,4224
822,4555,822,4696,790,4696,790,4555
822,4715,822,4745,790,4745,790,4715
822,4768,822,4871,790,4871,790,4768
783,4558,782,4622,748,4621,749,4557
781,4632,781,4641,748,4640,748,4631
781,4643,779,4756,745,4755,747,4642
738,4447,738,4623,707,4623,707,4447
738,4645,738,4694,707,4694,707,4645
738,4717,738,4828,707,4828,707,4717
707,4450,707,4458,678,4458,678,4450
707,4455,707,4505,678,4505,678,4455
707,4516,707,4524,678,4524,678,4516
707,4532,707,4625,678,4625,678,4532
707,4624,707,4632,678,4632,678,4624
679,4445,679,4479,648,4479,648,4445
679,4499,679,4569,648,4569,648,4499
679,4576,679,4584,648,4584,648,4576
679,4587,679,4660,648,4660,648,4587
651,4445,651,4485,620,4485,620,4445
651,4504,651,4571,620,4571,620,4504
651,4580,651,4588,620,4588,620,4580
651,4596,651,4720,620,4720,620,4596
621,4449,621,4457,592,4457,592,4449
621,4482,618,4690,588,4690,591,4482
579,4449,579,4488,543,4488,543,4449
579,4506,579,4620,543,4620,543,4506
579,4638,579,4671,543,4671,543,4638
579,4695,579,4797,543,4797,543,4695
648,1321,648,1460,610,1460,610,1321
648,1474,648,1517,610,1517,610,1474
606,1320,607,1351,572,1352,571,1321
607,1355,607,1364,573,1365,573,1356
608,1369,610,1436,575,1437,573,1370
571,1813,571,1847,555,1847,555,1813
387,1698,533,1698,533,1721,387,1721
473,2097,476,2227,437,2228,434,2098
476,2248,477,2282,439,2283,438,2249
433,2097,433,2107,395,2109,395,2099
433,2113,433,2123,395,2125,395,2115
434,2128,435,2155,397,2157,396,2130
430,4253,430,4269,409,4269,409,4253
430,4486,430,4507,410,4507,410,4486
253,4054,253,4138,230,4138,230,4054
253,4162,253,4179,230,4179,230,4162
253,4203,253,4254,230,4254,230,4203
253,4273,253,4298,230,4298,230,4273
253,4319,253,4325,230,4325,230,4319
219,3924,219,3935,178,3935,178,3924
246,4539,246,4648,198,4648,198,4539
246,4683,246,4864,198,4864,198,4683
219,3991,219,4002,178,4002,178,3991
219,4037,219,4082,178,4082,178,4037
219,4087,219,4098,178,4098,178,4087
219,4111,219,4163,178,4163,178,4111
219,4171,219,4182,178,4182,178,4171
219,4197,219,4284,178,4284,178,4197
156,4235,156,4318,108,4318,108,4235
156,4337,156,4350,108,4350,108,4337
156,4357,156,4409,108,4409,108,4357
156,4448,156,4524,108,4524,108,4448
151,69,151,136,122,136,122,69
151,159,151,167,122,167,122,159
151,183,151,233,122,233,122,183
151,248,151,365,122,365,122,248
151,375,151,444,122,444,122,375
151,466,151,531,122,531,122,466
151,553,151,719,122,719,122,553
151,741,151,749,122,749,122,741
151,756,151,764,122,764,122,756
151,764,151,830,122,830,122,764
151,853,151,1007,122,1007,122,853
151,1032,151,1053,122,1053,122,1032
151,1080,151,1201,122,1201,122,1080
151,1228,151,1274,122,1274,122,1228
151,1292,151,1453,122,1453,122,1292
151,1480,151,1638,122,1638,122,1480
151,1655,151,1692,122,1692,122,1655
151,1711,151,1934,122,1934,122,1711
151,1953,151,2018,122,2018,122,1953
151,2040,151,2081,122,2081,122,2040
151,2106,151,2249,122,2249,122,2106
151,2272,151,2355,122,2355,122,2272
151,2355,151,2363,122,2363,122,2355
151,2379,151,2537,122,2537,122,2379
151,2538,151,2546,122,2546,122,2538
151,2566,151,2690,122,2690,122,2566
151,2694,151,2702,122,2702,122,2694
151,2722,151,2786,122,2786,122,2722
151,2793,151,2801,122,2801,122,2793
151,2805,151,2936,122,2936,122,2805
151,2937,151,2945,122,2945,122,2937
151,2964,151,3005,122,3005,122,2964
151,3027,151,3202,122,3202,122,3027
151,3225,151,3257,122,3257,122,3225
151,3272,151,3395,122,3395,122,3272
151,3415,151,3507,122,3507,122,3415
151,3510,151,3518,122,3518,122,3510
151,3534,151,3575,122,3575,122,3534
121,70,121,205,92,205,92,70
121,232,121,396,92,396,92,232
121,415,121,484,92,484,92,415
121,506,121,522,92,522,92,506
121,543,121,649,92,649,92,543
121,670,121,702,92,702,92,670
121,721,121,742,92,742,92,721
121,763,121,868,92,868,92,763
121,890,121,960,92,960,92,890
121,977,121,1077,92,1077,92,977
121,1102,121,1110,92,1110,92,1102
121,1138,121,1207,92,1207,92,1138
121,1227,121,1341,92,1341,92,1227
121,1345,121,1353,92,1353,92,1345
121,1368,121,1422,92,1422,92,1368
121,1442,121,1578,92,1578,92,1442
121,1601,121,1671,92,1671,92,1601
121,1688,121,1905,92,1905,92,1688
121,1906,121,1914,92,1914,92,1906
121,1930,121,1980,92,1980,92,1930
121,2003,121,2194,92,2194,92,2003
121,2212,121,2244,92,2244,92,2212
121,2267,121,2337,92,2337,92,2267
121,2350,121,2404,92,2404,92,2350
121,2423,121,2547,92,2547,92,2423
121,2548,121,2556,92,2556,92,2548
121,2572,121,2604,92,2604,92,2572
121,2630,121,2784,92,2784,92,2630
121,2809,121,2817,92,2817,92,2809
121,2824,121,2832,92,2832,92,2824
121,2833,121,2883,92,2883,92,2833
121,2902,121,2952,92,2952,92,2902
121,2975,121,3178,92,3178,92,2975
121,3181,121,3189,92,3189,92,3181
121,3205,121,3255,92,3255,92,3205
121,3275,121,3302,92,3302,92,3275
121,3307,121,3432,92,3432,92,3307
121,3455,121,3523,92,3523,92,3455
121,3542,121,3660,92,3660,92,3542
121,3685,121,3693,92,3693,92,3685
93,76,93,147,62,147,62,76
93,164,93,280,62,280,62,164
93,309,93,337,62,337,62,309
93,360,93,547,62,547,62,360
93,564,93,598,62,598,62,564
93,619,93,705,62,705,62,619
93,711,93,719,62,719,62,711
