3412,3497,3412,3585,3389,3585,3389,3497
3412,3595,3412,3635,3389,3635,3389,3595
3412,3641,3412,3647,3389,3647,3389,3641
3412,3645,3412,3688,3389,3688,3389,3645
3367,3447,3367,3526,3349,3526,3349,3447
3367,3532,3367,3572,3349,3572,3349,3532
3367,3580,3367,3636,3349,3636,3349,3580
3364,4442,3364,4656,3288,4656,3288,4442
3320,3446,3320,3525,3304,3525,3304,3446
3320,3529,3320,3574,3304,3574,3304,3529
3320,3582,3320,3636,3304,3636,3304,3582
3278,3447,3278,3527,3257,3527,3257,3447
3278,3532,3278,3571,3257,3571,3257,3532
3278,3581,3278,3638,3257,3638,3257,3581
3278,3646,3278,3651,3257,3651,3257,3646
3278,3658,3278,3699,3257,3699,3257,3658
3278,3704,3278,3760,3257,3760,3257,3704
3253,4209,3253,4325,3230,4325,3230,4209
3253,4336,3253,4392,3230,4392,3230,4336
3228,3447,3228,3495,3212,3495,3212,3447
3228,3501,3229,3558,3213,3558,3212,3501
3229,3567,3230,3642,3214,3642,3213,3567
3183,3446,3182,3467,3163,3467,3164,3446
3182,3466,3182,3470,3164,3470,3164,3466
3182,3474,3182,3484,3164,3484,3164,3474
3182,3485,3182,3489,3164,3489,3164,3485
3182,3491,3181,3521,3162,3521,3163,3491
3138,3447,3138,3465,3124,3465,3124,3447
3138,3467,3138,3470,3124,3470,3124,3467
3138,3474,3138,3484,3124,3484,3124,3474
3138,3485,3138,3488,3124,3488,3124,3485
3138,3490,3138,3524,3123,3524,3123,3490
3137,3529,3137,3539,3123,3539,3123,3529
3138,3545,3137,3623,3122,3623,3123,3545
3137,3628,3137,3664,3122,3664,3122,3628
3136,3673,3136,3728,3122,3728,3122,3673
3207,4286,3207,4589,3146,4589,3146,4286
3116,4118,3116,4180,3072,4180,3072,4118
3116,4186,3116,4198,3072,4198,3072,4186
3116,4212,3116,4268,3072,4268,3072,4212
3116,4281,3116,4293,3072,4293,3072,4281
3116,4323,3116,4497,3072,4497,3072,4323
3116,4526,3116,4761,3072,4761,3072,4526
3068,4246,3068,4367,3021,4367,3021,4246
3068,4404,3068,4641,3021,4641,3021,4404
3091,3444,3091,3490,3076,3490,3076,3444
3091,3499,3091,3513,3076,3513,3076,3499
3091,3516,3091,3519,3076,3519,3076,3516
3091,3522,3091,3533,3076,3533,3076,3522
3091,3534,3091,3537,3076,3537,3076,3534
3091,3538,3091,3569,3076,3569,3076,3538
3055,3446,3055,3481,3038,3481,3038,3446
3055,3488,3055,3492,3038,3492,3038,3488
3055,3495,3055,3499,3038,3499,3038,3495
3055,3499,3055,3557,3038,3557,3038,3499
3055,3565,3055,3595,3038,3595,3038,3565
3055,3604,3055,3633,3038,3633,3038,3604
3055,3637,3055,3676,3038,3676,3038,3637
3055,3684,3055,3709,3038,3709,3038,3684
3037,3448,3037,3452,3020,3452,3020,3448
3037,3450,3037,3520,3020,3520,3020,3450
3037,3518,3037,3522,3020,3522,3020,3518
3037,3525,3037,3577,3020,3577,3020,3525
3037,3579,3037,3583,3020,3583,3020,3579
3002,3444,3002,3502,2985,3502,2985,3444
3002,3505,3002,3552,2985,3552,2985,3505
3002,3561,3002,3609,2985,3609,2985,3561
3002,3616,3002,3636,2985,3636,2985,3616
2956,3446,2957,3505,2939,3505,2938,3446
2956,3512,2956,3563,2939,3563,2939,3512
2956,3570,2956,3609,2939,3609,2939,3570
2957,3615,2957,3625,2940,3625,2940,3615
2957,3629,2957,3674,2940,3674,2940,3629
2910,3447,2910,3506,2894,3506,2894,3447
2910,3511,2910,3566,2894,3566,2894,3511
2910,3574,2910,3625,2894,3625,2894,3574
2910,3631,2910,3692,2894,3692,2894,3631
2912,1647,2912,1782,2879,1782,2879,1647
2912,1805,2912,1842,2879,1842,2879,1805
2870,1647,2870,1675,2839,1675,2839,1647
2870,1678,2870,1686,2839,1686,2839,1678
2870,1688,2870,1722,2839,1722,2839,1688
2870,1739,2870,1747,2839,1747,2839,1739
2862,3447,2863,3478,2844,3478,2843,3447
2862,3485,2862,3499,2844,3499,2844,3485
2863,3506,2864,3556,2845,3556,2844,3506
2863,3562,2863,3572,2845,3572,2845,3562
2864,3585,2864,3595,2846,3595,2846,3585
2864,3598,2864,3602,2846,3602,2846,3598
2864,3606,2864,3626,2846,3626,2846,3606
2865,3633,2865,3637,2847,3637,2847,3633
2865,3640,2865,3644,2847,3644,2847,3640
2818,3346,2818,3371,2801,3371,2801,3346
2828,3446,2828,3478,2810,3478,2810,3446
2828,3484,2828,3500,2810,3500,2810,3484
2828,3505,2828,3557,2810,3557,2810,3505
2828,3561,2828,3574,2810,3574,2810,3561
2828,3586,2828,3596,2810,3596,2810,3586
2828,3599,2828,3603,2810,3603,2810,3599
2828,3605,2828,3628,2810,3628,2810,3605
2828,3632,2828,3636,2810,3636,2810,3632
2828,3641,2828,3645,2810,3645,2810,3641
2828,3653,2828,3657,2810,3657,2810,3653
2828,3656,2828,3738,2810,3738,2810,3656
2828,3744,2828,3815,2810,3815,2810,3744
2828,3820,2828,3907,2810,3907,2810,3820
2828,3907,2828,3911,2810,3911,2810,3907
2809,3449,2809,3478,2794,3478,2794,3449
2809,3487,2809,3490,2794,3490,2794,3487
2809,3495,2809,3498,2794,3498,2794,3495
2809,3501,2809,3522,2794,3522,2794,3501
2809,3534,2809,3545,2794,3545,2794,3534
2809,3555,2809,3558,2794,3558,2794,3555
2809,3559,2809,3562,2794,3562,2794,3559
2809,3565,2809,3585,2794,3585,2794,3565
2809,3595,2809,3609,2794,3609,2794,3595
2809,3617,2809,3633,2794,3633,2794,3617
2773,3448,2773,3479,2759,3479,2759,3448
2773,3486,2773,3501,2759,3501,2759,3486
2773,3508,2773,3560,2759,3560,2759,3508
2773,3565,2773,3578,2759,3578,2759,3565
2773,3591,2773,3601,2759,3601,2759,3591
2773,3605,2773,3608,2759,3608,2759,3605
2773,3612,2773,3633,2759,3633,2759,3612
2773,3639,2773,3642,2759,3642,2759,3639
2773,3648,2773,3651,2759,3651,2759,3648
2773,3657,2773,3660,2759,3660,2759,3657
2773,3661,2773,3697,2759,3697,2759,3661
2773,3699,2773,3702,2759,3702,2759,3699
2773,3710,2773,3713,2759,3713,2759,3710
2773,3723,2773,3726,2759,3726,2759,3723
2773,3728,2773,3731,2759,3731,2759,3728
2773,3735,2773,3753,2759,3753,2759,3735
2773,3764,2773,3777,2759,3777,2759,3764
2773,3786,2773,3804,2759,3804,2759,3786
2730,3448,2730,3453,2709,3453,2709,3448
2730,3460,2730,3503,2709,3503,2709,3460
2730,3510,2730,3525,2709,3525,2709,3510
2730,3529,2730,3582,2709,3582,2709,3529
2730,3587,2730,3602,2709,3602,2709,3587
2730,3612,2730,3623,2709,3623,2709,3612
2730,3626,2730,3631,2709,3631,2709,3626
2730,3634,2730,3654,2709,3654,2709,3634
2730,3659,2730,3664,2709,3664,2709,3659
2730,3668,2730,3673,2709,3673,2709,3668
2730,3677,2730,3682,2709,3682,2709,3677
2730,3683,2730,3716,2709,3716,2709,3683
2730,3719,2730,3724,2709,3724,2709,3719
2730,3730,2730,3735,2709,3735,2709,3730
2730,3743,2730,3748,2709,3748,2709,3743
2730,3747,2730,3752,2709,3752,2709,3747
2730,3755,2730,3775,2709,3775,2709,3755
2730,3785,2730,3800,2709,3800,2709,3785
2730,3808,2730,3825,2709,3825,2709,3808
2682,3348,2682,3386,2663,3386,2663,3348
2683,3446,2683,3480,2666,3480,2666,3446
2683,3486,2683,3501,2666,3501,2666,3486
2683,3508,2683,3558,2666,3558,2666,3508
2683,3563,2683,3579,2666,3579,2666,3563
2683,3589,2683,3601,2666,3601,2666,3589
2683,3604,2683,3608,2666,3608,2666,3604
2683,3612,2683,3634,2666,3634,2666,3612
2683,3639,2683,3643,2666,3643,2666,3639
2683,3648,2683,3652,2666,3652,2666,3648
2683,3658,2683,3700,2666,3700,2666,3658
2683,3705,2683,3735,2666,3735,2666,3705
2683,3743,2683,3747,2666,3747,2666,3743
2683,3757,2683,3761,2666,3761,2666,3757
2683,3763,2683,3767,2666,3767,2666,3763
2683,3767,2683,3788,2666,3788,2666,3767
2683,3797,2683,3813,2666,3813,2666,3797
2683,3821,2683,3837,2666,3837,2666,3821
2636,3446,2636,3478,2618,3478,2618,3446
2636,3484,2636,3500,2618,3500,2618,3484
2636,3508,2636,3557,2618,3557,2618,3508
2636,3561,2636,3574,2618,3574,2618,3561
2636,3586,2636,3596,2618,3596,2618,3586
2636,3599,2636,3603,2618,3603,2618,3599
2636,3605,2636,3628,2618,3628,2618,3605
2636,3632,2636,3636,2618,3636,2618,3632
2636,3641,2636,3645,2618,3645,2618,3641
2636,3655,2636,3703,2618,3703,2618,3655
2591,3446,2591,3480,2574,3480,2574,3446
2591,3486,2591,3502,2574,3502,2574,3486
2591,3508,2591,3558,2574,3558,2574,3508
2591,3564,2591,3576,2574,3576,2574,3564
2591,3589,2591,3610,2574,3610,2574,3589
2591,3617,2591,3621,2574,3621,2574,3617
2591,3626,2591,3630,2574,3630,2574,3626
2591,3637,2591,3677,2574,3677,2574,3637
2591,3686,2591,3724,2574,3724,2574,3686
2591,3731,2591,3746,2574,3746,2574,3731
2591,3751,2591,3799,2574,3799,2574,3751
2545,3445,2545,3478,2528,3478,2528,3445
2545,3485,2545,3501,2528,3501,2528,3485
2545,3506,2545,3560,2528,3560,2528,3506
2545,3565,2545,3639,2528,3639,2528,3565
2545,3645,2545,3649,2528,3649,2528,3645
2545,3651,2545,3679,2528,3679,2528,3651
2545,3684,2545,3725,2528,3725,2528,3684
2545,3730,2545,3745,2528,3745,2528,3730
2545,3749,2545,3753,2528,3753,2528,3749
2545,3758,2545,3771,2528,3771,2528,3758
2545,3773,2545,3777,2528,3777,2528,3773
2545,3780,2545,3818,2528,3818,2528,3780
2545,3823,2545,3827,2528,3827,2528,3823
2498,3445,2498,3479,2483,3479,2483,3445
2498,3485,2498,3502,2483,3502,2483,3485
2498,3509,2498,3603,2483,3603,2483,3509
2498,3609,2498,3642,2483,3642,2483,3609
2429,1734,2487,1734,2487,1751,2429,1751
2453,3445,2453,3477,2438,3477,2438,3445
2453,3486,2453,3500,2438,3500,2438,3486
2453,3508,2453,3559,2438,3559,2438,3508
2411,1872,2412,1874,2404,1880,2403,1878
2411,1941,2412,1942,2404,1951,2402,1949
2383,1705,2418,1703,2419,1726,2384,1728
2411,1989,2412,1990,2404,1999,2402,1997
2401,1858,2402,1860,2394,1866,2393,1864
2410,1918,2411,1919,2404,1927,2402,1926
2399,1929,2400,1930,2392,1939,2390,1937
2412,1894,2413,1895,2405,1904,2403,1902
2399,1907,2400,1908,2393,1916,2391,1915
2387,1917,2388,1918,2380,1927,2378,1925
2401,1882,2402,1883,2394,1892,2392,1890
2387,1895,2388,1896,2381,1904,2379,1903
2376,1906,2377,1907,2369,1916,2367,1914
2390,1940,2392,1942,2382,1952,2380,1950
2401,1951,2403,1953,2393,1963,2391,1961
2407,3448,2407,3528,2391,3528,2391,3448
2407,3537,2407,3566,2391,3566,2391,3537
2407,3572,2407,3617,2391,3617,2391,3572
2389,1546,2388,1547,2380,1540,2381,1538
2378,1534,2377,1535,2368,1527,2369,1526
2399,1977,2400,1978,2392,1987,2390,1985
2387,1989,2388,1990,2381,1998,2379,1997
2390,2004,2391,2003,2398,2009,2396,2010
2387,1729,2388,1730,2381,1737,2380,1736
2387,1811,2339,1862,2331,1854,2379,1803
2389,1869,2390,1870,2382,1879,2380,1877
2375,1882,2376,1883,2369,1891,2367,1890
2364,1894,2365,1895,2357,1904,2355,1902
2378,1928,2380,1930,2370,1940,2368,1938
2378,2016,2379,2015,2386,2021,2384,2022
2378,1558,2377,1559,2369,1552,2370,1550
2366,1546,2365,1547,2356,1539,2357,1538
2376,1716,2377,1717,2370,1724,2369,1723
2365,1729,2366,1730,2359,1738,2357,1737
2377,1857,2378,1858,2370,1867,2368,1865
2363,1870,2364,1871,2357,1879,2355,1878
2353,1882,2354,1883,2346,1892,2344,1890
2367,2027,2368,2026,2375,2032,2373,2033
2365,1499,2364,1500,2356,1493,2357,1491
2366,1570,2365,1571,2357,1564,2358,1562
2355,1559,2354,1560,2345,1552,2346,1551
2307,1565,2308,1564,2317,1572,2315,1573
2319,1553,2320,1552,2329,1560,2327,1561
2328,1544,2382,1490,2390,1499,2336,1552
2387,1965,2388,1966,2380,1975,2378,1973
2375,1977,2376,1978,2369,1986,2367,1985
2364,1989,2365,1990,2358,1998,2356,1997
2375,1953,2376,1954,2368,1963,2366,1961
2363,1965,2364,1966,2357,1974,2355,1973
2352,1977,2353,1978,2346,1986,2344,1985
2364,1705,2365,1706,2358,1713,2357,1712
2352,1716,2353,1717,2346,1725,2344,1724
2354,1904,2356,1906,2346,1916,2344,1914
2354,1511,2353,1512,2345,1505,2346,1503
2353,1582,2352,1583,2344,1576,2345,1574
2343,1571,2342,1572,2333,1564,2334,1563
2347,2010,2346,2009,2352,2001,2354,2003
2363,1941,2364,1942,2356,1951,2354,1949
2352,1953,2353,1954,2346,1962,2344,1961
2341,1966,2342,1967,2335,1975,2333,1974
2353,1693,2354,1694,2347,1701,2346,1700
2341,1705,2342,1706,2335,1714,2333,1713
2365,3448,2364,3505,2346,3505,2347,3448
2364,3514,2363,3546,2345,3546,2346,3514
2342,1523,2341,1524,2333,1517,2334,1515
2342,1593,2341,1594,2333,1587,2334,1585
2331,1583,2330,1584,2321,1576,2322,1575
2343,1714,2342,1715,2333,1707,2334,1706
2335,1999,2334,1998,2340,1990,2342,1992
2351,1858,2352,1859,2345,1867,2343,1866
2341,1870,2342,1871,2334,1880,2332,1878
2341,1681,2342,1682,2335,1689,2334,1688
2328,1692,2329,1693,2322,1701,2320,1700
2330,1881,2332,1883,2322,1893,2320,1891
2342,1892,2344,1894,2334,1904,2332,1902
2352,1930,2353,1931,2345,1940,2343,1938
2341,1942,2342,1943,2335,1951,2333,1950
2328,1953,2329,1954,2322,1962,2320,1961
2332,1535,2331,1536,2323,1529,2324,1527
2330,1605,2329,1606,2321,1599,2322,1597
2340,1847,2341,1848,2334,1856,2332,1855
2329,1858,2330,1859,2322,1868,2320,1866
2323,1987,2322,1986,2328,1978,2330,1980
2331,1726,2330,1727,2321,1719,2322,1718
2340,1918,2341,1919,2333,1928,2331,1926
2328,1930,2329,1931,2322,1939,2320,1938
2316,1941,2317,1942,2310,1950,2308,1949
2329,1668,2330,1669,2323,1676,2322,1675
2317,1680,2318,1681,2311,1689,2309,1688
2327,2000,2328,2001,2322,2009,2320,2007
2320,1547,2319,1548,2311,1541,2312,1539
2328,1836,2329,1837,2322,1845,2320,1844
2317,1846,2318,1847,2310,1856,2308,1854
2319,1617,2318,1618,2310,1611,2311,1609
2320,1738,2319,1739,2310,1731,2311,1730
2322,721,2322,750,2300,750,2300,721
2322,779,2322,807,2300,807,2300,779
2311,1976,2310,1975,2316,1967,2318,1969
2316,1990,2317,1991,2311,1999,2309,1997
2307,1858,2309,1860,2299,1870,2297,1868
2318,1869,2320,1871,2310,1881,2308,1879
2316,1823,2317,1824,2310,1832,2308,1831
2317,1894,2318,1895,2310,1904,2308,1902
2299,1964,2298,1963,2304,1955,2306,1957
2307,1629,2306,1630,2298,1623,2299,1621
2305,1573,2306,1574,2298,1583,2296,1581
2317,1585,2318,1586,2310,1595,2308,1593
2329,1598,2330,1599,2322,1608,2320,1606
2341,1610,2342,1611,2334,1620,2332,1618
2353,1622,2354,1623,2346,1632,2344,1630
2361,1629,2394,1662,2385,1672,2352,1638
2305,1598,2306,1599,2299,1607,2297,1606
2317,1610,2318,1611,2311,1619,2309,1618
2328,1622,2329,1623,2322,1631,2320,1630
2340,1634,2341,1635,2334,1643,2332,1642
2352,1646,2353,1647,2346,1655,2344,1654
2361,1655,2393,1687,2385,1695,2353,1663
2306,1669,2307,1670,2300,1678,2298,1677
2317,1918,2318,1919,2311,1927,2309,1926
2304,1929,2305,1930,2298,1938,2296,1937
2306,1771,2305,1772,2297,1765,2298,1763
2297,1761,2296,1762,2287,1754,2288,1753
2318,3447,2318,3526,2302,3526,2302,3447
2303,1977,2304,1978,2298,1986,2296,1984
2305,1882,2306,1883,2298,1892,2296,1890
2294,1845,2296,1847,2286,1857,2284,1855
2287,1953,2286,1952,2292,1944,2294,1946
2294,1783,2293,1784,2285,1777,2286,1775
2285,1773,2284,1774,2275,1766,2276,1765
2291,1966,2292,1967,2286,1975,2284,1973
2294,1823,2295,1824,2287,1833,2285,1831
2293,1800,2294,1801,2287,1809,2285,1808
2282,1811,2283,1812,2275,1821,2273,1819
2293,1870,2294,1871,2286,1880,2284,1878
2284,1794,2283,1795,2275,1788,2276,1786
2272,1783,2271,1784,2262,1776,2263,1775
2281,1788,2282,1789,2275,1797,2273,1796
2271,1822,2273,1824,2263,1834,2261,1832
2282,1833,2284,1835,2274,1845,2272,1843
2281,1858,2282,1859,2274,1868,2272,1866
2271,1807,2270,1808,2262,1801,2263,1799
2260,1795,2259,1796,2250,1788,2251,1787
2272,3444,2272,3487,2255,3487,2255,3444
2272,3492,2272,3562,2255,3562,2255,3492
2272,3566,2272,3631,2255,3631,2255,3566
2260,1818,2259,1819,2251,1812,2252,1810
2249,1807,2248,1808,2239,1800,2240,1799
2258,1834,2259,1835,2251,1844,2249,1842
2249,1838,2250,1837,2258,1844,2257,1846
2248,1831,2247,1832,2239,1825,2240,1823
2236,1819,2235,1820,2226,1812,2227,1811
2246,1822,2247,1823,2239,1832,2237,1830
2237,1850,2238,1849,2246,1856,2245,1858
2236,1772,2235,1773,2226,1765,2227,1764
2236,1843,2235,1844,2227,1837,2228,1835
2224,1831,2223,1832,2214,1824,2215,1823
2238,3329,2238,3355,2226,3355,2226,3329
2224,1790,2225,1789,2234,1797,2232,1798
2252,900,2196,900,2196,881,2252,881
2225,1862,2226,1861,2234,1868,2233,1870
2224,1784,2223,1785,2214,1777,2215,1776
2225,1854,2224,1855,2216,1848,2217,1846
2212,1844,2211,1845,2202,1837,2203,1836
2213,1867,2212,1868,2204,1861,2205,1859
2202,1855,2201,1856,2192,1848,2193,1847
2247,2011,2249,2013,2239,2023,2237,2021
2247,1964,2249,1966,2239,1976,2237,1974
2258,1976,2260,1978,2250,1988,2248,1986
2247,1988,2249,1990,2239,2000,2237,1998
2258,1999,2260,2001,2250,2011,2248,2009
2235,1999,2237,2001,2227,2011,2225,2009
2234,1951,2236,1953,2226,1963,2224,1961
2223,1987,2225,1989,2215,1999,2213,1997
2224,1964,2226,1966,2216,1976,2214,1974
2235,1976,2237,1978,2227,1988,2225,1986
2211,1975,2213,1977,2203,1987,2201,1985
2210,2000,2211,2001,2203,2010,2202,2008
2198,1988,2199,1989,2191,1998,2190,1996
2228,3447,2228,3513,2207,3513,2207,3447
2228,3519,2228,3586,2207,3586,2207,3519
2228,3590,2228,3662,2207,3662,2207,3590
2228,3665,2228,3681,2207,3681,2207,3665
2228,3687,2228,3724,2207,3724,2207,3687
2212,1796,2211,1797,2202,1789,2203,1788
2201,1767,2202,1766,2211,1774,2209,1776
2201,1813,2202,1812,2211,1820,2209,1821
2202,1885,2203,1884,2211,1891,2210,1893
2200,1808,2199,1809,2190,1801,2191,1800
2193,2022,2192,2021,2199,2013,2201,2014
2202,1879,2201,1880,2193,1873,2194,1871
2190,1867,2189,1868,2180,1860,2181,1859
2211,1952,2213,1954,2203,1964,2201,1962
2199,1963,2201,1965,2191,1975,2189,1973
2187,1977,2188,1978,2180,1987,2179,1985
2190,1778,2191,1777,2200,1785,2198,1787
2189,1825,2190,1824,2199,1832,2197,1833
2189,1897,2190,1896,2198,1903,2197,1905
2189,1772,2188,1773,2179,1765,2180,1764
2190,1819,2189,1820,2180,1812,2181,1811
2181,2011,2180,2010,2187,2002,2189,2003
2168,2022,2167,2021,2175,2012,2176,2013
2159,2035,2158,2034,2165,2026,2167,2027
2190,1891,2189,1892,2181,1885,2182,1883
2178,1878,2177,1879,2168,1871,2169,1870
2178,1790,2179,1789,2188,1797,2186,1799
2146,1749,2205,1749,2205,1760,2146,1760
2177,1837,2178,1836,2187,1844,2185,1845
2178,1831,2177,1832,2168,1824,2169,1823
2177,1784,2176,1785,2167,1777,2168,1776
2169,1998,2168,1997,2175,1989,2177,1990
2156,2010,2155,2009,2163,2000,2164,2001
2147,2023,2146,2022,2153,2014,2155,2015
2178,1903,2177,1904,2169,1897,2170,1895
2166,1890,2165,1891,2156,1883,2157,1882
2179,3444,2179,3513,2164,3513,2164,3444
2179,3519,2179,3522,2164,3522,2164,3519
2179,3531,2179,3553,2164,3553,2164,3531
2179,3558,2179,3604,2164,3604,2164,3558
2166,1801,2167,1800,2176,1808,2174,1810
2165,1849,2166,1848,2175,1856,2173,1857
2158,1987,2157,1986,2164,1978,2166,1979
2145,1999,2144,1998,2152,1989,2153,1990
2134,2010,2133,2009,2140,2001,2142,2002
2166,1843,2165,1844,2156,1836,2157,1835
2165,1796,2164,1797,2155,1789,2156,1788
2166,1771,2165,1772,2156,1764,2158,1763
2154,1813,2155,1812,2164,1820,2162,1822
2146,1975,2145,1974,2152,1966,2154,1967
2133,1988,2132,1987,2140,1978,2141,1979
2122,1999,2121,1998,2128,1990,2130,1991
2153,1808,2152,1809,2143,1801,2144,1800
2154,1855,2153,1856,2144,1848,2145,1847
2154,1903,2153,1904,2144,1896,2145,1895
2188,1904,2190,1906,2180,1916,2178,1914
2199,1916,2201,1918,2191,1928,2189,1926
2188,1928,2190,1930,2180,1940,2178,1938
2199,1940,2201,1942,2191,1952,2189,1950
2176,1940,2178,1942,2168,1952,2166,1950
2187,1951,2189,1953,2179,1963,2177,1961
2175,1965,2176,1966,2168,1975,2167,1973
2163,1953,2164,1954,2156,1963,2155,1961
2165,1881,2167,1883,2157,1893,2155,1891
2176,1892,2178,1894,2168,1904,2166,1902
2153,1917,2155,1919,2145,1929,2143,1927
2164,1928,2166,1930,2156,1940,2154,1938
2165,1905,2167,1907,2157,1917,2155,1915
2176,1916,2178,1918,2168,1928,2166,1926
2151,1941,2152,1942,2144,1951,2143,1949
2153,1893,2155,1895,2145,1905,2143,1903
2141,1905,2143,1907,2133,1917,2131,1915
2139,1929,2140,1930,2132,1939,2131,1937
2127,1917,2128,1918,2120,1927,2119,1925
2154,1783,2153,1784,2144,1776,2146,1775
2142,1825,2143,1824,2152,1832,2150,1834
2143,1819,2142,1820,2133,1812,2134,1811
2142,1867,2141,1868,2132,1860,2133,1859
2134,1963,2133,1962,2140,1954,2142,1955
2121,1976,2120,1975,2128,1966,2129,1967
2111,1988,2110,1987,2117,1979,2119,1980
2143,1794,2142,1795,2133,1787,2135,1786
2129,1838,2130,1837,2139,1845,2137,1847
2131,1831,2130,1832,2121,1824,2122,1823
2153,1868,2155,1870,2145,1880,2143,1878
2129,1893,2131,1895,2121,1905,2119,1903
2129,1869,2131,1871,2121,1881,2119,1879
2140,1880,2142,1882,2132,1892,2130,1890
2117,1881,2119,1883,2109,1893,2107,1891
2115,1905,2116,1906,2108,1915,2107,1913
2104,1894,2105,1895,2097,1904,2096,1902
2130,1879,2129,1880,2120,1872,2121,1871
2122,1951,2121,1950,2128,1942,2130,1943
2109,1964,2108,1963,2116,1954,2117,1955
2099,1976,2098,1975,2105,1967,2107,1968
2142,3318,2142,3349,2107,3349,2107,3318
2134,3447,2134,3487,2119,3487,2119,3447
2134,3491,2134,3494,2119,3494,2119,3491
2134,3494,2134,3558,2119,3558,2119,3494
2134,3566,2134,3625,2119,3625,2119,3566
2130,1807,2129,1808,2120,1800,2122,1799
2118,1849,2119,1848,2128,1856,2126,1858
2119,1843,2118,1844,2109,1836,2110,1835
2118,1891,2117,1892,2108,1884,2109,1883
2109,1939,2108,1938,2115,1930,2117,1931
2097,1952,2096,1951,2104,1942,2105,1943
2087,1964,2086,1963,2093,1955,2095,1956
2116,1999,2117,2000,2110,2008,2108,2007
2117,1772,2116,1773,2107,1765,2109,1763
2118,1819,2117,1820,2108,1812,2110,1811
2107,1860,2108,1859,2117,1867,2115,1869
2105,1869,2107,1871,2097,1881,2095,1879
2092,1882,2093,1883,2085,1892,2084,1890
2107,1907,2108,1906,2117,1914,2115,1915
2107,1855,2106,1856,2097,1848,2098,1847
2098,1928,2097,1927,2104,1919,2106,1920
2086,1940,2085,1939,2093,1930,2094,1931
2104,1988,2105,1989,2098,1997,2096,1996
2106,1903,2105,1904,2096,1896,2097,1895
2105,1784,2104,1785,2095,1777,2097,1775
2106,1831,2105,1832,2096,1824,2098,1823
2093,1857,2095,1859,2085,1869,2083,1867
2095,1919,2096,1918,2105,1926,2103,1927
2095,1867,2094,1868,2085,1860,2086,1859
2086,1916,2085,1915,2092,1907,2094,1908
2095,1914,2094,1915,2085,1907,2086,1906
2092,1976,2093,1977,2086,1985,2084,1984
2095,1795,2094,1796,2085,1788,2087,1786
2094,1843,2093,1844,2084,1836,2086,1835
2083,1883,2084,1882,2093,1890,2091,1892
2088,3447,2088,3525,2071,3525,2071,3447
2088,3532,2088,3536,2071,3536,2071,3532
2088,3537,2088,3541,2071,3541,2071,3537
2088,3542,2088,3602,2071,3602,2071,3542
2071,1895,2072,1894,2081,1902,2079,1904
2075,1541,2075,1600,2037,1600,2037,1541
2037,1542,2037,1554,1994,1554,1994,1542
2037,1564,2037,1576,1994,1576,1994,1564
2037,1576,2037,1644,1994,1644,1994,1576
2037,1655,2037,1740,1994,1740,1994,1655
2043,3448,2043,3499,2025,3499,2025,3448
2043,3503,2043,3520,2025,3520,2025,3503
2043,3527,2043,3574,2025,3574,2025,3527
2043,3583,2043,3587,2025,3587,2025,3583
1998,3448,1998,3500,1981,3500,1981,3448
1998,3504,1998,3520,1981,3520,1981,3504
1998,3526,1998,3574,1981,3574,1981,3526
1998,3581,1998,3585,1981,3585,1981,3581
2298,4065,2298,4584,2222,4584,2222,4065
2298,4635,2298,4801,2222,4801,2222,4635
2217,4046,2217,4435,2155,4435,2155,4046
2217,4474,2217,4531,2155,4531,2155,4474
2217,4585,2217,4602,2155,4602,2155,4585
2217,4644,2217,4830,2155,4830,2155,4644
2145,4203,2145,4341,2096,4341,2096,4203
2145,4378,2145,4518,2096,4518,2096,4378
2145,4567,2145,4581,2096,4581,2096,4567
2145,4607,2145,4621,2096,4621,2096,4607
2063,4006,2063,4141,2023,4141,2023,4006
2068,4715,2068,4753,2017,4753,2017,4715
2068,4763,2068,4777,2017,4777,2017,4763
2068,4778,2068,4815,2017,4815,2017,4778
2068,4835,2068,4873,2017,4873,2017,4835
2013,4003,2013,4172,1975,4172,1975,4003
2013,4203,2013,4239,1975,4239,1975,4203
2016,4728,2016,4759,1973,4759,1973,4728
2016,4760,2016,4772,1973,4772,1973,4760
2016,4775,2016,4814,1973,4814,1973,4775
2016,4832,2016,4871,1973,4871,1973,4832
1963,4003,1963,4172,1925,4172,1925,4003
1963,4203,1963,4239,1925,4239,1925,4203
1965,4742,1965,4753,1925,4753,1925,4742
1965,4762,1965,4773,1925,4773,1925,4762
1965,4770,1965,4815,1925,4815,1925,4770
1965,4834,1965,4870,1925,4870,1925,4834
1910,4007,1910,4075,1873,4075,1873,4007
1915,4739,1915,4749,1877,4749,1877,4739
1915,4763,1915,4773,1877,4773,1877,4763
1915,4776,1915,4811,1877,4811,1877,4776
1915,4834,1915,4868,1877,4868,1877,4834
1859,4002,1859,4056,1827,4056,1827,4002
1865,4746,1865,4757,1826,4757,1826,4746
1865,4762,1865,4773,1826,4773,1826,4762
1865,4776,1865,4812,1826,4812,1826,4776
1865,4830,1865,4873,1826,4873,1826,4830
1812,4007,1812,4249,1776,4249,1776,4007
1815,4733,1816,4747,1767,4749,1766,4736
1816,4758,1817,4772,1768,4774,1767,4761
1817,4770,1819,4815,1770,4817,1768,4773
1820,4830,1822,4875,1773,4877,1771,4833
1773,4009,1773,4159,1733,4159,1733,4009
1773,4193,1773,4311,1733,4311,1733,4193
1736,4002,1736,4189,1689,4189,1689,4002
1756,4697,1756,4758,1709,4758,1709,4697
1756,4752,1756,4765,1709,4765,1709,4752
1756,4768,1756,4811,1709,4811,1709,4768
1756,4831,1756,4874,1709,4874,1709,4831
1806,1732,1815,1732,1815,1766,1806,1766
1817,1832,1817,1886,1786,1886,1786,1832
1817,1914,1817,1922,1786,1922,1786,1914
1773,1820,1784,1921,1755,1925,1744,1823
1749,1314,1749,1418,1720,1418,1720,1314
1732,663,1732,717,1709,717,1709,663
1660,1734,1691,1734,1691,1768,1660,1768
1716,1733,1747,1733,1747,1767,1716,1767
1672,1568,1672,1631,1651,1631,1651,1568
1644,2120,1569,2120,1569,2087,1644,2087
1602,1372,1601,1380,1572,1377,1573,1369
1598,1420,1597,1428,1568,1425,1569,1417
1524,1736,1555,1736,1555,1770,1524,1770
1585,1735,1594,1735,1594,1769,1585,1769
1563,1783,1563,1841,1539,1841,1539,1783
1531,1769,1531,1818,1510,1818,1510,1769
1471,1802,1471,1836,1440,1836,1440,1802
1439,837,1439,932,1401,932,1401,837
1401,835,1401,871,1362,871,1362,835
1401,873,1401,884,1362,884,1362,873
1401,888,1401,917,1362,917,1362,888
1401,937,1401,948,1362,948,1362,937
1341,1462,1335,1462,1334,1437,1340,1437
1278,1465,1245,1466,1244,1441,1277,1440
1219,1467,1192,1468,1191,1443,1218,1442
1146,1470,1073,1473,1072,1448,1145,1445
1157,1593,1159,1630,1108,1632,1106,1595
1159,1653,1160,1680,1109,1682,1108,1655
1163,1741,1166,1807,1115,1809,1112,1743
838,624,970,624,970,671,838,671
947,1718,947,1851,909,1851,909,1718
947,1876,947,1912,909,1912,909,1876
907,1719,907,1729,870,1729,870,1719
907,1734,907,1744,870,1744,870,1734
907,1747,907,1775,870,1775,870,1747
907,1799,907,1809,870,1809,870,1799
888,4006,888,4126,865,4126,865,4006
829,4035,829,4067,804,4067,804,4035
786,4009,786,4015,763,4015,763,4009
786,4026,786,4032,763,4032,763,4026
786,4043,786,4049,763,4049,763,4043
786,4074,786,4080,763,4080,763,4074
786,4079,786,4085,763,4085,763,4079
786,4085,786,4111,763,4111,763,4085
829,4161,829,4242,795,4242,795,4161
829,4270,829,4355,795,4355,795,4270
797,4158,793,4277,763,4276,767,4157
792,4299,791,4331,761,4330,762,4298
790,4354,788,4416,758,4415,760,4353
761,4157,761,4258,732,4258,732,4157
761,4281,761,4313,732,4313,732,4281
731,4154,731,4314,702,4314,702,4154
699,4162,699,4318,672,4318,672,4162
699,4337,699,4401,672,4401,672,4337
667,4160,669,4311,646,4311,644,4160
670,4338,670,4344,647,4344,647,4338
643,4155,643,4262,614,4262,614,4155
643,4281,643,4391,614,4391,614,4281
612,4163,612,4168,591,4168,591,4163
612,4168,612,4216,591,4216,591,4168
612,4225,612,4230,591,4230,591,4225
826,4556,824,4696,788,4696,790,4556
824,4715,824,4747,788,4747,788,4715
823,4765,822,4869,787,4869,788,4765
782,4557,780,4622,751,4621,753,4556
779,4632,779,4640,750,4639,750,4631
779,4645,775,4754,745,4753,749,4644
740,4448,740,4626,702,4626,702,4448
740,4648,740,4697,702,4697,702,4648
740,4718,740,4831,702,4831,702,4718
707,4450,707,4458,678,4458,678,4450
707,4455,707,4505,678,4505,678,4455
707,4516,707,4524,678,4524,678,4516
707,4532,707,4625,678,4625,678,4532
707,4624,707,4632,678,4632,678,4624
679,4445,679,4479,648,4479,648,4445
679,4499,679,4569,648,4569,648,4499
679,4576,679,4584,648,4584,648,4576
679,4587,679,4660,648,4660,648,4587
651,4445,651,4485,620,4485,620,4445
651,4504,651,4571,620,4571,620,4504
651,4580,651,4588,620,4588,620,4580
651,4596,651,4724,620,4724,620,4596
623,4450,623,4458,591,4457,591,4449
623,4480,620,4691,587,4690,590,4479
583,4471,583,4482,543,4482,543,4471
583,4507,582,4618,541,4618,542,4507
581,4636,581,4674,540,4674,540,4636
580,4697,579,4793,539,4793,540,4697
469,1314,469,1471,446,1471,446,1314
430,4131,430,4136,409,4136,409,4131
430,4144,430,4149,409,4149,409,4144
430,4153,430,4158,409,4158,409,4153
429,4252,429,4269,409,4269,409,4252
429,4483,429,4508,411,4508,411,4483
257,4057,257,4136,225,4136,225,4057
257,4159,257,4183,225,4183,225,4159
257,4206,257,4255,225,4255,225,4206
257,4275,257,4298,225,4298,225,4275
257,4315,257,4323,225,4323,225,4315
244,4536,244,4648,200,4648,200,4536
244,4682,244,4865,200,4865,200,4682
219,4044,219,4082,178,4082,178,4044
219,4097,219,4108,178,4108,178,4097
219,4116,219,4169,178,4169,178,4116
219,4169,219,4180,178,4180,178,4169
219,4192,219,4288,178,4288,178,4192
154,4231,154,4317,108,4317,108,4231
154,4335,154,4348,108,4348,108,4335
154,4359,154,4410,108,4410,108,4359
154,4445,154,4523,108,4523,108,4445
151,70,151,138,120,138,120,70
151,160,151,168,120,168,120,160
151,182,151,230,120,230,120,182
151,249,151,444,120,444,120,249
151,465,151,534,120,534,120,465
151,555,151,717,120,717,120,555
151,742,151,750,120,750,120,742
151,758,151,766,120,766,120,758
151,769,151,834,120,834,120,769
151,855,151,1005,120,1005,120,855
151,1028,151,1056,120,1056,120,1028
151,1082,151,1199,120,1199,120,1082
151,1225,151,1274,120,1274,120,1225
151,1291,151,1458,120,1458,120,1291
151,1479,151,1637,120,1637,120,1479
151,1657,151,1692,120,1692,120,1657
151,1708,151,1935,120,1935,120,1708
151,1952,151,2016,120,2016,120,1952
151,2040,151,2080,120,2080,120,2040
151,2104,151,2252,120,2252,120,2104
151,2273,151,2354,120,2354,120,2273
151,2358,151,2366,120,2366,120,2358
151,2380,151,2534,120,2534,120,2380
151,2540,151,2548,120,2548,120,2540
151,2567,151,2693,120,2693,120,2567
151,2694,151,2702,120,2702,120,2694
151,2720,151,2784,120,2784,120,2720
151,2793,151,2801,120,2801,120,2793
151,2807,151,2936,120,2936,120,2807
151,2940,151,2948,120,2948,120,2940
151,2967,151,3007,120,3007,120,2967
151,3028,151,3203,120,3203,120,3028
151,3225,151,3260,120,3260,120,3225
151,3271,151,3392,120,3392,120,3271
151,3419,151,3506,120,3506,120,3419
151,3510,151,3518,120,3518,120,3510
151,3535,151,3574,120,3574,120,3535
121,70,121,205,92,205,92,70
121,232,121,396,92,396,92,232
121,415,121,484,92,484,92,415
121,506,121,522,92,522,92,506
121,543,121,649,92,649,92,543
121,670,121,702,92,702,92,670
121,721,121,742,92,742,92,721
121,763,121,868,92,868,92,763
121,890,121,960,92,960,92,890
121,977,121,1077,92,1077,92,977
121,1099,121,1107,92,1107,92,1099
121,1138,121,1207,92,1207,92,1138
121,1227,121,1341,92,1341,92,1227
121,1345,121,1353,92,1353,92,1345
121,1368,121,1422,92,1422,92,1368
121,1442,121,1578,92,1578,92,1442
121,1601,121,1671,92,1671,92,1601
121,1688,121,1906,92,1906,92,1688
121,1906,121,1914,92,1914,92,1906
121,1926,121,1980,92,1980,92,1926
121,2003,121,2194,92,2194,92,2003
121,2212,121,2244,92,2244,92,2212
121,2267,121,2337,92,2337,92,2267
121,2354,121,2404,92,2404,92,2354
121,2423,121,2547,92,2547,92,2423
121,2548,121,2556,92,2556,92,2548
121,2572,121,2604,92,2604,92,2572
121,2626,121,2783,92,2783,92,2626
121,2809,121,2817,92,2817,92,2809
121,2824,121,2832,92,2832,92,2824
121,2833,121,2883,92,2883,92,2833
121,2902,121,2952,92,2952,92,2902
121,2975,121,3178,92,3178,92,2975
121,3181,121,3189,92,3189,92,3181
121,3205,121,3255,92,3255,92,3205
121,3280,121,3432,92,3432,92,3280
121,3455,121,3523,92,3523,92,3455
121,3542,121,3660,92,3660,92,3542
121,3685,121,3693,92,3693,92,3685
93,76,93,147,62,147,62,76
93,164,93,280,62,280,62,164
93,304,93,339,62,339,62,304
93,360,93,542,62,542,62,360
93,564,93,598,62,598,62,564
93,619,93,705,62,705,62,619
93,708,93,716,62,716,62,708
