3417,3493,3417,3581,3386,3581,3386,3493
3417,3588,3417,3628,3386,3628,3386,3588
3417,3635,3417,3643,3386,3643,3386,3635
3417,3645,3417,3684,3386,3684,3386,3645
3370,3440,3370,3520,3345,3520,3345,3440
3370,3525,3370,3555,3345,3555,3345,3525
3370,3562,3370,3606,3345,3606,3345,3562
3370,3605,3370,3611,3345,3611,3345,3605
3370,3616,3370,3687,3345,3687,3345,3616
3370,3692,3370,3729,3345,3729,3345,3692
3370,3736,3370,3766,3345,3766,3345,3736
3392,4236,3392,4496,3318,4496,3318,4236
3339,4232,3339,4495,3274,4495,3274,4232
3324,3441,3324,3521,3303,3521,3303,3441
3324,3524,3324,3565,3303,3565,3303,3524
3324,3574,3324,3629,3303,3629,3303,3574
3324,3634,3324,3662,3303,3662,3303,3634
3277,3440,3276,3518,3258,3518,3259,3440
3276,3523,3276,3566,3259,3566,3259,3523
3276,3575,3276,3629,3258,3629,3258,3575
3275,3634,3275,3663,3258,3663,3258,3634
3230,3439,3230,3518,3214,3518,3214,3439
3230,3522,3230,3566,3214,3566,3214,3522
3230,3574,3230,3644,3214,3644,3214,3574
3230,3651,3230,3683,3214,3683,3214,3651
3230,3685,3230,3689,3214,3689,3214,3685
3230,3695,3230,3752,3214,3752,3214,3695
3230,3758,3230,3770,3214,3770,3214,3758
3230,3776,3230,3807,3214,3807,3214,3776
3230,3811,3230,3855,3214,3855,3214,3811
3182,3315,3182,3325,3167,3325,3167,3315
3182,3328,3182,3331,3167,3331,3167,3328
3182,3331,3182,3345,3167,3345,3167,3331
3184,3440,3184,3517,3167,3517,3167,3440
3184,3523,3184,3595,3167,3595,3167,3523
3184,3601,3184,3660,3167,3660,3167,3601
3184,3668,3184,3680,3167,3680,3167,3668
3184,3686,3184,3721,3167,3721,3167,3686
3184,3728,3184,3780,3167,3780,3167,3728
3184,3788,3184,3844,3167,3844,3167,3788
3145,3440,3145,3474,3127,3474,3127,3440
3145,3482,3145,3486,3127,3486,3127,3482
3145,3487,3145,3491,3127,3491,3127,3487
3146,3492,3146,3550,3128,3550,3128,3492
3146,3560,3146,3584,3128,3584,3128,3560
3146,3595,3146,3623,3128,3623,3128,3595
3147,3629,3147,3667,3128,3667,3128,3629
3147,3673,3147,3701,3129,3701,3129,3673
3128,3440,3128,3444,3111,3444,3111,3440
3128,3445,3128,3511,3111,3511,3111,3445
3128,3512,3128,3516,3111,3516,3111,3512
3128,3516,3128,3571,3111,3571,3111,3516
3128,3573,3128,3577,3111,3577,3111,3573
3206,4280,3206,4587,3146,4587,3146,4280
3118,4119,3118,4178,3067,4178,3067,4119
3118,4186,3118,4200,3067,4200,3067,4186
3118,4213,3118,4279,3067,4279,3067,4213
3118,4279,3118,4293,3067,4293,3067,4279
3118,4326,3118,4497,3067,4497,3067,4326
3118,4529,3118,4760,3067,4760,3067,4529
3070,4245,3070,4371,3022,4371,3022,4245
3070,4409,3070,4638,3022,4638,3022,4409
3092,3439,3092,3471,3077,3471,3077,3439
3092,3478,3092,3494,3077,3494,3077,3478
3092,3499,3092,3550,3077,3550,3077,3499
3092,3554,3092,3568,3077,3568,3077,3554
3092,3580,3092,3591,3077,3591,3077,3580
3092,3593,3092,3596,3077,3596,3077,3593
3092,3601,3092,3623,3077,3623,3077,3601
3092,3627,3092,3630,3077,3630,3077,3627
3092,3637,3092,3640,3077,3640,3077,3637
3047,3342,3047,3364,3029,3364,3029,3342
3055,3440,3055,3472,3038,3472,3038,3440
3055,3477,3055,3493,3038,3493,3038,3477
3055,3500,3055,3551,3038,3551,3038,3500
3055,3554,3055,3566,3038,3566,3038,3554
3055,3576,3055,3592,3038,3592,3038,3576
3055,3593,3055,3597,3038,3597,3038,3593
3055,3602,3055,3621,3038,3621,3038,3602
3055,3627,3055,3631,3038,3631,3038,3627
3055,3636,3055,3640,3038,3640,3038,3636
3055,3648,3055,3652,3038,3652,3038,3648
3055,3652,3055,3733,3038,3733,3038,3652
3055,3738,3055,3811,3038,3811,3038,3738
3055,3815,3055,3904,3038,3904,3038,3815
3055,3906,3055,3910,3038,3910,3038,3906
3038,3441,3038,3473,3022,3473,3022,3441
3038,3481,3038,3485,3022,3485,3022,3481
3038,3487,3038,3491,3022,3491,3022,3487
3038,3493,3038,3515,3022,3515,3022,3493
3038,3527,3038,3539,3022,3539,3022,3527
3038,3547,3038,3551,3022,3551,3022,3547
3038,3552,3038,3556,3022,3556,3022,3552
3038,3558,3038,3576,3022,3576,3022,3558
3038,3589,3038,3601,3022,3601,3022,3589
3038,3609,3038,3627,3022,3627,3022,3609
3002,3440,3002,3474,2985,3474,2985,3440
3002,3480,3002,3496,2985,3496,2985,3480
3002,3502,3002,3552,2985,3552,2985,3502
3002,3558,3002,3570,2985,3570,2985,3558
3002,3580,3002,3592,2985,3592,2985,3580
3002,3595,3002,3599,2985,3599,2985,3595
3002,3602,3002,3624,2985,3624,2985,3602
3002,3629,3002,3633,2985,3633,2985,3629
3002,3638,3002,3642,2985,3642,2985,3638
3002,3647,3002,3651,2985,3651,2985,3647
3002,3653,3002,3686,2985,3686,2985,3653
3002,3689,3002,3693,2985,3693,2985,3689
3002,3699,3002,3703,2985,3703,2985,3699
3002,3712,3002,3716,2985,3716,2985,3712
3002,3717,3002,3721,2985,3721,2985,3717
3002,3724,3002,3743,2985,3743,2985,3724
3002,3754,3002,3779,2985,3779,2985,3754
3002,3781,3002,3799,2985,3799,2985,3781
2955,3443,2955,3446,2941,3446,2941,3443
2955,3455,2955,3495,2941,3495,2941,3455
2955,3501,2955,3516,2941,3516,2941,3501
2955,3524,2955,3575,2941,3575,2941,3524
2955,3579,2955,3589,2941,3589,2941,3579
2955,3601,2955,3614,2941,3614,2941,3601
2955,3615,2955,3618,2941,3618,2941,3615
2955,3624,2955,3644,2941,3644,2941,3624
2955,3650,2955,3653,2941,3653,2941,3650
2955,3659,2955,3662,2941,3662,2941,3659
2955,3668,2955,3671,2941,3671,2941,3668
2955,3674,2955,3707,2941,3707,2941,3674
2955,3710,2955,3713,2941,3713,2941,3710
2955,3720,2955,3723,2941,3723,2941,3720
2955,3734,2955,3737,2941,3737,2941,3734
2955,3738,2955,3741,2941,3741,2941,3738
2955,3745,2955,3779,2941,3779,2941,3745
2955,3781,2955,3794,2941,3794,2941,3781
2955,3800,2955,3821,2941,3821,2941,3800
2910,3342,2910,3380,2892,3380,2892,3342
2911,3441,2911,3473,2892,3473,2892,3441
2911,3481,2911,3495,2892,3495,2892,3481
2912,3504,2912,3553,2892,3553,2892,3504
2912,3559,2912,3573,2893,3573,2893,3559
2912,3582,2912,3592,2893,3592,2893,3582
2912,3593,2912,3598,2893,3598,2893,3593
2912,3602,2912,3623,2893,3623,2893,3602
2912,3627,2912,3632,2893,3632,2893,3627
2912,3637,2912,3642,2893,3642,2893,3637
2912,3651,2912,3691,2893,3691,2893,3651
2912,3697,2912,3725,2893,3725,2893,3697
2913,3733,2913,3738,2894,3738,2894,3733
2913,3747,2913,3752,2894,3752,2894,3747
2913,3751,2913,3756,2894,3756,2894,3751
2913,3757,2913,3771,2894,3771,2894,3757
2913,3773,2913,3778,2894,3778,2894,3773
2913,3777,2913,3782,2894,3782,2894,3777
2913,3792,2913,3809,2894,3809,2894,3792
2913,3816,2913,3835,2894,3835,2894,3816
2866,3439,2866,3471,2845,3471,2845,3439
2866,3479,2866,3494,2845,3494,2845,3479
2866,3502,2866,3552,2845,3552,2845,3502
2866,3553,2866,3569,2845,3569,2845,3553
2866,3578,2866,3593,2845,3593,2845,3578
2866,3594,2866,3599,2845,3599,2845,3594
2866,3601,2866,3622,2845,3622,2845,3601
2866,3627,2866,3632,2845,3632,2845,3627
2866,3636,2866,3641,2845,3641,2845,3636
2866,3650,2866,3699,2845,3699,2845,3650
2820,3441,2820,3473,2801,3473,2801,3441
2820,3481,2820,3495,2801,3495,2801,3481
2820,3504,2820,3553,2801,3553,2801,3504
2820,3559,2820,3573,2801,3573,2801,3559
2820,3582,2820,3601,2801,3601,2801,3582
2820,3607,2820,3612,2801,3612,2801,3607
2820,3617,2820,3622,2801,3622,2801,3617
2820,3629,2820,3669,2801,3669,2801,3629
2820,3676,2820,3717,2801,3717,2801,3676
2820,3723,2820,3737,2801,3737,2801,3723
2820,3744,2820,3765,2801,3765,2801,3744
2820,3776,2820,3795,2801,3795,2801,3776
2774,3440,2774,3474,2757,3474,2757,3440
2774,3480,2774,3496,2757,3496,2757,3480
2774,3502,2774,3552,2757,3552,2757,3502
2774,3558,2774,3628,2757,3628,2757,3558
2774,3636,2774,3640,2757,3640,2757,3636
2774,3640,2774,3670,2757,3670,2757,3640
2774,3675,2774,3715,2757,3715,2757,3675
2774,3721,2774,3737,2757,3737,2757,3721
2774,3741,2774,3745,2757,3745,2757,3741
2774,3749,2774,3761,2757,3761,2757,3749
2774,3764,2774,3768,2757,3768,2757,3764
2774,3777,2774,3815,2757,3815,2757,3777
2774,3820,2774,3824,2757,3824,2757,3820
2728,3440,2728,3480,2711,3480,2711,3440
2728,3487,2728,3503,2711,3503,2711,3487
2728,3510,2728,3562,2711,3562,2711,3510
2728,3564,2728,3605,2711,3605,2711,3564
2728,3617,2728,3658,2711,3658,2711,3617
2728,3660,2728,3664,2711,3664,2711,3660
2728,3672,2728,3685,2711,3685,2711,3672
2728,3696,2728,3704,2711,3704,2711,3696
2728,3708,2728,3712,2711,3712,2711,3708
2728,3716,2728,3735,2711,3735,2711,3716
2728,3741,2728,3745,2711,3745,2711,3741
2728,3750,2728,3754,2711,3754,2711,3750
2728,3762,2728,3790,2711,3790,2711,3762
2728,3793,2728,3844,2711,3844,2711,3793
2728,3852,2728,3905,2711,3905,2711,3852
2683,3439,2683,3473,2668,3473,2668,3439
2683,3480,2683,3494,2668,3494,2668,3480
2683,3501,2683,3553,2668,3553,2668,3501
2683,3558,2683,3600,2668,3600,2668,3558
2683,3608,2683,3622,2668,3622,2668,3608
2683,3632,2683,3643,2668,3643,2668,3632
2683,3648,2683,3651,2668,3651,2668,3648
2683,3656,2683,3675,2668,3675,2668,3656
2683,3683,2683,3686,2668,3686,2668,3683
2683,3693,2683,3696,2668,3696,2668,3693
2683,3703,2683,3798,2668,3798,2668,3703
2683,3803,2683,3872,2668,3872,2668,3803
2635,3439,2635,3473,2621,3473,2621,3439
2635,3480,2635,3495,2621,3495,2621,3480
2635,3502,2635,3597,2621,3597,2621,3502
2635,3603,2635,3636,2621,3636,2621,3603
2589,3440,2589,3522,2576,3522,2576,3440
2589,3530,2589,3562,2576,3562,2576,3530
2589,3567,2589,3610,2576,3610,2576,3567
2545,3440,2545,3518,2531,3518,2531,3440
2499,3438,2499,3479,2485,3479,2485,3438
2499,3488,2499,3555,2485,3555,2485,3488
2499,3561,2499,3626,2485,3626,2485,3561
2465,3320,2466,3349,2456,3349,2455,3320
2453,3437,2453,3505,2438,3505,2438,3437
2453,3511,2453,3579,2438,3579,2438,3511
2453,3582,2453,3655,2438,3655,2438,3582
2453,3659,2453,3673,2438,3673,2438,3659
2453,3679,2453,3715,2438,3715,2438,3679
2407,3440,2407,3506,2390,3506,2390,3440
2407,3512,2407,3516,2390,3516,2390,3512
2407,3526,2407,3545,2390,3545,2390,3526
2407,3553,2407,3600,2390,3600,2390,3553
2365,3312,2365,3345,2336,3345,2336,3312
2364,3441,2364,3482,2346,3482,2346,3441
2364,3484,2364,3488,2346,3488,2346,3484
2364,3489,2364,3552,2346,3552,2346,3489
2364,3558,2364,3619,2346,3619,2346,3558
2318,3443,2318,3518,2299,3518,2299,3443
2318,3525,2318,3530,2299,3530,2299,3525
2318,3531,2318,3536,2299,3536,2299,3531
2318,3535,2318,3597,2299,3597,2299,3535
2274,3441,2274,3494,2253,3494,2253,3441
2274,3498,2274,3514,2253,3514,2253,3498
2274,3518,2274,3568,2253,3568,2253,3518
2274,3576,2274,3581,2253,3581,2253,3576
2230,3297,2230,3368,2205,3368,2205,3297
2224,3440,2224,3492,2211,3492,2211,3440
2224,3497,2224,3512,2211,3512,2211,3497
2224,3518,2224,3567,2211,3567,2211,3518
2224,3575,2224,3578,2211,3578,2211,3575
2296,4074,2296,4596,2222,4596,2222,4074
2296,4644,2296,4790,2222,4790,2222,4644
2217,4046,2217,4435,2155,4435,2155,4046
2217,4474,2217,4531,2155,4531,2155,4474
2217,4585,2217,4602,2155,4602,2155,4585
2217,4644,2217,4836,2155,4836,2155,4644
2150,4213,2152,4344,2097,4345,2095,4214
2153,4397,2153,4412,2099,4413,2099,4398
2154,4462,2155,4522,2100,4523,2099,4463
2156,4573,2156,4588,2102,4589,2102,4574
2156,4617,2156,4632,2102,4633,2102,4618
2157,4644,2157,4659,2103,4660,2103,4645
2180,3438,2180,3493,2165,3493,2165,3438
2180,3496,2180,3513,2165,3513,2165,3496
2180,3518,2180,3567,2165,3567,2165,3518
2073,1740,2018,1740,2018,1718,2073,1718
2016,1796,2016,1829,1980,1829,1980,1796
2016,1857,2016,1884,1980,1884,1980,1857
1737,1586,1846,1586,1846,1622,1737,1622
1868,1586,1900,1586,1900,1622,1868,1622
1813,1567,1761,1567,1761,1544,1813,1544
1836,2849,1836,2887,1785,2887,1785,2849
1836,2906,1836,2944,1785,2944,1785,2906
1836,3022,1836,3036,1785,3036,1785,3022
2060,4003,2060,4147,2024,4147,2024,4003
2013,4003,2013,4172,1975,4172,1975,4003
2013,4203,2013,4239,1975,4239,1975,4203
1963,4003,1963,4172,1925,4172,1925,4003
1963,4201,1963,4244,1925,4244,1925,4201
1914,4000,1914,4173,1874,4173,1874,4000
1914,4201,1914,4246,1874,4246,1874,4201
1859,4005,1862,4143,1826,4144,1823,4006
1813,4005,1810,4070,1775,4068,1778,4003
1762,4002,1762,4056,1725,4056,1725,4002
1714,4007,1714,4070,1674,4070,1674,4007
1714,4109,1714,4120,1674,4120,1674,4109
1714,4152,1714,4204,1674,4204,1674,4152
1671,4005,1671,4158,1635,4158,1635,4005
1671,4190,1671,4309,1635,4309,1635,4190
1631,4000,1631,4189,1595,4189,1595,4000
1580,4009,1580,4183,1544,4183,1544,4009
1794,2721,1794,2740,1773,2740,1773,2721
1794,2742,1794,2747,1773,2747,1773,2742
1794,2746,1794,2770,1773,2770,1773,2746
2063,4723,2064,4753,2024,4754,2023,4724
2063,4761,2063,4772,2023,4773,2023,4762
2064,4776,2065,4812,2024,4813,2023,4777
2065,4831,2066,4876,2026,4877,2025,4832
2014,4721,2014,4757,1974,4757,1974,4721
2014,4760,2014,4771,1974,4771,1974,4760
2014,4772,2014,4817,1974,4817,1974,4772
2014,4834,2014,4872,1974,4872,1974,4834
1965,4745,1965,4755,1927,4755,1927,4745
1965,4765,1965,4775,1927,4775,1927,4765
1965,4778,1965,4813,1927,4813,1927,4778
1965,4831,1965,4872,1927,4872,1927,4831
1920,4743,1920,4757,1869,4757,1869,4743
1920,4758,1920,4772,1869,4772,1869,4758
1920,4771,1920,4818,1869,4818,1869,4771
1920,4835,1920,4873,1869,4873,1869,4835
1866,4709,1866,4756,1824,4756,1824,4709
1866,4761,1866,4772,1824,4772,1824,4761
1866,4775,1866,4814,1824,4814,1824,4775
1866,4830,1866,4876,1824,4876,1824,4830
1815,4738,1815,4749,1775,4749,1775,4738
1815,4762,1815,4773,1775,4773,1775,4762
1815,4777,1815,4813,1775,4813,1775,4777
1815,4833,1815,4871,1775,4871,1775,4833
1765,4749,1765,4759,1727,4759,1727,4749
1765,4761,1765,4771,1727,4771,1727,4761
1765,4778,1765,4813,1727,4813,1727,4778
1765,4831,1765,4872,1727,4872,1727,4831
1720,4740,1720,4754,1669,4754,1669,4740
1720,4761,1720,4775,1669,4775,1669,4761
1720,4783,1720,4811,1669,4811,1669,4783
1720,4831,1720,4878,1669,4878,1669,4831
1657,4705,1657,4744,1614,4744,1614,4705
1657,4752,1657,4764,1614,4764,1614,4752
1657,4765,1657,4812,1614,4812,1614,4765
1657,4833,1657,4872,1614,4872,1614,4833
1588,4742,1588,4754,1544,4754,1544,4742
1588,4760,1588,4772,1544,4772,1544,4760
1588,4770,1588,4810,1544,4810,1544,4770
1588,4833,1588,4873,1544,4873,1544,4833
1516,4702,1516,4747,1468,4747,1468,4702
1516,4750,1516,4763,1468,4763,1468,4750
1516,4766,1516,4811,1468,4811,1468,4766
1516,4831,1516,4874,1468,4874,1468,4831
1702,563,1702,602,1683,602,1683,563
1708,952,1708,1048,1666,1048,1666,952
1694,2691,1694,2755,1671,2755,1671,2691
1702,2077,1702,2178,1671,2178,1671,2077
1664,2081,1664,2106,1629,2106,1629,2081
1664,2114,1664,2123,1629,2123,1629,2114
1664,2126,1664,2158,1629,2158,1629,2126
1664,2179,1664,2188,1629,2188,1629,2179
1555,1626,1582,1625,1584,1673,1557,1674
1607,1624,1641,1623,1643,1671,1609,1672
1549,1643,1584,1643,1584,1664,1549,1664
1607,1643,1635,1643,1635,1664,1607,1664
1579,3162,1579,3218,1556,3218,1556,3162
1506,2356,1506,2388,1485,2388,1485,2356
1506,2413,1506,2445,1485,2445,1485,2413
1524,2361,1524,2390,1472,2389,1472,2360
1523,2418,1523,2446,1472,2445,1472,2417
1520,2614,1519,2652,1467,2651,1468,2613
1519,2673,1519,2702,1467,2701,1467,2672
1506,2614,1506,2644,1483,2644,1483,2614
1506,2670,1506,2699,1483,2699,1483,2670
1513,4005,1513,4157,1475,4157,1475,4005
1513,4194,1513,4308,1475,4308,1475,4194
1513,4340,1513,4508,1475,4508,1475,4340
1492,3439,1492,3448,1459,3448,1459,3439
1492,3488,1492,3539,1459,3539,1459,3488
1492,3547,1492,3556,1459,3556,1459,3547
1492,3565,1492,3631,1459,3631,1459,3565
1455,3490,1455,3501,1415,3500,1415,3489
1454,3502,1454,3513,1414,3512,1414,3501
1454,3523,1451,3641,1410,3640,1413,3522
1435,1631,1448,1631,1450,1677,1437,1678
1446,1635,1393,1635,1393,1604,1446,1604
1436,3767,1436,3814,1393,3814,1393,3767
1404,1618,1403,1650,1372,1649,1373,1617
1400,1794,1399,1828,1369,1827,1370,1793
1364,1678,1364,1731,1341,1731,1341,1678
1160,323,1160,457,1120,457,1120,323
1115,324,1115,333,1080,334,1080,325
1115,339,1115,348,1080,349,1080,340
1116,354,1117,386,1082,387,1081,355
1118,407,1118,416,1083,417,1083,408
905,4006,905,4123,883,4123,883,4006
884,1149,880,1248,845,1247,849,1148
885,2002,885,2135,847,2135,847,2002
885,2158,885,2201,847,2201,847,2158
843,2002,843,2011,808,2012,808,2003
843,2016,843,2025,808,2026,808,2017
844,2028,845,2060,809,2061,808,2029
846,2081,846,2090,811,2091,811,2082
861,1780,861,1866,840,1866,840,1780
833,1811,833,1819,801,1819,801,1811
884,2666,884,2801,848,2801,848,2666
884,2828,884,2862,848,2862,848,2828
843,2670,843,2680,807,2680,807,2670
843,2685,843,2695,807,2695,807,2685
843,2699,843,2726,807,2726,807,2699
843,2748,843,2758,807,2758,807,2748
888,3256,888,3396,841,3396,841,3256
888,3418,888,3453,841,3453,841,3418
843,3254,843,3291,809,3291,809,3254
843,3293,843,3302,809,3302,809,3293
843,3305,843,3336,809,3336,809,3305
843,3356,843,3365,809,3365,809,3356
842,1148,843,1185,808,1186,807,1149
843,1187,843,1196,809,1197,809,1188
843,1199,844,1230,810,1231,809,1200
845,1250,845,1259,811,1260,811,1251
849,4033,849,4071,815,4071,815,4033
803,4010,803,4018,772,4017,772,4009
802,4029,802,4037,771,4036,771,4028
801,4045,801,4053,770,4052,770,4044
800,4088,799,4116,768,4115,769,4087
849,4160,849,4241,817,4241,817,4160
849,4267,849,4354,817,4354,817,4267
849,4553,849,4688,817,4688,817,4553
849,4711,849,4747,817,4747,817,4711
849,4766,849,4870,817,4870,817,4766
803,4157,804,4278,770,4278,769,4157
805,4303,805,4334,771,4334,771,4303
806,4355,807,4417,772,4417,771,4355
807,4555,808,4621,774,4621,773,4555
808,4630,808,4639,774,4639,774,4630
808,4643,809,4755,775,4755,774,4643
761,4157,761,4262,732,4262,732,4157
761,4285,761,4312,732,4312,732,4285
728,4157,728,4315,703,4315,703,4157
737,4433,737,4612,708,4612,708,4433
737,4635,737,4685,708,4685,708,4635
737,4705,737,4817,708,4817,708,4705
699,4160,699,4317,674,4317,674,4160
699,4336,699,4400,674,4400,674,4336
709,4438,709,4446,678,4446,678,4438
709,4444,709,4493,678,4493,678,4444
709,4505,709,4513,678,4513,678,4505
709,4519,709,4614,678,4614,678,4519
709,4614,709,4622,678,4622,678,4614
666,4159,668,4313,646,4313,644,4159
669,4337,669,4342,647,4342,647,4337
679,4436,679,4464,648,4464,648,4436
679,4486,679,4554,648,4554,648,4486
679,4563,679,4571,648,4571,648,4563
679,4573,679,4646,648,4646,648,4573
645,4155,645,4265,614,4265,614,4155
645,4284,645,4393,614,4393,614,4284
651,4433,651,4473,620,4473,620,4433
651,4492,651,4559,620,4559,620,4492
651,4568,651,4576,620,4576,620,4568
651,4584,651,4712,620,4712,620,4584
613,4163,613,4168,591,4168,591,4163
613,4171,613,4219,591,4219,591,4171
613,4227,613,4232,591,4232,591,4227
623,4438,623,4447,589,4447,589,4438
623,4471,623,4679,589,4679,589,4471
582,4441,582,4476,544,4476,544,4441
582,4496,582,4609,544,4609,544,4496
582,4630,582,4657,544,4657,544,4630
582,4685,582,4782,544,4782,544,4685
563,1214,560,1392,535,1392,538,1214
555,1953,563,2093,546,2094,537,1954
560,2592,560,2763,537,2763,537,2592
428,4136,427,4139,413,4136,413,4133
425,4147,424,4150,410,4147,410,4144
430,4253,430,4269,409,4269,409,4253
430,4486,430,4507,410,4507,410,4486
257,4057,257,4136,225,4136,225,4057
257,4159,257,4183,225,4183,225,4159
257,4206,257,4255,225,4255,225,4206
257,4275,257,4298,225,4298,225,4275
257,4315,257,4323,225,4323,225,4315
246,4539,246,4648,198,4648,198,4539
246,4683,246,4864,198,4864,198,4683
219,4047,219,4082,181,4082,181,4047
219,4100,219,4110,181,4110,181,4100
219,4118,219,4166,181,4166,181,4118
219,4170,219,4180,181,4180,181,4170
219,4196,219,4289,181,4289,181,4196
157,4222,157,4301,104,4301,104,4222
157,4311,157,4326,104,4326,104,4311
157,4333,157,4348,104,4348,104,4333
157,4356,157,4405,104,4405,104,4356
157,4452,157,4526,104,4526,104,4452
151,69,151,136,122,136,122,69
151,159,151,167,122,167,122,159
151,183,151,233,122,233,122,183
151,248,151,365,122,365,122,248
151,375,151,444,122,444,122,375
151,466,151,531,122,531,122,466
151,553,151,719,122,719,122,553
151,741,151,749,122,749,122,741
151,756,151,764,122,764,122,756
151,764,151,830,122,830,122,764
151,853,151,1007,122,1007,122,853
151,1032,151,1053,122,1053,122,1032
151,1080,151,1201,122,1201,122,1080
151,1228,151,1274,122,1274,122,1228
151,1292,151,1453,122,1453,122,1292
151,1480,151,1638,122,1638,122,1480
151,1655,151,1692,122,1692,122,1655
151,1711,151,1934,122,1934,122,1711
151,1953,151,2018,122,2018,122,1953
151,2040,151,2081,122,2081,122,2040
151,2106,151,2249,122,2249,122,2106
151,2272,151,2355,122,2355,122,2272
151,2355,151,2363,122,2363,122,2355
151,2379,151,2537,122,2537,122,2379
151,2538,151,2546,122,2546,122,2538
151,2566,151,2690,122,2690,122,2566
151,2694,151,2702,122,2702,122,2694
151,2722,151,2786,122,2786,122,2722
151,2793,151,2801,122,2801,122,2793
151,2805,151,2936,122,2936,122,2805
151,2937,151,2945,122,2945,122,2937
151,2964,151,3005,122,3005,122,2964
151,3027,151,3202,122,3202,122,3027
151,3225,151,3257,122,3257,122,3225
151,3272,151,3395,122,3395,122,3272
151,3415,151,3507,122,3507,122,3415
151,3510,151,3518,122,3518,122,3510
151,3534,151,3575,122,3575,122,3534
121,70,121,205,92,205,92,70
121,232,121,396,92,396,92,232
121,415,121,484,92,484,92,415
121,506,121,522,92,522,92,506
121,543,121,649,92,649,92,543
121,670,121,702,92,702,92,670
121,721,121,742,92,742,92,721
121,763,121,868,92,868,92,763
121,890,121,960,92,960,92,890
121,977,121,1077,92,1077,92,977
121,1102,121,1110,92,1110,92,1102
121,1138,121,1207,92,1207,92,1138
121,1227,121,1341,92,1341,92,1227
121,1345,121,1353,92,1353,92,1345
121,1368,121,1422,92,1422,92,1368
121,1442,121,1578,92,1578,92,1442
121,1601,121,1671,92,1671,92,1601
121,1688,121,1905,92,1905,92,1688
121,1906,121,1914,92,1914,92,1906
121,1930,121,1980,92,1980,92,1930
121,2003,121,2194,92,2194,92,2003
121,2212,121,2244,92,2244,92,2212
121,2267,121,2337,92,2337,92,2267
121,2350,121,2404,92,2404,92,2350
121,2423,121,2547,92,2547,92,2423
121,2548,121,2556,92,2556,92,2548
121,2572,121,2604,92,2604,92,2572
121,2630,121,2784,92,2784,92,2630
121,2809,121,2817,92,2817,92,2809
121,2824,121,2832,92,2832,92,2824
121,2833,121,2883,92,2883,92,2833
121,2902,121,2952,92,2952,92,2902
121,2975,121,3178,92,3178,92,2975
121,3181,121,3189,92,3189,92,3181
121,3205,121,3255,92,3255,92,3205
121,3275,121,3302,92,3302,92,3275
121,3307,121,3432,92,3432,92,3307
121,3455,121,3523,92,3523,92,3455
121,3542,121,3660,92,3660,92,3542
121,3685,121,3693,92,3693,92,3685
93,76,93,147,62,147,62,76
93,164,93,280,62,280,62,164
93,309,93,337,62,337,62,309
93,360,93,547,62,547,62,360
93,564,93,598,62,598,62,564
93,619,93,705,62,705,62,619
93,711,93,719,62,719,62,711
