3412,3497,3412,3585,3389,3585,3389,3497
3412,3595,3412,3635,3389,3635,3389,3595
3412,3641,3412,3647,3389,3647,3389,3641
3412,3645,3412,3688,3389,3688,3389,3645
3367,3447,3367,3526,3349,3526,3349,3447
3367,3532,3367,3572,3349,3572,3349,3532
3367,3580,3367,3636,3349,3636,3349,3580
3364,4442,3364,4656,3288,4656,3288,4442
3320,3446,3320,3525,3304,3525,3304,3446
3320,3529,3320,3574,3304,3574,3304,3529
3320,3582,3320,3636,3304,3636,3304,3582
3278,3447,3278,3527,3257,3527,3257,3447
3278,3532,3278,3571,3257,3571,3257,3532
3278,3581,3278,3638,3257,3638,3257,3581
3278,3646,3278,3651,3257,3651,3257,3646
3278,3658,3278,3699,3257,3699,3257,3658
3278,3704,3278,3760,3257,3760,3257,3704
3253,4209,3253,4325,3230,4325,3230,4209
3253,4336,3253,4392,3230,4392,3230,4336
3240,1470,3240,1499,3217,1499,3217,1470
3240,1527,3240,1556,3217,1556,3217,1527
3228,3447,3228,3495,3212,3495,3212,3447
3228,3501,3229,3558,3213,3558,3212,3501
3229,3567,3230,3642,3214,3642,3213,3567
3183,3446,3182,3467,3163,3467,3164,3446
3182,3466,3182,3470,3164,3470,3164,3466
3182,3474,3182,3484,3164,3484,3164,3474
3182,3485,3182,3489,3164,3489,3164,3485
3182,3491,3181,3521,3162,3521,3163,3491
3184,1406,3132,1408,3131,1387,3183,1385
3138,3447,3138,3465,3124,3465,3124,3447
3138,3467,3138,3470,3124,3470,3124,3467
3138,3474,3138,3484,3124,3484,3124,3474
3138,3485,3138,3488,3124,3488,3124,3485
3138,3490,3138,3524,3123,3524,3123,3490
3137,3529,3137,3539,3123,3539,3123,3529
3138,3545,3137,3623,3122,3623,3123,3545
3137,3628,3137,3664,3122,3664,3122,3628
3136,3673,3136,3728,3122,3728,3122,3673
3207,4286,3207,4589,3146,4589,3146,4286
3116,4118,3116,4180,3072,4180,3072,4118
3116,4186,3116,4198,3072,4198,3072,4186
3116,4212,3116,4268,3072,4268,3072,4212
3116,4281,3116,4293,3072,4293,3072,4281
3116,4323,3116,4497,3072,4497,3072,4323
3116,4526,3116,4761,3072,4761,3072,4526
3068,4246,3068,4367,3021,4367,3021,4246
3068,4404,3068,4641,3021,4641,3021,4404
3091,3444,3091,3490,3076,3490,3076,3444
3091,3499,3091,3513,3076,3513,3076,3499
3091,3516,3091,3519,3076,3519,3076,3516
3091,3522,3091,3533,3076,3533,3076,3522
3091,3534,3091,3537,3076,3537,3076,3534
3091,3538,3091,3569,3076,3569,3076,3538
3055,3446,3055,3481,3038,3481,3038,3446
3055,3488,3055,3492,3038,3492,3038,3488
3055,3495,3055,3499,3038,3499,3038,3495
3055,3499,3055,3557,3038,3557,3038,3499
3055,3565,3055,3595,3038,3595,3038,3565
3055,3604,3055,3633,3038,3633,3038,3604
3055,3637,3055,3676,3038,3676,3038,3637
3055,3684,3055,3709,3038,3709,3038,3684
3037,3448,3037,3452,3020,3452,3020,3448
3037,3450,3037,3520,3020,3520,3020,3450
3037,3518,3037,3522,3020,3522,3020,3518
3037,3525,3037,3577,3020,3577,3020,3525
3037,3579,3037,3583,3020,3583,3020,3579
3002,3444,3002,3502,2985,3502,2985,3444
3002,3505,3002,3552,2985,3552,2985,3505
3002,3561,3002,3609,2985,3609,2985,3561
3002,3616,3002,3636,2985,3636,2985,3616
2979,878,2979,967,2943,967,2943,878
2956,3446,2957,3505,2939,3505,2938,3446
2956,3513,2956,3563,2939,3563,2939,3513
2956,3570,2956,3609,2939,3609,2939,3570
2957,3615,2957,3625,2940,3625,2940,3615
2957,3629,2957,3674,2940,3674,2940,3629
2945,1046,2945,1157,2911,1157,2911,1046
2945,1164,2945,1173,2911,1173,2911,1164
2945,1183,2945,1284,2911,1284,2911,1183
2909,1043,2910,1073,2869,1074,2868,1044
2910,1077,2910,1088,2870,1089,2870,1078
2910,1093,2911,1122,2871,1123,2870,1094
2912,1143,2912,1154,2872,1155,2872,1144
2952,1916,2952,2036,2905,2036,2905,1916
2952,2074,2952,2108,2905,2108,2905,2074
2912,1916,2912,1928,2867,1928,2867,1916
2912,1930,2912,1942,2867,1942,2867,1930
2912,1943,2912,2027,2867,2027,2867,1943
2910,3447,2910,3506,2894,3506,2894,3447
2910,3511,2910,3566,2894,3566,2894,3511
2910,3574,2910,3625,2894,3625,2894,3574
2910,3631,2910,3692,2894,3692,2894,3631
2862,3447,2863,3478,2844,3478,2843,3447
2862,3485,2862,3499,2844,3499,2844,3485
2863,3506,2864,3556,2845,3556,2844,3506
2863,3562,2863,3572,2845,3572,2845,3562
2864,3585,2864,3595,2846,3595,2846,3585
2864,3598,2864,3602,2846,3602,2846,3598
2864,3606,2864,3626,2846,3626,2846,3606
2865,3633,2865,3637,2847,3637,2847,3633
2865,3640,2865,3644,2847,3644,2847,3640
2818,3346,2818,3371,2801,3371,2801,3346
2828,3446,2828,3478,2810,3478,2810,3446
2828,3484,2828,3500,2810,3500,2810,3484
2828,3505,2828,3557,2810,3557,2810,3505
2828,3561,2828,3574,2810,3574,2810,3561
2828,3586,2828,3596,2810,3596,2810,3586
2828,3599,2828,3603,2810,3603,2810,3599
2828,3605,2828,3628,2810,3628,2810,3605
2828,3632,2828,3636,2810,3636,2810,3632
2828,3641,2828,3645,2810,3645,2810,3641
2828,3653,2828,3657,2810,3657,2810,3653
2828,3656,2828,3738,2810,3738,2810,3656
2828,3744,2828,3815,2810,3815,2810,3744
2828,3820,2828,3907,2810,3907,2810,3820
2828,3907,2828,3911,2810,3911,2810,3907
2809,3449,2809,3478,2794,3478,2794,3449
2809,3487,2809,3490,2794,3490,2794,3487
2809,3495,2809,3498,2794,3498,2794,3495
2809,3501,2809,3522,2794,3522,2794,3501
2809,3534,2809,3545,2794,3545,2794,3534
2809,3555,2809,3558,2794,3558,2794,3555
2809,3559,2809,3562,2794,3562,2794,3559
2809,3565,2809,3585,2794,3585,2794,3565
2809,3595,2809,3609,2794,3609,2794,3595
2809,3617,2809,3633,2794,3633,2794,3617
2773,3448,2773,3479,2759,3479,2759,3448
2773,3486,2773,3501,2759,3501,2759,3486
2773,3508,2773,3560,2759,3560,2759,3508
2773,3565,2773,3578,2759,3578,2759,3565
2773,3591,2773,3601,2759,3601,2759,3591
2773,3605,2773,3608,2759,3608,2759,3605
2773,3612,2773,3633,2759,3633,2759,3612
2773,3639,2773,3642,2759,3642,2759,3639
2773,3648,2773,3651,2759,3651,2759,3648
2773,3657,2773,3660,2759,3660,2759,3657
2773,3661,2773,3697,2759,3697,2759,3661
2773,3699,2773,3702,2759,3702,2759,3699
2773,3710,2773,3713,2759,3713,2759,3710
2773,3723,2773,3726,2759,3726,2759,3723
2773,3728,2773,3731,2759,3731,2759,3728
2773,3735,2773,3753,2759,3753,2759,3735
2773,3764,2773,3777,2759,3777,2759,3764
2773,3786,2773,3804,2759,3804,2759,3786
2730,3448,2730,3453,2709,3453,2709,3448
2730,3460,2730,3503,2709,3503,2709,3460
2730,3510,2730,3525,2709,3525,2709,3510
2730,3529,2730,3582,2709,3582,2709,3529
2730,3587,2730,3602,2709,3602,2709,3587
2730,3612,2730,3623,2709,3623,2709,3612
2730,3626,2730,3631,2709,3631,2709,3626
2730,3634,2730,3654,2709,3654,2709,3634
2730,3659,2730,3664,2709,3664,2709,3659
2730,3668,2730,3673,2709,3673,2709,3668
2730,3677,2730,3682,2709,3682,2709,3677
2730,3683,2730,3716,2709,3716,2709,3683
2730,3719,2730,3724,2709,3724,2709,3719
2730,3730,2730,3735,2709,3735,2709,3730
2730,3743,2730,3748,2709,3748,2709,3743
2730,3747,2730,3752,2709,3752,2709,3747
2730,3755,2730,3775,2709,3775,2709,3755
2730,3785,2730,3800,2709,3800,2709,3785
2730,3808,2730,3825,2709,3825,2709,3808
2682,3348,2682,3386,2663,3386,2663,3348
2683,3446,2683,3480,2666,3480,2666,3446
2683,3486,2683,3501,2666,3501,2666,3486
2683,3508,2683,3558,2666,3558,2666,3508
2683,3563,2683,3579,2666,3579,2666,3563
2683,3589,2683,3601,2666,3601,2666,3589
2683,3604,2683,3608,2666,3608,2666,3604
2683,3612,2683,3634,2666,3634,2666,3612
2683,3639,2683,3643,2666,3643,2666,3639
2683,3648,2683,3652,2666,3652,2666,3648
2683,3658,2683,3700,2666,3700,2666,3658
2683,3705,2683,3735,2666,3735,2666,3705
2683,3743,2683,3747,2666,3747,2666,3743
2683,3757,2683,3761,2666,3761,2666,3757
2683,3763,2683,3767,2666,3767,2666,3763
2683,3767,2683,3788,2666,3788,2666,3767
2683,3797,2683,3813,2666,3813,2666,3797
2683,3821,2683,3837,2666,3837,2666,3821
2636,3446,2636,3478,2618,3478,2618,3446
2636,3484,2636,3500,2618,3500,2618,3484
2636,3508,2636,3557,2618,3557,2618,3508
2636,3561,2636,3574,2618,3574,2618,3561
2636,3586,2636,3596,2618,3596,2618,3586
2636,3599,2636,3603,2618,3603,2618,3599
2636,3605,2636,3628,2618,3628,2618,3605
2636,3632,2636,3636,2618,3636,2618,3632
2636,3641,2636,3645,2618,3645,2618,3641
2636,3655,2636,3703,2618,3703,2618,3655
2591,3446,2591,3480,2574,3480,2574,3446
2591,3486,2591,3502,2574,3502,2574,3486
2591,3508,2591,3558,2574,3558,2574,3508
2591,3564,2591,3576,2574,3576,2574,3564
2591,3589,2591,3610,2574,3610,2574,3589
2591,3617,2591,3621,2574,3621,2574,3617
2591,3626,2591,3630,2574,3630,2574,3626
2591,3637,2591,3677,2574,3677,2574,3637
2591,3686,2591,3724,2574,3724,2574,3686
2591,3731,2591,3746,2574,3746,2574,3731
2591,3751,2591,3799,2574,3799,2574,3751
2545,3445,2545,3478,2528,3478,2528,3445
2545,3485,2545,3501,2528,3501,2528,3485
2545,3506,2545,3560,2528,3560,2528,3506
2545,3565,2545,3639,2528,3639,2528,3565
2545,3645,2545,3649,2528,3649,2528,3645
2545,3651,2545,3679,2528,3679,2528,3651
2545,3684,2545,3725,2528,3725,2528,3684
2545,3730,2545,3745,2528,3745,2528,3730
2545,3749,2545,3753,2528,3753,2528,3749
2545,3758,2545,3771,2528,3771,2528,3758
2545,3773,2545,3777,2528,3777,2528,3773
2545,3780,2545,3818,2528,3818,2528,3780
2545,3823,2545,3827,2528,3827,2528,3823
2498,3445,2498,3479,2483,3479,2483,3445
2498,3485,2498,3502,2483,3502,2483,3485
2498,3509,2498,3603,2483,3603,2483,3509
2498,3609,2498,3642,2483,3642,2483,3609
2453,3445,2453,3477,2438,3477,2438,3445
2453,3486,2453,3500,2438,3500,2438,3486
2453,3508,2453,3559,2438,3559,2438,3508
2407,3448,2407,3528,2391,3528,2391,3448
2407,3537,2407,3566,2391,3566,2391,3537
2407,3572,2407,3617,2391,3617,2391,3572
2394,1756,2394,1783,2356,1784,2356,1757
2395,1808,2396,1844,2358,1845,2357,1809
2396,1893,2396,1903,2358,1904,2358,1894
2365,3448,2364,3505,2346,3505,2347,3448
2364,3514,2363,3546,2345,3546,2346,3514
2374,847,2374,945,2314,945,2314,847
2318,3447,2318,3526,2302,3526,2302,3447
2226,1643,2265,1643,2265,1685,2226,1685
2284,1643,2315,1643,2315,1685,2284,1685
2300,2005,2300,2048,2262,2048,2262,2005
2274,3447,2274,3487,2253,3487,2253,3447
2274,3493,2274,3562,2253,3562,2253,3493
2274,3569,2274,3635,2253,3635,2253,3569
2197,1943,2227,1943,2227,1983,2197,1983
2255,1943,2284,1943,2284,1983,2255,1983
2238,3328,2238,3355,2226,3355,2226,3328
2228,3447,2228,3513,2207,3513,2207,3447
2228,3519,2228,3586,2207,3586,2207,3519
2228,3590,2228,3662,2207,3662,2207,3590
2228,3665,2228,3681,2207,3681,2207,3665
2228,3687,2228,3724,2207,3724,2207,3687
2294,4073,2294,4591,2218,4591,2218,4073
2294,4640,2294,4808,2218,4808,2218,4640
2217,4046,2217,4435,2155,4435,2155,4046
2217,4474,2217,4531,2155,4531,2155,4474
2217,4585,2217,4602,2155,4602,2155,4585
2217,4644,2217,4830,2155,4830,2155,4644
2157,4210,2157,4341,2099,4341,2099,4210
2157,4393,2157,4409,2099,4409,2099,4393
2157,4458,2157,4521,2099,4521,2099,4458
2157,4570,2157,4586,2099,4586,2099,4570
2157,4611,2157,4627,2099,4627,2099,4611
2157,4647,2157,4663,2099,4663,2099,4647
2175,1572,2175,1624,2154,1624,2154,1572
2179,3444,2179,3513,2164,3513,2164,3444
2179,3519,2179,3522,2164,3522,2164,3519
2179,3531,2179,3553,2164,3553,2164,3531
2179,3558,2179,3604,2164,3604,2164,3558
2125,2019,2178,2019,2178,2050,2125,2050
2142,3318,2142,3349,2107,3349,2107,3318
2134,3447,2134,3487,2119,3487,2119,3447
2134,3491,2134,3494,2119,3494,2119,3491
2134,3494,2134,3558,2119,3558,2119,3494
2134,3566,2134,3625,2119,3625,2119,3566
2088,3447,2088,3525,2071,3525,2071,3447
2088,3532,2088,3536,2071,3536,2071,3532
2088,3537,2088,3541,2071,3541,2071,3537
2088,3542,2088,3602,2071,3602,2071,3542
2072,1754,2072,1811,2037,1811,2037,1754
2043,3448,2043,3499,2025,3499,2025,3448
2043,3503,2043,3520,2025,3520,2025,3503
2043,3527,2043,3574,2025,3574,2025,3527
2043,3583,2043,3587,2025,3587,2025,3583
1998,3448,1998,3500,1981,3500,1981,3448
1998,3504,1998,3520,1981,3520,1981,3504
1998,3526,1998,3574,1981,3574,1981,3526
1998,3581,1998,3585,1981,3585,1981,3581
1894,1776,1896,1843,1875,1844,1873,1777
1875,2053,1875,2111,1835,2111,1835,2053
1825,2058,1826,2066,1797,2070,1796,2062
1827,2076,1828,2084,1799,2088,1798,2080
1828,2090,1831,2115,1803,2119,1799,2094
1829,2306,1830,2319,1783,2323,1782,2310
2063,4006,2063,4155,2023,4155,2023,4006
2063,4192,2063,4203,2023,4203,2023,4192
2063,4233,2063,4375,2023,4375,2023,4233
2013,4003,2013,4172,1975,4172,1975,4003
2013,4203,2013,4239,1975,4239,1975,4203
1964,4004,1964,4170,1922,4170,1922,4004
1964,4202,1964,4241,1922,4241,1922,4202
1920,4006,1920,4044,1869,4044,1869,4006
1920,4065,1920,4143,1869,4143,1869,4065
1861,4006,1858,4075,1824,4073,1827,4004
1810,4004,1810,4056,1775,4056,1775,4004
1763,4007,1763,4250,1724,4250,1724,4007
1721,4005,1721,4158,1685,4158,1685,4005
1721,4190,1721,4309,1685,4309,1685,4190
1682,3998,1682,4188,1645,4188,1645,3998
1644,3996,1644,4136,1606,4136,1606,3996
1583,4003,1583,4160,1543,4160,1543,4003
1583,4189,1583,4312,1543,4312,1543,4189
1583,4341,1583,4508,1543,4508,1543,4341
2063,4728,2064,4749,2024,4750,2023,4729
2063,4759,2063,4770,2023,4771,2023,4760
2064,4779,2065,4808,2025,4809,2024,4780
2065,4834,2066,4872,2026,4873,2025,4835
2014,4720,2014,4751,1972,4751,1972,4720
2014,4761,2014,4772,1972,4772,1972,4761
2014,4774,2014,4813,1972,4813,1972,4774
2014,4835,2014,4873,1972,4873,1972,4835
1965,4744,1965,4755,1925,4755,1925,4744
1965,4760,1965,4771,1925,4771,1925,4760
1965,4775,1965,4811,1925,4811,1925,4775
1965,4830,1965,4875,1925,4875,1925,4830
1916,4711,1916,4759,1873,4759,1873,4711
1916,4760,1916,4772,1873,4772,1873,4760
1916,4775,1916,4814,1873,4814,1873,4775
1916,4832,1916,4871,1873,4871,1873,4832
1865,4740,1865,4751,1825,4751,1825,4740
1865,4760,1865,4771,1825,4771,1825,4760
1865,4775,1865,4811,1825,4811,1825,4775
1865,4830,1865,4875,1825,4875,1825,4830
1820,4745,1820,4759,1769,4759,1769,4745
1820,4760,1820,4774,1769,4774,1769,4760
1820,4782,1820,4810,1769,4810,1769,4782
1820,4830,1820,4877,1769,4877,1769,4830
1772,4740,1772,4754,1721,4754,1721,4740
1772,4761,1772,4775,1721,4775,1721,4761
1772,4776,1772,4813,1721,4813,1721,4776
1772,4831,1772,4878,1721,4878,1721,4831
1705,4693,1705,4749,1662,4749,1662,4693
1705,4753,1705,4765,1662,4765,1662,4753
1705,4767,1705,4807,1662,4807,1662,4767
1705,4836,1705,4848,1662,4848,1662,4836
1705,4858,1705,4870,1662,4870,1662,4858
1646,4741,1646,4752,1604,4752,1604,4741
1646,4760,1646,4771,1604,4771,1604,4760
1646,4774,1646,4813,1604,4813,1604,4774
1646,4834,1646,4873,1604,4873,1604,4834
1588,4708,1588,4751,1540,4751,1540,4708
1588,4750,1588,4763,1540,4763,1540,4750
1588,4772,1588,4808,1540,4808,1540,4772
1588,4836,1588,4872,1540,4872,1540,4836
1727,1945,1758,1944,1759,1978,1728,1979
1785,1944,1794,1944,1795,1978,1786,1978
1684,2351,1641,2354,1637,2293,1680,2290
1637,1648,1639,1687,1592,1690,1590,1651
1635,1750,1635,1784,1613,1784,1613,1750
1635,1810,1635,1838,1613,1838,1613,1810
1606,1839,1606,1920,1581,1920,1581,1839
1642,1754,1644,1788,1597,1791,1595,1757
1646,1814,1647,1839,1599,1842,1598,1817
1649,1879,1649,1886,1602,1889,1602,1882
1653,1954,1657,2018,1610,2021,1606,1957
1599,1979,1599,2033,1576,2033,1576,1979
1469,1054,1469,1148,1435,1148,1435,1054
1431,1055,1431,1094,1395,1094,1395,1055
1431,1095,1431,1105,1395,1105,1395,1095
1431,1104,1431,1137,1395,1137,1395,1104
1431,1158,1431,1168,1395,1168,1395,1158
1233,835,1366,835,1366,876,1233,876
987,1851,961,2025,911,2018,938,1844
941,1847,945,1962,897,1964,893,1849
946,1992,946,2005,900,2007,899,1994
888,4006,888,4126,865,4126,865,4006
829,4035,829,4067,804,4067,804,4035
786,4009,786,4015,763,4015,763,4009
786,4026,786,4032,763,4032,763,4026
786,4043,786,4049,763,4049,763,4043
786,4074,786,4080,763,4080,763,4074
786,4079,786,4085,763,4085,763,4079
786,4085,786,4111,763,4111,763,4085
748,1520,748,1535,738,1535,738,1520
829,4161,829,4242,795,4242,795,4161
829,4270,829,4355,795,4355,795,4270
797,4158,793,4277,763,4276,767,4157
792,4299,791,4331,761,4330,762,4298
790,4354,788,4416,758,4415,760,4353
761,4157,761,4258,732,4258,732,4157
761,4281,761,4313,732,4313,732,4281
731,4154,731,4314,702,4314,702,4154
699,4162,699,4318,672,4318,672,4162
699,4337,699,4401,672,4401,672,4337
667,4160,669,4311,646,4311,644,4160
670,4338,670,4344,647,4344,647,4338
643,4155,643,4262,614,4262,614,4155
643,4281,643,4391,614,4391,614,4281
612,4163,612,4168,591,4168,591,4163
612,4168,612,4216,591,4216,591,4168
612,4225,612,4230,591,4230,591,4225
826,4556,824,4696,788,4696,790,4556
824,4715,824,4747,788,4747,788,4715
823,4765,822,4869,787,4869,788,4765
782,4557,780,4622,751,4621,753,4556
779,4632,779,4640,750,4639,750,4631
779,4645,775,4754,745,4753,749,4644
740,4448,740,4626,702,4626,702,4448
740,4648,740,4697,702,4697,702,4648
740,4718,740,4831,702,4831,702,4718
707,4450,707,4458,678,4458,678,4450
707,4455,707,4505,678,4505,678,4455
707,4516,707,4524,678,4524,678,4516
707,4532,707,4625,678,4625,678,4532
707,4624,707,4632,678,4632,678,4624
679,4445,679,4479,648,4479,648,4445
679,4499,679,4569,648,4569,648,4499
679,4576,679,4584,648,4584,648,4576
679,4587,679,4660,648,4660,648,4587
651,4445,651,4485,620,4485,620,4445
651,4504,651,4571,620,4571,620,4504
651,4580,651,4588,620,4588,620,4580
651,4596,651,4724,620,4724,620,4596
623,4450,623,4458,591,4457,591,4449
623,4480,620,4691,587,4690,590,4479
583,4471,583,4482,543,4482,543,4471
583,4507,582,4618,541,4618,542,4507
581,4636,581,4674,540,4674,540,4636
580,4697,579,4793,539,4793,540,4697
679,936,679,1032,643,1032,643,936
640,939,641,948,607,951,606,942
642,956,643,965,609,968,608,959
643,968,648,1036,614,1039,608,971
431,4022,432,4028,409,4030,408,4024
430,4131,430,4136,409,4136,409,4131
430,4144,430,4149,409,4149,409,4144
430,4153,430,4158,409,4158,409,4153
429,4252,429,4269,409,4269,409,4252
429,4483,429,4508,411,4508,411,4483
253,4054,253,4136,230,4136,230,4054
253,4161,253,4178,230,4178,230,4161
253,4203,253,4254,230,4254,230,4203
253,4272,253,4298,230,4298,230,4272
253,4318,253,4324,230,4324,230,4318
244,4539,244,4642,198,4642,198,4539
244,4680,244,4866,198,4866,198,4680
219,3924,219,3935,177,3935,177,3924
219,3989,219,4000,177,4000,177,3989
219,4036,219,4082,177,4082,177,4036
219,4088,219,4099,177,4099,177,4088
219,4107,219,4161,177,4161,177,4107
219,4174,219,4185,177,4185,177,4174
219,4193,219,4285,177,4285,177,4193
154,4236,154,4315,108,4315,108,4236
154,4333,154,4346,108,4346,108,4333
154,4357,154,4408,108,4408,108,4357
154,4450,154,4528,108,4528,108,4450
151,70,151,138,120,138,120,70
151,160,151,168,120,168,120,160
151,182,151,230,120,230,120,182
151,249,151,444,120,444,120,249
151,465,151,534,120,534,120,465
151,555,151,717,120,717,120,555
151,742,151,750,120,750,120,742
151,758,151,766,120,766,120,758
151,769,151,834,120,834,120,769
151,855,151,1005,120,1005,120,855
151,1028,151,1056,120,1056,120,1028
151,1082,151,1199,120,1199,120,1082
151,1225,151,1274,120,1274,120,1225
151,1291,151,1458,120,1458,120,1291
151,1479,151,1637,120,1637,120,1479
151,1657,151,1692,120,1692,120,1657
151,1708,151,1935,120,1935,120,1708
151,1952,151,2016,120,2016,120,1952
151,2040,151,2080,120,2080,120,2040
151,2104,151,2252,120,2252,120,2104
151,2273,151,2354,120,2354,120,2273
151,2358,151,2366,120,2366,120,2358
151,2380,151,2534,120,2534,120,2380
151,2540,151,2548,120,2548,120,2540
151,2567,151,2693,120,2693,120,2567
151,2694,151,2702,120,2702,120,2694
151,2720,151,2784,120,2784,120,2720
151,2793,151,2801,120,2801,120,2793
151,2807,151,2936,120,2936,120,2807
151,2940,151,2948,120,2948,120,2940
151,2967,151,3007,120,3007,120,2967
151,3028,151,3203,120,3203,120,3028
151,3225,151,3260,120,3260,120,3225
151,3271,151,3392,120,3392,120,3271
151,3419,151,3506,120,3506,120,3419
151,3510,151,3518,120,3518,120,3510
151,3535,151,3574,120,3574,120,3535
121,70,121,205,92,205,92,70
121,232,121,396,92,396,92,232
121,415,121,484,92,484,92,415
121,506,121,522,92,522,92,506
121,543,121,649,92,649,92,543
121,670,121,702,92,702,92,670
121,721,121,742,92,742,92,721
121,763,121,868,92,868,92,763
121,890,121,960,92,960,92,890
121,977,121,1077,92,1077,92,977
121,1099,121,1107,92,1107,92,1099
121,1138,121,1207,92,1207,92,1138
121,1227,121,1341,92,1341,92,1227
121,1345,121,1353,92,1353,92,1345
121,1368,121,1422,92,1422,92,1368
121,1442,121,1578,92,1578,92,1442
121,1601,121,1671,92,1671,92,1601
121,1688,121,1906,92,1906,92,1688
121,1906,121,1914,92,1914,92,1906
121,1926,121,1980,92,1980,92,1926
121,2003,121,2194,92,2194,92,2003
121,2212,121,2244,92,2244,92,2212
121,2267,121,2337,92,2337,92,2267
121,2354,121,2404,92,2404,92,2354
121,2423,121,2547,92,2547,92,2423
121,2548,121,2556,92,2556,92,2548
121,2572,121,2604,92,2604,92,2572
121,2626,121,2783,92,2783,92,2626
121,2809,121,2817,92,2817,92,2809
121,2824,121,2832,92,2832,92,2824
121,2833,121,2883,92,2883,92,2833
121,2902,121,2952,92,2952,92,2902
121,2975,121,3178,92,3178,92,2975
121,3181,121,3189,92,3189,92,3181
121,3205,121,3255,92,3255,92,3205
121,3280,121,3432,92,3432,92,3280
121,3455,121,3523,92,3523,92,3455
121,3542,121,3660,92,3660,92,3542
121,3685,121,3693,92,3693,92,3685
93,76,93,147,62,147,62,76
93,164,93,280,62,280,62,164
93,304,93,339,62,339,62,304
93,360,93,542,62,542,62,360
93,564,93,598,62,598,62,564
93,619,93,705,62,705,62,619
93,708,93,716,62,716,62,708
