3387,4235,3387,4499,3318,4499,3318,4235
3339,4232,3339,4495,3274,4495,3274,4232
3224,2467,3231,2559,3197,2561,3190,2470
3261,2770,3261,2873,3225,2873,3225,2770
3261,2880,3261,2890,3225,2890,3225,2880
3261,2903,3261,3012,3225,3012,3225,2903
3223,2769,3223,2786,3187,2786,3187,2769
3223,2792,3223,2802,3187,2802,3187,2792
3223,2806,3223,2833,3187,2833,3187,2806
3223,2855,3223,2865,3187,2865,3187,2855
3206,4280,3206,4587,3146,4587,3146,4280
3118,4119,3118,4178,3067,4178,3067,4119
3118,4186,3118,4200,3067,4200,3067,4186
3118,4213,3118,4279,3067,4279,3067,4213
3118,4279,3118,4293,3067,4293,3067,4279
3118,4326,3118,4497,3067,4497,3067,4326
3118,4529,3118,4760,3067,4760,3067,4529
3070,4245,3070,4371,3022,4371,3022,4245
3070,4409,3070,4638,3022,4638,3022,4409
3044,1358,3044,1455,3004,1455,3004,1358
3003,1361,3004,1396,2965,1397,2964,1362
3004,1399,3004,1409,2966,1410,2966,1400
3004,1407,3005,1443,2967,1444,2966,1408
3006,1461,3006,1471,2968,1472,2968,1462
2977,2634,2977,2718,2939,2718,2939,2634
2941,2391,2940,2397,2917,2394,2918,2388
2846,2340,2842,2395,2823,2394,2826,2339
2846,3161,2846,3216,2825,3216,2825,3161
2680,2430,2713,2430,2713,2466,2680,2466
2740,2430,2767,2430,2767,2466,2740,2466
2679,3255,2714,3255,2714,3276,2679,3276
2738,3255,2765,3255,2765,3276,2738,3276
2618,2950,2620,2971,2601,2972,2599,2951
2619,2972,2619,2977,2600,2978,2600,2973
2620,2978,2622,2999,2603,3000,2601,2979
2603,320,2598,622,2562,621,2567,319
2531,765,2533,867,2492,868,2490,766
2521,1121,2521,1153,2500,1153,2500,1121
2521,1176,2521,1208,2500,1208,2500,1176
2329,1040,2355,1040,2355,1087,2329,1087
2380,1040,2414,1040,2414,1087,2380,1087
2199,1040,2212,1040,2212,1087,2199,1087
2167,660,2171,797,2132,798,2128,661
2171,817,2172,853,2134,854,2133,818
2160,1823,2160,1831,2132,1833,2131,1825
2161,1841,2161,1849,2133,1851,2132,1843
2162,1854,2166,1921,2137,1923,2133,1856
2131,744,2130,750,2107,746,2108,740
2140,1377,2140,1409,2119,1409,2119,1377
2140,1432,2140,1464,2119,1464,2119,1432
2088,1040,2140,1040,2140,1087,2088,1087
2098,1134,2098,1200,2080,1200,2080,1134
2121,2092,2048,2088,2050,2054,2123,2058
1928,1290,1921,1349,1883,1344,1889,1286
2295,4084,2295,4600,2226,4600,2226,4084
2295,4648,2295,4804,2226,4804,2226,4648
2217,4041,2217,4433,2155,4433,2155,4041
2217,4470,2217,4538,2155,4538,2155,4470
2217,4589,2217,4606,2155,4606,2155,4589
2217,4651,2217,4834,2155,4834,2155,4651
2157,4213,2157,4345,2099,4345,2099,4213
2157,4397,2157,4413,2099,4413,2099,4397
2157,4461,2157,4525,2099,4525,2099,4461
2157,4574,2157,4590,2099,4590,2099,4574
2157,4616,2157,4632,2099,4632,2099,4616
2157,4645,2157,4661,2099,4661,2099,4645
2063,4001,2063,4152,2025,4152,2025,4001
2063,4193,2063,4203,2025,4203,2025,4193
2063,4234,2063,4374,2025,4374,2025,4234
2062,4743,2062,4754,2021,4756,2021,4745
2063,4760,2063,4771,2022,4773,2022,4762
2064,4774,2065,4812,2024,4814,2023,4776
2066,4832,2067,4870,2026,4872,2025,4834
2013,4002,2013,4168,1975,4168,1975,4002
2013,4199,2013,4242,1975,4242,1975,4199
2014,4720,2014,4751,1972,4751,1972,4720
2014,4761,2014,4772,1972,4772,1972,4761
2014,4774,2014,4813,1972,4813,1972,4774
2014,4835,2014,4873,1972,4873,1972,4835
1964,4004,1964,4170,1922,4170,1922,4004
1964,4202,1964,4241,1922,4241,1922,4202
1965,4744,1965,4755,1924,4755,1924,4744
1965,4761,1965,4772,1924,4772,1924,4761
1965,4781,1965,4811,1924,4811,1924,4781
1965,4833,1965,4871,1924,4871,1924,4833
1920,4006,1920,4044,1869,4044,1869,4006
1920,4065,1920,4143,1869,4143,1869,4065
1920,4715,1920,4762,1869,4762,1869,4715
1920,4765,1920,4779,1869,4779,1869,4765
1920,4781,1920,4810,1869,4810,1869,4781
1920,4836,1920,4873,1869,4873,1869,4836
1862,4007,1862,4070,1825,4070,1825,4007
1872,4739,1872,4753,1821,4753,1821,4739
1872,4760,1872,4774,1821,4774,1821,4760
1872,4775,1872,4812,1821,4812,1821,4775
1872,4830,1872,4877,1821,4877,1821,4830
1810,4003,1810,4054,1775,4054,1775,4003
1815,4746,1815,4757,1775,4757,1775,4746
1815,4762,1815,4773,1775,4773,1775,4762
1815,4775,1815,4813,1775,4813,1775,4775
1815,4834,1815,4870,1775,4870,1775,4834
1761,4004,1761,4251,1725,4251,1725,4004
1764,4748,1764,4759,1722,4759,1722,4748
1764,4769,1764,4780,1722,4780,1722,4769
1764,4781,1764,4811,1722,4811,1722,4781
1764,4830,1764,4876,1722,4876,1722,4830
1725,4009,1725,4159,1685,4159,1685,4009
1725,4193,1725,4311,1685,4311,1685,4193
1708,4703,1708,4746,1661,4746,1661,4703
1708,4754,1708,4767,1661,4767,1661,4754
1708,4770,1708,4813,1661,4813,1661,4770
1708,4832,1708,4875,1661,4875,1661,4832
1683,4001,1683,4187,1645,4187,1645,4001
1629,4011,1629,4123,1593,4123,1593,4011
1637,4707,1637,4752,1587,4752,1587,4707
1637,4756,1637,4770,1587,4770,1587,4756
1637,4775,1637,4811,1587,4811,1587,4775
1637,4836,1637,4874,1587,4874,1587,4836
1563,4007,1563,4159,1525,4159,1525,4007
1563,4190,1563,4310,1525,4310,1525,4190
1563,4337,1563,4510,1525,4510,1525,4337
1566,4704,1566,4744,1522,4744,1522,4704
1566,4752,1566,4764,1522,4764,1522,4752
1566,4771,1566,4811,1522,4811,1522,4771
1566,4834,1566,4874,1522,4874,1522,4834
1889,1298,1889,1308,1853,1308,1853,1298
1889,1309,1889,1319,1853,1319,1853,1309
1889,1314,1889,1381,1853,1381,1853,1314
1780,469,1780,537,1743,537,1743,469
1736,354,1736,368,1685,368,1685,354
1736,622,1736,724,1685,724,1685,622
1736,921,1736,1030,1685,1030,1685,921
1736,1124,1736,1152,1685,1152,1685,1124
1736,1182,1736,1209,1685,1209,1685,1182
1699,1056,1645,1056,1645,1035,1699,1035
1643,3367,1643,3453,1612,3453,1612,3367
1643,3461,1643,3506,1612,3506,1612,3461
1643,3508,1643,3516,1612,3516,1612,3508
1643,3516,1643,3560,1612,3560,1612,3516
1591,3313,1591,3392,1573,3392,1573,3313
1591,3397,1591,3429,1573,3429,1573,3397
1591,3434,1591,3481,1573,3481,1573,3434
1591,3482,1591,3486,1573,3486,1573,3482
1591,3490,1591,3561,1573,3561,1573,3490
1591,3567,1591,3608,1573,3608,1573,3567
1591,3617,1591,3644,1573,3644,1573,3617
1545,3313,1545,3392,1527,3392,1527,3313
1545,3398,1545,3438,1527,3438,1527,3398
1545,3448,1545,3504,1527,3504,1527,3448
1545,3507,1545,3536,1527,3536,1527,3507
1499,3312,1499,3391,1483,3391,1483,3312
1499,3395,1499,3439,1483,3439,1483,3395
1499,3447,1499,3503,1483,3503,1483,3447
1499,3508,1499,3538,1483,3538,1483,3508
1456,3311,1456,3392,1431,3392,1431,3311
1456,3396,1456,3440,1431,3440,1431,3396
1456,3449,1456,3523,1431,3523,1431,3449
1456,3528,1456,3557,1431,3557,1431,3528
1456,3560,1456,3566,1431,3566,1431,3560
1456,3571,1456,3628,1431,3628,1431,3571
1456,3633,1456,3647,1431,3647,1431,3633
1456,3649,1456,3679,1431,3679,1431,3649
1456,3684,1456,3728,1431,3728,1431,3684
1402,3183,1402,3199,1392,3199,1392,3183
1402,3200,1402,3202,1392,3202,1392,3200
1402,3201,1402,3215,1392,3215,1392,3201
1407,3314,1407,3391,1389,3391,1389,3314
1407,3398,1407,3471,1389,3471,1389,3398
1407,3478,1407,3537,1389,3537,1389,3478
1407,3544,1407,3558,1389,3558,1389,3544
1407,3562,1407,3597,1389,3597,1389,3562
1407,3604,1407,3652,1389,3652,1389,3604
1407,3659,1407,3720,1389,3720,1389,3659
1374,655,1394,812,1346,818,1326,661
1368,3313,1368,3350,1350,3350,1350,3313
1368,3354,1368,3358,1350,3358,1350,3354
1368,3361,1368,3365,1350,3365,1350,3361
1368,3365,1368,3424,1350,3424,1350,3365
1368,3430,1368,3460,1350,3460,1350,3430
1368,3470,1368,3498,1350,3498,1350,3470
1368,3504,1368,3542,1350,3542,1350,3504
1368,3547,1368,3574,1350,3574,1350,3547
1368,3582,1368,3586,1350,3586,1350,3582
1348,3314,1348,3318,1332,3318,1332,3314
1348,3318,1348,3384,1332,3384,1332,3318
1348,3385,1348,3389,1332,3389,1332,3385
1348,3391,1348,3443,1332,3443,1332,3391
1348,3446,1348,3450,1332,3450,1332,3446
1330,656,1331,688,1296,689,1295,657
1332,691,1332,700,1297,701,1297,692
1332,703,1333,735,1298,736,1297,704
1334,756,1334,765,1299,766,1299,757
1350,1123,1350,1238,1308,1238,1308,1123
1350,1252,1350,1263,1308,1263,1308,1252
1313,3313,1313,3344,1296,3344,1296,3313
1313,3351,1313,3367,1296,3367,1296,3351
1313,3374,1313,3424,1296,3424,1296,3374
1313,3429,1313,3442,1296,3442,1296,3429
1313,3454,1313,3462,1296,3462,1296,3454
1313,3466,1313,3470,1296,3470,1296,3466
1313,3475,1313,3495,1296,3495,1296,3475
1313,3500,1313,3504,1296,3504,1296,3500
1313,3509,1313,3513,1296,3513,1296,3509
1267,3214,1267,3236,1249,3236,1249,3214
1276,3312,1276,3344,1261,3344,1261,3312
1276,3351,1276,3365,1261,3365,1261,3351
1276,3372,1276,3425,1261,3425,1261,3372
1275,3428,1275,3442,1260,3442,1260,3428
1275,3453,1275,3464,1260,3464,1260,3453
1275,3466,1275,3469,1260,3469,1260,3466
1275,3474,1275,3496,1260,3496,1260,3474
1275,3500,1275,3503,1260,3503,1260,3500
1275,3510,1275,3513,1260,3513,1260,3510
1275,3521,1275,3524,1260,3524,1260,3521
1275,3525,1275,3609,1260,3609,1260,3525
1275,3616,1275,3687,1259,3687,1259,3616
1274,3691,1274,3785,1259,3785,1259,3691
1274,3786,1274,3789,1259,3789,1259,3786
1257,3313,1257,3345,1242,3345,1242,3313
1257,3354,1257,3357,1242,3357,1242,3354
1257,3361,1257,3364,1242,3364,1242,3361
1257,3368,1257,3388,1242,3388,1242,3368
1257,3401,1257,3412,1242,3412,1242,3401
1257,3422,1257,3425,1242,3425,1242,3422
1257,3425,1257,3428,1242,3428,1242,3425
1257,3430,1257,3450,1242,3450,1242,3430
1257,3462,1257,3476,1242,3476,1242,3462
1257,3481,1257,3503,1242,3503,1242,3481
1220,3312,1220,3346,1206,3346,1206,3312
1220,3353,1220,3368,1206,3368,1206,3353
1220,3375,1220,3425,1206,3425,1206,3375
1220,3430,1220,3443,1206,3443,1206,3430
1220,3456,1220,3466,1206,3466,1206,3456
1220,3470,1220,3473,1206,3473,1206,3470
1220,3477,1220,3497,1206,3497,1206,3477
1220,3505,1220,3508,1206,3508,1206,3505
1220,3514,1220,3517,1206,3517,1206,3514
1220,3523,1220,3526,1206,3526,1206,3523
1220,3529,1220,3562,1206,3562,1206,3529
1220,3565,1220,3568,1206,3568,1206,3565
1220,3574,1220,3587,1206,3587,1206,3574
1220,3593,1220,3596,1206,3596,1206,3593
1220,3598,1220,3601,1206,3601,1206,3598
1220,3605,1220,3623,1206,3623,1206,3605
1220,3634,1220,3647,1206,3647,1206,3634
1220,3654,1220,3674,1206,3674,1206,3654
1178,3314,1178,3319,1157,3319,1157,3314
1178,3326,1178,3368,1157,3368,1157,3326
1178,3375,1178,3390,1157,3390,1157,3375
1178,3394,1178,3448,1157,3448,1157,3394
1178,3453,1178,3464,1157,3464,1157,3453
1178,3478,1178,3488,1157,3488,1157,3478
1178,3490,1178,3495,1157,3495,1157,3490
1178,3500,1178,3520,1157,3520,1157,3500
1178,3523,1178,3528,1157,3528,1157,3523
1178,3534,1178,3539,1157,3539,1157,3534
1178,3543,1178,3548,1157,3548,1157,3543
1178,3548,1178,3583,1157,3583,1157,3548
1178,3587,1178,3592,1157,3592,1157,3587
1178,3598,1178,3603,1157,3603,1157,3598
1178,3611,1178,3616,1157,3616,1157,3611
1178,3618,1178,3623,1157,3623,1157,3618
1178,3624,1178,3642,1157,3642,1157,3624
1178,3656,1178,3667,1157,3667,1157,3656
1178,3676,1178,3693,1157,3693,1157,3676
1127,3212,1128,3252,1110,3252,1109,3212
1127,3314,1127,3347,1112,3347,1112,3314
1127,3354,1127,3368,1112,3368,1112,3354
1127,3374,1127,3425,1112,3425,1112,3374
1127,3430,1127,3444,1112,3444,1112,3430
1127,3455,1127,3466,1112,3466,1112,3455
1127,3470,1127,3473,1112,3473,1112,3470
1127,3477,1127,3497,1112,3497,1112,3477
1127,3505,1127,3508,1112,3508,1112,3505
1127,3513,1127,3516,1112,3516,1112,3513
1127,3525,1127,3566,1112,3566,1112,3525
1127,3570,1127,3602,1112,3602,1112,3570
1127,3613,1127,3616,1112,3616,1112,3613
1127,3625,1127,3628,1112,3628,1112,3625
1127,3630,1127,3633,1112,3633,1112,3630
1127,3636,1127,3656,1112,3656,1112,3636
1127,3667,1127,3681,1112,3681,1112,3667
1127,3686,1127,3706,1112,3706,1112,3686
1081,3313,1081,3344,1064,3344,1064,3313
1081,3351,1081,3367,1064,3367,1064,3351
1081,3374,1081,3424,1064,3424,1064,3374
1081,3429,1081,3442,1064,3442,1064,3429
1081,3453,1081,3465,1064,3465,1064,3453
1081,3466,1081,3470,1064,3470,1064,3466
1081,3475,1081,3496,1064,3496,1064,3475
1081,3500,1081,3504,1064,3504,1064,3500
1081,3509,1081,3513,1064,3513,1064,3509
1081,3521,1081,3572,1064,3572,1064,3521
1061,2540,1061,2565,1046,2565,1046,2540
1036,3313,1036,3347,1019,3347,1019,3313
1036,3353,1036,3369,1019,3369,1019,3353
1036,3375,1036,3426,1019,3426,1019,3375
1036,3431,1036,3443,1019,3443,1019,3431
1036,3455,1036,3477,1019,3477,1019,3455
1036,3482,1036,3486,1019,3486,1019,3482
1036,3491,1036,3495,1019,3495,1019,3491
1036,3502,1036,3545,1019,3545,1019,3502
1036,3550,1036,3597,1019,3597,1019,3550
1036,3601,1036,3617,1019,3617,1019,3601
1036,3622,1036,3668,1019,3668,1019,3622
1055,2894,1053,2894,1053,2883,1055,2883
1049,2894,1047,2894,1047,2883,1049,2883
1043,2894,1041,2894,1041,2883,1043,2883
1037,2894,1035,2894,1035,2883,1037,2883
1032,2894,998,2894,998,2883,1032,2883
995,2894,993,2894,993,2883,995,2883
989,2894,987,2894,987,2883,989,2883
984,2894,982,2894,982,2883,984,2883
978,2894,976,2894,976,2883,978,2883
971,2894,969,2894,969,2883,971,2883
967,2894,939,2894,939,2883,967,2883
989,3314,989,3347,973,3347,973,3314
989,3353,989,3367,973,3367,973,3353
989,3375,989,3424,973,3424,973,3375
989,3428,989,3505,973,3505,973,3428
989,3512,989,3516,973,3516,973,3512
989,3515,989,3544,973,3544,973,3515
989,3550,989,3593,973,3593,973,3550
989,3600,989,3615,973,3615,973,3600
989,3619,989,3623,973,3623,973,3619
989,3628,989,3640,973,3640,973,3628
989,3643,989,3647,973,3647,973,3643
989,3651,989,3689,973,3689,973,3651
989,3694,989,3698,973,3698,973,3694
944,3312,944,3355,926,3355,926,3312
944,3362,944,3376,926,3376,926,3362
944,3384,944,3434,926,3434,926,3384
944,3438,944,3481,926,3481,926,3438
944,3488,944,3492,926,3492,926,3488
944,3492,944,3532,926,3532,926,3492
944,3534,944,3538,926,3538,926,3534
944,3546,944,3560,926,3560,926,3546
944,3572,944,3582,926,3582,926,3572
944,3583,944,3587,926,3587,926,3583
944,3591,944,3611,926,3611,926,3591
944,3616,944,3620,926,3620,926,3616
944,3625,944,3629,926,3629,926,3625
944,3636,944,3664,926,3664,926,3636
944,3668,944,3720,926,3720,926,3668
944,3726,944,3764,926,3764,926,3726
944,3773,944,3794,926,3794,926,3773
907,2894,906,2894,906,2883,907,2883
895,2894,873,2894,873,2883,895,2883
898,3313,898,3347,881,3347,881,3313
898,3353,898,3369,881,3369,881,3353
898,3375,898,3426,881,3426,881,3375
898,3428,898,3476,881,3476,881,3428
898,3483,898,3496,881,3496,881,3483
898,3510,898,3519,881,3519,881,3510
898,3522,898,3526,881,3526,881,3522
898,3531,898,3550,881,3550,881,3531
898,3558,898,3562,881,3562,881,3558
898,3567,898,3571,881,3571,881,3567
898,3577,898,3672,881,3672,881,3577
898,3679,898,3745,881,3745,881,3679
909,4005,909,4124,880,4124,880,4005
848,3313,848,3346,835,3346,835,3313
848,3352,848,3367,835,3367,835,3352
848,3373,848,3471,835,3471,835,3373
848,3476,848,3508,835,3508,835,3476
842,2894,841,2894,841,2883,842,2883
830,2894,820,2894,820,2883,830,2883
818,2479,818,2527,800,2527,800,2479
818,2698,818,2702,800,2702,800,2698
848,4036,848,4070,817,4070,817,4036
804,4010,804,4018,772,4017,772,4009
803,4027,803,4035,771,4034,771,4026
802,4044,802,4052,770,4051,770,4043
801,4073,801,4081,769,4080,769,4072
801,4087,800,4116,768,4115,769,4086
803,3314,802,3396,784,3396,785,3314
802,3402,802,3435,785,3435,785,3402
802,3438,802,3482,784,3482,784,3438
757,3312,757,3392,744,3392,744,3312
710,3311,710,3352,696,3352,696,3311
710,3361,710,3428,696,3428,696,3361
710,3435,710,3499,696,3499,696,3435
849,4160,849,4241,817,4241,817,4160
849,4267,849,4354,817,4354,817,4267
849,4553,849,4688,817,4688,817,4553
849,4711,849,4747,817,4747,817,4711
849,4766,849,4870,817,4870,817,4766
803,4157,804,4278,770,4278,769,4157
805,4303,805,4334,771,4334,771,4303
806,4355,807,4417,772,4417,771,4355
807,4555,808,4621,774,4621,773,4555
808,4630,808,4639,774,4639,774,4630
808,4643,809,4755,775,4755,774,4643
761,4157,761,4262,732,4262,732,4157
761,4285,761,4312,732,4312,732,4285
728,4157,728,4315,703,4315,703,4157
737,4433,737,4612,708,4612,708,4433
737,4635,737,4685,708,4685,708,4635
737,4705,737,4817,708,4817,708,4705
699,4160,699,4317,674,4317,674,4160
699,4336,699,4400,674,4400,674,4336
709,4438,709,4446,678,4446,678,4438
709,4444,709,4493,678,4493,678,4444
709,4505,709,4513,678,4513,678,4505
709,4519,709,4614,678,4614,678,4519
709,4614,709,4622,678,4622,678,4614
666,4159,668,4313,646,4313,644,4159
669,4337,669,4342,647,4342,647,4337
679,4436,679,4464,648,4464,648,4436
679,4486,679,4554,648,4554,648,4486
679,4563,679,4571,648,4571,648,4563
679,4573,679,4646,648,4646,648,4573
645,4155,645,4265,614,4265,614,4155
645,4284,645,4393,614,4393,614,4284
651,4433,651,4473,620,4473,620,4433
651,4492,651,4559,620,4559,620,4492
651,4568,651,4576,620,4576,620,4568
651,4584,651,4712,620,4712,620,4584
613,4163,613,4168,591,4168,591,4163
613,4171,613,4219,591,4219,591,4171
613,4227,613,4232,591,4232,591,4227
623,4438,623,4447,589,4447,589,4438
623,4471,623,4679,589,4679,589,4471
582,4441,582,4476,544,4476,544,4441
582,4496,582,4609,544,4609,544,4496
582,4630,582,4657,544,4657,544,4630
582,4685,582,4782,544,4782,544,4685
675,3208,675,3222,668,3222,668,3208
664,3313,664,3379,646,3379,646,3313
664,3387,664,3454,646,3454,646,3387
664,3458,664,3529,646,3529,646,3458
664,3531,664,3548,646,3548,646,3531
664,3552,664,3570,646,3570,646,3552
664,3584,664,3597,646,3597,646,3584
610,2142,628,2146,626,2156,608,2152
615,3167,615,3254,602,3254,602,3167
618,3313,618,3378,602,3378,602,3313
618,3386,618,3390,602,3390,602,3386
618,3396,618,3420,602,3420,602,3396
618,3426,618,3474,602,3474,602,3426
575,3181,575,3214,546,3214,546,3181
572,3312,572,3353,559,3353,559,3312
572,3357,572,3360,559,3360,559,3357
572,3362,572,3426,559,3426,559,3362
572,3433,572,3493,559,3493,559,3433
525,3317,525,3392,510,3392,510,3317
525,3399,525,3402,510,3402,510,3399
525,3405,525,3408,510,3408,510,3405
525,3409,525,3469,510,3469,510,3409
479,3314,479,3366,461,3366,461,3314
479,3372,479,3385,461,3385,461,3372
479,3392,479,3441,461,3441,461,3392
479,3450,479,3454,461,3454,461,3450
433,1920,433,1934,425,1934,425,1920
433,1944,433,1945,425,1945,425,1944
436,3170,436,3205,415,3205,415,3170
432,3314,432,3365,416,3365,416,3314
432,3370,432,3386,416,3386,416,3370
432,3393,432,3440,416,3440,416,3393
432,3449,432,3453,416,3453,416,3449
429,4025,429,4029,412,4029,412,4025
430,4253,430,4269,409,4269,409,4253
430,4486,430,4507,410,4507,410,4486
387,3313,387,3366,370,3366,370,3313
387,3372,387,3384,370,3384,370,3372
387,3392,387,3441,370,3441,370,3392
257,4057,257,4136,225,4136,225,4057
257,4159,257,4183,225,4183,225,4159
257,4206,257,4255,225,4255,225,4206
257,4275,257,4298,225,4298,225,4275
257,4315,257,4323,225,4323,225,4315
246,4539,246,4648,198,4648,198,4539
246,4683,246,4864,198,4864,198,4683
219,4047,219,4082,181,4082,181,4047
219,4100,219,4110,181,4110,181,4100
219,4118,219,4166,181,4166,181,4118
219,4170,219,4180,181,4180,181,4170
219,4196,219,4289,181,4289,181,4196
157,4222,157,4301,104,4301,104,4222
157,4311,157,4326,104,4326,104,4311
157,4333,157,4348,104,4348,104,4333
157,4356,157,4405,104,4405,104,4356
157,4452,157,4526,104,4526,104,4452
151,69,151,136,122,136,122,69
151,159,151,167,122,167,122,159
151,183,151,233,122,233,122,183
151,248,151,365,122,365,122,248
151,375,151,444,122,444,122,375
151,466,151,531,122,531,122,466
151,553,151,719,122,719,122,553
151,741,151,749,122,749,122,741
151,756,151,764,122,764,122,756
151,764,151,830,122,830,122,764
151,853,151,1007,122,1007,122,853
151,1032,151,1053,122,1053,122,1032
151,1080,151,1201,122,1201,122,1080
151,1228,151,1274,122,1274,122,1228
151,1292,151,1453,122,1453,122,1292
151,1480,151,1638,122,1638,122,1480
151,1655,151,1692,122,1692,122,1655
151,1711,151,1934,122,1934,122,1711
151,1953,151,2018,122,2018,122,1953
151,2040,151,2081,122,2081,122,2040
151,2106,151,2249,122,2249,122,2106
151,2272,151,2355,122,2355,122,2272
151,2355,151,2363,122,2363,122,2355
151,2379,151,2537,122,2537,122,2379
151,2538,151,2546,122,2546,122,2538
151,2566,151,2690,122,2690,122,2566
151,2694,151,2702,122,2702,122,2694
151,2722,151,2786,122,2786,122,2722
151,2793,151,2801,122,2801,122,2793
151,2805,151,2936,122,2936,122,2805
151,2937,151,2945,122,2945,122,2937
151,2964,151,3005,122,3005,122,2964
151,3027,151,3202,122,3202,122,3027
151,3225,151,3257,122,3257,122,3225
151,3272,151,3395,122,3395,122,3272
151,3415,151,3507,122,3507,122,3415
151,3510,151,3518,122,3518,122,3510
151,3534,151,3575,122,3575,122,3534
121,70,121,205,92,205,92,70
121,232,121,396,92,396,92,232
121,415,121,484,92,484,92,415
121,506,121,522,92,522,92,506
121,543,121,649,92,649,92,543
121,670,121,702,92,702,92,670
121,721,121,742,92,742,92,721
121,763,121,868,92,868,92,763
121,890,121,960,92,960,92,890
121,977,121,1077,92,1077,92,977
121,1102,121,1110,92,1110,92,1102
121,1138,121,1207,92,1207,92,1138
121,1227,121,1341,92,1341,92,1227
121,1345,121,1353,92,1353,92,1345
121,1368,121,1422,92,1422,92,1368
121,1442,121,1578,92,1578,92,1442
121,1601,121,1671,92,1671,92,1601
121,1688,121,1905,92,1905,92,1688
121,1906,121,1914,92,1914,92,1906
121,1930,121,1980,92,1980,92,1930
121,2003,121,2194,92,2194,92,2003
121,2212,121,2244,92,2244,92,2212
121,2267,121,2337,92,2337,92,2267
121,2350,121,2404,92,2404,92,2350
121,2423,121,2547,92,2547,92,2423
121,2548,121,2556,92,2556,92,2548
121,2572,121,2604,92,2604,92,2572
121,2630,121,2784,92,2784,92,2630
121,2809,121,2817,92,2817,92,2809
121,2824,121,2832,92,2832,92,2824
121,2833,121,2883,92,2883,92,2833
121,2902,121,2952,92,2952,92,2902
121,2975,121,3178,92,3178,92,2975
121,3181,121,3189,92,3189,92,3181
121,3205,121,3255,92,3255,92,3205
121,3275,121,3302,92,3302,92,3275
121,3307,121,3432,92,3432,92,3307
121,3455,121,3523,92,3523,92,3455
121,3542,121,3660,92,3660,92,3542
121,3685,121,3693,92,3693,92,3685
93,76,93,147,62,147,62,76
93,164,93,280,62,280,62,164
93,309,93,337,62,337,62,309
93,360,93,547,62,547,62,360
93,564,93,598,62,598,62,564
93,619,93,705,62,705,62,619
93,711,93,719,62,719,62,711
