3412,3497,3412,3585,3389,3585,3389,3497
3412,3595,3412,3635,3389,3635,3389,3595
3412,3641,3412,3647,3389,3647,3389,3641
3412,3645,3412,3688,3389,3688,3389,3645
3367,3447,3367,3526,3349,3526,3349,3447
3367,3532,3367,3572,3349,3572,3349,3532
3367,3580,3367,3636,3349,3636,3349,3580
3364,4442,3364,4656,3288,4656,3288,4442
3320,3446,3320,3525,3304,3525,3304,3446
3320,3529,3320,3574,3304,3574,3304,3529
3320,3582,3320,3636,3304,3636,3304,3582
3278,3447,3278,3527,3257,3527,3257,3447
3278,3532,3278,3571,3257,3571,3257,3532
3278,3581,3278,3638,3257,3638,3257,3581
3278,3646,3278,3651,3257,3651,3257,3646
3278,3658,3278,3699,3257,3699,3257,3658
3278,3704,3278,3760,3257,3760,3257,3704
3253,4209,3253,4325,3230,4325,3230,4209
3253,4336,3253,4392,3230,4392,3230,4336
3228,3447,3228,3495,3212,3495,3212,3447
3228,3501,3229,3558,3213,3558,3212,3501
3229,3567,3230,3642,3214,3642,3213,3567
3183,3446,3182,3467,3163,3467,3164,3446
3182,3466,3182,3470,3164,3470,3164,3466
3182,3474,3182,3484,3164,3484,3164,3474
3182,3485,3182,3489,3164,3489,3164,3485
3182,3491,3181,3521,3162,3521,3163,3491
3168,1860,3168,1888,3146,1888,3146,1860
3168,1914,3168,1947,3146,1947,3146,1914
3138,3447,3138,3465,3124,3465,3124,3447
3138,3467,3138,3470,3124,3470,3124,3467
3138,3474,3138,3484,3124,3484,3124,3474
3138,3485,3138,3488,3124,3488,3124,3485
3138,3490,3138,3524,3123,3524,3123,3490
3137,3529,3137,3539,3123,3539,3123,3529
3138,3545,3137,3623,3122,3623,3123,3545
3137,3628,3137,3664,3122,3664,3122,3628
3136,3673,3136,3728,3122,3728,3122,3673
3207,4286,3207,4589,3146,4589,3146,4286
3116,4118,3116,4180,3072,4180,3072,4118
3116,4186,3116,4198,3072,4198,3072,4186
3116,4212,3116,4268,3072,4268,3072,4212
3116,4281,3116,4293,3072,4293,3072,4281
3116,4323,3116,4497,3072,4497,3072,4323
3116,4526,3116,4761,3072,4761,3072,4526
3068,4246,3068,4367,3021,4367,3021,4246
3068,4404,3068,4641,3021,4641,3021,4404
3106,1025,3106,1051,3085,1051,3085,1025
3123,1726,3055,1726,3055,1707,3123,1707
3091,3444,3091,3490,3076,3490,3076,3444
3091,3499,3091,3513,3076,3513,3076,3499
3091,3516,3091,3519,3076,3519,3076,3516
3091,3522,3091,3533,3076,3533,3076,3522
3091,3534,3091,3537,3076,3537,3076,3534
3091,3538,3091,3569,3076,3569,3076,3538
3055,3446,3055,3481,3038,3481,3038,3446
3055,3488,3055,3492,3038,3492,3038,3488
3055,3495,3055,3499,3038,3499,3038,3495
3055,3499,3055,3557,3038,3557,3038,3499
3055,3565,3055,3595,3038,3595,3038,3565
3055,3604,3055,3633,3038,3633,3038,3604
3055,3637,3055,3676,3038,3676,3038,3637
3055,3684,3055,3709,3038,3709,3038,3684
3037,3448,3037,3452,3020,3452,3020,3448
3037,3450,3037,3520,3020,3520,3020,3450
3037,3518,3037,3522,3020,3522,3020,3518
3037,3525,3037,3577,3020,3577,3020,3525
3037,3579,3037,3583,3020,3583,3020,3579
3002,3444,3002,3502,2985,3502,2985,3444
3002,3505,3002,3552,2985,3552,2985,3505
3002,3561,3002,3609,2985,3609,2985,3561
3002,3616,3002,3636,2985,3636,2985,3616
2956,3446,2957,3505,2939,3505,2938,3446
2956,3512,2956,3563,2939,3563,2939,3512
2956,3570,2956,3609,2939,3609,2939,3570
2957,3615,2957,3625,2940,3625,2940,3615
2957,3629,2957,3674,2940,3674,2940,3629
2910,3447,2910,3506,2894,3506,2894,3447
2910,3511,2910,3566,2894,3566,2894,3511
2910,3574,2910,3625,2894,3625,2894,3574
2910,3631,2910,3692,2894,3692,2894,3631
2862,3447,2863,3478,2844,3478,2843,3447
2862,3485,2862,3499,2844,3499,2844,3485
2863,3506,2864,3556,2845,3556,2844,3506
2863,3562,2863,3572,2845,3572,2845,3562
2864,3585,2864,3595,2846,3595,2846,3585
2864,3598,2864,3602,2846,3602,2846,3598
2864,3606,2864,3626,2846,3626,2846,3606
2865,3633,2865,3637,2847,3637,2847,3633
2865,3640,2865,3644,2847,3644,2847,3640
2848,1716,2848,1758,2812,1758,2812,1716
2854,795,2854,941,2804,941,2804,795
2854,954,2854,990,2804,990,2804,954
2809,796,2810,808,2767,810,2766,798
2810,809,2811,821,2768,823,2767,811
2811,819,2813,859,2770,861,2768,821
2814,897,2815,909,2772,911,2771,899
2848,1522,2848,1630,2812,1630,2812,1522
2848,1639,2848,1649,2812,1649,2812,1639
2848,1639,2848,1645,2812,1645,2812,1639
2810,1523,2810,1533,2772,1533,2772,1523
2810,1539,2810,1549,2772,1549,2772,1539
2810,1554,2810,1618,2772,1618,2772,1554
2818,3346,2818,3371,2801,3371,2801,3346
2828,3446,2828,3478,2810,3478,2810,3446
2828,3484,2828,3500,2810,3500,2810,3484
2828,3505,2828,3557,2810,3557,2810,3505
2828,3561,2828,3574,2810,3574,2810,3561
2828,3586,2828,3596,2810,3596,2810,3586
2828,3599,2828,3603,2810,3603,2810,3599
2828,3605,2828,3628,2810,3628,2810,3605
2828,3632,2828,3636,2810,3636,2810,3632
2828,3641,2828,3645,2810,3645,2810,3641
2828,3653,2828,3657,2810,3657,2810,3653
2828,3656,2828,3738,2810,3738,2810,3656
2828,3744,2828,3815,2810,3815,2810,3744
2828,3820,2828,3907,2810,3907,2810,3820
2828,3907,2828,3911,2810,3911,2810,3907
2809,3449,2809,3478,2794,3478,2794,3449
2809,3487,2809,3490,2794,3490,2794,3487
2809,3495,2809,3498,2794,3498,2794,3495
2809,3501,2809,3522,2794,3522,2794,3501
2809,3534,2809,3545,2794,3545,2794,3534
2809,3555,2809,3558,2794,3558,2794,3555
2809,3559,2809,3562,2794,3562,2794,3559
2809,3565,2809,3585,2794,3585,2794,3565
2809,3595,2809,3609,2794,3609,2794,3595
2809,3617,2809,3633,2794,3633,2794,3617
2773,3448,2773,3479,2759,3479,2759,3448
2773,3486,2773,3501,2759,3501,2759,3486
2773,3508,2773,3560,2759,3560,2759,3508
2773,3565,2773,3578,2759,3578,2759,3565
2773,3591,2773,3601,2759,3601,2759,3591
2773,3605,2773,3608,2759,3608,2759,3605
2773,3612,2773,3633,2759,3633,2759,3612
2773,3639,2773,3642,2759,3642,2759,3639
2773,3648,2773,3651,2759,3651,2759,3648
2773,3657,2773,3660,2759,3660,2759,3657
2773,3661,2773,3697,2759,3697,2759,3661
2773,3699,2773,3702,2759,3702,2759,3699
2773,3710,2773,3713,2759,3713,2759,3710
2773,3723,2773,3726,2759,3726,2759,3723
2773,3728,2773,3731,2759,3731,2759,3728
2773,3735,2773,3753,2759,3753,2759,3735
2773,3764,2773,3777,2759,3777,2759,3764
2773,3786,2773,3804,2759,3804,2759,3786
2730,3448,2730,3453,2709,3453,2709,3448
2730,3460,2730,3503,2709,3503,2709,3460
2730,3510,2730,3525,2709,3525,2709,3510
2730,3529,2730,3582,2709,3582,2709,3529
2730,3587,2730,3602,2709,3602,2709,3587
2730,3612,2730,3623,2709,3623,2709,3612
2730,3626,2730,3631,2709,3631,2709,3626
2730,3634,2730,3654,2709,3654,2709,3634
2730,3659,2730,3664,2709,3664,2709,3659
2730,3668,2730,3673,2709,3673,2709,3668
2730,3677,2730,3682,2709,3682,2709,3677
2730,3683,2730,3716,2709,3716,2709,3683
2730,3719,2730,3724,2709,3724,2709,3719
2730,3730,2730,3735,2709,3735,2709,3730
2730,3743,2730,3748,2709,3748,2709,3743
2730,3747,2730,3752,2709,3752,2709,3747
2730,3755,2730,3775,2709,3775,2709,3755
2730,3785,2730,3800,2709,3800,2709,3785
2730,3808,2730,3825,2709,3825,2709,3808
2682,3348,2682,3386,2663,3386,2663,3348
2683,3446,2683,3480,2666,3480,2666,3446
2683,3486,2683,3501,2666,3501,2666,3486
2683,3508,2683,3558,2666,3558,2666,3508
2683,3563,2683,3579,2666,3579,2666,3563
2683,3589,2683,3601,2666,3601,2666,3589
2683,3604,2683,3608,2666,3608,2666,3604
2683,3612,2683,3634,2666,3634,2666,3612
2683,3639,2683,3643,2666,3643,2666,3639
2683,3648,2683,3652,2666,3652,2666,3648
2683,3658,2683,3700,2666,3700,2666,3658
2683,3705,2683,3735,2666,3735,2666,3705
2683,3743,2683,3747,2666,3747,2666,3743
2683,3757,2683,3761,2666,3761,2666,3757
2683,3763,2683,3767,2666,3767,2666,3763
2683,3767,2683,3788,2666,3788,2666,3767
2683,3797,2683,3813,2666,3813,2666,3797
2683,3821,2683,3837,2666,3837,2666,3821
2636,3446,2636,3478,2618,3478,2618,3446
2636,3484,2636,3500,2618,3500,2618,3484
2636,3508,2636,3557,2618,3557,2618,3508
2636,3561,2636,3574,2618,3574,2618,3561
2636,3586,2636,3596,2618,3596,2618,3586
2636,3599,2636,3603,2618,3603,2618,3599
2636,3605,2636,3628,2618,3628,2618,3605
2636,3632,2636,3636,2618,3636,2618,3632
2636,3641,2636,3645,2618,3645,2618,3641
2636,3655,2636,3703,2618,3703,2618,3655
2591,3446,2591,3480,2574,3480,2574,3446
2591,3486,2591,3502,2574,3502,2574,3486
2591,3508,2591,3558,2574,3558,2574,3508
2591,3564,2591,3576,2574,3576,2574,3564
2591,3589,2591,3610,2574,3610,2574,3589
2591,3617,2591,3621,2574,3621,2574,3617
2591,3626,2591,3630,2574,3630,2574,3626
2591,3637,2591,3677,2574,3677,2574,3637
2591,3686,2591,3724,2574,3724,2574,3686
2591,3731,2591,3746,2574,3746,2574,3731
2591,3751,2591,3799,2574,3799,2574,3751
2600,1377,2510,1377,2510,1339,2600,1339
2598,1705,2510,1705,2510,1674,2598,1674
2545,3445,2545,3478,2528,3478,2528,3445
2545,3485,2545,3501,2528,3501,2528,3485
2545,3506,2545,3560,2528,3560,2528,3506
2545,3565,2545,3639,2528,3639,2528,3565
2545,3645,2545,3649,2528,3649,2528,3645
2545,3651,2545,3679,2528,3679,2528,3651
2545,3684,2545,3725,2528,3725,2528,3684
2545,3730,2545,3745,2528,3745,2528,3730
2545,3749,2545,3753,2528,3753,2528,3749
2545,3758,2545,3771,2528,3771,2528,3758
2545,3773,2545,3777,2528,3777,2528,3773
2545,3780,2545,3818,2528,3818,2528,3780
2545,3823,2545,3827,2528,3827,2528,3823
2498,3445,2498,3479,2483,3479,2483,3445
2498,3485,2498,3502,2483,3502,2483,3485
2498,3509,2498,3603,2483,3603,2483,3509
2498,3609,2498,3642,2483,3642,2483,3609
2453,3445,2453,3477,2438,3477,2438,3445
2453,3486,2453,3500,2438,3500,2438,3486
2453,3508,2453,3559,2438,3559,2438,3508
2417,1684,2417,1770,2374,1770,2374,1684
2407,3448,2407,3528,2391,3528,2391,3448
2407,3537,2407,3566,2391,3566,2391,3537
2407,3572,2407,3617,2391,3617,2391,3572
2365,3448,2364,3505,2346,3505,2347,3448
2364,3514,2363,3546,2345,3546,2346,3514
2318,3447,2318,3526,2302,3526,2302,3447
2272,3444,2272,3487,2255,3487,2255,3444
2272,3492,2272,3562,2255,3562,2255,3492
2272,3566,2272,3631,2255,3631,2255,3566
2238,3329,2238,3355,2226,3355,2226,3329
2228,3447,2228,3513,2207,3513,2207,3447
2228,3519,2228,3586,2207,3586,2207,3519
2228,3590,2228,3662,2207,3662,2207,3590
2228,3665,2228,3681,2207,3681,2207,3665
2228,3687,2228,3724,2207,3724,2207,3687
2179,3444,2179,3513,2164,3513,2164,3444
2179,3519,2179,3522,2164,3522,2164,3519
2179,3531,2179,3553,2164,3553,2164,3531
2179,3558,2179,3604,2164,3604,2164,3558
2189,1334,2189,1720,2135,1720,2135,1334
2142,3318,2142,3349,2107,3349,2107,3318
2134,3447,2134,3487,2119,3487,2119,3447
2134,3491,2134,3494,2119,3494,2119,3491
2134,3494,2134,3558,2119,3558,2119,3494
2134,3566,2134,3625,2119,3625,2119,3566
2114,1100,2115,1131,2081,1132,2080,1101
2115,1156,2116,1187,2082,1188,2081,1157
2116,1232,2116,1241,2082,1242,2082,1233
2088,3447,2088,3525,2071,3525,2071,3447
2088,3532,2088,3536,2071,3536,2071,3532
2088,3537,2088,3541,2071,3541,2071,3537
2088,3542,2088,3602,2071,3602,2071,3542
2034,1301,2043,1301,2044,1335,2035,1335
2043,3448,2043,3499,2025,3499,2025,3448
2043,3503,2043,3520,2025,3520,2025,3503
2043,3527,2043,3574,2025,3574,2025,3527
2043,3583,2043,3587,2025,3587,2025,3583
2034,1737,1981,1737,1981,1716,2034,1716
2051,1781,2005,1781,2005,1749,2051,1749
1902,945,1939,954,1927,1002,1890,993
1963,960,1989,966,1977,1015,1951,1009
2017,974,2115,998,2103,1047,2005,1023
2017,726,2017,779,1983,779,1983,726
1980,728,1980,739,1938,739,1938,728
1980,740,1980,751,1938,751,1938,740
1980,756,1980,787,1938,787,1938,756
1998,3448,1998,3500,1981,3500,1981,3448
1998,3504,1998,3520,1981,3520,1981,3504
1998,3526,1998,3574,1981,3574,1981,3526
1998,3581,1998,3585,1981,3585,1981,3581
1903,1304,1934,1303,1935,1337,1904,1338
1960,1303,1985,1303,1986,1336,1961,1337
1907,1090,1909,1153,1891,1154,1889,1091
1901,568,1905,647,1864,649,1860,570
1915,2676,1915,2769,1881,2769,1881,2676
2297,4080,2297,4599,2221,4599,2221,4080
2297,4650,2297,4815,2221,4815,2221,4650
2217,4046,2217,4435,2155,4435,2155,4046
2217,4474,2217,4531,2155,4531,2155,4474
2217,4585,2217,4602,2155,4602,2155,4585
2217,4644,2217,4836,2155,4836,2155,4644
2145,4203,2145,4341,2096,4341,2096,4203
2145,4378,2145,4518,2096,4518,2096,4378
2145,4567,2145,4581,2096,4581,2096,4567
2145,4607,2145,4621,2096,4621,2096,4607
2145,4637,2145,4651,2096,4651,2096,4637
2063,4006,2063,4155,2023,4155,2023,4006
2063,4192,2063,4203,2023,4203,2023,4192
2063,4233,2063,4375,2023,4375,2023,4233
2065,4739,2065,4751,2022,4751,2022,4739
2065,4761,2065,4773,2022,4773,2022,4761
2065,4775,2065,4815,2022,4815,2022,4775
2065,4833,2065,4872,2022,4872,2022,4833
2013,4003,2013,4172,1975,4172,1975,4003
2013,4203,2013,4239,1975,4239,1975,4203
2014,4718,2014,4755,1974,4755,1974,4718
2014,4762,2014,4773,1974,4773,1974,4762
2014,4776,2014,4812,1974,4812,1974,4776
2014,4838,2014,4868,1974,4868,1974,4838
1963,4003,1963,4172,1925,4172,1925,4003
1963,4203,1963,4239,1925,4239,1925,4203
1964,4753,1964,4764,1922,4764,1922,4753
1964,4770,1964,4781,1922,4781,1922,4770
1964,4782,1964,4812,1922,4812,1922,4782
1964,4829,1964,4876,1922,4876,1922,4829
1912,4003,1912,4169,1876,4169,1876,4003
1912,4202,1912,4242,1876,4242,1876,4202
1916,4743,1916,4756,1869,4756,1869,4743
1916,4763,1916,4776,1869,4776,1869,4763
1916,4774,1916,4817,1869,4817,1869,4774
1916,4832,1916,4875,1869,4875,1869,4832
1859,4005,1859,4143,1825,4143,1825,4005
1865,4722,1865,4752,1825,4752,1825,4722
1865,4760,1865,4771,1825,4771,1825,4760
1865,4775,1865,4811,1825,4811,1825,4775
1865,4830,1865,4875,1825,4875,1825,4830
1812,4006,1812,4073,1773,4073,1773,4006
1815,4741,1815,4751,1777,4751,1777,4741
1815,4761,1815,4771,1777,4771,1777,4761
1815,4771,1815,4814,1777,4814,1777,4771
1815,4831,1815,4872,1777,4872,1777,4831
1760,4007,1760,4070,1723,4070,1723,4007
1765,4739,1765,4749,1727,4749,1727,4739
1765,4763,1765,4773,1727,4773,1727,4763
1765,4776,1765,4811,1727,4811,1727,4776
1765,4834,1765,4868,1727,4868,1727,4834
1711,4004,1711,4251,1675,4251,1675,4004
1717,4748,1717,4759,1677,4759,1677,4748
1717,4760,1717,4771,1677,4771,1677,4760
1717,4768,1717,4813,1677,4813,1677,4768
1717,4830,1717,4873,1677,4873,1677,4830
1671,4008,1671,4155,1635,4155,1635,4008
1671,4194,1671,4312,1635,4312,1635,4194
1656,4704,1656,4743,1614,4743,1614,4704
1656,4751,1656,4762,1614,4762,1614,4751
1656,4769,1656,4808,1614,4808,1614,4769
1656,4833,1656,4872,1614,4872,1614,4833
1631,3999,1631,4189,1597,4189,1597,3999
1590,4007,1590,4192,1556,4192,1556,4007
1595,4721,1595,4750,1557,4750,1557,4721
1595,4762,1595,4772,1557,4772,1557,4762
1595,4774,1595,4815,1557,4815,1557,4774
1595,4831,1595,4874,1557,4874,1557,4831
1533,4008,1533,4157,1491,4157,1491,4008
1533,4193,1533,4312,1491,4312,1491,4193
1533,4338,1533,4510,1491,4510,1491,4338
1535,4698,1535,4753,1492,4753,1492,4698
1535,4752,1535,4764,1492,4764,1492,4752
1535,4765,1535,4812,1492,4812,1492,4765
1535,4836,1535,4848,1492,4848,1492,4836
1535,4858,1535,4870,1492,4870,1492,4858
1811,1099,1811,1129,1788,1129,1788,1099
1811,1155,1811,1184,1788,1184,1788,1155
1787,969,1736,969,1736,946,1787,946
1761,2269,1761,2324,1730,2324,1730,2269
1720,2269,1720,2278,1686,2280,1686,2271
1720,2287,1720,2296,1686,2298,1686,2289
1721,2299,1722,2330,1688,2332,1687,2301
1723,2350,1723,2359,1689,2361,1689,2352
1573,2276,1637,2271,1639,2295,1575,2300
1643,2328,1590,2328,1590,2309,1643,2309
1601,2178,1606,2253,1571,2255,1566,2180
1556,2392,1556,2481,1533,2481,1533,2392
1507,2100,1555,2103,1552,2145,1504,2142
1374,2092,1404,2094,1401,2136,1371,2134
1430,2095,1460,2097,1457,2139,1427,2137
1411,1621,1434,1724,1361,1741,1338,1637
1359,1620,1359,1653,1323,1653,1323,1620
1359,1656,1359,1666,1323,1666,1323,1656
1359,1669,1359,1701,1323,1701,1323,1669
1359,1719,1359,1729,1323,1729,1323,1719
1256,2084,1267,2085,1264,2127,1253,2126
1277,732,1277,868,1241,868,1241,732
1277,897,1277,923,1241,923,1241,897
1238,732,1238,763,1204,763,1204,732
1238,766,1238,775,1204,775,1204,766
1238,781,1238,812,1204,812,1204,781
1238,832,1238,841,1204,841,1204,832
1297,2332,1297,2465,1259,2465,1259,2332
1297,2490,1297,2526,1259,2526,1259,2490
1255,2334,1255,2344,1219,2344,1219,2334
1255,2345,1255,2355,1219,2355,1219,2345
1255,2353,1255,2407,1219,2407,1219,2353
1255,2405,1255,2415,1219,2415,1219,2405
1103,1220,1199,1220,1199,1260,1103,1260
1052,2070,1154,2076,1151,2119,1049,2113
875,2131,947,2133,946,2153,874,2151
958,2778,897,2778,897,2741,958,2741
905,4006,905,4123,883,4123,883,4006
849,4034,849,4071,815,4071,815,4034
803,4007,803,4017,767,4017,767,4007
803,4025,803,4035,767,4035,767,4025
803,4044,803,4054,767,4054,767,4044
803,4073,803,4083,767,4083,767,4073
803,4081,803,4091,767,4091,767,4081
803,4087,803,4114,767,4114,767,4087
849,4163,849,4245,815,4245,815,4163
849,4268,849,4357,815,4357,815,4268
851,4551,851,4692,815,4692,815,4551
851,4712,851,4744,815,4744,815,4712
851,4768,851,4866,815,4866,815,4768
804,4157,805,4277,771,4277,770,4157
805,4301,805,4331,772,4331,772,4301
806,4357,807,4419,773,4419,772,4357
807,4551,808,4620,775,4620,774,4551
808,4630,808,4639,775,4639,775,4630
808,4641,809,4754,776,4754,775,4641
762,4161,762,4261,727,4261,727,4161
762,4283,762,4315,727,4315,727,4283
727,4156,727,4312,704,4312,704,4156
737,4433,737,4612,708,4612,708,4433
737,4635,737,4685,708,4685,708,4635
737,4704,737,4817,708,4817,708,4704
701,4158,701,4316,672,4316,672,4158
701,4339,701,4403,672,4403,672,4339
707,4437,707,4445,678,4445,678,4437
707,4446,707,4492,678,4492,678,4446
707,4506,707,4514,678,4514,678,4506
707,4518,707,4617,678,4617,678,4518
671,4161,671,4314,644,4314,644,4161
671,4340,671,4347,644,4347,644,4340
679,4433,679,4467,648,4467,648,4433
679,4487,679,4555,648,4555,648,4487
679,4564,679,4572,648,4572,648,4564
679,4575,679,4648,648,4648,648,4575
643,4156,643,4262,616,4262,616,4156
643,4282,643,4391,616,4391,616,4282
651,4432,651,4471,620,4471,620,4432
651,4494,651,4558,620,4558,620,4494
651,4570,651,4578,620,4578,620,4570
651,4581,651,4711,620,4711,620,4581
613,4162,613,4168,590,4168,590,4162
613,4171,613,4217,590,4217,590,4171
613,4226,613,4232,590,4232,590,4226
622,4436,622,4445,587,4444,587,4435
622,4468,619,4682,583,4681,586,4467
580,4440,580,4474,543,4474,543,4440
580,4495,580,4607,543,4607,543,4495
580,4626,580,4660,543,4660,543,4626
580,4680,580,4784,543,4784,543,4680
587,1742,587,1868,549,1868,549,1742
549,1728,549,1774,509,1774,509,1728
549,1772,549,1783,509,1783,509,1772
549,1793,549,1804,509,1804,509,1793
431,4022,432,4028,409,4030,408,4024
430,4131,430,4136,409,4136,409,4131
430,4144,430,4149,409,4149,409,4144
430,4153,430,4158,409,4158,409,4153
429,4252,429,4269,409,4269,409,4252
429,4483,429,4508,411,4508,411,4483
257,4057,257,4136,225,4136,225,4057
257,4159,257,4183,225,4183,225,4159
257,4206,257,4255,225,4255,225,4206
257,4275,257,4298,225,4298,225,4275
257,4315,257,4323,225,4323,225,4315
244,4539,244,4642,198,4642,198,4539
244,4680,244,4866,198,4866,198,4680
219,4044,219,4082,178,4082,178,4044
219,4097,219,4108,178,4108,178,4097
219,4116,219,4169,178,4169,178,4116
219,4169,219,4180,178,4180,178,4169
219,4192,219,4288,178,4288,178,4192
154,4236,154,4315,108,4315,108,4236
154,4333,154,4346,108,4346,108,4333
154,4357,154,4408,108,4408,108,4357
154,4450,154,4528,108,4528,108,4450
151,70,151,138,120,138,120,70
151,160,151,168,120,168,120,160
151,182,151,230,120,230,120,182
151,249,151,444,120,444,120,249
151,465,151,534,120,534,120,465
151,555,151,717,120,717,120,555
151,742,151,750,120,750,120,742
151,758,151,766,120,766,120,758
151,769,151,834,120,834,120,769
151,855,151,1005,120,1005,120,855
151,1028,151,1056,120,1056,120,1028
151,1082,151,1199,120,1199,120,1082
151,1225,151,1274,120,1274,120,1225
151,1291,151,1458,120,1458,120,1291
151,1479,151,1637,120,1637,120,1479
151,1657,151,1692,120,1692,120,1657
151,1708,151,1935,120,1935,120,1708
151,1952,151,2016,120,2016,120,1952
151,2040,151,2080,120,2080,120,2040
151,2104,151,2252,120,2252,120,2104
151,2273,151,2354,120,2354,120,2273
151,2358,151,2366,120,2366,120,2358
151,2380,151,2534,120,2534,120,2380
151,2540,151,2548,120,2548,120,2540
151,2567,151,2693,120,2693,120,2567
151,2694,151,2702,120,2702,120,2694
151,2720,151,2784,120,2784,120,2720
151,2793,151,2801,120,2801,120,2793
151,2807,151,2936,120,2936,120,2807
151,2940,151,2948,120,2948,120,2940
151,2967,151,3007,120,3007,120,2967
151,3028,151,3203,120,3203,120,3028
151,3225,151,3260,120,3260,120,3225
151,3271,151,3392,120,3392,120,3271
151,3419,151,3506,120,3506,120,3419
151,3510,151,3518,120,3518,120,3510
151,3535,151,3574,120,3574,120,3535
121,70,121,205,92,205,92,70
121,232,121,396,92,396,92,232
121,415,121,484,92,484,92,415
121,506,121,522,92,522,92,506
121,543,121,649,92,649,92,543
121,670,121,702,92,702,92,670
121,721,121,742,92,742,92,721
121,763,121,868,92,868,92,763
121,890,121,960,92,960,92,890
121,977,121,1077,92,1077,92,977
121,1099,121,1107,92,1107,92,1099
121,1138,121,1207,92,1207,92,1138
121,1227,121,1341,92,1341,92,1227
121,1345,121,1353,92,1353,92,1345
121,1368,121,1422,92,1422,92,1368
121,1442,121,1578,92,1578,92,1442
121,1601,121,1671,92,1671,92,1601
121,1688,121,1906,92,1906,92,1688
121,1906,121,1914,92,1914,92,1906
121,1926,121,1980,92,1980,92,1926
121,2003,121,2194,92,2194,92,2003
121,2212,121,2244,92,2244,92,2212
121,2267,121,2337,92,2337,92,2267
121,2354,121,2404,92,2404,92,2354
121,2423,121,2547,92,2547,92,2423
121,2548,121,2556,92,2556,92,2548
121,2572,121,2604,92,2604,92,2572
121,2626,121,2783,92,2783,92,2626
121,2809,121,2817,92,2817,92,2809
121,2824,121,2832,92,2832,92,2824
121,2833,121,2883,92,2883,92,2833
121,2902,121,2952,92,2952,92,2902
121,2975,121,3178,92,3178,92,2975
121,3181,121,3189,92,3189,92,3181
121,3205,121,3255,92,3255,92,3205
121,3280,121,3432,92,3432,92,3280
121,3455,121,3523,92,3523,92,3455
121,3542,121,3660,92,3660,92,3542
121,3685,121,3693,92,3693,92,3685
93,76,93,147,62,147,62,76
93,164,93,280,62,280,62,164
93,304,93,339,62,339,62,304
93,360,93,542,62,542,62,360
93,564,93,598,62,598,62,564
93,619,93,705,62,705,62,619
93,708,93,716,62,716,62,708
