3412,3497,3412,3585,3389,3585,3389,3497
3412,3595,3412,3635,3389,3635,3389,3595
3412,3641,3412,3647,3389,3647,3389,3641
3412,3645,3412,3688,3389,3688,3389,3645
3367,3447,3367,3526,3349,3526,3349,3447
3367,3532,3367,3572,3349,3572,3349,3532
3367,3580,3367,3636,3349,3636,3349,3580
3364,4442,3364,4656,3288,4656,3288,4442
3320,3446,3320,3525,3304,3525,3304,3446
3320,3529,3320,3574,3304,3574,3304,3529
3320,3582,3320,3636,3304,3636,3304,3582
3278,3447,3278,3527,3257,3527,3257,3447
3278,3532,3278,3571,3257,3571,3257,3532
3278,3581,3278,3638,3257,3638,3257,3581
3278,3646,3278,3651,3257,3651,3257,3646
3278,3658,3278,3699,3257,3699,3257,3658
3278,3704,3278,3760,3257,3760,3257,3704
3283,1946,3286,2042,3250,2043,3247,1947
3250,1950,3250,1961,3210,1961,3210,1950
3250,1967,3250,1978,3210,1978,3210,1967
3250,1982,3250,2012,3210,2012,3210,1982
3250,2028,3250,2039,3210,2039,3210,2028
3253,4209,3253,4325,3230,4325,3230,4209
3253,4336,3253,4392,3230,4392,3230,4336
3228,3447,3228,3495,3212,3495,3212,3447
3228,3501,3229,3558,3213,3558,3212,3501
3229,3567,3230,3642,3214,3642,3213,3567
3201,2854,3201,2933,3165,2933,3165,2854
3157,3034,3192,3034,3192,3057,3157,3057
3217,3034,3242,3034,3242,3057,3217,3057
3183,3446,3182,3467,3163,3467,3164,3446
3182,3466,3182,3470,3164,3470,3164,3466
3182,3474,3182,3484,3164,3484,3164,3474
3182,3485,3182,3489,3164,3489,3164,3485
3182,3491,3181,3521,3162,3521,3163,3491
3138,3447,3138,3465,3124,3465,3124,3447
3138,3467,3138,3470,3124,3470,3124,3467
3138,3474,3138,3484,3124,3484,3124,3474
3138,3485,3138,3488,3124,3488,3124,3485
3138,3490,3138,3524,3123,3524,3123,3490
3137,3529,3137,3539,3123,3539,3123,3529
3138,3545,3137,3623,3122,3623,3123,3545
3137,3628,3137,3664,3122,3664,3122,3628
3136,3673,3136,3728,3122,3728,3122,3673
3207,4286,3207,4589,3146,4589,3146,4286
3116,4118,3116,4180,3072,4180,3072,4118
3116,4186,3116,4198,3072,4198,3072,4186
3116,4212,3116,4268,3072,4268,3072,4212
3116,4281,3116,4293,3072,4293,3072,4281
3116,4323,3116,4497,3072,4497,3072,4323
3116,4526,3116,4761,3072,4761,3072,4526
3068,4246,3068,4367,3021,4367,3021,4246
3068,4404,3068,4641,3021,4641,3021,4404
3091,3444,3091,3490,3076,3490,3076,3444
3091,3499,3091,3513,3076,3513,3076,3499
3091,3516,3091,3519,3076,3519,3076,3516
3091,3522,3091,3533,3076,3533,3076,3522
3091,3534,3091,3537,3076,3537,3076,3534
3091,3538,3091,3569,3076,3569,3076,3538
3039,2709,3039,2791,3005,2791,3005,2709
3039,2838,3039,2863,3005,2863,3005,2838
3039,2893,3039,2924,3005,2924,3005,2893
3039,3003,3039,3012,3005,3012,3005,3003
3039,3010,3039,3019,3005,3019,3005,3010
3055,3446,3055,3481,3038,3481,3038,3446
3055,3488,3055,3492,3038,3492,3038,3488
3055,3495,3055,3499,3038,3499,3038,3495
3055,3499,3055,3557,3038,3557,3038,3499
3055,3565,3055,3595,3038,3595,3038,3565
3055,3604,3055,3633,3038,3633,3038,3604
3055,3637,3055,3676,3038,3676,3038,3637
3055,3684,3055,3709,3038,3709,3038,3684
3037,3448,3037,3452,3020,3452,3020,3448
3037,3450,3037,3520,3020,3520,3020,3450
3037,3518,3037,3522,3020,3522,3020,3518
3037,3525,3037,3577,3020,3577,3020,3525
3037,3579,3037,3583,3020,3583,3020,3579
3002,3444,3002,3502,2985,3502,2985,3444
3002,3505,3002,3552,2985,3552,2985,3505
3002,3561,3002,3609,2985,3609,2985,3561
3002,3616,3002,3636,2985,3636,2985,3616
3006,1731,3006,1829,2960,1829,2960,1731
2956,3446,2957,3505,2939,3505,2938,3446
2956,3512,2956,3563,2939,3563,2939,3512
2956,3570,2956,3609,2939,3609,2939,3570
2957,3615,2957,3625,2940,3625,2940,3615
2957,3629,2957,3674,2940,3674,2940,3629
2960,2769,2908,2769,2908,2746,2960,2746
2910,3447,2910,3506,2894,3506,2894,3447
2910,3511,2910,3566,2894,3566,2894,3511
2910,3574,2910,3625,2894,3625,2894,3574
2910,3631,2910,3692,2894,3692,2894,3631
2862,3447,2863,3478,2844,3478,2843,3447
2862,3485,2862,3499,2844,3499,2844,3485
2863,3506,2864,3556,2845,3556,2844,3506
2863,3562,2863,3572,2845,3572,2845,3562
2864,3585,2864,3595,2846,3595,2846,3585
2864,3598,2864,3602,2846,3602,2846,3598
2864,3606,2864,3626,2846,3626,2846,3606
2865,3633,2865,3637,2847,3637,2847,3633
2865,3640,2865,3644,2847,3644,2847,3640
2818,3346,2818,3371,2801,3371,2801,3346
2828,3446,2828,3478,2810,3478,2810,3446
2828,3484,2828,3500,2810,3500,2810,3484
2828,3505,2828,3557,2810,3557,2810,3505
2828,3561,2828,3574,2810,3574,2810,3561
2828,3586,2828,3596,2810,3596,2810,3586
2828,3599,2828,3603,2810,3603,2810,3599
2828,3605,2828,3628,2810,3628,2810,3605
2828,3632,2828,3636,2810,3636,2810,3632
2828,3641,2828,3645,2810,3645,2810,3641
2828,3653,2828,3657,2810,3657,2810,3653
2828,3656,2828,3738,2810,3738,2810,3656
2828,3744,2828,3815,2810,3815,2810,3744
2828,3820,2828,3907,2810,3907,2810,3820
2828,3907,2828,3911,2810,3911,2810,3907
2809,3449,2809,3478,2794,3478,2794,3449
2809,3487,2809,3490,2794,3490,2794,3487
2809,3495,2809,3498,2794,3498,2794,3495
2809,3501,2809,3522,2794,3522,2794,3501
2809,3534,2809,3545,2794,3545,2794,3534
2809,3555,2809,3558,2794,3558,2794,3555
2809,3559,2809,3562,2794,3562,2794,3559
2809,3565,2809,3585,2794,3585,2794,3565
2809,3595,2809,3609,2794,3609,2794,3595
2809,3617,2809,3633,2794,3633,2794,3617
2773,3448,2773,3479,2759,3479,2759,3448
2773,3486,2773,3501,2759,3501,2759,3486
2773,3508,2773,3560,2759,3560,2759,3508
2773,3565,2773,3578,2759,3578,2759,3565
2773,3591,2773,3601,2759,3601,2759,3591
2773,3605,2773,3608,2759,3608,2759,3605
2773,3612,2773,3633,2759,3633,2759,3612
2773,3639,2773,3642,2759,3642,2759,3639
2773,3648,2773,3651,2759,3651,2759,3648
2773,3657,2773,3660,2759,3660,2759,3657
2773,3661,2773,3697,2759,3697,2759,3661
2773,3699,2773,3702,2759,3702,2759,3699
2773,3710,2773,3713,2759,3713,2759,3710
2773,3723,2773,3726,2759,3726,2759,3723
2773,3728,2773,3731,2759,3731,2759,3728
2773,3735,2773,3753,2759,3753,2759,3735
2773,3764,2773,3777,2759,3777,2759,3764
2773,3786,2773,3804,2759,3804,2759,3786
2730,3448,2730,3453,2709,3453,2709,3448
2730,3460,2730,3503,2709,3503,2709,3460
2730,3510,2730,3525,2709,3525,2709,3510
2730,3529,2730,3582,2709,3582,2709,3529
2730,3587,2730,3602,2709,3602,2709,3587
2730,3612,2730,3623,2709,3623,2709,3612
2730,3626,2730,3631,2709,3631,2709,3626
2730,3634,2730,3654,2709,3654,2709,3634
2730,3659,2730,3664,2709,3664,2709,3659
2730,3668,2730,3673,2709,3673,2709,3668
2730,3677,2730,3682,2709,3682,2709,3677
2730,3683,2730,3716,2709,3716,2709,3683
2730,3719,2730,3724,2709,3724,2709,3719
2730,3730,2730,3735,2709,3735,2709,3730
2730,3743,2730,3748,2709,3748,2709,3743
2730,3747,2730,3752,2709,3752,2709,3747
2730,3755,2730,3775,2709,3775,2709,3755
2730,3785,2730,3800,2709,3800,2709,3785
2730,3808,2730,3825,2709,3825,2709,3808
2682,3348,2682,3386,2663,3386,2663,3348
2683,3446,2683,3480,2666,3480,2666,3446
2683,3486,2683,3501,2666,3501,2666,3486
2683,3508,2683,3558,2666,3558,2666,3508
2683,3563,2683,3579,2666,3579,2666,3563
2683,3589,2683,3601,2666,3601,2666,3589
2683,3604,2683,3608,2666,3608,2666,3604
2683,3612,2683,3634,2666,3634,2666,3612
2683,3639,2683,3643,2666,3643,2666,3639
2683,3648,2683,3652,2666,3652,2666,3648
2683,3658,2683,3700,2666,3700,2666,3658
2683,3705,2683,3735,2666,3735,2666,3705
2683,3743,2683,3747,2666,3747,2666,3743
2683,3757,2683,3761,2666,3761,2666,3757
2683,3763,2683,3767,2666,3767,2666,3763
2683,3767,2683,3788,2666,3788,2666,3767
2683,3797,2683,3813,2666,3813,2666,3797
2683,3821,2683,3837,2666,3837,2666,3821
2686,1600,2683,1736,2647,1735,2650,1599
2682,1757,2681,1795,2646,1794,2647,1756
2651,1601,2651,1632,2595,1632,2595,1601
2651,1629,2651,1645,2595,1645,2595,1629
2651,1649,2651,1669,2595,1669,2595,1649
2664,2450,2664,2556,2617,2556,2617,2450
2664,2663,2664,2724,2617,2724,2617,2663
2636,3446,2636,3478,2618,3478,2618,3446
2636,3484,2636,3500,2618,3500,2618,3484
2636,3508,2636,3557,2618,3557,2618,3508
2636,3561,2636,3574,2618,3574,2618,3561
2636,3586,2636,3596,2618,3596,2618,3586
2636,3599,2636,3603,2618,3603,2618,3599
2636,3605,2636,3628,2618,3628,2618,3605
2636,3632,2636,3636,2618,3636,2618,3632
2636,3641,2636,3645,2618,3645,2618,3641
2636,3655,2636,3703,2618,3703,2618,3655
2618,2448,2619,2473,2585,2475,2584,2450
2620,2480,2620,2489,2587,2491,2586,2482
2620,2492,2624,2565,2590,2567,2586,2494
2591,3446,2591,3480,2574,3480,2574,3446
2591,3486,2591,3502,2574,3502,2574,3486
2591,3508,2591,3558,2574,3558,2574,3508
2591,3564,2591,3576,2574,3576,2574,3564
2591,3589,2591,3610,2574,3610,2574,3589
2591,3617,2591,3621,2574,3621,2574,3617
2591,3626,2591,3630,2574,3630,2574,3626
2591,3637,2591,3677,2574,3677,2574,3637
2591,3686,2591,3724,2574,3724,2574,3686
2591,3731,2591,3746,2574,3746,2574,3731
2591,3751,2591,3799,2574,3799,2574,3751
2545,3445,2545,3478,2528,3478,2528,3445
2545,3485,2545,3501,2528,3501,2528,3485
2545,3506,2545,3560,2528,3560,2528,3506
2545,3565,2545,3639,2528,3639,2528,3565
2545,3645,2545,3649,2528,3649,2528,3645
2545,3651,2545,3679,2528,3679,2528,3651
2545,3684,2545,3725,2528,3725,2528,3684
2545,3730,2545,3745,2528,3745,2528,3730
2545,3749,2545,3753,2528,3753,2528,3749
2545,3758,2545,3771,2528,3771,2528,3758
2545,3773,2545,3777,2528,3777,2528,3773
2545,3780,2545,3818,2528,3818,2528,3780
2545,3823,2545,3827,2528,3827,2528,3823
2498,3445,2498,3479,2483,3479,2483,3445
2498,3485,2498,3502,2483,3502,2483,3485
2498,3509,2498,3603,2483,3603,2483,3509
2498,3609,2498,3642,2483,3642,2483,3609
2453,3445,2453,3477,2438,3477,2438,3445
2453,3486,2453,3500,2438,3500,2438,3486
2453,3508,2453,3559,2438,3559,2438,3508
2407,3448,2407,3528,2391,3528,2391,3448
2407,3537,2407,3566,2391,3566,2391,3537
2407,3572,2407,3617,2391,3617,2391,3572
2365,3448,2364,3505,2346,3505,2347,3448
2364,3514,2363,3546,2345,3546,2346,3514
2393,2591,2305,2591,2305,2569,2393,2569
2296,1441,2347,1441,2347,1462,2296,1462
2281,1472,2306,1471,2306,1488,2281,1489
2248,1420,2261,1421,2256,1468,2243,1467
2254,1421,2352,1432,2347,1479,2249,1468
2318,3447,2318,3526,2302,3526,2302,3447
2272,3444,2272,3487,2255,3487,2255,3444
2272,3492,2272,3562,2255,3562,2255,3492
2272,3566,2272,3631,2255,3631,2255,3566
2273,1186,2284,1328,2236,1331,2225,1190
2286,1351,2289,1385,2242,1389,2239,1355
2292,1438,2293,1451,2246,1455,2245,1442
2294,1460,2299,1520,2251,1524,2246,1464
2238,3329,2238,3356,2226,3356,2226,3329
2228,3447,2228,3513,2207,3513,2207,3447
2228,3519,2228,3586,2207,3586,2207,3519
2228,3590,2228,3662,2207,3662,2207,3590
2228,3665,2228,3681,2207,3681,2207,3665
2228,3687,2228,3724,2207,3724,2207,3687
2215,2079,2215,2165,2177,2165,2177,2079
2297,4065,2297,4584,2221,4584,2221,4065
2297,4638,2297,4801,2221,4801,2221,4638
2217,4046,2217,4435,2155,4435,2155,4046
2217,4474,2217,4531,2155,4531,2155,4474
2217,4585,2217,4602,2155,4602,2155,4585
2217,4644,2217,4830,2155,4830,2155,4644
2157,4207,2157,4339,2099,4339,2099,4207
2157,4397,2157,4413,2099,4413,2099,4397
2157,4456,2157,4519,2099,4519,2099,4456
2157,4568,2157,4584,2099,4584,2099,4568
2157,4609,2157,4625,2099,4625,2099,4609
2157,4639,2157,4655,2099,4655,2099,4639
2179,3444,2179,3513,2164,3513,2164,3444
2179,3519,2179,3522,2164,3522,2164,3519
2179,3531,2179,3553,2164,3553,2164,3531
2179,3558,2179,3604,2164,3604,2164,3558
2153,2239,2153,2334,2115,2334,2115,2239
2142,3318,2142,3349,2107,3349,2107,3318
2134,3447,2134,3487,2119,3487,2119,3447
2134,3491,2134,3494,2119,3494,2119,3491
2134,3494,2134,3558,2119,3558,2119,3494
2134,3566,2134,3625,2119,3625,2119,3566
2088,3447,2088,3525,2071,3525,2071,3447
2088,3532,2088,3536,2071,3536,2071,3532
2088,3537,2088,3541,2071,3541,2071,3537
2088,3542,2088,3602,2071,3602,2071,3542
2043,3448,2043,3499,2025,3499,2025,3448
2043,3503,2043,3520,2025,3520,2025,3503
2043,3527,2043,3574,2025,3574,2025,3527
2043,3583,2043,3587,2025,3587,2025,3583
2033,1297,2033,1362,2015,1362,2015,1297
2047,2741,1996,2741,1996,2720,2047,2720
1998,3448,1998,3500,1981,3500,1981,3448
1998,3504,1998,3520,1981,3520,1981,3504
1998,3526,1998,3574,1981,3574,1981,3526
1998,3581,1998,3585,1981,3585,1981,3581
1936,2029,1936,2035,1911,2035,1911,2029
1936,2040,1936,2046,1911,2046,1911,2040
1936,2049,1936,2081,1911,2081,1911,2049
1809,1678,1809,1691,1762,1692,1762,1679
1811,1788,1812,1815,1765,1816,1764,1789
1813,1840,1814,1874,1766,1875,1765,1841
1814,1902,1816,1979,1769,1980,1767,1903
1817,2026,1818,2061,1771,2062,1770,2027
1818,2087,1819,2112,1772,2113,1771,2088
1789,897,1789,947,1760,947,1760,897
1747,898,1747,903,1726,903,1726,898
1747,916,1747,921,1726,921,1726,916
1747,928,1747,955,1726,955,1726,928
2063,4006,2063,4155,2023,4155,2023,4006
2063,4192,2063,4203,2023,4203,2023,4192
2063,4233,2063,4375,2023,4375,2023,4233
2013,4003,2013,4172,1975,4172,1975,4003
2013,4203,2013,4239,1975,4239,1975,4203
1963,4003,1963,4172,1925,4172,1925,4003
1963,4203,1963,4239,1925,4239,1925,4203
1912,4003,1912,4169,1876,4169,1876,4003
1912,4202,1912,4242,1876,4242,1876,4202
1859,4005,1859,4143,1825,4143,1825,4005
1813,4006,1813,4072,1775,4072,1775,4006
1760,4006,1760,4066,1722,4066,1722,4006
1712,4002,1712,4056,1675,4056,1675,4002
1661,4004,1661,4251,1625,4251,1625,4004
1622,4008,1622,4155,1586,4155,1586,4008
1622,4188,1622,4312,1586,4312,1586,4188
1581,3999,1581,4189,1547,4189,1547,3999
1541,4006,1541,4142,1505,4142,1505,4006
1496,4012,1496,4194,1453,4194,1453,4012
1437,4004,1437,4160,1388,4160,1388,4004
1437,4196,1437,4310,1388,4310,1388,4196
1437,4339,1437,4510,1388,4510,1388,4339
2063,4728,2064,4749,2024,4750,2023,4729
2063,4759,2063,4770,2023,4771,2023,4760
2064,4768,2065,4811,2024,4812,2023,4769
2065,4834,2066,4872,2026,4873,2025,4835
2014,4726,2014,4763,1974,4763,1974,4726
2014,4770,2014,4781,1974,4781,1974,4770
2014,4781,2014,4810,1974,4810,1974,4781
2014,4832,2014,4870,1974,4870,1974,4832
1963,4733,1963,4762,1925,4762,1925,4733
1963,4767,1963,4777,1925,4777,1925,4767
1963,4775,1963,4811,1925,4811,1925,4775
1963,4834,1963,4868,1925,4868,1925,4834
1911,4731,1911,4764,1875,4764,1875,4731
1911,4763,1911,4773,1875,4773,1875,4763
1911,4776,1911,4809,1875,4809,1875,4776
1911,4836,1911,4868,1875,4868,1875,4836
1866,4709,1866,4756,1824,4756,1824,4709
1866,4761,1866,4772,1824,4772,1824,4761
1866,4769,1866,4816,1824,4816,1824,4769
1866,4829,1866,4876,1824,4876,1824,4829
1820,4736,1820,4750,1769,4750,1769,4736
1820,4757,1820,4771,1769,4771,1769,4757
1820,4777,1820,4815,1769,4815,1769,4777
1820,4834,1820,4872,1769,4872,1769,4834
1765,4739,1765,4749,1727,4749,1727,4739
1765,4763,1765,4773,1727,4773,1727,4763
1765,4776,1765,4811,1727,4811,1727,4776
1765,4834,1765,4868,1727,4868,1727,4834
1716,4745,1716,4756,1676,4756,1676,4745
1716,4761,1716,4772,1676,4772,1676,4761
1716,4774,1716,4812,1676,4812,1676,4774
1716,4833,1716,4869,1676,4869,1676,4833
1666,4744,1666,4755,1624,4755,1624,4744
1666,4765,1666,4776,1624,4776,1624,4765
1666,4775,1666,4814,1624,4814,1624,4775
1666,4829,1666,4876,1624,4876,1624,4829
1606,4702,1606,4742,1562,4742,1562,4702
1606,4754,1606,4766,1562,4766,1562,4754
1606,4769,1606,4809,1562,4809,1562,4769
1606,4832,1606,4872,1562,4872,1562,4832
1552,4744,1552,4758,1501,4758,1501,4744
1552,4760,1552,4774,1501,4774,1501,4760
1552,4779,1552,4817,1501,4817,1501,4779
1552,4836,1552,4873,1501,4873,1501,4836
1500,4719,1500,4757,1449,4757,1449,4719
1500,4762,1500,4776,1449,4776,1449,4762
1500,4769,1500,4816,1449,4816,1449,4769
1500,4834,1500,4871,1449,4871,1449,4834
1436,4680,1436,4749,1392,4749,1392,4680
1436,4750,1436,4762,1392,4762,1392,4750
1436,4770,1436,4810,1392,4810,1392,4770
1436,4833,1436,4873,1392,4873,1392,4833
1602,1178,1638,1179,1637,1211,1601,1210
1665,1181,1688,1182,1687,1214,1664,1213
1704,1537,1699,1563,1631,1550,1636,1525
1697,1578,1690,1617,1621,1605,1628,1566
1669,1541,1669,1549,1637,1549,1637,1541
1669,1561,1669,1569,1637,1569,1637,1561
1669,1572,1669,1601,1637,1601,1637,1572
1669,1624,1669,1632,1637,1632,1637,1624
1673,1705,1669,1725,1602,1712,1605,1693
1623,2196,1659,2196,1659,2229,1623,2229
1682,2196,1712,2196,1712,2229,1682,2229
1544,1104,1544,1159,1525,1159,1525,1104
1528,1103,1527,1196,1479,1195,1480,1102
1526,1216,1526,1229,1479,1228,1479,1215
1525,1313,1525,1338,1478,1337,1478,1312
1524,1363,1524,1398,1477,1397,1477,1362
1522,1565,1522,1599,1475,1598,1475,1564
1521,1625,1521,1650,1474,1649,1474,1624
1520,1696,1520,1709,1473,1708,1473,1695
1444,651,1444,746,1393,746,1393,651
1261,2549,1261,2645,1225,2645,1225,2549
1226,2551,1226,2586,1188,2586,1188,2551
1226,2589,1226,2599,1188,2599,1188,2589
1226,2597,1226,2633,1188,2633,1188,2597
1226,2651,1226,2661,1188,2661,1188,2651
1141,954,1144,1090,1108,1091,1105,955
1144,1116,1145,1148,1109,1149,1108,1117
1103,956,1104,983,1065,984,1064,957
1104,984,1104,994,1066,995,1066,985
1104,998,1105,1026,1067,1027,1066,999
1139,1783,1142,1920,1106,1921,1103,1784
1142,1940,1143,1978,1107,1979,1106,1941
1099,1781,1100,1809,1068,1810,1067,1782
1100,1812,1100,1820,1069,1821,1069,1813
1100,1822,1101,1856,1070,1857,1069,1823
1028,2224,1164,2224,1164,2264,1028,2264
905,4006,905,4123,883,4123,883,4006
835,2179,795,2177,797,2154,836,2156
849,4034,849,4071,815,4071,815,4034
803,4007,803,4017,767,4017,767,4007
803,4025,803,4035,767,4035,767,4025
803,4044,803,4054,767,4054,767,4044
803,4073,803,4083,767,4083,767,4073
803,4081,803,4091,767,4091,767,4081
803,4087,803,4114,767,4114,767,4087
621,1474,866,1474,866,1509,621,1509
849,4163,849,4245,815,4245,815,4163
849,4268,849,4357,815,4357,815,4268
851,4551,851,4692,815,4692,815,4551
851,4712,851,4744,815,4744,815,4712
851,4768,851,4866,815,4866,815,4768
804,4157,805,4277,771,4277,770,4157
805,4301,805,4331,772,4331,772,4301
806,4357,807,4419,773,4419,772,4357
807,4551,808,4620,775,4620,774,4551
808,4630,808,4639,775,4639,775,4630
808,4641,809,4754,776,4754,775,4641
762,4161,762,4261,727,4261,727,4161
762,4283,762,4315,727,4315,727,4283
727,4156,727,4312,704,4312,704,4156
737,4433,737,4612,708,4612,708,4433
737,4635,737,4685,708,4685,708,4635
737,4704,737,4817,708,4817,708,4704
701,4158,701,4316,672,4316,672,4158
701,4339,701,4403,672,4403,672,4339
707,4437,707,4445,678,4445,678,4437
707,4446,707,4492,678,4492,678,4446
707,4506,707,4514,678,4514,678,4506
707,4518,707,4617,678,4617,678,4518
671,4161,671,4314,644,4314,644,4161
671,4340,671,4347,644,4347,644,4340
679,4433,679,4467,648,4467,648,4433
679,4487,679,4555,648,4555,648,4487
679,4564,679,4572,648,4572,648,4564
679,4575,679,4648,648,4648,648,4575
643,4156,643,4262,616,4262,616,4156
643,4282,643,4391,616,4391,616,4282
651,4432,651,4471,620,4471,620,4432
651,4494,651,4558,620,4558,620,4494
651,4570,651,4578,620,4578,620,4570
651,4581,651,4711,620,4711,620,4581
613,4162,613,4168,590,4168,590,4162
613,4171,613,4217,590,4217,590,4171
613,4226,613,4232,590,4232,590,4226
622,4436,622,4445,587,4444,587,4435
622,4468,619,4682,583,4681,586,4467
580,4440,580,4474,543,4474,543,4440
580,4495,580,4607,543,4607,543,4495
580,4626,580,4660,543,4660,543,4626
580,4680,580,4784,543,4784,543,4680
447,1804,447,1932,415,1932,415,1804
413,1801,413,1835,375,1835,375,1801
413,1839,413,1849,375,1849,375,1839
413,1848,413,1883,375,1883,375,1848
413,1897,413,1907,375,1907,375,1897
431,4022,432,4028,409,4030,408,4024
430,4131,430,4136,409,4136,409,4131
430,4144,430,4149,409,4149,409,4144
430,4153,430,4158,409,4158,409,4153
429,4252,429,4269,409,4269,409,4252
429,4483,429,4508,411,4508,411,4483
257,4057,257,4136,225,4136,225,4057
257,4159,257,4183,225,4183,225,4159
257,4206,257,4255,225,4255,225,4206
257,4275,257,4298,225,4298,225,4275
257,4315,257,4323,225,4323,225,4315
244,4539,244,4642,198,4642,198,4539
244,4680,244,4866,198,4866,198,4680
219,4044,219,4082,178,4082,178,4044
219,4097,219,4108,178,4108,178,4097
219,4116,219,4169,178,4169,178,4116
219,4169,219,4180,178,4180,178,4169
219,4192,219,4288,178,4288,178,4192
154,4236,154,4315,108,4315,108,4236
154,4333,154,4346,108,4346,108,4333
154,4357,154,4408,108,4408,108,4357
154,4450,154,4528,108,4528,108,4450
151,70,151,138,120,138,120,70
151,160,151,168,120,168,120,160
151,182,151,230,120,230,120,182
151,249,151,444,120,444,120,249
151,465,151,534,120,534,120,465
151,555,151,717,120,717,120,555
151,742,151,750,120,750,120,742
151,758,151,766,120,766,120,758
151,769,151,834,120,834,120,769
151,855,151,1005,120,1005,120,855
151,1028,151,1056,120,1056,120,1028
151,1082,151,1199,120,1199,120,1082
151,1225,151,1274,120,1274,120,1225
151,1291,151,1458,120,1458,120,1291
151,1479,151,1637,120,1637,120,1479
151,1657,151,1692,120,1692,120,1657
151,1708,151,1935,120,1935,120,1708
151,1952,151,2016,120,2016,120,1952
151,2040,151,2080,120,2080,120,2040
151,2104,151,2252,120,2252,120,2104
151,2273,151,2354,120,2354,120,2273
151,2358,151,2366,120,2366,120,2358
151,2380,151,2534,120,2534,120,2380
151,2540,151,2548,120,2548,120,2540
151,2567,151,2693,120,2693,120,2567
151,2694,151,2702,120,2702,120,2694
151,2720,151,2784,120,2784,120,2720
151,2793,151,2801,120,2801,120,2793
151,2807,151,2936,120,2936,120,2807
151,2940,151,2948,120,2948,120,2940
151,2967,151,3007,120,3007,120,2967
151,3028,151,3203,120,3203,120,3028
151,3225,151,3260,120,3260,120,3225
151,3271,151,3392,120,3392,120,3271
151,3419,151,3506,120,3506,120,3419
151,3510,151,3518,120,3518,120,3510
151,3535,151,3574,120,3574,120,3535
121,70,121,205,92,205,92,70
121,232,121,396,92,396,92,232
121,415,121,484,92,484,92,415
121,506,121,522,92,522,92,506
121,543,121,649,92,649,92,543
121,670,121,702,92,702,92,670
121,721,121,742,92,742,92,721
121,763,121,868,92,868,92,763
121,890,121,960,92,960,92,890
121,977,121,1077,92,1077,92,977
121,1099,121,1107,92,1107,92,1099
121,1138,121,1207,92,1207,92,1138
121,1227,121,1341,92,1341,92,1227
121,1345,121,1353,92,1353,92,1345
121,1368,121,1422,92,1422,92,1368
121,1442,121,1578,92,1578,92,1442
121,1601,121,1671,92,1671,92,1601
121,1688,121,1906,92,1906,92,1688
121,1906,121,1914,92,1914,92,1906
121,1926,121,1980,92,1980,92,1926
121,2003,121,2194,92,2194,92,2003
121,2212,121,2244,92,2244,92,2212
121,2267,121,2337,92,2337,92,2267
121,2354,121,2404,92,2404,92,2354
121,2423,121,2547,92,2547,92,2423
121,2548,121,2556,92,2556,92,2548
121,2572,121,2604,92,2604,92,2572
121,2626,121,2783,92,2783,92,2626
121,2809,121,2817,92,2817,92,2809
121,2824,121,2832,92,2832,92,2824
121,2833,121,2883,92,2883,92,2833
121,2902,121,2952,92,2952,92,2902
121,2975,121,3178,92,3178,92,2975
121,3181,121,3189,92,3189,92,3181
121,3205,121,3255,92,3255,92,3205
121,3280,121,3432,92,3432,92,3280
121,3455,121,3523,92,3523,92,3455
121,3542,121,3660,92,3660,92,3542
121,3685,121,3693,92,3693,92,3685
93,76,93,147,62,147,62,76
93,164,93,280,62,280,62,164
93,304,93,339,62,339,62,304
93,360,93,542,62,542,62,360
93,564,93,598,62,598,62,564
93,619,93,705,62,705,62,619
93,708,93,716,62,716,62,708
