3418,3576,3418,3654,3393,3654,3393,3576
3418,3663,3418,3699,3393,3699,3393,3663
3418,3707,3418,3713,3393,3713,3393,3707
3418,3713,3418,3749,3393,3749,3393,3713
3374,3533,3374,3599,3357,3599,3357,3533
3374,3605,3374,3639,3357,3639,3357,3605
3374,3647,3374,3697,3357,3697,3357,3647
3333,3533,3333,3601,3318,3601,3318,3533
3333,3604,3333,3640,3318,3640,3318,3604
3333,3647,3333,3697,3318,3697,3318,3647
3372,4453,3372,4657,3270,4657,3270,4453
3293,3533,3293,3599,3278,3599,3278,3533
3293,3605,3293,3638,3278,3638,3278,3605
3293,3647,3293,3695,3278,3695,3278,3647
3293,3703,3293,3706,3278,3706,3278,3703
3293,3713,3293,3751,3278,3751,3278,3713
3293,3756,3293,3805,3278,3805,3278,3756
3291,2033,3291,2134,3255,2134,3255,2033
3256,2039,3256,2071,3213,2071,3213,2039
3256,2071,3256,2083,3213,2083,3213,2071
3256,2083,3256,2115,3213,2115,3213,2083
3256,2137,3256,2149,3213,2149,3213,2137
3253,3532,3253,3577,3238,3577,3238,3532
3253,3582,3253,3632,3238,3632,3238,3582
3253,3638,3253,3705,3238,3705,3238,3638
3253,4209,3253,4325,3230,4325,3230,4209
3253,4336,3253,4392,3230,4392,3230,4336
3158,722,3192,722,3192,741,3158,741
3191,722,3196,722,3196,741,3191,741
3219,722,3247,722,3247,741,3219,741
3212,3533,3212,3548,3195,3548,3195,3533
3212,3550,3212,3554,3196,3554,3196,3550
3212,3556,3212,3564,3196,3564,3196,3556
3212,3566,3212,3570,3196,3570,3196,3566
3213,3571,3214,3597,3197,3597,3196,3571
3173,3534,3173,3548,3158,3548,3158,3534
3173,3550,3173,3553,3158,3553,3158,3550
3173,3556,3173,3564,3158,3564,3158,3556
3173,3566,3173,3569,3158,3569,3158,3566
3173,3570,3173,3597,3158,3597,3158,3570
3173,3602,3173,3613,3158,3613,3158,3602
3173,3615,3173,3681,3158,3681,3158,3615
3173,3687,3173,3720,3158,3720,3158,3687
3173,3729,3173,3778,3158,3778,3158,3729
3131,3532,3131,3571,3117,3571,3117,3532
3131,3579,3131,3589,3117,3589,3117,3579
3131,3593,3131,3596,3117,3596,3117,3593
3131,3597,3131,3607,3117,3607,3117,3597
3131,3608,3131,3611,3117,3611,3117,3608
3131,3612,3131,3638,3117,3638,3117,3612
3207,4286,3207,4589,3146,4589,3146,4286
3116,4118,3116,4180,3072,4180,3072,4118
3116,4186,3116,4198,3072,4198,3072,4186
3116,4212,3116,4268,3072,4268,3072,4212
3116,4281,3116,4293,3072,4293,3072,4281
3116,4323,3116,4497,3072,4497,3072,4323
3116,4526,3116,4761,3072,4761,3072,4526
3068,4246,3068,4367,3021,4367,3021,4246
3068,4404,3068,4641,3021,4641,3021,4404
3097,3532,3097,3563,3080,3563,3080,3532
3097,3568,3097,3572,3080,3572,3080,3568
3097,3573,3097,3577,3080,3577,3080,3573
3098,3576,3098,3626,3080,3626,3080,3576
3098,3633,3098,3657,3081,3657,3081,3633
3098,3666,3098,3692,3081,3692,3081,3666
3099,3697,3099,3731,3081,3731,3081,3697
3099,3737,3099,3762,3082,3762,3082,3737
3082,3534,3082,3537,3067,3537,3067,3534
3082,3538,3082,3597,3067,3597,3067,3538
3082,3598,3082,3601,3067,3601,3067,3598
3082,3602,3082,3647,3067,3647,3067,3602
3082,3649,3082,3652,3067,3652,3067,3649
3052,3532,3053,3579,3035,3579,3034,3532
3052,3584,3052,3622,3035,3622,3035,3584
3053,3629,3054,3673,3036,3673,3035,3629
3053,3680,3053,3697,3036,3697,3036,3680
3011,3534,3011,3585,2996,3585,2996,3534
3011,3590,3011,3636,2996,3636,2996,3590
3011,3643,3011,3677,2996,3677,2996,3643
3011,3685,3011,3690,2996,3690,2996,3685
3011,3694,3011,3735,2996,3735,2996,3694
2970,3533,2970,3583,2956,3583,2956,3533
2970,3589,2970,3633,2956,3633,2956,3589
2970,3639,2970,3686,2956,3686,2956,3639
2970,3693,2970,3744,2956,3744,2956,3693
2962,774,2962,877,2911,877,2911,774
2930,3532,2930,3561,2915,3561,2915,3532
2930,3566,2930,3580,2915,3580,2915,3566
2930,3585,2930,3628,2915,3628,2915,3585
2930,3633,2930,3644,2915,3644,2915,3633
2930,3655,2930,3662,2915,3662,2915,3655
2930,3666,2930,3669,2915,3669,2915,3666
2930,3673,2930,3690,2915,3690,2915,3673
2930,3693,2930,3696,2915,3696,2915,3693
2930,3703,2930,3706,2915,3706,2915,3703
2888,3445,2888,3467,2873,3467,2873,3445
2898,3534,2898,3562,2884,3562,2884,3534
2898,3567,2898,3580,2884,3580,2884,3567
2898,3587,2898,3628,2884,3628,2884,3587
2897,3633,2897,3646,2883,3646,2883,3633
2897,3654,2897,3664,2883,3664,2883,3654
2897,3667,2897,3670,2883,3670,2883,3667
2897,3672,2897,3691,2883,3691,2883,3672
2897,3695,2897,3698,2883,3698,2883,3695
2897,3704,2897,3707,2883,3707,2883,3704
2897,3715,2897,3718,2883,3718,2883,3715
2897,3718,2897,3786,2883,3786,2883,3718
2897,3792,2897,3853,2882,3853,2882,3792
2896,3858,2896,3932,2882,3932,2882,3858
2896,3934,2896,3937,2882,3937,2882,3934
2881,3533,2881,3561,2868,3561,2868,3533
2881,3568,2881,3571,2868,3571,2868,3568
2881,3575,2881,3578,2868,3578,2868,3575
2881,3580,2881,3597,2868,3597,2868,3580
2881,3608,2881,3617,2868,3617,2868,3608
2881,3625,2881,3628,2868,3628,2868,3625
2881,3629,2881,3632,2868,3632,2868,3629
2881,3635,2881,3651,2868,3651,2868,3635
2881,3662,2881,3674,2868,3674,2868,3662
2881,3679,2881,3696,2868,3696,2868,3679
2849,3532,2849,3560,2836,3560,2836,3532
2849,3567,2849,3579,2836,3579,2836,3567
2849,3585,2849,3629,2836,3629,2836,3585
2849,3632,2849,3644,2836,3644,2836,3632
2849,3654,2849,3663,2836,3663,2836,3654
2849,3666,2849,3669,2836,3669,2836,3666
2849,3673,2849,3692,2836,3692,2836,3673
2849,3695,2849,3698,2836,3698,2836,3695
2849,3703,2849,3706,2836,3706,2836,3703
2849,3713,2849,3716,2836,3716,2836,3713
2849,3715,2849,3746,2836,3746,2836,3715
2849,3751,2849,3754,2836,3754,2836,3751
2849,3761,2849,3764,2836,3764,2836,3761
2849,3772,2849,3775,2836,3775,2836,3772
2849,3776,2849,3779,2836,3779,2836,3776
2849,3783,2849,3798,2836,3798,2836,3783
2849,3807,2849,3819,2836,3819,2836,3807
2849,3827,2849,3843,2836,3843,2836,3827
2809,3535,2809,3538,2796,3538,2796,3535
2809,3544,2809,3579,2796,3579,2796,3544
2809,3585,2809,3597,2796,3597,2796,3585
2809,3604,2809,3648,2796,3648,2796,3604
2809,3651,2809,3663,2796,3663,2796,3651
2809,3673,2809,3682,2796,3682,2796,3673
2809,3686,2809,3689,2796,3689,2796,3686
2809,3691,2809,3710,2796,3710,2796,3691
2809,3714,2809,3717,2796,3717,2796,3714
2809,3722,2809,3725,2796,3725,2796,3722
2809,3731,2809,3734,2796,3734,2796,3731
2809,3737,2809,3766,2796,3766,2796,3737
2809,3768,2809,3771,2796,3771,2796,3768
2809,3778,2809,3781,2796,3781,2796,3778
2809,3791,2809,3794,2796,3794,2796,3791
2809,3795,2809,3798,2796,3798,2796,3795
2809,3801,2809,3817,2796,3817,2796,3801
2809,3826,2809,3838,2796,3838,2796,3826
2809,3845,2809,3860,2796,3860,2796,3845
2759,780,2828,780,2828,827,2759,827
2768,3430,2768,3482,2751,3482,2751,3430
2769,3535,2769,3562,2754,3562,2754,3535
2769,3566,2769,3580,2754,3580,2754,3566
2769,3585,2769,3628,2754,3628,2754,3585
2769,3633,2769,3644,2754,3644,2754,3633
2769,3655,2769,3662,2754,3662,2754,3655
2769,3666,2769,3669,2754,3669,2754,3666
2769,3673,2769,3692,2754,3692,2754,3673
2769,3695,2769,3698,2754,3698,2754,3695
2769,3705,2769,3708,2754,3708,2754,3705
2769,3713,2769,3750,2754,3750,2754,3713
2769,3754,2769,3782,2754,3782,2754,3754
2769,3789,2769,3792,2754,3792,2754,3789
2769,3802,2769,3805,2754,3805,2754,3802
2769,3807,2769,3810,2754,3810,2754,3807
2769,3811,2769,3828,2754,3828,2754,3811
2769,3839,2769,3849,2754,3849,2754,3839
2769,3856,2769,3873,2754,3873,2754,3856
2727,3532,2727,3559,2714,3559,2714,3532
2727,3565,2727,3580,2714,3580,2714,3565
2727,3587,2727,3629,2714,3629,2714,3587
2727,3634,2727,3643,2714,3643,2714,3634
2727,3653,2727,3663,2714,3663,2714,3653
2727,3667,2727,3670,2714,3670,2714,3667
2727,3672,2727,3691,2714,3691,2714,3672
2727,3695,2727,3698,2714,3698,2714,3695
2727,3703,2727,3706,2714,3706,2714,3703
2727,3714,2727,3755,2714,3755,2714,3714
2745,1045,2745,1158,2709,1158,2709,1045
2707,1050,2707,1076,2671,1076,2671,1050
2707,1083,2707,1093,2671,1093,2671,1083
2707,1093,2707,1125,2671,1125,2671,1093
2707,1146,2707,1156,2671,1156,2671,1146
2745,2088,2748,2224,2713,2225,2710,2089
2748,2249,2749,2280,2715,2281,2714,2250
2707,2087,2707,2163,2663,2163,2663,2087
2748,2844,2748,2973,2708,2973,2708,2844
2748,2993,2748,3031,2708,3031,2708,2993
2704,2842,2704,2851,2669,2851,2669,2842
2704,2860,2704,2869,2669,2869,2669,2860
2704,2868,2704,2900,2669,2900,2669,2868
2704,2921,2704,2930,2669,2930,2669,2921
2689,3533,2689,3561,2674,3561,2674,3533
2689,3567,2689,3581,2674,3581,2674,3567
2689,3585,2689,3628,2674,3628,2674,3585
2689,3633,2689,3644,2674,3644,2674,3633
2689,3654,2689,3671,2674,3671,2674,3654
2689,3677,2689,3680,2674,3680,2674,3677
2689,3685,2689,3688,2674,3688,2674,3685
2689,3695,2689,3733,2674,3733,2674,3695
2689,3737,2689,3773,2674,3773,2674,3737
2689,3780,2689,3794,2674,3794,2674,3780
2689,3798,2689,3837,2674,3837,2674,3798
2653,828,2653,916,2617,916,2617,828
2648,3533,2648,3560,2633,3560,2633,3533
2648,3567,2648,3581,2633,3581,2633,3567
2648,3587,2648,3630,2633,3630,2633,3587
2648,3633,2648,3695,2633,3695,2633,3633
2648,3701,2648,3704,2633,3704,2633,3701
2648,3706,2648,3731,2633,3731,2633,3706
2648,3737,2648,3773,2633,3773,2633,3737
2648,3780,2648,3791,2633,3791,2633,3780
2648,3795,2648,3798,2633,3798,2633,3795
2648,3802,2648,3813,2633,3813,2633,3802
2648,3816,2648,3819,2633,3819,2633,3816
2648,3824,2648,3856,2633,3856,2633,3824
2648,3859,2648,3862,2633,3862,2633,3859
2605,3533,2605,3561,2590,3561,2590,3533
2606,3565,2606,3579,2590,3579,2590,3565
2606,3585,2607,3669,2591,3669,2590,3585
2607,3675,2607,3703,2592,3703,2592,3675
2565,3533,2565,3560,2550,3560,2550,3533
2565,3569,2565,3580,2550,3580,2550,3569
2565,3589,2565,3631,2550,3631,2550,3589
2526,3535,2526,3602,2510,3602,2510,3535
2526,3611,2526,3636,2510,3636,2510,3611
2526,3641,2526,3682,2510,3682,2510,3641
2486,3533,2486,3583,2471,3583,2471,3533
2486,3589,2486,3619,2471,3619,2471,3589
2446,3533,2446,3601,2430,3601,2430,3533
2450,2643,2364,2643,2364,2620,2450,2620
2407,3532,2407,3568,2390,3568,2390,3532
2407,3572,2406,3632,2388,3632,2389,3572
2406,3637,2405,3695,2387,3695,2388,3637
2374,3429,2373,3453,2366,3453,2367,3429
2375,2181,2375,2245,2344,2245,2344,2181
2363,3532,2363,3590,2346,3590,2346,3532
2364,3594,2364,3652,2347,3652,2347,3594
2365,3655,2366,3721,2348,3721,2347,3655
2365,3721,2365,3737,2348,3737,2348,3721
2365,3741,2365,3775,2348,3775,2348,3741
2322,3532,2322,3588,2310,3588,2310,3532
2322,3594,2322,3596,2310,3596,2310,3594
2322,3603,2322,3623,2310,3623,2310,3603
2322,3629,2322,3670,2310,3670,2310,3629
2289,3419,2289,3461,2260,3461,2260,3419
2284,3533,2284,3568,2271,3568,2271,3533
2284,3571,2284,3574,2271,3574,2271,3571
2284,3576,2284,3630,2271,3630,2271,3576
2284,3637,2284,3689,2271,3689,2271,3637
2243,3537,2243,3600,2227,3600,2227,3537
2243,3605,2243,3609,2227,3609,2227,3605
2243,3610,2243,3614,2227,3614,2227,3610
2243,3614,2243,3666,2227,3666,2227,3614
2203,3533,2203,3577,2190,3577,2190,3533
2203,3582,2203,3594,2190,3594,2190,3582
2203,3600,2203,3644,2190,3644,2190,3600
2203,3652,2203,3655,2190,3655,2190,3652
2185,1536,2190,1591,2167,1593,2162,1538
2163,3534,2163,3579,2149,3579,2149,3534
2163,3583,2163,3596,2149,3596,2149,3583
2163,3601,2163,3643,2149,3643,2149,3601
2163,3651,2163,3654,2149,3654,2149,3651
2152,206,2152,234,2130,234,2130,206
2152,260,2152,293,2130,293,2130,260
2157,1552,2157,1606,2135,1606,2135,1552
2129,749,2064,749,2064,717,2129,717
2084,778,2033,778,2033,757,2084,757
2018,1871,2019,1872,2013,1879,2012,1877
1933,2427,1933,2478,1911,2478,1911,2427
1916,1964,1900,2216,1849,2212,1864,1961
1898,2238,1896,2265,1845,2262,1847,2235
1894,2295,1892,2323,1841,2320,1843,2292
1840,1847,1839,1878,1804,1877,1805,1846
1837,1903,1836,1934,1802,1933,1803,1902
1856,3075,1856,3153,1814,3153,1814,3075
1830,2487,1830,2521,1807,2521,1807,2487
1830,2546,1830,2575,1807,2575,1807,2546
1773,2813,1771,2867,1741,2866,1743,2812
1771,2880,1771,2888,1742,2887,1742,2879
1770,2896,1769,2942,1740,2941,1741,2895
1774,2039,1774,2097,1737,2097,1737,2039
1731,2040,1731,2048,1699,2048,1699,2040
1731,2060,1731,2068,1699,2068,1699,2060
1731,2071,1731,2100,1699,2100,1699,2071
1731,2123,1731,2131,1699,2131,1699,2123
1750,2295,1750,2357,1725,2357,1725,2295
1655,1645,1690,1645,1690,1666,1655,1666
1713,1645,1744,1645,1744,1666,1713,1666
2293,4068,2293,4585,2221,4585,2221,4068
2293,4642,2293,4805,2221,4805,2221,4642
2217,4046,2217,4435,2155,4435,2155,4046
2217,4474,2217,4531,2155,4531,2155,4474
2217,4579,2217,4596,2155,4596,2155,4579
2217,4644,2217,4830,2155,4830,2155,4644
2145,4203,2145,4341,2096,4341,2096,4203
2145,4378,2145,4518,2096,4518,2096,4378
2145,4567,2145,4581,2096,4581,2096,4567
2145,4607,2145,4621,2096,4621,2096,4607
2145,4637,2145,4651,2096,4651,2096,4637
2060,4003,2060,4147,2024,4147,2024,4003
2068,4741,2068,4754,2021,4754,2021,4741
2068,4760,2068,4773,2021,4773,2021,4760
2068,4772,2068,4815,2021,4815,2021,4772
2068,4836,2068,4870,2021,4870,2021,4836
2010,4003,2010,4154,1974,4154,1974,4003
2015,4719,2015,4754,1977,4754,1977,4719
2015,4760,2015,4770,1977,4770,1977,4760
2015,4772,2015,4813,1977,4813,1977,4772
2015,4835,2015,4871,1977,4871,1977,4835
1962,4005,1962,4141,1926,4141,1926,4005
1965,4708,1965,4759,1925,4759,1925,4708
1965,4759,1965,4770,1925,4770,1925,4759
1965,4771,1965,4816,1925,4816,1925,4771
1965,4835,1965,4871,1925,4871,1925,4835
1912,4002,1912,4169,1872,4169,1872,4002
1912,4226,1912,4262,1872,4262,1872,4226
1913,4722,1914,4751,1874,4752,1873,4723
1913,4760,1913,4771,1873,4772,1873,4761
1914,4779,1915,4808,1875,4809,1874,4780
1915,4834,1916,4872,1876,4873,1875,4835
1859,4003,1859,4166,1827,4166,1827,4003
1859,4202,1859,4238,1827,4238,1827,4202
1865,4739,1865,4768,1827,4768,1827,4739
1865,4768,1865,4778,1827,4778,1827,4768
1865,4782,1865,4811,1827,4811,1827,4782
1865,4836,1865,4870,1827,4870,1827,4836
1809,3998,1809,4166,1777,4166,1777,3998
1809,4201,1809,4242,1777,4242,1777,4201
1815,4728,1815,4757,1776,4757,1776,4728
1815,4761,1815,4772,1776,4772,1776,4761
1815,4775,1815,4811,1776,4811,1776,4775
1815,4835,1815,4871,1776,4871,1776,4835
1760,4003,1760,4169,1724,4169,1724,4003
1760,4202,1760,4242,1724,4242,1724,4202
1765,4727,1765,4762,1727,4762,1727,4727
1765,4761,1765,4771,1727,4771,1727,4761
1765,4771,1765,4814,1727,4814,1727,4771
1765,4831,1765,4872,1727,4872,1727,4831
1710,4004,1710,4073,1676,4073,1676,4004
1710,4086,1710,4095,1676,4095,1676,4086
1710,4099,1710,4155,1676,4155,1676,4099
1714,4734,1714,4745,1674,4746,1674,4735
1715,4759,1715,4770,1675,4771,1675,4760
1716,4772,1717,4810,1676,4811,1675,4773
1717,4835,1718,4871,1678,4872,1677,4836
1659,4001,1659,4055,1627,4055,1627,4001
1666,4743,1666,4754,1626,4754,1626,4743
1666,4763,1666,4774,1626,4774,1626,4763
1666,4776,1666,4814,1626,4814,1626,4776
1666,4835,1666,4871,1626,4871,1626,4835
1612,4002,1612,4068,1579,4068,1579,4002
1620,4737,1620,4749,1577,4749,1577,4737
1620,4759,1620,4771,1577,4771,1577,4759
1620,4780,1620,4811,1577,4811,1577,4780
1620,4838,1620,4850,1577,4850,1577,4838
1620,4856,1620,4868,1577,4868,1577,4856
1565,4007,1565,4253,1527,4253,1527,4007
1567,4741,1567,4751,1529,4751,1529,4741
1567,4765,1567,4775,1529,4775,1529,4765
1567,4778,1567,4813,1529,4813,1529,4778
1567,4831,1567,4872,1529,4872,1529,4831
1524,4008,1524,4158,1484,4158,1484,4008
1524,4192,1524,4310,1484,4310,1484,4192
1510,4681,1510,4747,1459,4747,1459,4681
1510,4750,1510,4764,1459,4764,1459,4750
1510,4767,1510,4814,1459,4814,1459,4767
1510,4837,1510,4875,1459,4875,1459,4837
1481,3998,1481,4186,1445,4186,1445,3998
1433,4005,1436,4137,1392,4138,1389,4006
1436,4715,1436,4754,1393,4754,1393,4715
1436,4757,1436,4769,1393,4769,1393,4757
1436,4765,1436,4813,1393,4813,1393,4765
1436,4836,1436,4848,1393,4848,1393,4836
1436,4858,1436,4870,1393,4870,1393,4858
1362,4006,1362,4187,1320,4187,1320,4006
1362,4219,1362,4250,1320,4250,1320,4219
1366,4717,1366,4750,1321,4750,1321,4717
1366,4759,1366,4771,1321,4771,1321,4759
1366,4768,1366,4817,1321,4817,1321,4768
1366,4834,1366,4875,1321,4875,1321,4834
1293,4004,1293,4185,1253,4185,1253,4004
1293,4213,1293,4256,1253,4256,1253,4213
1296,4735,1296,4749,1245,4749,1245,4735
1296,4756,1296,4770,1245,4770,1245,4756
1296,4768,1296,4815,1245,4815,1245,4768
1296,4830,1296,4877,1245,4877,1245,4830
1229,4008,1229,4157,1171,4157,1171,4008
1229,4189,1229,4311,1171,4311,1171,4189
1229,4343,1229,4511,1171,4511,1171,4343
1229,4685,1229,4751,1171,4751,1171,4685
1229,4750,1229,4766,1171,4766,1171,4750
1229,4772,1229,4871,1171,4871,1171,4772
1587,2196,1587,2229,1551,2229,1551,2196
1587,2257,1587,2284,1551,2284,1551,2257
1585,2455,1585,2483,1554,2483,1554,2455
1585,2509,1585,2538,1554,2538,1554,2509
1500,758,1533,758,1533,780,1500,780
1559,758,1587,758,1587,780,1559,780
1527,2678,1527,2733,1506,2733,1506,2678
1388,2716,1389,2733,1329,2736,1328,2719
1389,2734,1390,2751,1330,2754,1329,2737
1392,2783,1398,2904,1338,2907,1331,2786
1405,3020,1409,3087,1348,3090,1344,3023
1253,1633,1115,1633,1115,1584,1253,1584
1178,388,1135,493,1119,486,1161,381
1150,280,1150,422,1108,422,1108,280
1150,424,1150,479,1108,479,1108,424
1110,283,1110,313,1070,313,1070,283
1110,313,1110,324,1070,324,1070,313
1110,322,1110,360,1070,360,1070,322
1110,375,1110,386,1070,386,1070,375
1145,1047,1145,1143,1109,1143,1109,1047
1108,1050,1107,1085,1068,1084,1069,1049
1106,1088,1106,1098,1068,1097,1068,1087
1106,1096,1105,1132,1067,1131,1068,1095
1104,1150,1104,1160,1066,1159,1066,1149
1152,1881,1152,2021,1101,2021,1101,1881
1152,2040,1152,2087,1101,2087,1101,2040
1106,1885,1106,1910,1072,1910,1072,1885
1106,1914,1106,1923,1072,1923,1072,1914
1106,1926,1106,1957,1072,1957,1072,1926
1106,1977,1106,1986,1072,1986,1072,1977
1145,2635,1145,2772,1113,2772,1113,2635
1145,2796,1145,2832,1113,2832,1113,2796
1109,2636,1109,2663,1072,2663,1072,2636
1109,2665,1109,2675,1072,2675,1072,2665
1109,2672,1109,2726,1072,2726,1072,2672
1109,2724,1109,2734,1072,2734,1072,2724
905,4006,905,4123,883,4123,883,4006
781,2376,816,2378,815,2386,781,2384
849,4034,849,4071,815,4071,815,4034
803,4007,803,4017,767,4017,767,4007
803,4025,803,4035,767,4035,767,4025
803,4044,803,4054,767,4054,767,4044
803,4073,803,4083,767,4083,767,4073
803,4081,803,4091,767,4091,767,4081
803,4087,803,4114,767,4114,767,4087
819,2349,691,2349,691,2328,819,2328
706,2375,735,2375,735,2392,706,2392
849,4163,849,4245,815,4245,815,4163
849,4268,849,4357,815,4357,815,4268
851,4551,851,4692,815,4692,815,4551
851,4712,851,4744,815,4744,815,4712
851,4768,851,4866,815,4866,815,4768
804,4157,805,4277,771,4277,770,4157
805,4301,805,4331,772,4331,772,4301
806,4357,807,4419,773,4419,772,4357
807,4551,808,4620,775,4620,774,4551
808,4630,808,4639,775,4639,775,4630
808,4641,809,4754,776,4754,775,4641
762,4161,762,4261,727,4261,727,4161
762,4283,762,4315,727,4315,727,4283
727,4156,727,4312,704,4312,704,4156
737,4433,737,4612,708,4612,708,4433
737,4635,737,4685,708,4685,708,4635
737,4704,737,4817,708,4817,708,4704
701,4158,701,4316,672,4316,672,4158
701,4339,701,4403,672,4403,672,4339
707,4437,707,4445,678,4445,678,4437
707,4446,707,4492,678,4492,678,4446
707,4506,707,4514,678,4514,678,4506
707,4518,707,4617,678,4617,678,4518
671,4161,671,4314,644,4314,644,4161
671,4340,671,4347,644,4347,644,4340
679,4433,679,4467,648,4467,648,4433
679,4487,679,4555,648,4555,648,4487
679,4564,679,4572,648,4572,648,4564
679,4575,679,4648,648,4648,648,4575
643,4156,643,4262,616,4262,616,4156
643,4282,643,4391,616,4391,616,4282
651,4432,651,4471,620,4471,620,4432
651,4494,651,4558,620,4558,620,4494
651,4570,651,4578,620,4578,620,4570
651,4581,651,4711,620,4711,620,4581
613,4162,613,4168,590,4168,590,4162
613,4171,613,4217,590,4217,590,4171
613,4226,613,4232,590,4232,590,4226
622,4436,622,4445,587,4444,587,4435
622,4468,619,4682,583,4681,586,4467
580,4440,580,4474,543,4474,543,4440
580,4495,580,4607,543,4607,543,4495
580,4626,580,4660,543,4660,543,4626
580,4680,580,4784,543,4784,543,4680
458,1065,458,1193,418,1193,418,1065
458,1215,458,1253,418,1253,418,1215
419,1064,419,1094,379,1094,379,1064
419,1098,419,1109,379,1109,379,1098
419,1111,419,1154,379,1154,379,1111
431,4022,432,4028,409,4030,408,4024
430,4131,430,4136,409,4136,409,4131
430,4144,430,4149,409,4149,409,4144
430,4153,430,4158,409,4158,409,4153
429,4252,429,4269,409,4269,409,4252
430,4486,430,4507,410,4507,410,4486
257,4057,257,4136,225,4136,225,4057
257,4159,257,4183,225,4183,225,4159
257,4206,257,4255,225,4255,225,4206
257,4275,257,4298,225,4298,225,4275
257,4315,257,4323,225,4323,225,4315
244,4539,244,4642,198,4642,198,4539
244,4680,244,4866,198,4866,198,4680
219,4044,219,4082,178,4082,178,4044
219,4097,219,4108,178,4108,178,4097
219,4116,219,4169,178,4169,178,4116
219,4169,219,4180,178,4180,178,4169
219,4192,219,4288,178,4288,178,4192
154,4236,154,4315,108,4315,108,4236
154,4333,154,4346,108,4346,108,4333
154,4357,154,4408,108,4408,108,4357
154,4450,154,4528,108,4528,108,4450
153,70,153,138,122,138,122,70
153,160,153,168,122,168,122,160
153,182,153,230,122,230,122,182
153,249,153,445,122,445,122,249
153,465,153,534,122,534,122,465
153,551,153,717,122,717,122,551
153,742,153,750,122,750,122,742
153,757,153,765,122,765,122,757
153,764,153,834,122,834,122,764
153,855,153,1005,122,1005,122,855
153,1028,153,1056,122,1056,122,1028
153,1082,153,1200,122,1200,122,1082
153,1226,153,1276,122,1276,122,1226
153,1291,153,1453,122,1453,122,1291
153,1479,153,1637,122,1637,122,1479
153,1657,153,1692,122,1692,122,1657
153,1708,153,1935,122,1935,122,1708
153,1952,153,2016,122,2016,122,1952
153,2040,153,2080,122,2080,122,2040
153,2104,153,2252,122,2252,122,2104
153,2273,153,2354,122,2354,122,2273
153,2355,153,2363,122,2363,122,2355
153,2380,153,2534,122,2534,122,2380
153,2540,153,2548,122,2548,122,2540
153,2567,153,2688,122,2688,122,2567
153,2694,153,2702,122,2702,122,2694
153,2721,153,2784,122,2784,122,2721
153,2793,153,2801,122,2801,122,2793
153,2807,153,2936,122,2936,122,2807
153,2937,153,2945,122,2945,122,2937
153,2967,153,3007,122,3007,122,2967
153,3028,153,3199,122,3199,122,3028
153,3226,153,3254,122,3254,122,3226
153,3273,153,3392,122,3392,122,3273
153,3415,153,3506,122,3506,122,3415
153,3510,153,3518,122,3518,122,3510
153,3536,153,3576,122,3576,122,3536
121,70,121,205,92,205,92,70
121,232,121,396,92,396,92,232
121,415,121,484,92,484,92,415
121,506,121,522,92,522,92,506
121,543,121,649,92,649,92,543
121,670,121,702,92,702,92,670
121,721,121,742,92,742,92,721
121,763,121,868,92,868,92,763
121,890,121,960,92,960,92,890
121,977,121,1077,92,1077,92,977
121,1099,121,1107,92,1107,92,1099
121,1138,121,1207,92,1207,92,1138
121,1227,121,1341,92,1341,92,1227
121,1345,121,1353,92,1353,92,1345
121,1368,121,1422,92,1422,92,1368
121,1442,121,1578,92,1578,92,1442
121,1601,121,1671,92,1671,92,1601
121,1688,121,1906,92,1906,92,1688
121,1906,121,1914,92,1914,92,1906
121,1926,121,1980,92,1980,92,1926
121,2003,121,2194,92,2194,92,2003
121,2212,121,2244,92,2244,92,2212
121,2267,121,2337,92,2337,92,2267
121,2354,121,2404,92,2404,92,2354
121,2423,121,2547,92,2547,92,2423
121,2548,121,2556,92,2556,92,2548
121,2572,121,2604,92,2604,92,2572
121,2626,121,2783,92,2783,92,2626
121,2809,121,2817,92,2817,92,2809
121,2824,121,2832,92,2832,92,2824
121,2833,121,2883,92,2883,92,2833
121,2902,121,2952,92,2952,92,2902
121,2975,121,3178,92,3178,92,2975
121,3181,121,3189,92,3189,92,3181
121,3205,121,3255,92,3255,92,3205
121,3280,121,3432,92,3432,92,3280
121,3455,121,3523,92,3523,92,3455
121,3542,121,3660,92,3660,92,3542
121,3685,121,3693,92,3693,92,3685
93,76,93,147,62,147,62,76
93,164,93,280,62,280,62,164
93,309,93,337,62,337,62,309
93,360,93,547,62,547,62,360
93,564,93,598,62,598,62,564
93,619,93,705,62,705,62,619
93,711,93,719,62,719,62,711
