2799,118,3040,118,3040,176,2799,176
2791,171,3034,171,3034,218,2791,218
2829,294,3135,294,3135,365,2829,365
2664,391,2722,391,2722,437,2664,437
2730,391,2743,391,2743,437,2730,437
2757,391,2816,391,2816,437,2757,437
2829,391,2842,391,2842,437,2829,437
2870,391,3039,391,3039,437,2870,437
3072,391,3305,391,3305,437,3072,437
2797,438,2918,438,2918,492,2797,492
2958,438,3184,438,3184,492,2958,492
946,444,946,543,883,543,883,444
422,802,563,802,563,864,422,864
586,802,620,802,620,864,586,864
667,802,684,802,684,864,667,864
1294,823,1349,823,1349,858,1294,858
1373,823,1411,823,1411,858,1373,858
1424,823,1433,823,1433,858,1424,858
1844,819,1982,816,1983,856,1845,859
2004,816,2040,815,2041,854,2005,855
1844,859,1877,859,1877,895,1844,895
1879,859,1889,859,1889,895,1879,895
1892,859,1924,859,1924,895,1892,895
1942,859,1952,859,1952,895,1942,895
423,860,454,860,454,894,423,894
457,860,466,860,466,894,457,894
468,860,499,860,499,894,468,894
520,860,529,860,529,894,520,894
1297,864,1306,863,1310,897,1301,898
1315,862,1324,861,1328,895,1319,896
1331,860,1393,853,1396,888,1335,895
1387,854,1396,853,1400,887,1391,888
1399,853,1449,848,1453,882,1403,888
1220,1112,1273,1112,1273,1133,1220,1133
191,1163,363,1163,363,1190,191,1190
373,1163,380,1163,380,1190,373,1190
876,1240,876,1122,939,1122,939,1240
1022,1189,1050,1188,1051,1220,1023,1221
1076,1187,1105,1186,1106,1217,1077,1218
1155,1184,1163,1184,1164,1215,1156,1215
1277,1176,1309,1177,1308,1206,1276,1205
1335,1179,1436,1184,1435,1213,1334,1208
929,1228,929,1219,962,1219,962,1228
1461,1199,1472,1199,1471,1239,1460,1239
1502,1201,1513,1201,1512,1241,1501,1241
1547,1202,1598,1203,1597,1243,1546,1242
929,1362,929,1332,962,1332,962,1362
929,1308,929,1278,962,1278,962,1308
1448,1362,1447,1328,1478,1327,1479,1361
1447,1306,1446,1272,1476,1271,1477,1305
2621,1212,3144,1212,3144,1284,2621,1284
3190,1212,3358,1212,3358,1284,3190,1284
2590,1294,2979,1294,2979,1345,2590,1345
3014,1294,3080,1294,3080,1345,3014,1345
3126,1294,3140,1294,3140,1345,3126,1345
3193,1294,3376,1294,3376,1345,3193,1345
2760,1350,2895,1350,2895,1412,2760,1412
2941,1350,2958,1350,2958,1412,2941,1412
3005,1350,3063,1350,3063,1412,3005,1412
3117,1350,3134,1350,3134,1412,3117,1412
3155,1350,3172,1350,3172,1412,3155,1412
3186,1350,3203,1350,3203,1412,3186,1412
929,1435,929,1426,962,1426,962,1435
1450,1433,1450,1425,1480,1424,1480,1432
2135,1420,2293,1420,2293,1443,2135,1443
1224,1457,1282,1459,1281,1476,1223,1474
300,1534,440,1534,440,1570,300,1570
461,1534,501,1534,501,1570,461,1570
300,1573,333,1573,333,1609,300,1609
335,1573,345,1573,345,1609,335,1609
348,1573,380,1573,380,1609,348,1609
398,1573,408,1573,408,1609,398,1609
1220,1482,1293,1482,1293,1526,1220,1526
1307,1482,1376,1482,1376,1526,1307,1526
1237,1529,1253,1529,1252,1569,1236,1569
1279,1530,1331,1531,1330,1571,1278,1570
1355,1531,1393,1532,1392,1573,1354,1572
1399,1532,1410,1532,1409,1572,1398,1572
1420,1533,1465,1534,1464,1574,1419,1573
1280,1573,1292,1573,1293,1617,1281,1617
1294,1573,1306,1573,1307,1617,1295,1617
1313,1572,1337,1571,1338,1615,1314,1616
1357,1571,1369,1571,1370,1615,1358,1615
1842,1535,1978,1532,1979,1567,1843,1570
2001,1532,2039,1531,2040,1566,2002,1567
1846,1573,1855,1573,1856,1608,1847,1608
1860,1573,1869,1573,1870,1608,1861,1608
1872,1572,1942,1569,1943,1604,1873,1607
1059,1598,1123,1598,1123,1619,1059,1619
2550,1448,2689,1448,2689,1486,2550,1486
2550,1498,2719,1498,2719,1536,2550,1536
2750,1498,2786,1498,2786,1536,2750,1536
2550,1548,2718,1548,2718,1586,2550,1586
2750,1548,2786,1548,2786,1586,2750,1586
2549,1596,2716,1596,2716,1636,2549,1636
2745,1596,2790,1596,2790,1636,2745,1636
2551,1647,2716,1644,2717,1679,2552,1682
2750,1644,2788,1643,2789,1677,2751,1678
2554,1693,2691,1693,2691,1733,2554,1733
2550,1745,2703,1741,2704,1777,2551,1781
2548,1796,2614,1796,2614,1834,2548,1834
2650,1796,2684,1796,2684,1834,2650,1834
2552,1844,2617,1844,2617,1882,2552,1882
2652,1844,2686,1844,2686,1882,2652,1882
2728,1844,2738,1844,2738,1882,2728,1882
2768,1844,2824,1844,2824,1882,2768,1882
2550,1896,2602,1896,2602,1931,2550,1931
2552,1943,2798,1943,2798,1979,2552,1979
2553,1984,2706,1984,2706,2020,2553,2020
2739,1984,2858,1984,2858,2020,2739,2020
2548,2022,2736,2026,2735,2062,2547,2058
2552,2073,2733,2073,2733,2115,2552,2115
2549,2140,2705,2140,2705,2187,2549,2187
2738,2140,2859,2140,2859,2187,2738,2187
2887,2140,3029,2140,3029,2187,2887,2187
3284,1444,3295,1444,3295,1484,3284,1484
3308,1444,3319,1444,3319,1484,3308,1484
3322,1444,3358,1444,3358,1484,3322,1484
3377,1444,3422,1444,3422,1484,3377,1484
3269,1496,3295,1496,3295,1532,3269,1532
3306,1496,3316,1496,3316,1532,3306,1532
3318,1496,3357,1496,3357,1532,3318,1532
3382,1496,3415,1496,3415,1532,3382,1532
3267,1545,3296,1545,3296,1583,3267,1583
3307,1545,3317,1545,3317,1583,3307,1583
3319,1545,3360,1545,3360,1583,3319,1583
3377,1545,3420,1545,3420,1583,3377,1583
3277,1596,3302,1596,3302,1630,3277,1630
3313,1596,3322,1596,3322,1630,3313,1630
3325,1596,3356,1596,3356,1630,3325,1630
3380,1596,3417,1596,3417,1630,3380,1630
3290,1640,3302,1640,3302,1683,3290,1683
3308,1640,3320,1640,3320,1683,3308,1683
3319,1640,3358,1640,3358,1683,3319,1683
3383,1640,3395,1640,3395,1683,3383,1683
3405,1640,3417,1640,3417,1683,3405,1683
3257,1691,3297,1690,3298,1734,3258,1735
3309,1690,3321,1690,3322,1733,3310,1733
3325,1689,3356,1688,3357,1732,3326,1733
3381,1689,3420,1688,3421,1731,3382,1732
3277,1741,3306,1741,3306,1781,3277,1781
3306,1741,3317,1741,3317,1781,3306,1781
3319,1741,3362,1741,3362,1781,3319,1781
3381,1741,3419,1741,3419,1781,3381,1781
3283,1792,3293,1792,3293,1830,3283,1830
3306,1792,3316,1792,3316,1830,3306,1830
3322,1792,3358,1792,3358,1830,3322,1830
3382,1792,3416,1792,3416,1830,3382,1830
3287,1842,3296,1842,3296,1876,3287,1876
3308,1842,3317,1842,3317,1876,3308,1876
3322,1842,3360,1842,3360,1876,3322,1876
3382,1842,3419,1842,3419,1876,3382,1876
3289,1888,3301,1888,3301,1931,3289,1931
3311,1888,3323,1888,3323,1931,3311,1931
3321,1888,3361,1888,3361,1931,3321,1931
3377,1888,3424,1888,3424,1931,3377,1931
3283,1936,3297,1936,3297,1987,3283,1987
3309,1936,3323,1936,3323,1987,3309,1987
3323,1936,3361,1936,3361,1987,3323,1987
3380,1936,3418,1936,3418,1987,3380,1987
3226,2000,3296,2000,3296,2040,3226,2040
3299,2000,3310,2000,3310,2040,3299,2040
3312,2000,3355,2000,3355,2040,3312,2040
3376,2000,3421,2000,3421,2040,3376,2040
448,2000,460,2000,460,2043,448,2043
483,2000,495,2000,495,2043,483,2043
498,2000,646,2000,646,2043,498,2043
1277,2002,1285,2002,1283,2031,1275,2031
1295,2003,1303,2003,1301,2032,1293,2032
1319,2004,1373,2007,1371,2036,1317,2033
1291,2044,1334,2034,1342,2069,1299,2078
1199,2159,1198,2119,1253,2118,1254,2158
1198,2096,1198,2066,1252,2065,1253,2095
1197,2025,1197,2010,1251,2009,1251,2024
1289,2076,1309,2076,1309,2112,1289,2112
1314,2076,1324,2076,1324,2112,1314,2112
1327,2076,1360,2076,1360,2112,1327,2112
1377,2076,1387,2076,1387,2112,1377,2112
1559,2124,1575,2121,1587,2177,1572,2181
1587,2117,1598,2115,1611,2172,1600,2175
1616,2111,1632,2108,1644,2164,1629,2168
3242,2071,3296,2071,3296,2113,3242,2113
3305,2071,3316,2071,3316,2113,3305,2113
3313,2071,3359,2071,3359,2113,3313,2113
3380,2071,3419,2071,3419,2113,3380,2113
3226,2140,3293,2140,3293,2187,3226,2187
3296,2140,3309,2140,3309,2187,3296,2187
3312,2140,3355,2140,3355,2187,3312,2187
3380,2140,3423,2140,3423,2187,3380,2187
1675,2233,1683,2233,1683,2262,1675,2262
1756,2233,1788,2233,1788,2262,1756,2262
1813,2233,1845,2233,1845,2262,1813,2262
1032,2336,1068,2336,1068,2368,1032,2368
1092,2336,1122,2336,1122,2368,1092,2368
1204,2434,1201,2271,1256,2270,1259,2433
2309,2465,2309,2448,2328,2448,2328,2465
2309,2444,2309,2439,2328,2439,2328,2444
2309,2438,2309,2433,2328,2433,2328,2438
2337,2475,2337,2467,2366,2467,2366,2475
1570,2465,1625,2465,1625,2487,1570,2487
221,2453,221,2637,194,2637,194,2453
1843,2496,1944,2496,1944,2530,1843,2530
1845,2534,1855,2534,1855,2572,1845,2572
1864,2534,1874,2534,1874,2572,1864,2572
1879,2534,1906,2534,1906,2572,1879,2572
1927,2534,1937,2534,1937,2572,1927,2572
1652,2627,1652,2598,1684,2598,1684,2627
1652,2571,1652,2542,1684,2542,1684,2571
2337,2632,2337,2595,2366,2595,2366,2632
2337,2570,2337,2543,2366,2543,2366,2570
2887,3020,2921,3021,2920,3039,2887,3038
3311,3022,3312,3022,3312,3029,3311,3029
3315,3022,3316,3022,3316,3029,3315,3029
2947,3022,2951,3022,2951,3039,2947,3039
422,3100,520,3100,520,3134,422,3134
423,3142,452,3142,452,3169,423,3169
459,3142,466,3142,466,3169,459,3169
473,3142,503,3142,503,3169,473,3169
524,3142,531,3142,531,3169,524,3169
781,3501,781,3450,802,3450,802,3501
1092,3632,1233,3625,1234,3660,1094,3667
420,3728,531,3728,531,3762,420,3762
422,3768,453,3767,454,3802,423,3803
452,3767,461,3767,462,3801,453,3801
464,3767,495,3766,496,3800,465,3801
518,3765,527,3765,528,3799,519,3799
1106,3743,1147,3730,1161,3775,1120,3788
1096,3843,1105,3844,1103,3878,1094,3878
1157,3847,1166,3848,1164,3882,1155,3882
1168,3848,1177,3849,1175,3883,1166,3883
1200,3850,1209,3851,1207,3885,1198,3885
1071,3892,1156,3892,1156,3914,1071,3914
2552,4120,2671,4120,2671,4154,2552,4154
2613,4200,2645,4200,2645,4236,2613,4236
2586,4251,2594,4251,2594,4280,2586,4280
2604,4251,2612,4251,2612,4280,2604,4280
2622,4251,2630,4251,2630,4280,2622,4280
2652,4250,2660,4250,2660,4279,2652,4279
2658,4250,2666,4250,2666,4279,2658,4279
2665,4250,2692,4250,2692,4279,2665,4279
2740,4200,2822,4200,2822,4236,2740,4236
2843,4200,2935,4200,2935,4236,2843,4236
2736,4249,2855,4248,2855,4278,2736,4279
2877,4248,2909,4248,2909,4277,2877,4277
2932,4247,2994,4246,2994,4276,2932,4277
2738,4286,2873,4286,2873,4318,2738,4318
2897,4286,2926,4286,2926,4318,2897,4318
2950,4286,3049,4286,3049,4318,2950,4318
2738,4328,2804,4327,2804,4362,2738,4363
2814,4327,2823,4327,2823,4361,2814,4361
2827,4327,2938,4326,2938,4360,2827,4361
2678,4532,2682,4532,2682,4550,2678,4550
2692,4532,2696,4532,2696,4550,2692,4550
2699,4532,2703,4532,2703,4550,2699,4550
2798,4531,2817,4531,2817,4552,2798,4552
3032,4532,3053,4532,3053,4551,3032,4551
68,4779,136,4779,136,4810,68,4810
158,4779,166,4779,166,4810,158,4810
185,4779,233,4779,233,4810,185,4810
250,4779,441,4779,441,4810,250,4810
463,4779,532,4779,532,4810,463,4810
554,4779,720,4779,720,4810,554,4810
744,4779,752,4779,752,4810,744,4810
757,4779,765,4779,765,4810,757,4810
765,4779,832,4779,832,4810,765,4810
854,4779,1008,4779,1008,4810,854,4810
1031,4779,1054,4779,1054,4810,1031,4810
1081,4779,1202,4779,1202,4810,1081,4810
1228,4779,1277,4779,1277,4810,1228,4810
1293,4779,1455,4779,1455,4810,1293,4810
1482,4779,1634,4779,1634,4810,1482,4810
1660,4779,1688,4779,1688,4810,1660,4810
1711,4779,1932,4779,1932,4810,1711,4810
1955,4779,2018,4779,2018,4810,1955,4810
2043,4779,2083,4779,2083,4810,2043,4810
2102,4779,2249,4779,2249,4810,2102,4810
2270,4779,2351,4779,2351,4810,2270,4810
2357,4779,2365,4779,2365,4810,2357,4810
70,4809,225,4809,225,4840,70,4840
231,4809,239,4809,239,4840,231,4840
257,4809,383,4809,383,4840,257,4840
384,4809,392,4809,392,4840,384,4840
411,4809,474,4809,474,4840,411,4840
483,4809,491,4809,491,4840,483,4840
497,4809,626,4809,626,4840,497,4840
627,4809,635,4809,635,4840,627,4840
656,4809,696,4809,696,4840,656,4840
718,4809,894,4809,894,4840,718,4840
915,4809,949,4809,949,4840,915,4840
962,4809,1087,4809,1087,4840,962,4840
1110,4809,1195,4809,1195,4840,1110,4840
1200,4809,1208,4809,1208,4840,1200,4840
1225,4809,1265,4809,1265,4840,1225,4840
1288,4809,1415,4809,1415,4840,1288,4840
1446,4809,1611,4809,1611,4840,1446,4840
1628,4809,1698,4809,1698,4840,1628,4840
1719,4809,1735,4809,1735,4840,1719,4840
1759,4809,1864,4809,1864,4840,1759,4840
1884,4809,1919,4809,1919,4840,1884,4840
1935,4809,1958,4809,1958,4840,1935,4840
1977,4809,2082,4809,2082,4840,1977,4840
2104,4809,2172,4809,2172,4840,2104,4840
2190,4809,2293,4809,2293,4840,2190,4840
2314,4809,2322,4809,2322,4840,2314,4840
2351,4809,2418,4809,2418,4840,2351,4840
70,4841,186,4841,186,4868,70,4868
193,4841,200,4841,200,4868,193,4868
215,4841,265,4841,265,4868,215,4868
289,4841,422,4841,422,4868,289,4868
445,4841,513,4841,513,4868,445,4868
532,4841,749,4841,749,4868,532,4868
751,4841,758,4841,758,4868,751,4868
775,4841,825,4841,825,4868,775,4868
848,4841,1040,4841,1040,4868,848,4868
1057,4841,1093,4841,1093,4868,1057,4868
1115,4841,1183,4841,1183,4868,1115,4868
1198,4841,1250,4841,1250,4868,1198,4868
1269,4841,1394,4841,1394,4868,1269,4868
1395,4841,1402,4841,1402,4868,1395,4868
1420,4841,1449,4841,1449,4868,1420,4868
1472,4841,1628,4841,1628,4868,1472,4868
1655,4841,1662,4841,1662,4868,1655,4868
1672,4841,1679,4841,1679,4868,1672,4868
1680,4841,1730,4841,1730,4868,1680,4868
1750,4841,1796,4841,1796,4868,1750,4868
1820,4841,2021,4841,2021,4868,1820,4868
2027,4841,2034,4841,2034,4868,2027,4868
2049,4841,2104,4841,2104,4868,2049,4868
2123,4841,2278,4841,2278,4868,2123,4868
2303,4841,2371,4841,2371,4868,2303,4868
72,4870,192,4870,192,4893,72,4893
215,4870,221,4870,221,4893,215,4893
253,4870,319,4870,319,4893,253,4893
340,4870,454,4870,454,4893,340,4893
479,4870,514,4870,514,4893,479,4893
534,4870,716,4870,716,4893,534,4893
739,4870,768,4870,768,4893,739,4893
792,4870,876,4870,876,4893,792,4893
884,4870,890,4870,890,4893,884,4893
2601,4705,2683,4705,2683,4734,2601,4734
2707,4705,2728,4705,2728,4734,2707,4734
2751,4705,2800,4705,2800,4734,2751,4734
2820,4705,2847,4705,2847,4734,2820,4734
2864,4705,2872,4705,2872,4734,2864,4734
2591,4739,2630,4739,2630,4781,2591,4781
2645,4739,2656,4739,2656,4781,2645,4781
2666,4739,2712,4739,2712,4781,2666,4781
2718,4739,2729,4739,2729,4781,2718,4781
2744,4739,2836,4739,2836,4781,2744,4781
3080,4717,3189,4717,3189,4765,3080,4765
3225,4717,3411,4717,3411,4765,3225,4765
2780,4805,2864,4805,2864,4853,2780,4853
2882,4805,2895,4805,2895,4853,2882,4853
2902,4805,2954,4805,2954,4853,2902,4853
2992,4805,3075,4805,3075,4853,2992,4853
