3412,3497,3412,3585,3389,3585,3389,3497
3412,3595,3412,3635,3389,3635,3389,3595
3412,3641,3412,3647,3389,3647,3389,3641
3412,3645,3412,3688,3389,3688,3389,3645
3367,3447,3367,3526,3349,3526,3349,3447
3367,3532,3367,3572,3349,3572,3349,3532
3367,3580,3367,3636,3349,3636,3349,3580
3364,4442,3364,4656,3288,4656,3288,4442
3320,3446,3320,3525,3304,3525,3304,3446
3320,3529,3320,3574,3304,3574,3304,3529
3320,3582,3320,3636,3304,3636,3304,3582
3278,3447,3278,3527,3257,3527,3257,3447
3278,3532,3278,3571,3257,3571,3257,3532
3278,3581,3278,3638,3257,3638,3257,3581
3278,3646,3278,3651,3257,3651,3257,3646
3278,3658,3278,3699,3257,3699,3257,3658
3278,3704,3278,3760,3257,3760,3257,3704
3253,4209,3253,4325,3230,4325,3230,4209
3253,4336,3253,4392,3230,4392,3230,4336
3259,1381,3259,1483,3227,1483,3227,1381
3220,1389,3220,1398,3186,1398,3186,1389
3220,1407,3220,1416,3186,1416,3186,1407
3220,1419,3220,1450,3186,1450,3186,1419
3220,1470,3220,1479,3186,1479,3186,1470
3228,3447,3228,3495,3212,3495,3212,3447
3228,3501,3229,3558,3213,3558,3212,3501
3229,3567,3230,3642,3214,3642,3213,3567
3205,1784,3205,1871,3174,1871,3174,1784
3161,2710,3193,2710,3193,2731,3161,2731
3219,2710,3247,2710,3247,2731,3219,2731
3183,3446,3182,3467,3163,3467,3164,3446
3182,3466,3182,3470,3164,3470,3164,3466
3182,3474,3182,3484,3164,3484,3164,3474
3182,3485,3182,3489,3164,3489,3164,3485
3182,3491,3181,3521,3162,3521,3163,3491
3138,3447,3138,3465,3124,3465,3124,3447
3138,3467,3138,3470,3124,3470,3124,3467
3138,3474,3138,3484,3124,3484,3124,3474
3138,3485,3138,3488,3124,3488,3124,3485
3138,3490,3138,3524,3123,3524,3123,3490
3137,3529,3137,3539,3123,3539,3123,3529
3138,3545,3137,3623,3122,3623,3123,3545
3137,3628,3137,3664,3122,3664,3122,3628
3136,3673,3136,3728,3122,3728,3122,3673
3207,4286,3207,4589,3146,4589,3146,4286
3116,4118,3116,4180,3072,4180,3072,4118
3116,4186,3116,4198,3072,4198,3072,4186
3116,4212,3116,4268,3072,4268,3072,4212
3116,4281,3116,4293,3072,4293,3072,4281
3116,4323,3116,4497,3072,4497,3072,4323
3116,4526,3116,4761,3072,4761,3072,4526
3068,4246,3068,4367,3021,4367,3021,4246
3068,4404,3068,4641,3021,4641,3021,4404
3091,3444,3091,3490,3076,3490,3076,3444
3091,3499,3091,3513,3076,3513,3076,3499
3091,3516,3091,3519,3076,3519,3076,3516
3091,3522,3091,3533,3076,3533,3076,3522
3091,3534,3091,3537,3076,3537,3076,3534
3091,3538,3091,3569,3076,3569,3076,3538
3038,1788,3038,1814,3014,1814,3014,1788
3038,1844,3038,1875,3014,1875,3014,1844
3055,3446,3055,3481,3038,3481,3038,3446
3055,3488,3055,3492,3038,3492,3038,3488
3055,3495,3055,3499,3038,3499,3038,3495
3055,3499,3055,3557,3038,3557,3038,3499
3055,3565,3055,3595,3038,3595,3038,3565
3055,3604,3055,3633,3038,3633,3038,3604
3055,3637,3055,3676,3038,3676,3038,3637
3055,3684,3055,3709,3038,3709,3038,3684
3037,3448,3037,3452,3020,3452,3020,3448
3037,3450,3037,3520,3020,3520,3020,3450
3037,3518,3037,3522,3020,3522,3020,3518
3037,3525,3037,3577,3020,3577,3020,3525
3037,3579,3037,3583,3020,3583,3020,3579
3002,3444,3002,3502,2985,3502,2985,3444
3002,3505,3002,3552,2985,3552,2985,3505
3002,3561,3002,3609,2985,3609,2985,3561
3002,3616,3002,3636,2985,3636,2985,3616
2982,1724,2929,1724,2929,1705,2982,1705
2956,3446,2957,3505,2939,3505,2938,3446
2956,3512,2956,3563,2939,3563,2939,3512
2956,3570,2956,3609,2939,3609,2939,3570
2957,3615,2957,3625,2940,3625,2940,3615
2957,3629,2957,3674,2940,3674,2940,3629
2886,1990,2978,1990,2978,2011,2886,2011
2910,3447,2910,3506,2894,3506,2894,3447
2910,3511,2910,3566,2894,3566,2894,3511
2910,3574,2910,3625,2894,3625,2894,3574
2910,3631,2910,3692,2894,3692,2894,3631
2862,3447,2863,3478,2844,3478,2843,3447
2862,3485,2862,3499,2844,3499,2844,3485
2863,3506,2864,3556,2845,3556,2844,3506
2863,3562,2863,3572,2845,3572,2845,3562
2864,3585,2864,3595,2846,3595,2846,3585
2864,3598,2864,3602,2846,3602,2846,3598
2864,3606,2864,3626,2846,3626,2846,3606
2865,3633,2865,3637,2847,3637,2847,3633
2865,3640,2865,3644,2847,3644,2847,3640
2818,3346,2818,3371,2801,3371,2801,3346
2828,3446,2828,3478,2810,3478,2810,3446
2828,3484,2828,3500,2810,3500,2810,3484
2828,3505,2828,3557,2810,3557,2810,3505
2828,3561,2828,3574,2810,3574,2810,3561
2828,3586,2828,3596,2810,3596,2810,3586
2828,3599,2828,3603,2810,3603,2810,3599
2828,3605,2828,3628,2810,3628,2810,3605
2828,3632,2828,3636,2810,3636,2810,3632
2828,3641,2828,3645,2810,3645,2810,3641
2828,3653,2828,3657,2810,3657,2810,3653
2828,3656,2828,3738,2810,3738,2810,3656
2828,3744,2828,3815,2810,3815,2810,3744
2828,3820,2828,3907,2810,3907,2810,3820
2828,3907,2828,3911,2810,3911,2810,3907
2809,3449,2809,3478,2794,3478,2794,3449
2809,3487,2809,3490,2794,3490,2794,3487
2809,3495,2809,3498,2794,3498,2794,3495
2809,3501,2809,3522,2794,3522,2794,3501
2809,3534,2809,3545,2794,3545,2794,3534
2809,3555,2809,3558,2794,3558,2794,3555
2809,3559,2809,3562,2794,3562,2794,3559
2809,3565,2809,3585,2794,3585,2794,3565
2809,3595,2809,3609,2794,3609,2794,3595
2809,3617,2809,3633,2794,3633,2794,3617
2820,1160,2820,1194,2773,1194,2773,1160
2820,1252,2820,1265,2773,1265,2773,1252
2773,1197,2773,1285,2739,1285,2739,1197
2773,3448,2773,3479,2759,3479,2759,3448
2773,3486,2773,3501,2759,3501,2759,3486
2773,3508,2773,3560,2759,3560,2759,3508
2773,3565,2773,3578,2759,3578,2759,3565
2773,3591,2773,3601,2759,3601,2759,3591
2773,3605,2773,3608,2759,3608,2759,3605
2773,3612,2773,3633,2759,3633,2759,3612
2773,3639,2773,3642,2759,3642,2759,3639
2773,3648,2773,3651,2759,3651,2759,3648
2773,3657,2773,3660,2759,3660,2759,3657
2773,3661,2773,3697,2759,3697,2759,3661
2773,3699,2773,3702,2759,3702,2759,3699
2773,3710,2773,3713,2759,3713,2759,3710
2773,3723,2773,3726,2759,3726,2759,3723
2773,3728,2773,3731,2759,3731,2759,3728
2773,3735,2773,3753,2759,3753,2759,3735
2773,3764,2773,3777,2759,3777,2759,3764
2773,3786,2773,3804,2759,3804,2759,3786
2749,1377,2749,1482,2715,1482,2715,1377
2749,1491,2749,1500,2715,1500,2715,1491
2749,1513,2749,1611,2715,1611,2715,1513
2707,1378,2708,1400,2677,1401,2676,1379
2708,1407,2708,1415,2677,1416,2677,1408
2709,1421,2711,1493,2680,1494,2677,1422
2730,3448,2730,3453,2709,3453,2709,3448
2730,3460,2730,3503,2709,3503,2709,3460
2730,3510,2730,3525,2709,3525,2709,3510
2730,3529,2730,3582,2709,3582,2709,3529
2730,3587,2730,3602,2709,3602,2709,3587
2730,3612,2730,3623,2709,3623,2709,3612
2730,3626,2730,3631,2709,3631,2709,3626
2730,3634,2730,3654,2709,3654,2709,3634
2730,3659,2730,3664,2709,3664,2709,3659
2730,3668,2730,3673,2709,3673,2709,3668
2730,3677,2730,3682,2709,3682,2709,3677
2730,3683,2730,3716,2709,3716,2709,3683
2730,3719,2730,3724,2709,3724,2709,3719
2730,3730,2730,3735,2709,3735,2709,3730
2730,3743,2730,3748,2709,3748,2709,3743
2730,3747,2730,3752,2709,3752,2709,3747
2730,3755,2730,3775,2709,3775,2709,3755
2730,3785,2730,3800,2709,3800,2709,3785
2730,3808,2730,3825,2709,3825,2709,3808
2748,2204,2748,2403,2713,2403,2713,2204
2713,2205,2714,2218,2667,2220,2666,2207
2714,2224,2715,2237,2668,2239,2667,2226
2714,2233,2715,2267,2668,2269,2667,2235
2682,3348,2682,3386,2663,3386,2663,3348
2683,3446,2683,3480,2666,3480,2666,3446
2683,3486,2683,3501,2666,3501,2666,3486
2683,3508,2683,3558,2666,3558,2666,3508
2683,3563,2683,3579,2666,3579,2666,3563
2683,3589,2683,3601,2666,3601,2666,3589
2683,3604,2683,3608,2666,3608,2666,3604
2683,3612,2683,3634,2666,3634,2666,3612
2683,3639,2683,3643,2666,3643,2666,3639
2683,3648,2683,3652,2666,3652,2666,3648
2683,3658,2683,3700,2666,3700,2666,3658
2683,3705,2683,3735,2666,3735,2666,3705
2683,3743,2683,3747,2666,3747,2666,3743
2683,3757,2683,3761,2666,3761,2666,3757
2683,3763,2683,3767,2666,3767,2666,3763
2683,3767,2683,3788,2666,3788,2666,3767
2683,3797,2683,3813,2666,3813,2666,3797
2683,3821,2683,3837,2666,3837,2666,3821
2636,3446,2636,3478,2618,3478,2618,3446
2636,3484,2636,3500,2618,3500,2618,3484
2636,3508,2636,3557,2618,3557,2618,3508
2636,3561,2636,3574,2618,3574,2618,3561
2636,3586,2636,3596,2618,3596,2618,3586
2636,3599,2636,3603,2618,3603,2618,3599
2636,3605,2636,3628,2618,3628,2618,3605
2636,3632,2636,3636,2618,3636,2618,3632
2636,3641,2636,3645,2618,3645,2618,3641
2636,3655,2636,3703,2618,3703,2618,3655
2591,3446,2591,3480,2574,3480,2574,3446
2591,3486,2591,3502,2574,3502,2574,3486
2591,3508,2591,3558,2574,3558,2574,3508
2591,3564,2591,3576,2574,3576,2574,3564
2591,3589,2591,3610,2574,3610,2574,3589
2591,3617,2591,3621,2574,3621,2574,3617
2591,3626,2591,3630,2574,3630,2574,3626
2591,3637,2591,3677,2574,3677,2574,3637
2591,3686,2591,3724,2574,3724,2574,3686
2591,3731,2591,3746,2574,3746,2574,3731
2591,3751,2591,3799,2574,3799,2574,3751
2545,3445,2545,3478,2528,3478,2528,3445
2545,3485,2545,3501,2528,3501,2528,3485
2545,3506,2545,3560,2528,3560,2528,3506
2545,3565,2545,3639,2528,3639,2528,3565
2545,3645,2545,3649,2528,3649,2528,3645
2545,3651,2545,3679,2528,3679,2528,3651
2545,3684,2545,3725,2528,3725,2528,3684
2545,3730,2545,3745,2528,3745,2528,3730
2545,3749,2545,3753,2528,3753,2528,3749
2545,3758,2545,3771,2528,3771,2528,3758
2545,3773,2545,3777,2528,3777,2528,3773
2545,3780,2545,3818,2528,3818,2528,3780
2545,3823,2545,3827,2528,3827,2528,3823
2498,3445,2498,3479,2483,3479,2483,3445
2498,3485,2498,3502,2483,3502,2483,3485
2498,3509,2498,3603,2483,3603,2483,3509
2498,3609,2498,3642,2483,3642,2483,3609
2453,3445,2453,3477,2438,3477,2438,3445
2453,3486,2453,3500,2438,3500,2438,3486
2453,3508,2453,3559,2438,3559,2438,3508
2407,3448,2407,3528,2391,3528,2391,3448
2407,3537,2407,3566,2391,3566,2391,3537
2407,3572,2407,3617,2391,3617,2391,3572
2365,3448,2364,3505,2346,3505,2347,3448
2364,3514,2363,3546,2345,3546,2346,3514
2318,3447,2318,3526,2302,3526,2302,3447
2272,3444,2272,3487,2255,3487,2255,3444
2272,3492,2272,3562,2255,3562,2255,3492
2272,3566,2272,3631,2255,3631,2255,3566
2238,3329,2238,3356,2226,3356,2226,3329
2228,3447,2228,3513,2207,3513,2207,3447
2228,3519,2228,3586,2207,3586,2207,3519
2228,3590,2228,3662,2207,3662,2207,3590
2228,3665,2228,3681,2207,3681,2207,3665
2228,3687,2228,3724,2207,3724,2207,3687
2297,4069,2297,4592,2219,4592,2219,4069
2297,4634,2297,4808,2219,4808,2219,4634
2217,4046,2217,4435,2155,4435,2155,4046
2217,4474,2217,4531,2155,4531,2155,4474
2217,4585,2217,4602,2155,4602,2155,4585
2217,4644,2217,4830,2155,4830,2155,4644
2157,4210,2157,4341,2099,4341,2099,4210
2157,4393,2157,4409,2099,4409,2099,4393
2157,4458,2157,4521,2099,4521,2099,4458
2157,4570,2157,4586,2099,4586,2099,4570
2157,4611,2157,4627,2099,4627,2099,4611
2157,4641,2157,4657,2099,4657,2099,4641
2173,1962,2182,1962,2183,1996,2174,1996
2187,1970,2187,1979,2152,1980,2152,1971
2190,2072,2191,2104,2155,2105,2154,2073
2191,2131,2192,2157,2157,2158,2156,2132
2193,2211,2193,2220,2158,2221,2158,2212
2179,3444,2179,3513,2164,3513,2164,3444
2179,3519,2179,3522,2164,3522,2164,3519
2179,3531,2179,3553,2164,3553,2164,3531
2179,3558,2179,3604,2164,3604,2164,3558
2149,1168,2149,1268,2122,1268,2122,1168
2142,3318,2142,3349,2107,3349,2107,3318
2134,3447,2134,3487,2119,3487,2119,3447
2134,3491,2134,3494,2119,3494,2119,3491
2134,3494,2134,3558,2119,3558,2119,3494
2134,3566,2134,3625,2119,3625,2119,3566
2088,3447,2088,3525,2071,3525,2071,3447
2088,3532,2088,3536,2071,3536,2071,3532
2088,3537,2088,3541,2071,3541,2071,3537
2088,3542,2088,3602,2071,3602,2071,3542
2024,1965,2055,1964,2056,1999,2025,2000
2080,1964,2111,1963,2112,1997,2081,1998
1993,2261,2024,2263,2022,2297,1991,2295
2049,2264,2080,2266,2078,2300,2047,2298
2043,3448,2043,3499,2025,3499,2025,3448
2043,3503,2043,3520,2025,3520,2025,3503
2043,3527,2043,3574,2025,3574,2025,3527
2043,3583,2043,3587,2025,3587,2025,3583
1998,3448,1998,3500,1981,3500,1981,3448
1998,3504,1998,3520,1981,3520,1981,3504
1998,3526,1998,3574,1981,3574,1981,3526
1998,3581,1998,3585,1981,3585,1981,3581
1969,1889,1969,1940,1947,1940,1947,1889
1976,2360,1925,2360,1925,2339,1976,2339
1954,2583,1954,2670,1903,2670,1903,2583
2063,4006,2063,4155,2023,4155,2023,4006
2063,4192,2063,4203,2023,4203,2023,4192
2063,4233,2063,4375,2023,4375,2023,4233
2013,4003,2013,4172,1975,4172,1975,4003
2013,4203,2013,4239,1975,4239,1975,4203
1964,4004,1964,4170,1922,4170,1922,4004
1964,4202,1964,4241,1922,4241,1922,4202
1920,4006,1920,4044,1869,4044,1869,4006
1920,4065,1920,4143,1869,4143,1869,4065
1861,4006,1858,4075,1824,4073,1827,4004
1810,4004,1810,4056,1775,4056,1775,4004
1763,4007,1763,4250,1724,4250,1724,4007
1721,4005,1721,4158,1685,4158,1685,4005
1721,4190,1721,4309,1685,4309,1685,4190
1679,3996,1679,4188,1645,4188,1645,3996
1643,4005,1643,4144,1604,4144,1604,4005
1592,4005,1592,4194,1555,4194,1555,4005
1533,4008,1533,4157,1491,4157,1491,4008
1533,4193,1533,4312,1491,4312,1491,4193
1533,4338,1533,4510,1491,4510,1491,4338
2064,4728,2064,4749,2024,4749,2024,4728
2064,4759,2064,4770,2024,4770,2024,4759
2064,4779,2064,4808,2024,4808,2024,4779
2064,4834,2064,4872,2024,4872,2024,4834
2015,4720,2015,4750,1975,4750,1975,4720
2015,4763,2015,4774,1975,4774,1975,4763
2015,4771,2015,4814,1975,4814,1975,4771
2015,4833,2015,4871,1975,4871,1975,4833
1964,4743,1964,4754,1922,4754,1922,4743
1964,4760,1964,4771,1922,4771,1922,4760
1964,4774,1964,4813,1922,4813,1922,4774
1964,4834,1964,4873,1922,4873,1922,4834
1916,4711,1916,4759,1873,4759,1873,4711
1916,4760,1916,4772,1873,4772,1873,4760
1916,4775,1916,4814,1873,4814,1873,4775
1916,4832,1916,4871,1873,4871,1873,4832
1865,4741,1865,4751,1827,4751,1827,4741
1865,4761,1865,4771,1827,4771,1827,4761
1865,4777,1865,4813,1827,4813,1827,4777
1865,4836,1865,4870,1827,4870,1827,4836
1820,4745,1820,4759,1769,4759,1769,4745
1820,4760,1820,4774,1769,4774,1769,4760
1820,4782,1820,4810,1769,4810,1769,4782
1820,4830,1820,4877,1769,4877,1769,4830
1763,4743,1763,4754,1723,4755,1723,4744
1763,4759,1763,4770,1723,4771,1723,4760
1764,4773,1765,4810,1724,4811,1723,4774
1765,4834,1766,4872,1726,4873,1725,4835
1705,4693,1705,4749,1662,4749,1662,4693
1705,4753,1705,4765,1662,4765,1662,4753
1705,4765,1705,4813,1662,4813,1662,4765
1705,4833,1705,4873,1662,4873,1662,4833
1646,4738,1646,4749,1604,4749,1604,4738
1646,4759,1646,4770,1604,4770,1604,4759
1646,4773,1646,4812,1604,4812,1604,4773
1646,4833,1646,4872,1604,4872,1604,4833
1600,4739,1600,4753,1549,4753,1549,4739
1600,4760,1600,4774,1549,4774,1549,4760
1600,4774,1600,4812,1549,4812,1549,4774
1600,4838,1600,4852,1549,4852,1549,4838
1600,4858,1600,4872,1549,4872,1549,4858
1535,4697,1535,4754,1491,4754,1491,4697
1535,4754,1535,4766,1491,4766,1491,4754
1535,4762,1535,4811,1491,4811,1491,4762
1535,4832,1535,4872,1491,4872,1491,4832
1723,2093,1723,2157,1705,2157,1705,2093
1653,2272,1652,2320,1623,2319,1624,2271
1651,2347,1651,2355,1622,2354,1622,2346
1650,2374,1649,2428,1620,2427,1621,2373
1607,2304,1607,2312,1578,2312,1578,2304
1607,2346,1607,2354,1578,2354,1578,2346
1607,2376,1607,2384,1578,2384,1578,2376
1607,2394,1607,2402,1578,2402,1578,2394
1607,2403,1607,2435,1578,2435,1578,2403
1521,2262,1552,2263,1551,2297,1520,2296
1577,2263,1608,2264,1607,2299,1576,2298
1433,2071,1434,2103,1399,2104,1398,2072
1436,2130,1437,2156,1401,2157,1400,2131
1397,2157,1397,2213,1375,2213,1375,2157
1400,2299,1400,2351,1379,2351,1379,2299
1310,2336,1304,2363,1281,2358,1288,2331
1265,1431,1265,1525,1226,1525,1226,1431
1228,1433,1227,1469,1188,1468,1189,1432
1226,1471,1226,1481,1188,1480,1188,1470
1226,1480,1225,1516,1187,1515,1188,1479
1224,1530,1224,1540,1186,1539,1186,1529
1066,1156,1130,1156,1130,1194,1066,1194
888,4006,888,4126,865,4126,865,4006
880,1894,878,1903,844,1896,846,1888
829,4035,829,4067,804,4067,804,4035
786,4009,786,4015,763,4015,763,4009
786,4026,786,4032,763,4032,763,4026
786,4043,786,4049,763,4049,763,4043
786,4074,786,4080,763,4080,763,4074
786,4079,786,4085,763,4085,763,4079
786,4085,786,4111,763,4111,763,4085
792,2024,694,2027,693,1985,790,1981
776,2168,776,2308,729,2308,729,2168
734,2167,747,2282,699,2288,686,2172
829,4161,829,4242,795,4242,795,4161
829,4270,829,4355,795,4355,795,4270
795,4156,793,4276,763,4276,765,4156
793,4302,793,4329,764,4329,764,4302
793,4353,792,4415,762,4415,763,4353
761,4157,761,4258,732,4258,732,4157
761,4281,761,4313,732,4313,732,4281
731,4154,731,4314,702,4314,702,4154
699,4162,699,4318,672,4318,672,4162
699,4337,699,4401,672,4401,672,4337
667,4160,669,4311,646,4311,644,4160
670,4338,670,4344,647,4344,647,4338
643,4155,643,4262,614,4262,614,4155
643,4281,643,4391,614,4391,614,4281
612,4163,612,4168,591,4168,591,4163
612,4168,612,4216,591,4216,591,4168
612,4225,612,4230,591,4230,591,4225
826,4556,824,4696,788,4696,790,4556
824,4715,824,4747,788,4747,788,4715
823,4765,822,4869,787,4869,788,4765
790,4556,789,4625,759,4625,760,4556
789,4631,789,4639,760,4639,760,4631
789,4644,788,4753,758,4753,759,4644
740,4448,740,4626,702,4626,702,4448
740,4648,740,4697,702,4697,702,4648
740,4718,740,4831,702,4831,702,4718
707,4450,707,4458,678,4458,678,4450
707,4455,707,4505,678,4505,678,4455
707,4516,707,4524,678,4524,678,4516
707,4532,707,4625,678,4625,678,4532
707,4624,707,4632,678,4632,678,4624
679,4445,679,4479,648,4479,648,4445
679,4499,679,4569,648,4569,648,4499
679,4576,679,4584,648,4584,648,4576
679,4587,679,4660,648,4660,648,4587
651,4445,651,4485,620,4485,620,4445
651,4504,651,4571,620,4571,620,4504
651,4580,651,4588,620,4588,620,4580
651,4596,651,4724,620,4724,620,4596
623,4450,623,4458,591,4457,591,4449
623,4480,620,4691,587,4690,590,4479
583,4471,583,4482,543,4482,543,4471
583,4507,582,4618,541,4618,542,4507
581,4636,581,4674,540,4674,540,4636
580,4697,579,4793,539,4793,540,4697
515,1474,515,1598,483,1598,483,1474
476,1470,477,1481,436,1483,435,1472
477,1487,478,1498,437,1500,436,1489
478,1502,482,1568,440,1570,436,1505
431,4022,432,4028,409,4030,408,4024
430,4131,430,4136,409,4136,409,4131
430,4144,430,4149,409,4149,409,4144
430,4153,430,4158,409,4158,409,4153
429,4252,429,4269,409,4269,409,4252
429,4483,429,4508,411,4508,411,4483
318,2089,321,2115,311,2116,308,2090
253,4054,253,4136,230,4136,230,4054
253,4161,253,4178,230,4178,230,4161
253,4203,253,4254,230,4254,230,4203
253,4272,253,4298,230,4298,230,4272
253,4318,253,4324,230,4324,230,4318
244,4539,244,4642,198,4642,198,4539
244,4680,244,4866,198,4866,198,4680
219,3924,219,3935,177,3935,177,3924
219,3989,219,4000,177,4000,177,3989
219,4036,219,4082,177,4082,177,4036
219,4088,219,4099,177,4099,177,4088
219,4107,219,4161,177,4161,177,4107
219,4174,219,4185,177,4185,177,4174
219,4193,219,4285,177,4285,177,4193
154,4236,154,4315,108,4315,108,4236
154,4333,154,4346,108,4346,108,4333
154,4357,154,4408,108,4408,108,4357
154,4450,154,4528,108,4528,108,4450
151,68,151,136,122,136,122,68
151,159,151,167,122,167,122,159
151,183,151,233,122,233,122,183
151,248,151,444,122,444,122,248
151,466,151,531,122,531,122,466
151,553,151,719,122,719,122,553
151,744,151,752,122,752,122,744
151,756,151,764,122,764,122,756
151,764,151,830,122,830,122,764
151,852,151,1007,122,1007,122,852
151,1027,151,1054,122,1054,122,1027
151,1080,151,1201,122,1201,122,1080
151,1228,151,1274,122,1274,122,1228
151,1292,151,1453,122,1453,122,1292
151,1482,151,1638,122,1638,122,1482
151,1655,151,1692,122,1692,122,1655
151,1711,151,1935,122,1935,122,1711
151,1953,151,2018,122,2018,122,1953
151,2040,151,2081,122,2081,122,2040
151,2106,151,2249,122,2249,122,2106
151,2272,151,2351,122,2351,122,2272
151,2355,151,2363,122,2363,122,2355
151,2379,151,2538,122,2538,122,2379
151,2538,151,2546,122,2546,122,2538
151,2566,151,2690,122,2690,122,2566
151,2694,151,2702,122,2702,122,2694
151,2722,151,2786,122,2786,122,2722
151,2793,151,2801,122,2801,122,2793
151,2806,151,2936,122,2936,122,2806
151,2937,151,2945,122,2945,122,2937
151,2964,151,3005,122,3005,122,2964
151,3027,151,3202,122,3202,122,3027
151,3221,151,3258,122,3258,122,3221
151,3272,151,3391,122,3391,122,3272
151,3415,151,3507,122,3507,122,3415
151,3510,151,3518,122,3518,122,3510
151,3534,151,3575,122,3575,122,3534
121,70,121,205,92,205,92,70
121,232,121,396,92,396,92,232
121,415,121,484,92,484,92,415
121,506,121,522,92,522,92,506
121,543,121,649,92,649,92,543
121,670,121,702,92,702,92,670
121,721,121,742,92,742,92,721
121,763,121,868,92,868,92,763
121,890,121,960,92,960,92,890
121,977,121,1077,92,1077,92,977
121,1099,121,1107,92,1107,92,1099
121,1138,121,1207,92,1207,92,1138
121,1227,121,1341,92,1341,92,1227
121,1345,121,1353,92,1353,92,1345
121,1368,121,1422,92,1422,92,1368
121,1442,121,1578,92,1578,92,1442
121,1601,121,1671,92,1671,92,1601
121,1688,121,1906,92,1906,92,1688
121,1906,121,1914,92,1914,92,1906
121,1926,121,1980,92,1980,92,1926
121,2003,121,2194,92,2194,92,2003
121,2212,121,2244,92,2244,92,2212
121,2267,121,2337,92,2337,92,2267
121,2354,121,2404,92,2404,92,2354
121,2423,121,2547,92,2547,92,2423
121,2548,121,2556,92,2556,92,2548
121,2572,121,2604,92,2604,92,2572
121,2626,121,2783,92,2783,92,2626
121,2809,121,2817,92,2817,92,2809
121,2824,121,2832,92,2832,92,2824
121,2833,121,2883,92,2883,92,2833
121,2902,121,2952,92,2952,92,2902
121,2975,121,3178,92,3178,92,2975
121,3181,121,3189,92,3189,92,3181
121,3205,121,3255,92,3255,92,3205
121,3280,121,3432,92,3432,92,3280
121,3455,121,3523,92,3523,92,3455
121,3542,121,3660,92,3660,92,3542
121,3685,121,3693,92,3693,92,3685
93,76,93,147,62,147,62,76
93,164,93,280,62,280,62,164
93,304,93,339,62,339,62,304
93,360,93,542,62,542,62,360
93,564,93,598,62,598,62,564
93,619,93,705,62,705,62,619
93,708,93,716,62,716,62,708
