3412,3497,3412,3585,3389,3585,3389,3497
3412,3595,3412,3635,3389,3635,3389,3595
3412,3641,3412,3647,3389,3647,3389,3641
3412,3645,3412,3688,3389,3688,3389,3645
3367,3447,3367,3526,3349,3526,3349,3447
3367,3532,3367,3572,3349,3572,3349,3532
3367,3580,3367,3636,3349,3636,3349,3580
3364,4442,3364,4656,3288,4656,3288,4442
3320,3446,3320,3525,3304,3525,3304,3446
3320,3529,3320,3574,3304,3574,3304,3529
3320,3582,3320,3636,3304,3636,3304,3582
3278,3447,3278,3527,3257,3527,3257,3447
3278,3532,3278,3571,3257,3571,3257,3532
3278,3581,3278,3638,3257,3638,3257,3581
3278,3646,3278,3651,3257,3651,3257,3646
3278,3658,3278,3699,3257,3699,3257,3658
3278,3704,3278,3760,3257,3760,3257,3704
3253,4209,3253,4325,3230,4325,3230,4209
3253,4336,3253,4392,3230,4392,3230,4336
3228,3447,3228,3495,3212,3495,3212,3447
3228,3501,3229,3558,3213,3558,3212,3501
3229,3567,3230,3642,3214,3642,3213,3567
3183,3446,3182,3467,3163,3467,3164,3446
3182,3466,3182,3470,3164,3470,3164,3466
3182,3474,3182,3484,3164,3484,3164,3474
3182,3485,3182,3489,3164,3489,3164,3485
3182,3491,3181,3521,3162,3521,3163,3491
3171,1782,3171,1808,3148,1808,3148,1782
3171,1837,3171,1866,3148,1866,3148,1837
3138,3447,3138,3465,3124,3465,3124,3447
3138,3467,3138,3470,3124,3470,3124,3467
3138,3474,3138,3484,3124,3484,3124,3474
3138,3485,3138,3488,3124,3488,3124,3485
3138,3490,3138,3524,3123,3524,3123,3490
3137,3529,3137,3539,3123,3539,3123,3529
3138,3545,3137,3623,3122,3623,3123,3545
3137,3628,3137,3664,3122,3664,3122,3628
3136,3673,3136,3728,3122,3728,3122,3673
3115,1648,3063,1646,3064,1626,3116,1628
3207,4286,3207,4589,3146,4589,3146,4286
3116,4118,3116,4180,3072,4180,3072,4118
3116,4186,3116,4198,3072,4198,3072,4186
3116,4212,3116,4268,3072,4268,3072,4212
3116,4281,3116,4293,3072,4293,3072,4281
3116,4323,3116,4497,3072,4497,3072,4323
3116,4526,3116,4761,3072,4761,3072,4526
3068,4246,3068,4367,3021,4367,3021,4246
3068,4404,3068,4641,3021,4641,3021,4404
3091,3444,3091,3490,3076,3490,3076,3444
3091,3499,3091,3513,3076,3513,3076,3499
3091,3516,3091,3519,3076,3519,3076,3516
3091,3522,3091,3533,3076,3533,3076,3522
3091,3534,3091,3537,3076,3537,3076,3534
3091,3538,3091,3569,3076,3569,3076,3538
3055,3446,3055,3481,3038,3481,3038,3446
3055,3488,3055,3492,3038,3492,3038,3488
3055,3495,3055,3499,3038,3499,3038,3495
3055,3499,3055,3557,3038,3557,3038,3499
3055,3565,3055,3595,3038,3595,3038,3565
3055,3604,3055,3633,3038,3633,3038,3604
3055,3637,3055,3676,3038,3676,3038,3637
3055,3684,3055,3709,3038,3709,3038,3684
3037,3448,3037,3452,3020,3452,3020,3448
3037,3450,3037,3520,3020,3520,3020,3450
3037,3518,3037,3522,3020,3522,3020,3518
3037,3525,3037,3577,3020,3577,3020,3525
3037,3579,3037,3583,3020,3583,3020,3579
3002,3444,3002,3502,2985,3502,2985,3444
3002,3505,3002,3552,2985,3552,2985,3505
3002,3561,3002,3609,2985,3609,2985,3561
3002,3616,3002,3636,2985,3636,2985,3616
2956,3446,2957,3505,2939,3505,2938,3446
2956,3512,2956,3563,2939,3563,2939,3512
2956,3570,2956,3609,2939,3609,2939,3570
2957,3615,2957,3625,2940,3625,2940,3615
2957,3629,2957,3674,2940,3674,2940,3629
2910,3447,2910,3506,2894,3506,2894,3447
2910,3511,2910,3566,2894,3566,2894,3511
2910,3574,2910,3625,2894,3625,2894,3574
2910,3631,2910,3692,2894,3692,2894,3631
2885,1440,2885,1551,2851,1551,2851,1440
2885,1560,2885,1569,2851,1569,2851,1560
2885,1579,2885,1680,2851,1680,2851,1579
2843,1443,2843,1453,2807,1455,2807,1445
2843,1462,2843,1472,2807,1474,2807,1464
2844,1470,2845,1504,2810,1506,2808,1472
2846,1525,2846,1535,2810,1537,2810,1527
2862,3447,2863,3478,2844,3478,2843,3447
2862,3485,2862,3499,2844,3499,2844,3485
2863,3506,2864,3556,2845,3556,2844,3506
2863,3562,2863,3572,2845,3572,2845,3562
2864,3585,2864,3595,2846,3595,2846,3585
2864,3598,2864,3602,2846,3602,2846,3598
2864,3606,2864,3626,2846,3626,2846,3606
2865,3633,2865,3637,2847,3637,2847,3633
2865,3640,2865,3644,2847,3644,2847,3640
2818,3346,2818,3371,2801,3371,2801,3346
2828,3446,2828,3478,2810,3478,2810,3446
2828,3484,2828,3500,2810,3500,2810,3484
2828,3505,2828,3557,2810,3557,2810,3505
2828,3561,2828,3574,2810,3574,2810,3561
2828,3586,2828,3596,2810,3596,2810,3586
2828,3599,2828,3603,2810,3603,2810,3599
2828,3605,2828,3628,2810,3628,2810,3605
2828,3632,2828,3636,2810,3636,2810,3632
2828,3641,2828,3645,2810,3645,2810,3641
2828,3653,2828,3657,2810,3657,2810,3653
2828,3656,2828,3738,2810,3738,2810,3656
2828,3744,2828,3815,2810,3815,2810,3744
2828,3820,2828,3907,2810,3907,2810,3820
2828,3907,2828,3911,2810,3911,2810,3907
2809,3449,2809,3478,2794,3478,2794,3449
2809,3487,2809,3490,2794,3490,2794,3487
2809,3495,2809,3498,2794,3498,2794,3495
2809,3501,2809,3522,2794,3522,2794,3501
2809,3534,2809,3545,2794,3545,2794,3534
2809,3555,2809,3558,2794,3558,2794,3555
2809,3559,2809,3562,2794,3562,2794,3559
2809,3565,2809,3585,2794,3585,2794,3565
2809,3595,2809,3609,2794,3609,2794,3595
2809,3617,2809,3633,2794,3633,2794,3617
2773,3448,2773,3479,2759,3479,2759,3448
2773,3486,2773,3501,2759,3501,2759,3486
2773,3508,2773,3560,2759,3560,2759,3508
2773,3565,2773,3578,2759,3578,2759,3565
2773,3591,2773,3601,2759,3601,2759,3591
2773,3605,2773,3608,2759,3608,2759,3605
2773,3612,2773,3633,2759,3633,2759,3612
2773,3639,2773,3642,2759,3642,2759,3639
2773,3648,2773,3651,2759,3651,2759,3648
2773,3657,2773,3660,2759,3660,2759,3657
2773,3661,2773,3697,2759,3697,2759,3661
2773,3699,2773,3702,2759,3702,2759,3699
2773,3710,2773,3713,2759,3713,2759,3710
2773,3723,2773,3726,2759,3726,2759,3723
2773,3728,2773,3731,2759,3731,2759,3728
2773,3735,2773,3753,2759,3753,2759,3735
2773,3764,2773,3777,2759,3777,2759,3764
2773,3786,2773,3804,2759,3804,2759,3786
2730,3448,2730,3453,2709,3453,2709,3448
2730,3460,2730,3503,2709,3503,2709,3460
2730,3510,2730,3525,2709,3525,2709,3510
2730,3529,2730,3582,2709,3582,2709,3529
2730,3587,2730,3602,2709,3602,2709,3587
2730,3612,2730,3623,2709,3623,2709,3612
2730,3626,2730,3631,2709,3631,2709,3626
2730,3634,2730,3654,2709,3654,2709,3634
2730,3659,2730,3664,2709,3664,2709,3659
2730,3668,2730,3673,2709,3673,2709,3668
2730,3677,2730,3682,2709,3682,2709,3677
2730,3683,2730,3716,2709,3716,2709,3683
2730,3719,2730,3724,2709,3724,2709,3719
2730,3730,2730,3735,2709,3735,2709,3730
2730,3743,2730,3748,2709,3748,2709,3743
2730,3747,2730,3752,2709,3752,2709,3747
2730,3755,2730,3775,2709,3775,2709,3755
2730,3785,2730,3800,2709,3800,2709,3785
2730,3808,2730,3825,2709,3825,2709,3808
2682,3348,2682,3386,2663,3386,2663,3348
2683,3446,2683,3480,2666,3480,2666,3446
2683,3486,2683,3501,2666,3501,2666,3486
2683,3508,2683,3558,2666,3558,2666,3508
2683,3563,2683,3579,2666,3579,2666,3563
2683,3589,2683,3601,2666,3601,2666,3589
2683,3604,2683,3608,2666,3608,2666,3604
2683,3612,2683,3634,2666,3634,2666,3612
2683,3639,2683,3643,2666,3643,2666,3639
2683,3648,2683,3652,2666,3652,2666,3648
2683,3658,2683,3700,2666,3700,2666,3658
2683,3705,2683,3735,2666,3735,2666,3705
2683,3743,2683,3747,2666,3747,2666,3743
2683,3757,2683,3761,2666,3761,2666,3757
2683,3763,2683,3767,2666,3767,2666,3763
2683,3767,2683,3788,2666,3788,2666,3767
2683,3797,2683,3813,2666,3813,2666,3797
2683,3821,2683,3837,2666,3837,2666,3821
2636,3446,2636,3478,2618,3478,2618,3446
2636,3484,2636,3500,2618,3500,2618,3484
2636,3508,2636,3557,2618,3557,2618,3508
2636,3561,2636,3574,2618,3574,2618,3561
2636,3586,2636,3596,2618,3596,2618,3586
2636,3599,2636,3603,2618,3603,2618,3599
2636,3605,2636,3628,2618,3628,2618,3605
2636,3632,2636,3636,2618,3636,2618,3632
2636,3641,2636,3645,2618,3645,2618,3641
2636,3655,2636,3703,2618,3703,2618,3655
2614,1281,2552,1293,2547,1268,2609,1256
2591,3446,2591,3480,2574,3480,2574,3446
2591,3486,2591,3502,2574,3502,2574,3486
2591,3508,2591,3558,2574,3558,2574,3508
2591,3564,2591,3576,2574,3576,2574,3564
2591,3589,2591,3610,2574,3610,2574,3589
2591,3617,2591,3621,2574,3621,2574,3617
2591,3626,2591,3630,2574,3630,2574,3626
2591,3637,2591,3677,2574,3677,2574,3637
2591,3686,2591,3724,2574,3724,2574,3686
2591,3731,2591,3746,2574,3746,2574,3731
2591,3751,2591,3799,2574,3799,2574,3751
2601,1627,2518,1627,2518,1596,2601,1596
2545,3445,2545,3478,2528,3478,2528,3445
2545,3485,2545,3501,2528,3501,2528,3485
2545,3506,2545,3560,2528,3560,2528,3506
2545,3565,2545,3639,2528,3639,2528,3565
2545,3645,2545,3649,2528,3649,2528,3645
2545,3651,2545,3679,2528,3679,2528,3651
2545,3684,2545,3725,2528,3725,2528,3684
2545,3730,2545,3745,2528,3745,2528,3730
2545,3749,2545,3753,2528,3753,2528,3749
2545,3758,2545,3771,2528,3771,2528,3758
2545,3773,2545,3777,2528,3777,2528,3773
2545,3780,2545,3818,2528,3818,2528,3780
2545,3823,2545,3827,2528,3827,2528,3823
2496,1449,2487,1449,2487,1425,2496,1425
2498,3445,2498,3479,2483,3479,2483,3445
2498,3485,2498,3502,2483,3502,2483,3485
2498,3509,2498,3603,2483,3603,2483,3509
2498,3609,2498,3642,2483,3642,2483,3609
2453,3445,2453,3477,2438,3477,2438,3445
2453,3486,2453,3500,2438,3500,2438,3486
2453,3508,2453,3559,2438,3559,2438,3508
2418,1603,2418,1694,2376,1694,2376,1603
2407,3448,2407,3528,2391,3528,2391,3448
2407,3537,2407,3566,2391,3566,2391,3537
2407,3572,2407,3617,2391,3617,2391,3572
2365,3448,2364,3505,2346,3505,2347,3448
2364,3514,2363,3546,2345,3546,2346,3514
2318,3447,2318,3526,2302,3526,2302,3447
2272,3444,2272,3487,2255,3487,2255,3444
2272,3492,2272,3562,2255,3562,2255,3492
2272,3566,2272,3631,2255,3631,2255,3566
2261,1809,2261,1871,2243,1871,2243,1809
2238,3329,2238,3355,2226,3355,2226,3329
2228,3447,2228,3513,2207,3513,2207,3447
2228,3519,2228,3586,2207,3586,2207,3519
2228,3590,2228,3662,2207,3662,2207,3590
2228,3665,2228,3681,2207,3681,2207,3665
2228,3687,2228,3724,2207,3724,2207,3687
2296,4074,2296,4596,2222,4596,2222,4074
2296,4644,2296,4805,2222,4805,2222,4644
2217,4046,2217,4435,2155,4435,2155,4046
2217,4474,2217,4531,2155,4531,2155,4474
2217,4585,2217,4602,2155,4602,2155,4585
2217,4644,2217,4836,2155,4836,2155,4644
2157,4209,2157,4341,2099,4341,2099,4209
2157,4393,2157,4409,2099,4409,2099,4393
2157,4457,2157,4521,2099,4521,2099,4457
2157,4564,2157,4580,2099,4580,2099,4564
2157,4606,2157,4622,2099,4622,2099,4606
2157,4641,2157,4657,2099,4657,2099,4641
2179,3444,2179,3513,2164,3513,2164,3444
2179,3519,2179,3522,2164,3522,2164,3519
2179,3531,2179,3553,2164,3553,2164,3531
2179,3558,2179,3604,2164,3604,2164,3558
2142,3318,2142,3349,2107,3349,2107,3318
2134,3447,2134,3487,2119,3487,2119,3447
2134,3491,2134,3494,2119,3494,2119,3491
2134,3494,2134,3558,2119,3558,2119,3494
2134,3566,2134,3625,2119,3625,2119,3566
2088,3447,2088,3525,2071,3525,2071,3447
2088,3532,2088,3536,2071,3536,2071,3532
2088,3537,2088,3541,2071,3541,2071,3537
2088,3542,2088,3602,2071,3602,2071,3542
2043,3448,2043,3499,2025,3499,2025,3448
2043,3503,2043,3520,2025,3520,2025,3503
2043,3527,2043,3574,2025,3574,2025,3527
2043,3583,2043,3587,2025,3587,2025,3583
1998,3448,1998,3500,1981,3500,1981,3448
1998,3504,1998,3520,1981,3520,1981,3504
1998,3526,1998,3574,1981,3574,1981,3526
1998,3581,1998,3585,1981,3585,1981,3581
1964,1973,1964,2054,1913,2054,1913,1973
1922,2597,1922,2693,1880,2693,1880,2597
1884,1650,1830,1650,1830,1629,1884,1629
2063,4006,2063,4155,2023,4155,2023,4006
2063,4192,2063,4203,2023,4203,2023,4192
2063,4233,2063,4375,2023,4375,2023,4233
2013,4003,2013,4172,1975,4172,1975,4003
2013,4203,2013,4239,1975,4239,1975,4203
1963,4008,1963,4142,1925,4142,1925,4008
1910,4004,1910,4069,1875,4069,1875,4004
1872,4005,1872,4158,1836,4158,1836,4005
1872,4190,1872,4309,1836,4309,1836,4190
1831,3999,1831,4189,1795,4189,1795,3999
1789,3997,1789,4134,1755,4134,1755,3997
1733,4008,1733,4155,1691,4155,1691,4008
1733,4193,1733,4312,1691,4312,1691,4193
1733,4338,1733,4510,1691,4510,1691,4338
2061,4739,2061,4750,2021,4751,2021,4740
2061,4759,2061,4770,2021,4771,2021,4760
2062,4774,2063,4810,2022,4811,2021,4775
2063,4834,2064,4872,2024,4873,2023,4835
2014,4721,2014,4757,1974,4757,1974,4721
2014,4760,2014,4771,1974,4771,1974,4760
2014,4772,2014,4817,1974,4817,1974,4772
2014,4834,2014,4872,1974,4872,1974,4834
1965,4720,1965,4750,1925,4750,1925,4720
1965,4758,1965,4769,1925,4769,1925,4758
1965,4771,1965,4814,1925,4814,1925,4771
1965,4833,1965,4871,1925,4871,1925,4833
1914,4736,1914,4747,1872,4747,1872,4736
1914,4762,1914,4773,1872,4773,1872,4762
1914,4770,1914,4817,1872,4817,1872,4770
1914,4832,1914,4871,1872,4871,1872,4832
1856,4704,1856,4744,1812,4744,1812,4704
1856,4752,1856,4764,1812,4764,1812,4752
1856,4771,1856,4811,1812,4811,1812,4771
1856,4834,1856,4874,1812,4874,1812,4834
1795,4740,1795,4751,1755,4751,1755,4740
1795,4761,1795,4772,1755,4772,1755,4761
1795,4780,1795,4810,1755,4810,1755,4780
1795,4833,1795,4869,1755,4869,1755,4833
1737,4703,1737,4748,1688,4748,1688,4703
1737,4751,1737,4765,1688,4765,1688,4751
1737,4768,1737,4813,1688,4813,1688,4768
1737,4835,1737,4871,1688,4871,1688,4835
1819,2292,1819,2341,1781,2341,1781,2292
1773,2287,1773,2295,1743,2294,1743,2286
1772,2305,1772,2313,1742,2312,1742,2304
1772,2319,1771,2346,1740,2345,1741,2318
1610,1957,1623,1956,1625,2003,1612,2004
1646,2252,1591,2252,1591,2231,1646,2231
1559,2313,1558,2346,1536,2345,1537,2312
1380,1968,1406,1967,1408,2014,1382,2015
1432,1965,1466,1963,1468,2010,1434,2012
1379,1933,1417,1932,1418,2001,1380,2002
1402,1546,1402,1642,1360,1642,1360,1546
1272,1935,1292,1935,1293,2004,1273,2004
1274,1973,1287,1972,1289,2019,1276,2020
1232,2017,1234,2072,1212,2073,1210,2018
1135,2286,1135,2422,1103,2422,1103,2286
1095,2282,1096,2320,1062,2321,1061,2283
1097,2321,1097,2330,1063,2331,1063,2322
1097,2333,1098,2364,1064,2365,1063,2334
1099,2384,1099,2393,1065,2394,1065,2385
1037,1939,1170,1937,1171,2007,1038,2009
904,1999,1010,1999,1010,2052,904,2052
888,4006,888,4126,865,4126,865,4006
829,4035,829,4067,804,4067,804,4035
786,4009,786,4015,763,4015,763,4009
786,4026,786,4032,763,4032,763,4026
786,4043,786,4049,763,4049,763,4043
786,4074,786,4080,763,4080,763,4074
786,4079,786,4085,763,4085,763,4079
786,4085,786,4111,763,4111,763,4085
829,4161,829,4242,795,4242,795,4161
829,4270,829,4355,795,4355,795,4270
795,4156,793,4276,763,4276,765,4156
793,4302,793,4329,764,4329,764,4302
793,4353,792,4415,762,4415,763,4353
761,4157,761,4258,732,4258,732,4157
761,4281,761,4313,732,4313,732,4281
731,4154,731,4314,702,4314,702,4154
699,4162,699,4318,672,4318,672,4162
699,4337,699,4401,672,4401,672,4337
667,4160,669,4311,646,4311,644,4160
670,4338,670,4344,647,4344,647,4338
643,4155,643,4262,614,4262,614,4155
643,4281,643,4391,614,4391,614,4281
612,4163,612,4168,591,4168,591,4163
612,4168,612,4216,591,4216,591,4168
612,4225,612,4230,591,4230,591,4225
826,4556,824,4696,788,4696,790,4556
824,4715,824,4747,788,4747,788,4715
823,4765,822,4869,787,4869,788,4765
790,4556,789,4625,759,4625,760,4556
789,4631,789,4639,760,4639,760,4631
789,4644,788,4753,758,4753,759,4644
740,4448,740,4626,702,4626,702,4448
740,4648,740,4697,702,4697,702,4648
740,4718,740,4831,702,4831,702,4718
707,4450,707,4458,678,4458,678,4450
707,4455,707,4505,678,4505,678,4455
707,4516,707,4524,678,4524,678,4516
707,4532,707,4625,678,4625,678,4532
707,4624,707,4632,678,4632,678,4624
677,4447,677,4477,644,4477,644,4447
677,4501,677,4565,644,4565,644,4501
677,4575,677,4584,644,4584,644,4575
677,4586,677,4660,644,4660,644,4586
651,4445,651,4485,620,4485,620,4445
651,4504,651,4571,620,4571,620,4504
651,4580,651,4588,620,4588,620,4580
651,4596,651,4724,620,4724,620,4596
623,4450,623,4458,591,4457,591,4449
623,4480,620,4691,587,4690,590,4479
583,4471,583,4482,543,4482,543,4471
583,4507,582,4618,541,4618,542,4507
581,4636,581,4674,540,4674,540,4636
580,4697,579,4793,539,4793,540,4697
649,1531,649,1630,611,1630,611,1531
612,1541,612,1551,574,1551,574,1541
612,1561,612,1571,574,1571,574,1561
612,1576,612,1603,574,1603,574,1576
612,1623,612,1633,574,1633,574,1623
432,2087,432,2244,406,2244,406,2087
431,4022,432,4028,409,4030,408,4024
430,4131,430,4136,409,4136,409,4131
430,4144,430,4149,409,4149,409,4144
430,4153,430,4158,409,4158,409,4153
429,4252,429,4269,409,4269,409,4252
429,4483,429,4508,411,4508,411,4483
219,3929,219,3940,177,3940,177,3929
257,4057,257,4136,225,4136,225,4057
257,4159,257,4183,225,4183,225,4159
257,4206,257,4255,225,4255,225,4206
257,4275,257,4298,225,4298,225,4275
257,4315,257,4323,225,4323,225,4315
244,4539,244,4642,198,4642,198,4539
244,4680,244,4866,198,4866,198,4680
219,3993,219,4004,177,4004,177,3993
219,4048,219,4078,177,4078,177,4048
219,4101,219,4112,177,4112,177,4101
219,4122,219,4168,177,4168,177,4122
219,4170,219,4181,177,4181,177,4170
219,4193,219,4285,177,4285,177,4193
154,4231,154,4317,108,4317,108,4231
154,4335,154,4348,108,4348,108,4335
154,4359,154,4410,108,4410,108,4359
154,4445,154,4523,108,4523,108,4445
151,70,151,138,120,138,120,70
151,160,151,168,120,168,120,160
151,182,151,230,120,230,120,182
151,249,151,444,120,444,120,249
151,465,151,534,120,534,120,465
151,555,151,717,120,717,120,555
151,742,151,750,120,750,120,742
151,758,151,766,120,766,120,758
151,769,151,834,120,834,120,769
151,855,151,1005,120,1005,120,855
151,1028,151,1056,120,1056,120,1028
151,1082,151,1199,120,1199,120,1082
151,1225,151,1274,120,1274,120,1225
151,1291,151,1458,120,1458,120,1291
151,1479,151,1637,120,1637,120,1479
151,1657,151,1692,120,1692,120,1657
151,1708,151,1935,120,1935,120,1708
151,1952,151,2016,120,2016,120,1952
151,2040,151,2080,120,2080,120,2040
151,2104,151,2252,120,2252,120,2104
151,2273,151,2354,120,2354,120,2273
151,2358,151,2366,120,2366,120,2358
151,2380,151,2534,120,2534,120,2380
151,2540,151,2548,120,2548,120,2540
151,2567,151,2693,120,2693,120,2567
151,2694,151,2702,120,2702,120,2694
151,2720,151,2784,120,2784,120,2720
151,2793,151,2801,120,2801,120,2793
151,2807,151,2936,120,2936,120,2807
151,2940,151,2948,120,2948,120,2940
151,2967,151,3007,120,3007,120,2967
151,3028,151,3203,120,3203,120,3028
151,3225,151,3260,120,3260,120,3225
151,3271,151,3392,120,3392,120,3271
151,3419,151,3506,120,3506,120,3419
151,3510,151,3518,120,3518,120,3510
151,3535,151,3574,120,3574,120,3535
121,70,121,205,92,205,92,70
121,232,121,396,92,396,92,232
121,415,121,484,92,484,92,415
121,506,121,522,92,522,92,506
121,543,121,649,92,649,92,543
121,670,121,702,92,702,92,670
121,721,121,742,92,742,92,721
121,763,121,868,92,868,92,763
121,890,121,960,92,960,92,890
121,977,121,1077,92,1077,92,977
121,1099,121,1107,92,1107,92,1099
121,1138,121,1207,92,1207,92,1138
121,1227,121,1341,92,1341,92,1227
121,1345,121,1353,92,1353,92,1345
121,1368,121,1422,92,1422,92,1368
121,1442,121,1578,92,1578,92,1442
121,1601,121,1671,92,1671,92,1601
121,1688,121,1906,92,1906,92,1688
121,1906,121,1914,92,1914,92,1906
121,1926,121,1980,92,1980,92,1926
121,2003,121,2194,92,2194,92,2003
121,2212,121,2244,92,2244,92,2212
121,2267,121,2337,92,2337,92,2267
121,2354,121,2404,92,2404,92,2354
121,2423,121,2547,92,2547,92,2423
121,2548,121,2556,92,2556,92,2548
121,2572,121,2604,92,2604,92,2572
121,2626,121,2783,92,2783,92,2626
121,2809,121,2817,92,2817,92,2809
121,2824,121,2832,92,2832,92,2824
121,2833,121,2883,92,2883,92,2833
121,2902,121,2952,92,2952,92,2902
121,2975,121,3178,92,3178,92,2975
121,3181,121,3189,92,3189,92,3181
121,3205,121,3255,92,3255,92,3205
121,3280,121,3432,92,3432,92,3280
121,3455,121,3523,92,3523,92,3455
121,3542,121,3660,92,3660,92,3542
121,3685,121,3693,92,3693,92,3685
93,76,93,147,62,147,62,76
93,164,93,280,62,280,62,164
93,304,93,339,62,339,62,304
93,360,93,542,62,542,62,360
93,564,93,598,62,598,62,564
93,619,93,705,62,705,62,619
93,708,93,716,62,716,62,708
