2779,122,3042,122,3042,176,2779,176
2780,174,3043,174,3043,236,2780,236
2826,298,3136,298,3136,360,2826,360
2664,386,2727,386,2727,441,2664,441
2731,386,2746,386,2746,441,2731,441
2759,386,2823,386,2823,441,2759,441
2826,386,2841,386,2841,441,2826,441
2871,386,3041,386,3041,441,2871,441
3072,386,3310,386,3310,441,3072,441
2794,441,2913,441,2913,487,2794,487
2953,441,3185,441,3185,487,2953,487
2731,956,3127,956,3127,1058,2731,1058
2620,1217,3144,1217,3144,1282,2620,1282
3188,1217,3343,1217,3343,1282,3188,1282
2590,1294,2981,1294,2981,1346,2590,1346
3020,1294,3078,1294,3078,1346,3020,1346
3132,1294,3146,1294,3146,1346,3132,1346
3197,1294,3376,1294,3376,1346,3197,1346
2765,1350,2899,1350,2899,1412,2765,1412
2946,1350,2963,1350,2963,1412,2946,1412
3012,1350,3069,1350,3069,1412,3012,1412
3123,1350,3140,1350,3140,1412,3123,1412
3161,1350,3178,1350,3178,1412,3161,1412
3192,1350,3209,1350,3209,1412,3192,1412
1256,1342,1391,1342,1391,1378,1256,1378
1256,1385,1370,1375,1373,1419,1260,1429
2546,1448,2693,1448,2693,1484,2546,1484
2549,1498,2716,1498,2716,1536,2549,1536
2554,1545,2691,1545,2691,1585,2554,1585
2554,1595,2615,1595,2615,1631,2554,1631
2657,1595,2667,1595,2667,1631,2657,1631
2698,1595,2752,1595,2752,1631,2698,1631
2553,1636,2706,1636,2706,1672,2553,1672
2739,1636,2857,1636,2857,1672,2739,1672
2543,1677,2735,1673,2736,1708,2544,1712
3283,1445,3293,1445,3293,1481,3283,1481
3309,1445,3319,1445,3319,1481,3309,1481
3321,1445,3360,1445,3360,1481,3321,1481
3380,1445,3419,1445,3419,1481,3380,1481
3268,1496,3295,1496,3295,1532,3268,1532
3306,1496,3316,1496,3316,1532,3306,1532
3321,1496,3361,1496,3361,1532,3321,1532
3381,1496,3420,1496,3420,1532,3381,1532
3265,1543,3308,1543,3308,1583,3265,1583
3310,1543,3321,1543,3321,1583,3310,1583
3323,1543,3361,1543,3361,1583,3323,1583
3380,1543,3418,1543,3418,1583,3380,1583
3284,1595,3296,1595,3297,1638,3285,1638
3306,1595,3318,1595,3319,1638,3307,1638
3320,1594,3360,1593,3361,1637,3321,1638
3382,1593,3421,1592,3422,1635,3383,1636
3253,1651,3292,1651,3292,1693,3253,1693
3299,1651,3310,1651,3310,1693,3299,1693
3317,1651,3356,1651,3356,1693,3317,1693
3382,1651,3421,1651,3421,1693,3382,1693
1095,1761,1148,1761,1148,1779,1095,1779
1281,1760,1346,1760,1346,1799,1281,1799
895,1788,930,1788,930,1811,895,1811
952,1788,981,1788,981,1811,952,1811
1580,1842,1653,1842,1653,1876,1580,1876
922,1997,986,1997,986,2018,922,2018
1198,2002,1252,2000,1253,2035,1199,2037
1265,2001,1274,2001,1275,2035,1266,2035
1281,2000,1344,1998,1345,2032,1282,2034
1201,2040,1209,2040,1210,2070,1202,2070
1216,2040,1224,2040,1225,2070,1217,2070
1229,2039,1261,2038,1262,2069,1230,2070
1087,2125,1087,2093,1122,2093,1122,2125
1087,2067,1087,2041,1122,2041,1122,2067
1087,2198,1087,2189,1122,2189,1122,2198
1149,2189,1200,2189,1200,2210,1149,2210
805,2172,805,2207,782,2207,782,2172
805,2231,805,2261,782,2261,782,2231
812,2396,813,2377,835,2378,834,2397
813,2375,813,2370,834,2371,834,2376
813,2371,814,2347,835,2348,834,2372
1284,2659,1337,2652,1341,2682,1288,2689
2889,2685,2976,2685,2976,2706,2889,2706
2986,2685,3024,2685,3024,2706,2986,2706
3033,2685,3038,2685,3038,2706,3033,2706
3041,2685,3079,2685,3079,2706,3041,2706
896,2710,926,2710,926,2733,896,2733
951,2710,980,2710,980,2733,951,2733
2839,2732,2918,2732,2918,2748,2839,2748
2922,2732,2955,2732,2955,2748,2922,2748
2961,2732,3009,2732,3009,2748,2961,2748
3008,2732,3012,2732,3012,2748,3008,2748
3018,2732,3087,2732,3087,2748,3018,2748
3093,2732,3131,2732,3131,2748,3093,2748
3137,2732,3167,2732,3167,2748,3137,2748
827,2734,844,2734,844,2796,827,2796
981,2734,1061,2734,1061,2796,981,2796
990,2758,1074,2760,1073,2779,990,2777
2838,2777,2920,2777,2920,2794,2838,2794
2926,2777,2965,2777,2965,2794,2926,2794
2973,2777,3029,2777,3029,2794,2973,2794
3035,2777,3064,2777,3064,2794,3035,2794
2840,2818,2918,2818,2918,2841,2840,2841
2922,2818,2968,2818,2968,2841,2922,2841
2976,2818,3031,2818,3031,2841,2976,2841
3035,2818,3066,2818,3066,2841,3035,2841
2839,2868,2919,2868,2919,2886,2839,2886
2922,2868,2965,2868,2965,2886,2922,2886
2974,2868,3046,2868,3046,2886,2974,2886
3054,2868,3085,2868,3085,2886,3054,2886
3087,2868,3091,2868,3091,2886,3087,2886
3097,2868,3155,2868,3155,2886,3097,2886
3161,2868,3170,2868,3170,2886,3161,2886
3175,2868,3205,2868,3205,2886,3175,2886
3211,2868,3256,2868,3256,2886,3211,2886
2713,2917,2726,2917,2726,2929,2713,2929
2727,2917,2729,2917,2729,2929,2727,2929
2729,2917,2745,2917,2745,2929,2729,2929
2840,2910,2917,2910,2917,2933,2840,2933
2922,2910,2995,2910,2995,2933,2922,2933
3004,2910,3062,2910,3062,2933,3004,2933
3071,2910,3084,2910,3084,2933,3071,2933
3088,2910,3124,2910,3124,2933,3088,2933
3130,2910,3180,2910,3180,2933,3130,2933
3184,2910,3246,2910,3246,2933,3184,2933
1632,2919,1722,2919,1722,2949,1632,2949
2838,2950,2875,2950,2875,2968,2838,2968
2881,2950,2885,2950,2885,2968,2881,2968
2887,2950,2891,2950,2891,2968,2887,2968
2893,2950,2951,2950,2951,2968,2893,2968
2957,2950,2988,2950,2988,2968,2957,2968
2996,2950,3025,2950,3025,2968,2996,2968
3030,2950,3070,2950,3070,2968,3030,2968
3076,2950,3102,2950,3102,2968,3076,2968
2839,2970,2843,2970,2843,2987,2839,2987
2845,2970,2910,2970,2910,2987,2845,2987
2911,2970,2915,2970,2915,2987,2911,2987
2916,2970,2968,2970,2968,2987,2916,2987
2973,2970,2977,2970,2977,2987,2973,2987
2839,3005,2873,3005,2873,3023,2839,3023
2878,3005,2894,3005,2894,3023,2878,3023
2898,3005,2948,3005,2948,3023,2898,3023
2952,3005,2965,3005,2965,3023,2952,3023
2976,3005,2990,3005,2990,3023,2976,3023
2991,3005,2995,3005,2995,3023,2991,3023
2998,3005,3019,3005,3019,3023,2998,3023
3025,3005,3029,3005,3029,3023,3025,3023
3034,3005,3038,3005,3038,3023,3034,3023
2742,3050,2764,3050,2764,3071,2742,3071
2839,3042,2872,3042,2872,3056,2839,3056
2878,3042,2893,3042,2893,3056,2878,3056
2900,3042,2949,3042,2949,3056,2900,3056
2954,3043,2967,3043,2967,3057,2954,3057
2978,3043,2988,3043,2988,3057,2978,3057
2992,3043,2995,3043,2995,3057,2992,3057
3000,3043,3020,3043,3020,3057,3000,3057
3025,3043,3028,3043,3028,3057,3025,3057
3036,3043,3039,3043,3039,3057,3036,3057
3046,3043,3049,3043,3049,3057,3046,3057
3050,3043,3131,3043,3131,3057,3050,3057
3137,3043,3207,3043,3207,3058,3137,3058
3214,3044,3298,3044,3298,3058,3214,3058
3303,3044,3306,3044,3306,3058,3303,3058
2840,3061,2872,3061,2872,3076,2840,3076
2880,3061,2883,3061,2883,3076,2880,3076
2888,3061,2891,3061,2891,3076,2888,3076
2892,3061,2914,3061,2914,3076,2892,3076
2926,3061,2940,3061,2940,3076,2926,3076
2947,3061,2950,3061,2950,3076,2947,3076
2952,3061,2955,3061,2955,3076,2952,3076
2957,3061,2977,3061,2977,3076,2957,3076
2987,3061,3001,3061,3001,3076,2987,3076
3009,3061,3028,3061,3028,3076,3009,3076
2839,3095,2874,3095,2874,3113,2839,3113
2879,3095,2895,3095,2895,3113,2879,3113
2901,3095,2954,3095,2954,3113,2901,3113
2956,3095,2970,3095,2970,3113,2956,3113
2981,3095,2995,3095,2995,3113,2981,3113
2997,3095,3001,3095,3001,3113,2997,3113
3002,3095,3026,3095,3026,3113,3002,3113
3031,3095,3035,3095,3035,3113,3031,3113
3039,3095,3043,3095,3043,3113,3039,3113
3049,3095,3053,3095,3053,3113,3049,3113
3055,3095,3089,3095,3089,3113,3055,3113
3090,3095,3094,3095,3094,3113,3090,3113
3102,3095,3106,3095,3106,3113,3102,3113
3115,3095,3119,3095,3119,3113,3115,3113
3121,3095,3125,3095,3125,3113,3121,3113
3127,3095,3148,3095,3148,3113,3127,3113
3156,3095,3172,3095,3172,3113,3156,3113
3178,3095,3195,3095,3195,3113,3178,3113
2840,3142,2844,3142,2844,3159,2840,3159
2854,3142,2894,3142,2894,3159,2854,3159
2900,3142,2916,3142,2916,3159,2900,3159
2923,3142,2973,3142,2973,3159,2923,3159
2978,3142,2994,3142,2994,3159,2978,3159
3004,3142,3016,3142,3016,3159,3004,3159
3018,3142,3022,3142,3022,3159,3018,3159
3026,3142,3046,3142,3046,3159,3026,3159
3051,3142,3055,3142,3055,3159,3051,3159
3060,3142,3064,3142,3064,3159,3060,3159
3071,3142,3075,3142,3075,3159,3071,3159
3075,3142,3109,3142,3109,3159,3075,3159
3112,3142,3116,3142,3116,3159,3112,3159
3123,3142,3127,3142,3127,3159,3123,3159
3135,3142,3139,3142,3139,3159,3135,3159
3141,3142,3145,3142,3145,3159,3141,3159
3149,3142,3165,3142,3165,3159,3149,3159
3178,3142,3191,3142,3191,3159,3178,3159
3197,3142,3218,3142,3218,3159,3197,3159
2740,3188,2780,3187,2780,3205,2740,3206
2839,3182,2874,3182,2874,3207,2839,3207
2878,3182,2896,3182,2896,3207,2878,3207
2902,3182,2952,3182,2952,3207,2902,3207
2956,3182,2974,3182,2974,3207,2956,3207
2984,3182,2993,3182,2993,3207,2984,3207
2996,3182,3002,3182,3002,3207,2996,3207
3003,3182,3025,3182,3025,3207,3003,3207
3029,3182,3035,3182,3035,3207,3029,3207
3040,3182,3046,3182,3046,3207,3040,3207
3053,3182,3095,3182,3095,3207,3053,3207
3100,3182,3131,3182,3131,3207,3100,3207
3136,3182,3142,3182,3142,3207,3136,3207
3149,3182,3155,3182,3155,3207,3149,3207
3154,3182,3160,3182,3160,3207,3154,3207
3159,3182,3181,3182,3181,3207,3159,3207
3190,3182,3208,3182,3208,3207,3190,3207
3211,3182,3233,3182,3233,3207,3211,3207
2840,3234,2871,3234,2871,3250,2840,3250
2877,3234,2891,3234,2891,3250,2877,3250
2900,3234,2950,3234,2950,3250,2900,3250
2954,3234,2966,3234,2966,3250,2954,3250
2979,3234,2987,3234,2987,3250,2979,3250
2990,3234,2994,3234,2994,3250,2990,3250
2999,3234,3020,3234,3020,3250,2999,3250
3024,3234,3028,3234,3028,3250,3024,3250
3034,3234,3038,3234,3038,3250,3034,3250
3046,3234,3095,3234,3095,3250,3046,3250
2840,3278,2874,3278,2874,3295,2840,3295
2880,3278,2895,3278,2895,3295,2880,3295
2902,3278,2953,3278,2953,3295,2902,3295
2958,3278,2970,3278,2970,3295,2958,3295
2980,3278,3002,3278,3002,3295,2980,3295
3010,3278,3014,3278,3014,3295,3010,3295
3019,3278,3023,3278,3023,3295,3019,3295
3032,3278,3071,3278,3071,3295,3032,3295
3079,3278,3118,3278,3118,3295,3079,3295
3124,3278,3137,3278,3137,3295,3124,3295
3145,3278,3192,3278,3192,3295,3145,3295
2840,3324,2874,3324,2874,3341,2840,3341
2880,3324,2895,3324,2895,3341,2880,3341
2902,3324,2953,3324,2953,3341,2902,3341
2958,3324,3032,3324,3032,3341,2958,3341
3039,3324,3043,3324,3043,3341,3039,3341
3044,3324,3072,3324,3072,3341,3044,3341
3079,3324,3117,3324,3117,3341,3079,3341
3124,3324,3137,3324,3137,3341,3124,3341
3142,3324,3146,3324,3146,3341,3142,3341
3150,3324,3163,3324,3163,3341,3150,3341
3165,3324,3169,3324,3169,3341,3165,3341
3175,3324,3212,3324,3212,3341,3175,3341
3217,3324,3221,3324,3221,3341,3217,3341
2840,3369,2880,3369,2880,3386,2840,3386
2887,3369,2903,3369,2903,3386,2887,3386
2908,3369,2959,3369,2959,3386,2908,3386
2964,3369,3007,3369,3007,3386,2964,3386
3014,3369,3018,3369,3018,3386,3014,3386
3020,3369,3061,3369,3061,3386,3020,3386
3061,3369,3065,3369,3065,3386,3061,3386
3073,3369,3085,3369,3085,3386,3073,3386
3098,3369,3108,3369,3108,3386,3098,3386
3111,3369,3115,3369,3115,3386,3111,3386
3119,3369,3138,3369,3138,3386,3119,3386
3142,3369,3146,3369,3146,3386,3142,3386
3152,3369,3156,3369,3156,3386,3152,3386
3163,3369,3191,3369,3191,3386,3163,3386
3195,3369,3248,3369,3248,3386,3195,3386
3251,3369,3309,3369,3309,3386,3251,3386
2838,3408,2874,3408,2874,3433,2838,3433
2881,3408,2894,3408,2894,3433,2881,3433
2901,3408,2952,3408,2952,3433,2901,3433
2958,3408,3003,3408,3003,3433,2958,3433
3011,3408,3024,3408,3024,3433,3011,3433
3038,3408,3047,3408,3047,3433,3038,3433
3050,3408,3056,3408,3056,3433,3050,3433
3059,3408,3080,3408,3080,3433,3059,3433
3083,3408,3089,3408,3089,3433,3083,3433
3094,3408,3100,3408,3100,3433,3094,3433
3105,3408,3200,3408,3200,3433,3105,3433
3204,3408,3273,3408,3273,3433,3204,3433
2838,3456,2874,3456,2874,3481,2838,3481
2881,3456,2894,3456,2894,3481,2881,3481
2901,3456,2998,3456,2998,3481,2901,3481
3005,3456,3037,3456,3037,3481,3005,3481
1168,3466,1267,3466,1267,3500,1168,3500
1168,3502,1207,3502,1207,3538,1168,3538
1205,3502,1215,3502,1215,3538,1205,3538
1214,3502,1246,3502,1246,3538,1214,3538
1268,3502,1278,3502,1278,3538,1268,3538
2840,3509,2922,3509,2922,3524,2840,3524
2928,3509,2961,3509,2961,3524,2928,3524
2966,3509,3010,3509,3010,3524,2966,3524
2839,3552,2918,3552,2918,3569,2839,3569
1694,3703,1694,3480,1736,3480,1736,3703
2836,3598,2879,3598,2879,3614,2836,3614
2888,3598,2955,3598,2955,3614,2888,3614
2961,3598,3027,3598,3027,3614,2961,3614
2721,3633,2749,3633,2749,3643,2721,3643
2728,3644,2733,3643,2736,3664,2731,3665
2839,3645,2905,3645,2905,3662,2839,3662
2910,3645,2977,3645,2977,3662,2910,3662
2985,3645,3055,3645,3055,3662,2985,3662
3058,3645,3074,3645,3074,3662,3058,3662
3079,3645,3119,3645,3119,3662,3079,3662
2839,3691,2905,3691,2905,3707,2839,3707
2910,3691,2914,3691,2914,3707,2910,3707
2923,3691,2944,3691,2944,3707,2923,3707
2952,3691,2998,3691,2998,3707,2952,3707
2709,3729,2744,3729,2744,3760,2709,3760
2841,3734,2880,3734,2880,3751,2841,3751
2882,3734,2886,3734,2886,3751,2882,3751
2886,3734,2949,3734,2949,3751,2886,3751
2957,3734,3019,3734,3019,3751,2957,3751
2843,3778,2918,3778,2918,3801,2843,3801
2922,3778,2928,3778,2928,3801,2922,3801
2929,3778,2935,3778,2935,3801,2929,3801
2935,3778,2995,3778,2995,3801,2935,3801
2841,3826,2892,3826,2892,3844,2841,3844
2898,3826,2911,3826,2911,3844,2898,3844
2918,3826,2967,3826,2967,3844,2918,3844
2975,3826,2979,3826,2979,3844,2975,3844
2690,3870,2770,3870,2770,3891,2690,3891
2840,3872,2891,3872,2891,3889,2840,3889
2896,3872,2912,3872,2912,3889,2896,3889
2918,3872,2966,3872,2966,3889,2918,3889
2974,3872,2978,3872,2978,3889,2974,3889
2837,3917,2893,3917,2893,3934,2837,3934
2896,3917,2912,3917,2912,3934,2896,3934
2917,3917,2967,3917,2967,3934,2917,3934
2552,4073,2672,4073,2672,4100,2552,4100
2579,4135,2618,4135,2618,4161,2579,4161
2558,4170,2564,4170,2564,4194,2558,4194
2575,4170,2581,4170,2581,4194,2575,4194
2593,4170,2599,4170,2599,4194,2593,4194
2623,4170,2629,4170,2629,4194,2623,4194
2628,4170,2634,4170,2634,4194,2628,4194
2633,4170,2639,4170,2639,4194,2633,4194
2635,4170,2662,4170,2662,4194,2635,4194
2711,4129,2793,4129,2793,4160,2711,4160
2817,4129,2902,4129,2902,4160,2817,4160
3068,4138,3077,4138,3077,4172,3068,4172
3104,4138,3240,4138,3240,4172,3104,4172
3261,4138,3292,4138,3292,4172,3261,4172
3314,4138,3415,4138,3415,4172,3314,4172
2705,4163,2825,4163,2825,4194,2705,4194
2851,4163,2879,4163,2879,4194,2851,4194
2902,4163,2965,4163,2965,4194,2902,4194
2953,4174,2962,4174,2961,4208,2952,4208
3105,4176,3171,4177,3170,4212,3104,4211
3180,4178,3189,4178,3188,4212,3179,4212
3192,4178,3305,4180,3304,4215,3191,4213
2706,4199,2810,4199,2810,4231,2706,4231
2834,4199,2862,4199,2862,4231,2834,4231
2706,4231,2861,4231,2861,4260,2706,4260
2983,4218,3163,4220,3163,4256,2983,4254
3182,4220,3232,4221,3232,4257,3182,4256
3254,4220,3369,4221,3369,4257,3254,4256
2706,4258,2864,4256,2864,4286,2706,4288
2887,4256,2951,4255,2951,4285,2887,4286
2985,4255,2993,4255,2993,4284,2985,4284
2994,4255,3044,4254,3044,4283,2994,4284
3054,4254,3062,4254,3062,4283,3054,4283
3066,4254,3163,4253,3163,4283,3066,4284
3159,4253,3167,4253,3167,4282,3159,4282
2707,4292,2864,4290,2864,4313,2707,4315
2888,4290,2893,4290,2893,4312,2888,4312
2980,4281,3014,4281,3014,4312,2980,4312
3034,4281,3103,4281,3103,4312,3034,4312
3112,4281,3120,4281,3120,4312,3112,4312
3123,4281,3196,4281,3196,4312,3123,4312
2705,4319,2810,4319,2810,4341,2705,4341
2832,4319,2937,4319,2937,4341,2832,4341
2978,4311,3021,4311,3021,4340,2978,4340
3041,4311,3108,4311,3108,4340,3041,4340
3116,4311,3124,4311,3124,4340,3116,4340
3134,4311,3259,4311,3259,4340,3134,4340
2711,4348,2716,4348,2716,4369,2711,4369
2718,4348,2766,4348,2766,4369,2718,4369
2775,4348,2780,4348,2780,4369,2775,4369
2985,4340,2993,4340,2993,4369,2985,4369
3017,4340,3229,4343,3229,4373,3017,4370
3047,4379,3157,4380,3157,4415,3047,4414
3175,4380,3207,4380,3207,4415,3175,4415
3229,4381,3332,4382,3332,4417,3229,4416
2680,4533,2684,4533,2684,4550,2680,4550
2692,4533,2696,4533,2696,4550,2692,4550
2700,4533,2704,4533,2704,4550,2700,4550
2799,4531,2820,4533,2818,4552,2797,4550
3033,4532,3052,4532,3052,4553,3033,4553
70,4779,138,4779,138,4810,70,4810
160,4779,168,4779,168,4810,160,4810
187,4779,231,4779,231,4810,187,4810
249,4779,444,4779,444,4810,249,4810
465,4779,534,4779,534,4810,465,4810
552,4779,718,4779,718,4810,552,4810
743,4779,751,4779,751,4810,743,4810
755,4779,763,4779,763,4810,755,4810
764,4779,836,4779,836,4810,764,4810
856,4779,1006,4779,1006,4810,856,4810
1029,4779,1057,4779,1057,4810,1029,4810
1083,4779,1201,4779,1201,4810,1083,4810
1227,4779,1275,4779,1275,4810,1227,4810
1292,4779,1454,4779,1454,4810,1292,4810
1481,4779,1637,4779,1637,4810,1481,4810
1657,4779,1691,4779,1691,4810,1657,4810
1710,4779,1935,4779,1935,4810,1710,4810
1951,4779,2017,4779,2017,4810,1951,4810
2042,4779,2082,4779,2082,4810,2042,4810
2105,4779,2252,4779,2252,4810,2105,4810
2273,4779,2354,4779,2354,4810,2273,4810
2355,4779,2363,4779,2363,4810,2355,4810
69,4809,228,4809,228,4840,69,4840
229,4809,237,4809,237,4840,229,4840
260,4809,381,4809,381,4840,260,4840
383,4809,391,4809,391,4840,383,4840
413,4809,477,4809,477,4840,413,4840
485,4809,493,4809,493,4840,485,4840
496,4809,624,4809,624,4840,496,4840
629,4809,637,4809,637,4840,629,4840
654,4809,694,4809,694,4840,654,4840
715,4809,892,4809,892,4840,715,4840
913,4809,948,4809,948,4840,913,4840
965,4809,1085,4809,1085,4840,965,4840
1111,4809,1197,4809,1197,4840,1111,4840
1199,4809,1207,4809,1207,4840,1199,4840
1228,4809,1268,4809,1268,4840,1228,4840
1285,4809,1418,4809,1418,4840,1285,4840
1444,4809,1610,4809,1610,4840,1444,4840
1632,4809,1702,4809,1702,4840,1632,4840
1716,4809,1738,4809,1738,4840,1716,4840
1758,4809,1863,4809,1863,4840,1758,4840
1883,4809,1917,4809,1917,4840,1883,4840
1938,4809,1956,4809,1956,4840,1938,4840
1981,4809,2081,4809,2081,4840,1981,4840
2107,4809,2170,4809,2170,4840,2107,4840
2192,4809,2291,4809,2291,4840,2192,4840
2316,4809,2324,4809,2324,4840,2316,4840
2350,4809,2420,4809,2420,4840,2350,4840
72,4841,189,4841,189,4868,72,4868
193,4841,200,4841,200,4868,193,4868
213,4841,267,4841,267,4868,213,4868
291,4841,426,4841,426,4868,291,4868
448,4841,515,4841,515,4868,448,4868
531,4841,748,4841,748,4868,531,4868
753,4841,760,4841,760,4868,753,4868
774,4841,824,4841,824,4868,774,4868
848,4841,1039,4841,1039,4868,848,4868
1057,4841,1092,4841,1092,4868,1057,4868
1115,4841,1183,4841,1183,4868,1115,4868
1200,4841,1247,4841,1247,4868,1200,4868
1272,4841,1392,4841,1392,4868,1272,4868
1397,4841,1404,4841,1404,4868,1397,4868
1418,4841,1452,4841,1452,4868,1418,4868
1475,4841,1627,4841,1627,4868,1475,4868
1654,4841,1661,4841,1661,4868,1654,4868
1671,4841,1678,4841,1678,4868,1671,4868
1678,4841,1728,4841,1728,4868,1678,4868
1749,4841,1800,4841,1800,4868,1749,4868
1819,4841,2023,4841,2023,4868,1819,4868
2029,4841,2036,4841,2036,4868,2029,4868
2051,4841,2101,4841,2101,4868,2051,4868
2122,4841,2277,4841,2277,4868,2122,4868
2301,4841,2370,4841,2370,4868,2301,4868
72,4870,192,4870,192,4893,72,4893
215,4870,221,4870,221,4893,215,4893
252,4870,319,4870,319,4893,252,4893
340,4870,453,4870,453,4893,340,4893
479,4870,514,4870,514,4893,479,4893
533,4870,716,4870,716,4893,533,4893
739,4870,768,4870,768,4893,739,4893
792,4870,876,4870,876,4893,792,4893
884,4870,890,4870,890,4893,884,4893
2603,4707,2684,4707,2684,4734,2603,4734
2709,4707,2728,4707,2728,4734,2709,4734
2748,4707,2801,4707,2801,4734,2748,4734
2819,4707,2844,4707,2844,4734,2819,4734
2863,4707,2870,4707,2870,4734,2863,4734
2623,4739,2670,4739,2670,4781,2623,4781
2667,4739,2678,4739,2678,4781,2667,4781
2679,4739,2726,4739,2726,4781,2679,4781
2731,4739,2742,4739,2742,4781,2731,4781
2743,4739,2834,4739,2834,4781,2743,4781
3087,4717,3189,4717,3189,4765,3087,4765
3231,4717,3411,4717,3411,4765,3231,4765
2782,4805,2866,4805,2866,4853,2782,4853
2879,4805,2892,4805,2892,4853,2879,4853
2904,4805,2956,4805,2956,4853,2904,4853
2996,4805,3079,4805,3079,4853,2996,4853
