3412,3497,3412,3585,3389,3585,3389,3497
3412,3595,3412,3635,3389,3635,3389,3595
3412,3641,3412,3647,3389,3647,3389,3641
3412,3645,3412,3688,3389,3688,3389,3645
3367,3447,3367,3526,3349,3526,3349,3447
3367,3532,3367,3572,3349,3572,3349,3532
3367,3580,3367,3636,3349,3636,3349,3580
3364,4442,3364,4656,3288,4656,3288,4442
3320,3446,3320,3525,3304,3525,3304,3446
3320,3529,3320,3574,3304,3574,3304,3529
3320,3582,3320,3636,3304,3636,3304,3582
3278,3447,3278,3527,3257,3527,3257,3447
3278,3532,3278,3571,3257,3571,3257,3532
3278,3581,3278,3638,3257,3638,3257,3581
3278,3646,3278,3651,3257,3651,3257,3646
3278,3658,3278,3699,3257,3699,3257,3658
3278,3704,3278,3760,3257,3760,3257,3704
3276,2031,3276,2132,3238,2132,3238,2031
3235,2035,3235,2044,3200,2045,3200,2036
3235,2053,3235,2062,3200,2063,3200,2054
3236,2070,3237,2095,3202,2096,3201,2071
3238,2118,3238,2127,3203,2128,3203,2119
3253,4209,3253,4325,3230,4325,3230,4209
3253,4336,3253,4392,3230,4392,3230,4336
3178,979,3211,979,3211,1015,3178,1015
3238,979,3264,979,3264,1015,3238,1015
3234,1816,3234,1892,3197,1892,3197,1816
3228,3447,3228,3495,3212,3495,3212,3447
3228,3501,3229,3558,3213,3558,3212,3501
3229,3567,3230,3642,3214,3642,3213,3567
3183,3446,3182,3467,3163,3467,3164,3446
3182,3466,3182,3470,3164,3470,3164,3466
3182,3474,3182,3484,3164,3484,3164,3474
3182,3485,3182,3489,3164,3489,3164,3485
3182,3491,3181,3521,3162,3521,3163,3491
3138,3447,3138,3465,3124,3465,3124,3447
3138,3467,3138,3470,3124,3470,3124,3467
3138,3474,3138,3484,3124,3484,3124,3474
3138,3485,3138,3488,3124,3488,3124,3485
3138,3490,3138,3524,3123,3524,3123,3490
3137,3529,3137,3539,3123,3539,3123,3529
3138,3545,3137,3623,3122,3623,3123,3545
3137,3628,3137,3664,3122,3664,3122,3628
3136,3673,3136,3728,3122,3728,3122,3673
3207,4286,3207,4589,3146,4589,3146,4286
3116,4118,3116,4180,3072,4180,3072,4118
3116,4186,3116,4198,3072,4198,3072,4186
3116,4212,3116,4268,3072,4268,3072,4212
3116,4281,3116,4293,3072,4293,3072,4281
3116,4323,3116,4497,3072,4497,3072,4323
3116,4526,3116,4761,3072,4761,3072,4526
3068,4246,3068,4367,3021,4367,3021,4246
3068,4404,3068,4641,3021,4641,3021,4404
3091,3444,3091,3490,3076,3490,3076,3444
3091,3499,3091,3513,3076,3513,3076,3499
3091,3516,3091,3519,3076,3519,3076,3516
3091,3522,3091,3533,3076,3533,3076,3522
3091,3534,3091,3537,3076,3537,3076,3534
3091,3538,3091,3569,3076,3569,3076,3538
3054,1809,3054,1840,3030,1840,3030,1809
3054,1867,3054,1894,3030,1894,3030,1867
3055,3446,3055,3481,3038,3481,3038,3446
3055,3488,3055,3492,3038,3492,3038,3488
3055,3495,3055,3499,3038,3499,3038,3495
3055,3499,3055,3557,3038,3557,3038,3499
3055,3565,3055,3595,3038,3595,3038,3565
3055,3604,3055,3633,3038,3633,3038,3604
3055,3637,3055,3676,3038,3676,3038,3637
3055,3684,3055,3709,3038,3709,3038,3684
3037,3448,3037,3452,3020,3452,3020,3448
3037,3450,3037,3520,3020,3520,3020,3450
3037,3518,3037,3522,3020,3522,3020,3518
3037,3525,3037,3577,3020,3577,3020,3525
3037,3579,3037,3583,3020,3583,3020,3579
3002,3444,3002,3502,2985,3502,2985,3444
3002,3505,3002,3552,2985,3552,2985,3505
3002,3561,3002,3609,2985,3609,2985,3561
3002,3616,3002,3636,2985,3636,2985,3616
2996,1971,2944,1969,2945,1947,2997,1949
2956,3446,2957,3505,2939,3505,2938,3446
2956,3512,2956,3563,2939,3563,2939,3512
2956,3570,2956,3609,2939,3609,2939,3570
2957,3615,2957,3625,2940,3625,2940,3615
2957,3629,2957,3674,2940,3674,2940,3629
2910,3447,2910,3506,2894,3506,2894,3447
2910,3511,2910,3566,2894,3566,2894,3511
2910,3574,2910,3625,2894,3625,2894,3574
2910,3631,2910,3692,2894,3692,2894,3631
2862,3447,2863,3478,2844,3478,2843,3447
2862,3485,2862,3499,2844,3499,2844,3485
2863,3506,2864,3556,2845,3556,2844,3506
2863,3562,2863,3572,2845,3572,2845,3562
2864,3585,2864,3595,2846,3595,2846,3585
2864,3598,2864,3602,2846,3602,2846,3598
2864,3606,2864,3626,2846,3626,2846,3606
2865,3633,2865,3637,2847,3637,2847,3633
2865,3640,2865,3644,2847,3644,2847,3640
2818,3346,2818,3371,2801,3371,2801,3346
2828,3446,2828,3478,2810,3478,2810,3446
2828,3484,2828,3500,2810,3500,2810,3484
2828,3505,2828,3557,2810,3557,2810,3505
2828,3561,2828,3574,2810,3574,2810,3561
2828,3586,2828,3596,2810,3596,2810,3586
2828,3599,2828,3603,2810,3603,2810,3599
2828,3605,2828,3628,2810,3628,2810,3605
2828,3632,2828,3636,2810,3636,2810,3632
2828,3641,2828,3645,2810,3645,2810,3641
2828,3653,2828,3657,2810,3657,2810,3653
2828,3656,2828,3738,2810,3738,2810,3656
2828,3744,2828,3815,2810,3815,2810,3744
2828,3820,2828,3907,2810,3907,2810,3820
2828,3907,2828,3911,2810,3911,2810,3907
2809,3449,2809,3478,2794,3478,2794,3449
2809,3487,2809,3490,2794,3490,2794,3487
2809,3495,2809,3498,2794,3498,2794,3495
2809,3501,2809,3522,2794,3522,2794,3501
2809,3534,2809,3545,2794,3545,2794,3534
2809,3555,2809,3558,2794,3558,2794,3555
2809,3559,2809,3562,2794,3562,2794,3559
2809,3565,2809,3585,2794,3585,2794,3565
2809,3595,2809,3609,2794,3609,2794,3595
2809,3617,2809,3633,2794,3633,2794,3617
2787,2385,2787,2474,2758,2474,2758,2385
2773,3448,2773,3479,2759,3479,2759,3448
2773,3486,2773,3501,2759,3501,2759,3486
2773,3508,2773,3560,2759,3560,2759,3508
2773,3565,2773,3578,2759,3578,2759,3565
2773,3591,2773,3601,2759,3601,2759,3591
2773,3605,2773,3608,2759,3608,2759,3605
2773,3612,2773,3633,2759,3633,2759,3612
2773,3639,2773,3642,2759,3642,2759,3639
2773,3648,2773,3651,2759,3651,2759,3648
2773,3657,2773,3660,2759,3660,2759,3657
2773,3661,2773,3697,2759,3697,2759,3661
2773,3699,2773,3702,2759,3702,2759,3699
2773,3710,2773,3713,2759,3713,2759,3710
2773,3723,2773,3726,2759,3726,2759,3723
2773,3728,2773,3731,2759,3731,2759,3728
2773,3735,2773,3753,2759,3753,2759,3735
2773,3764,2773,3777,2759,3777,2759,3764
2773,3786,2773,3804,2759,3804,2759,3786
2765,1305,2768,1437,2727,1438,2724,1306
2768,1463,2769,1501,2728,1502,2727,1464
2789,1723,2737,1726,2736,1709,2788,1706
2712,1728,2708,1728,2707,1711,2711,1711
2772,2111,2772,2219,2729,2219,2729,2111
2772,2226,2772,2238,2729,2238,2729,2226
2772,2247,2772,2344,2729,2344,2729,2247
2722,2109,2722,2139,2695,2139,2695,2109
2722,2145,2722,2152,2695,2152,2695,2145
2722,2157,2722,2186,2695,2186,2695,2157
2730,3448,2730,3453,2709,3453,2709,3448
2730,3460,2730,3503,2709,3503,2709,3460
2730,3510,2730,3525,2709,3525,2709,3510
2730,3529,2730,3582,2709,3582,2709,3529
2730,3587,2730,3602,2709,3602,2709,3587
2730,3612,2730,3623,2709,3623,2709,3612
2730,3626,2730,3631,2709,3631,2709,3626
2730,3634,2730,3654,2709,3654,2709,3634
2730,3659,2730,3664,2709,3664,2709,3659
2730,3668,2730,3673,2709,3673,2709,3668
2730,3677,2730,3682,2709,3682,2709,3677
2730,3683,2730,3716,2709,3716,2709,3683
2730,3719,2730,3724,2709,3724,2709,3719
2730,3730,2730,3735,2709,3735,2709,3730
2730,3743,2730,3748,2709,3748,2709,3743
2730,3747,2730,3752,2709,3752,2709,3747
2730,3755,2730,3775,2709,3775,2709,3755
2730,3785,2730,3800,2709,3800,2709,3785
2730,3808,2730,3825,2709,3825,2709,3808
2682,3348,2682,3386,2663,3386,2663,3348
2683,3446,2683,3480,2666,3480,2666,3446
2683,3486,2683,3501,2666,3501,2666,3486
2683,3508,2683,3558,2666,3558,2666,3508
2683,3563,2683,3579,2666,3579,2666,3563
2683,3589,2683,3601,2666,3601,2666,3589
2683,3604,2683,3608,2666,3608,2666,3604
2683,3612,2683,3634,2666,3634,2666,3612
2683,3639,2683,3643,2666,3643,2666,3639
2683,3648,2683,3652,2666,3652,2666,3648
2683,3658,2683,3700,2666,3700,2666,3658
2683,3705,2683,3735,2666,3735,2666,3705
2683,3743,2683,3747,2666,3747,2666,3743
2683,3757,2683,3761,2666,3761,2666,3757
2683,3763,2683,3767,2666,3767,2666,3763
2683,3767,2683,3788,2666,3788,2666,3767
2683,3797,2683,3813,2666,3813,2666,3797
2683,3821,2683,3837,2666,3837,2666,3821
2636,3446,2636,3478,2618,3478,2618,3446
2636,3484,2636,3500,2618,3500,2618,3484
2636,3508,2636,3557,2618,3557,2618,3508
2636,3561,2636,3574,2618,3574,2618,3561
2636,3586,2636,3596,2618,3596,2618,3586
2636,3599,2636,3603,2618,3603,2618,3599
2636,3605,2636,3628,2618,3628,2618,3605
2636,3632,2636,3636,2618,3636,2618,3632
2636,3641,2636,3645,2618,3645,2618,3641
2636,3655,2636,3703,2618,3703,2618,3655
2591,3446,2591,3480,2574,3480,2574,3446
2591,3486,2591,3502,2574,3502,2574,3486
2591,3508,2591,3558,2574,3558,2574,3508
2591,3564,2591,3576,2574,3576,2574,3564
2591,3589,2591,3610,2574,3610,2574,3589
2591,3617,2591,3621,2574,3621,2574,3617
2591,3626,2591,3630,2574,3630,2574,3626
2591,3637,2591,3677,2574,3677,2574,3637
2591,3686,2591,3724,2574,3724,2574,3686
2591,3731,2591,3746,2574,3746,2574,3731
2591,3751,2591,3799,2574,3799,2574,3751
2545,3445,2545,3478,2528,3478,2528,3445
2545,3485,2545,3501,2528,3501,2528,3485
2545,3506,2545,3560,2528,3560,2528,3506
2545,3565,2545,3639,2528,3639,2528,3565
2545,3645,2545,3649,2528,3649,2528,3645
2545,3651,2545,3679,2528,3679,2528,3651
2545,3684,2545,3725,2528,3725,2528,3684
2545,3730,2545,3745,2528,3745,2528,3730
2545,3749,2545,3753,2528,3753,2528,3749
2545,3758,2545,3771,2528,3771,2528,3758
2545,3773,2545,3777,2528,3777,2528,3773
2545,3780,2545,3818,2528,3818,2528,3780
2545,3823,2545,3827,2528,3827,2528,3823
2498,3445,2498,3479,2483,3479,2483,3445
2498,3485,2498,3502,2483,3502,2483,3485
2498,3509,2498,3603,2483,3603,2483,3509
2498,3609,2498,3642,2483,3642,2483,3609
2453,3445,2453,3477,2438,3477,2438,3445
2453,3486,2453,3500,2438,3500,2438,3486
2453,3508,2453,3559,2438,3559,2438,3508
2407,3448,2407,3528,2391,3528,2391,3448
2407,3537,2407,3566,2391,3566,2391,3537
2407,3572,2407,3617,2391,3617,2391,3572
2365,3448,2364,3505,2346,3505,2347,3448
2364,3514,2363,3546,2345,3546,2346,3514
2318,3447,2318,3526,2302,3526,2302,3447
2285,1465,2285,1473,2256,1472,2256,1464
2283,1543,2282,1575,2252,1574,2253,1542
2282,1597,2281,1629,2251,1628,2252,1596
2272,3444,2272,3487,2255,3487,2255,3444
2272,3492,2272,3562,2255,3562,2255,3492
2272,3566,2272,3631,2255,3631,2255,3566
2238,3329,2238,3355,2226,3355,2226,3329
2228,3447,2228,3513,2207,3513,2207,3447
2228,3519,2228,3586,2207,3586,2207,3519
2228,3590,2228,3662,2207,3662,2207,3590
2228,3665,2228,3681,2207,3681,2207,3665
2228,3687,2228,3724,2207,3724,2207,3687
2180,1448,2171,1448,2172,1415,2181,1415
2179,3444,2179,3513,2164,3513,2164,3444
2179,3519,2179,3522,2164,3522,2164,3519
2179,3531,2179,3553,2164,3553,2164,3531
2179,3558,2179,3604,2164,3604,2164,3558
2178,2399,2178,2506,2136,2506,2136,2399
2142,3318,2142,3349,2107,3349,2107,3318
2134,3447,2134,3487,2119,3487,2119,3447
2134,3491,2134,3494,2119,3494,2119,3491
2134,3494,2134,3558,2119,3558,2119,3494
2134,3566,2134,3625,2119,3625,2119,3566
2104,2436,2105,2437,2097,2446,2096,2445
2091,2448,2092,2449,2085,2457,2083,2456
2103,2460,2104,2461,2097,2469,2095,2468
2092,2424,2093,2425,2085,2434,2084,2433
2079,2436,2080,2437,2073,2445,2071,2444
2080,2412,2081,2413,2073,2422,2072,2421
2068,2425,2069,2426,2062,2434,2060,2433
2080,2460,2081,2461,2074,2469,2072,2468
2088,3447,2088,3525,2071,3525,2071,3447
2088,3532,2088,3536,2071,3536,2071,3532
2088,3537,2088,3541,2071,3541,2071,3537
2088,3542,2088,3602,2071,3602,2071,3542
2068,2400,2069,2401,2061,2410,2060,2409
2055,2413,2056,2414,2049,2422,2047,2421
2068,2448,2069,2449,2062,2457,2060,2456
2055,2460,2056,2461,2049,2469,2047,2468
2057,2390,2058,2391,2050,2400,2049,2399
2043,2401,2044,2402,2037,2410,2035,2409
2104,1733,2071,1733,2071,1711,2104,1711
2045,1733,2017,1733,2017,1711,2045,1711
2056,2436,2057,2437,2050,2445,2048,2444
2044,2449,2045,2450,2038,2458,2036,2457
2045,2425,2046,2426,2039,2434,2037,2433
2032,2437,2033,2438,2026,2446,2024,2445
2090,1445,2047,1444,2048,1411,2091,1412
2023,1444,1993,1443,1994,1409,2024,1410
2032,2390,2033,2391,2026,2399,2024,2398
2101,1744,2067,1744,2067,1697,2101,1697
2044,1744,1951,1744,1951,1697,2044,1697
2033,2413,2034,2414,2027,2422,2025,2421
2020,2425,2021,2426,2014,2434,2012,2433
2043,3448,2043,3499,2025,3499,2025,3448
2043,3503,2043,3520,2025,3520,2025,3503
2043,3527,2043,3574,2025,3574,2025,3527
2043,3583,2043,3587,2025,3587,2025,3583
2021,2379,2022,2380,2015,2388,2013,2387
2021,2401,2022,2402,2015,2410,2013,2409
2008,2413,2009,2414,2002,2422,2000,2421
2023,2408,2022,2409,2014,2402,2015,2400
2009,2389,2010,2390,2003,2398,2001,2397
1996,2401,1997,2402,1990,2410,1988,2409
2011,2420,2010,2421,2002,2414,2003,2412
1999,2432,1998,2433,1990,2426,1991,2424
2000,2408,1999,2409,1991,2402,1992,2400
2016,1373,1962,1373,1962,1352,2016,1352
1985,2390,1986,2391,1979,2399,1977,2398
1986,2397,1985,2398,1977,2391,1978,2389
1998,3448,1998,3500,1981,3500,1981,3448
1998,3504,1998,3520,1981,3520,1981,3504
1998,3526,1998,3574,1981,3574,1981,3526
1998,3581,1998,3585,1981,3585,1981,3581
1987,2444,1986,2445,1978,2438,1979,2436
1988,2420,1987,2421,1979,2414,1980,2412
1975,2408,1974,2409,1966,2402,1967,2400
1975,2457,1974,2458,1966,2451,1967,2449
1976,2432,1975,2433,1967,2426,1968,2424
1984,1035,1984,1147,1933,1147,1933,1035
1973,1760,1973,1815,1952,1815,1952,1760
1963,2420,1962,2421,1954,2414,1955,2412
1964,2468,1963,2469,1955,2462,1956,2460
1922,1374,1983,1374,1983,1411,1922,1411
1964,2444,1963,2445,1955,2438,1956,2436
1951,2433,1950,2434,1942,2427,1943,2425
1952,2480,1951,2481,1943,2474,1944,2472
1951,2456,1950,2457,1942,2450,1943,2448
1940,2444,1939,2445,1931,2438,1932,2436
1940,2467,1939,2468,1931,2461,1932,2459
1928,2456,1927,2457,1919,2450,1920,2448
1928,2479,1927,2480,1919,2473,1920,2471
1915,2413,1916,2414,1908,2423,1907,2422
1916,2468,1915,2469,1907,2462,1908,2460
1916,2491,1915,2492,1907,2485,1908,2483
1902,2401,1903,2402,1895,2411,1894,2410
1904,2480,1903,2481,1895,2474,1896,2472
1902,2472,1903,2473,1895,2482,1893,2480
1904,2502,1903,2503,1895,2496,1896,2494
1891,2390,1892,2391,1884,2400,1883,2399
1886,2494,1885,2493,1892,2485,1894,2486
1890,2460,1891,2461,1883,2470,1881,2468
1892,2493,1891,2494,1883,2487,1884,2485
1874,2482,1873,2481,1880,2473,1882,2474
1879,2448,1880,2449,1872,2458,1870,2456
1861,2471,1860,2470,1867,2462,1869,2463
1882,1506,1877,1581,1843,1578,1848,1504
2297,4065,2297,4584,2221,4584,2221,4065
2297,4635,2297,4801,2221,4801,2221,4635
2217,4046,2217,4435,2155,4435,2155,4046
2217,4474,2217,4531,2155,4531,2155,4474
2217,4585,2217,4602,2155,4602,2155,4585
2217,4644,2217,4830,2155,4830,2155,4644
2145,4203,2145,4341,2096,4341,2096,4203
2145,4378,2145,4518,2096,4518,2096,4378
2145,4567,2145,4581,2096,4581,2096,4567
2145,4607,2145,4621,2096,4621,2096,4607
2063,4002,2063,4155,2025,4155,2025,4002
2063,4195,2063,4205,2025,4205,2025,4195
2063,4232,2063,4377,2025,4377,2025,4232
2068,4731,2068,4749,2017,4749,2017,4731
2068,4759,2068,4773,2017,4773,2017,4759
2068,4772,2068,4819,2017,4819,2017,4772
2068,4836,2068,4874,2017,4874,2017,4836
2016,4005,2016,4142,1973,4142,1973,4005
2015,4710,2015,4753,1977,4753,1977,4710
2015,4762,2015,4772,1977,4772,1977,4762
2015,4779,2015,4813,1977,4813,1977,4779
2015,4831,2015,4874,1977,4874,1977,4831
1963,4003,1963,4172,1925,4172,1925,4003
1963,4203,1963,4239,1925,4239,1925,4203
1965,4720,1965,4750,1925,4750,1925,4720
1965,4763,1965,4774,1925,4774,1925,4763
1965,4771,1965,4814,1925,4814,1925,4771
1965,4833,1965,4871,1925,4871,1925,4833
1913,4002,1913,4168,1875,4168,1875,4002
1913,4199,1913,4242,1875,4242,1875,4199
1920,4746,1920,4760,1869,4760,1869,4746
1920,4766,1920,4780,1869,4780,1869,4766
1920,4776,1920,4813,1869,4813,1869,4776
1920,4831,1920,4878,1869,4878,1869,4831
1860,4007,1860,4075,1823,4075,1823,4007
1866,4740,1866,4751,1824,4751,1824,4740
1866,4761,1866,4772,1824,4772,1824,4761
1866,4775,1866,4814,1824,4814,1824,4775
1866,4829,1866,4876,1824,4876,1824,4829
1810,4004,1810,4056,1775,4056,1775,4004
1815,4747,1815,4757,1777,4757,1777,4747
1815,4763,1815,4773,1777,4773,1777,4763
1815,4776,1815,4811,1777,4811,1777,4776
1815,4834,1815,4868,1777,4868,1777,4834
1763,4007,1763,4250,1724,4250,1724,4007
1765,4740,1765,4751,1725,4751,1725,4740
1765,4760,1765,4771,1725,4771,1725,4760
1765,4773,1765,4811,1725,4811,1725,4773
1765,4830,1765,4873,1725,4873,1725,4830
1722,4006,1722,4159,1685,4159,1685,4006
1722,4194,1722,4310,1685,4310,1685,4194
1711,4697,1711,4745,1659,4745,1659,4697
1711,4753,1711,4767,1659,4767,1659,4753
1711,4766,1711,4814,1659,4814,1659,4766
1711,4829,1711,4877,1659,4877,1659,4829
1683,3998,1683,4189,1645,4189,1645,3998
1629,4003,1629,4137,1597,4137,1597,4003
1636,4736,1636,4749,1588,4749,1588,4736
1636,4756,1636,4769,1588,4769,1588,4756
1636,4772,1636,4816,1588,4816,1588,4772
1636,4830,1636,4875,1588,4875,1588,4830
1559,4006,1559,4183,1525,4183,1525,4006
1561,4737,1561,4749,1518,4750,1518,4738
1561,4754,1561,4766,1518,4767,1518,4755
1562,4773,1563,4813,1519,4814,1518,4774
1563,4831,1564,4870,1521,4871,1520,4832
1492,4007,1492,4159,1449,4159,1449,4007
1492,4192,1492,4313,1449,4313,1449,4192
1492,4339,1492,4511,1449,4511,1449,4339
1492,4705,1492,4744,1449,4744,1449,4705
1492,4752,1492,4764,1449,4764,1449,4752
1492,4764,1492,4812,1449,4812,1449,4764
1492,4832,1492,4872,1449,4872,1449,4832
1867,2436,1868,2437,1860,2446,1858,2444
1849,2459,1848,2458,1855,2450,1857,2451
1856,2425,1857,2426,1849,2435,1847,2433
1856,2472,1857,2473,1849,2481,1848,2480
1837,2447,1836,2446,1843,2438,1845,2439
1844,2413,1845,2414,1837,2423,1835,2421
1844,2460,1845,2461,1837,2469,1836,2468
1825,2436,1824,2435,1831,2427,1833,2428
1843,1520,1843,1530,1805,1530,1805,1520
1843,1535,1843,1545,1805,1545,1805,1535
1832,2401,1833,2402,1825,2411,1823,2409
1833,2449,1834,2450,1826,2458,1825,2457
1814,2425,1813,2424,1820,2416,1822,2417
1821,2389,1822,2390,1814,2399,1812,2397
1821,2436,1822,2437,1814,2445,1813,2444
1748,1550,1748,1613,1727,1613,1727,1550
1661,1194,1667,1249,1628,1253,1622,1198
1624,1204,1624,1212,1592,1212,1592,1204
1624,1219,1624,1227,1592,1227,1592,1219
1624,1230,1624,1300,1592,1300,1592,1230
1516,1410,1553,1408,1554,1442,1517,1444
1577,1407,1608,1406,1609,1441,1578,1442
1478,1098,1407,1098,1407,1035,1478,1035
1453,1564,1451,1602,1417,1600,1419,1562
1451,1627,1450,1652,1416,1650,1417,1625
1411,1352,1411,1407,1389,1407,1389,1352
1411,1513,1364,1515,1363,1491,1410,1489
1287,2003,1283,2100,1242,2098,1246,2001
1248,2006,1248,2037,1206,2037,1206,2006
1248,2042,1248,2053,1206,2053,1206,2042
1248,2058,1248,2089,1206,2089,1206,2058
1248,2107,1248,2118,1206,2118,1206,2107
1159,2520,1019,2520,1019,2477,1159,2477
888,4006,888,4126,865,4126,865,4006
829,4035,829,4067,804,4067,804,4035
745,1682,850,1682,850,1717,745,1717
786,4009,786,4015,763,4015,763,4009
786,4026,786,4032,763,4032,763,4026
786,4043,786,4049,763,4049,763,4043
786,4074,786,4080,763,4080,763,4074
786,4079,786,4085,763,4085,763,4079
786,4085,786,4111,763,4111,763,4085
753,1200,753,1336,717,1336,717,1200
710,1198,711,1232,680,1233,679,1199
712,1233,712,1241,681,1242,681,1234
712,1247,713,1275,682,1276,681,1248
714,1300,714,1308,683,1309,683,1301
829,4161,829,4242,795,4242,795,4161
829,4270,829,4355,795,4355,795,4270
795,4156,793,4276,763,4276,765,4156
793,4302,793,4329,764,4329,764,4302
793,4353,792,4415,762,4415,763,4353
761,4157,761,4258,732,4258,732,4157
761,4281,761,4313,732,4313,732,4281
731,4154,731,4314,702,4314,702,4154
699,4162,699,4318,672,4318,672,4162
699,4337,699,4401,672,4401,672,4337
667,4160,669,4311,646,4311,644,4160
670,4338,670,4344,647,4344,647,4338
643,4155,643,4262,614,4262,614,4155
643,4281,643,4391,614,4391,614,4281
612,4163,612,4168,591,4168,591,4163
612,4168,612,4216,591,4216,591,4168
612,4225,612,4230,591,4230,591,4225
694,1847,694,1872,674,1872,674,1847
826,4556,824,4696,788,4696,790,4556
824,4715,824,4747,788,4747,788,4715
823,4765,822,4869,787,4869,788,4765
790,4556,789,4625,759,4625,760,4556
789,4631,789,4639,760,4639,760,4631
789,4644,788,4753,758,4753,759,4644
740,4448,740,4626,702,4626,702,4448
740,4648,740,4697,702,4697,702,4648
740,4718,740,4831,702,4831,702,4718
707,4450,707,4458,678,4458,678,4450
707,4455,707,4505,678,4505,678,4455
707,4516,707,4524,678,4524,678,4516
707,4532,707,4625,678,4625,678,4532
707,4624,707,4632,678,4632,678,4624
679,4445,679,4479,648,4479,648,4445
679,4499,679,4569,648,4569,648,4499
679,4576,679,4584,648,4584,648,4576
679,4587,679,4660,648,4660,648,4587
651,4445,651,4485,620,4485,620,4445
651,4504,651,4571,620,4571,620,4504
651,4580,651,4588,620,4588,620,4580
651,4596,651,4724,620,4724,620,4596
623,4450,623,4458,591,4457,591,4449
623,4480,620,4691,587,4690,590,4479
583,4471,583,4482,543,4482,543,4471
583,4507,582,4618,541,4618,542,4507
581,4636,581,4674,540,4674,540,4636
580,4697,579,4793,539,4793,540,4697
566,1802,566,1842,545,1842,545,1802
521,2071,521,2196,483,2196,483,2071
477,2068,477,2077,443,2077,443,2068
477,2085,477,2094,443,2094,443,2085
477,2098,477,2123,443,2123,443,2098
477,2145,477,2154,443,2154,443,2145
431,4022,432,4028,409,4030,408,4024
431,4132,431,4137,410,4137,410,4132
431,4143,431,4148,410,4148,410,4143
431,4152,431,4157,410,4157,410,4152
429,4252,429,4269,409,4269,409,4252
430,4486,430,4507,410,4507,410,4486
253,4054,253,4136,230,4136,230,4054
253,4161,253,4178,230,4178,230,4161
253,4203,253,4254,230,4254,230,4203
253,4272,253,4298,230,4298,230,4272
253,4318,253,4324,230,4324,230,4318
244,4536,244,4648,200,4648,200,4536
244,4682,244,4865,200,4865,200,4682
219,3924,219,3935,177,3935,177,3924
219,3989,219,4000,177,4000,177,3989
219,4036,219,4082,177,4082,177,4036
219,4088,219,4099,177,4099,177,4088
219,4107,219,4161,177,4161,177,4107
219,4174,219,4185,177,4185,177,4174
219,4193,219,4285,177,4285,177,4193
154,4236,154,4315,108,4315,108,4236
154,4333,154,4346,108,4346,108,4333
154,4357,154,4408,108,4408,108,4357
154,4450,154,4528,108,4528,108,4450
151,70,151,138,120,138,120,70
151,160,151,168,120,168,120,160
151,182,151,230,120,230,120,182
151,249,151,444,120,444,120,249
151,465,151,534,120,534,120,465
151,555,151,717,120,717,120,555
151,742,151,750,120,750,120,742
151,758,151,766,120,766,120,758
151,769,151,834,120,834,120,769
151,855,151,1005,120,1005,120,855
151,1028,151,1056,120,1056,120,1028
151,1082,151,1199,120,1199,120,1082
151,1225,151,1274,120,1274,120,1225
151,1291,151,1458,120,1458,120,1291
151,1479,151,1637,120,1637,120,1479
151,1657,151,1692,120,1692,120,1657
151,1708,151,1935,120,1935,120,1708
151,1952,151,2016,120,2016,120,1952
151,2040,151,2080,120,2080,120,2040
151,2104,151,2252,120,2252,120,2104
151,2273,151,2354,120,2354,120,2273
151,2358,151,2366,120,2366,120,2358
151,2380,151,2534,120,2534,120,2380
151,2540,151,2548,120,2548,120,2540
151,2567,151,2693,120,2693,120,2567
151,2694,151,2702,120,2702,120,2694
151,2720,151,2784,120,2784,120,2720
151,2793,151,2801,120,2801,120,2793
151,2807,151,2936,120,2936,120,2807
151,2940,151,2948,120,2948,120,2940
151,2967,151,3007,120,3007,120,2967
151,3028,151,3203,120,3203,120,3028
151,3225,151,3260,120,3260,120,3225
151,3271,151,3392,120,3392,120,3271
151,3419,151,3506,120,3506,120,3419
151,3510,151,3518,120,3518,120,3510
151,3535,151,3574,120,3574,120,3535
121,70,121,205,92,205,92,70
121,232,121,396,92,396,92,232
121,415,121,484,92,484,92,415
121,506,121,522,92,522,92,506
121,543,121,649,92,649,92,543
121,670,121,702,92,702,92,670
121,721,121,742,92,742,92,721
121,763,121,868,92,868,92,763
121,890,121,960,92,960,92,890
121,977,121,1077,92,1077,92,977
121,1099,121,1107,92,1107,92,1099
121,1138,121,1207,92,1207,92,1138
121,1227,121,1341,92,1341,92,1227
121,1345,121,1353,92,1353,92,1345
121,1368,121,1422,92,1422,92,1368
121,1442,121,1578,92,1578,92,1442
121,1601,121,1671,92,1671,92,1601
121,1688,121,1906,92,1906,92,1688
121,1906,121,1914,92,1914,92,1906
121,1926,121,1980,92,1980,92,1926
121,2003,121,2194,92,2194,92,2003
121,2212,121,2244,92,2244,92,2212
121,2267,121,2337,92,2337,92,2267
121,2354,121,2404,92,2404,92,2354
121,2423,121,2547,92,2547,92,2423
121,2548,121,2556,92,2556,92,2548
121,2572,121,2604,92,2604,92,2572
121,2626,121,2783,92,2783,92,2626
121,2809,121,2817,92,2817,92,2809
121,2824,121,2832,92,2832,92,2824
121,2833,121,2883,92,2883,92,2833
121,2902,121,2952,92,2952,92,2902
121,2975,121,3178,92,3178,92,2975
121,3181,121,3189,92,3189,92,3181
121,3205,121,3255,92,3255,92,3205
121,3280,121,3432,92,3432,92,3280
121,3455,121,3523,92,3523,92,3455
121,3542,121,3660,92,3660,92,3542
121,3685,121,3693,92,3693,92,3685
93,76,93,147,62,147,62,76
93,164,93,280,62,280,62,164
93,304,93,339,62,339,62,304
93,360,93,542,62,542,62,360
93,564,93,598,62,598,62,564
93,619,93,705,62,705,62,619
93,708,93,716,62,716,62,708
