3412,3497,3412,3585,3389,3585,3389,3497
3412,3595,3412,3635,3389,3635,3389,3595
3412,3641,3412,3647,3389,3647,3389,3641
3412,3645,3412,3688,3389,3688,3389,3645
3367,3447,3367,3526,3349,3526,3349,3447
3367,3532,3367,3572,3349,3572,3349,3532
3367,3580,3367,3636,3349,3636,3349,3580
3364,4442,3364,4656,3288,4656,3288,4442
3320,3446,3320,3525,3304,3525,3304,3446
3320,3529,3320,3574,3304,3574,3304,3529
3320,3582,3320,3636,3304,3636,3304,3582
3278,3447,3278,3527,3257,3527,3257,3447
3278,3532,3278,3571,3257,3571,3257,3532
3278,3581,3278,3638,3257,3638,3257,3581
3278,3646,3278,3651,3257,3651,3257,3646
3278,3658,3278,3699,3257,3699,3257,3658
3278,3704,3278,3760,3257,3760,3257,3704
3253,4209,3253,4325,3230,4325,3230,4209
3253,4336,3253,4392,3230,4392,3230,4336
3240,1470,3240,1499,3217,1499,3217,1470
3240,1527,3240,1556,3217,1556,3217,1527
3228,3447,3228,3495,3212,3495,3212,3447
3228,3501,3229,3558,3213,3558,3212,3501
3229,3567,3230,3642,3214,3642,3213,3567
3177,1213,3176,1219,3154,1217,3154,1211
3183,3446,3182,3467,3163,3467,3164,3446
3182,3466,3182,3470,3164,3470,3164,3466
3182,3474,3182,3484,3164,3484,3164,3474
3182,3485,3182,3489,3164,3489,3164,3485
3182,3491,3181,3521,3162,3521,3163,3491
3187,1408,3132,1408,3132,1386,3187,1386
3144,1368,3144,1370,3123,1371,3123,1369
3138,3447,3138,3465,3124,3465,3124,3447
3138,3467,3138,3470,3124,3470,3124,3467
3138,3474,3138,3484,3124,3484,3124,3474
3138,3485,3138,3488,3124,3488,3124,3485
3138,3490,3138,3524,3123,3524,3123,3490
3137,3529,3137,3539,3123,3539,3123,3529
3138,3545,3137,3623,3122,3623,3123,3545
3137,3628,3137,3664,3122,3664,3122,3628
3136,3673,3136,3728,3122,3728,3122,3673
3207,4286,3207,4589,3146,4589,3146,4286
3116,4118,3116,4180,3072,4180,3072,4118
3116,4186,3116,4198,3072,4198,3072,4186
3116,4212,3116,4268,3072,4268,3072,4212
3116,4281,3116,4293,3072,4293,3072,4281
3116,4323,3116,4497,3072,4497,3072,4323
3116,4526,3116,4761,3072,4761,3072,4526
3068,4246,3068,4367,3021,4367,3021,4246
3068,4404,3068,4641,3021,4641,3021,4404
3091,3444,3091,3490,3076,3490,3076,3444
3091,3499,3091,3513,3076,3513,3076,3499
3091,3516,3091,3519,3076,3519,3076,3516
3091,3522,3091,3533,3076,3533,3076,3522
3091,3534,3091,3537,3076,3537,3076,3534
3091,3538,3091,3569,3076,3569,3076,3538
3055,3446,3055,3481,3038,3481,3038,3446
3055,3488,3055,3492,3038,3492,3038,3488
3055,3495,3055,3499,3038,3499,3038,3495
3055,3499,3055,3557,3038,3557,3038,3499
3055,3565,3055,3595,3038,3595,3038,3565
3055,3604,3055,3633,3038,3633,3038,3604
3055,3637,3055,3676,3038,3676,3038,3637
3055,3684,3055,3709,3038,3709,3038,3684
3037,3448,3037,3452,3020,3452,3020,3448
3037,3450,3037,3520,3020,3520,3020,3450
3037,3518,3037,3522,3020,3522,3020,3518
3037,3525,3037,3577,3020,3577,3020,3525
3037,3579,3037,3583,3020,3583,3020,3579
3002,3444,3002,3502,2985,3502,2985,3444
3002,3505,3002,3552,2985,3552,2985,3505
3002,3561,3002,3609,2985,3609,2985,3561
3002,3616,3002,3636,2985,3636,2985,3616
2956,3446,2957,3505,2939,3505,2938,3446
2956,3512,2956,3563,2939,3563,2939,3512
2956,3570,2956,3609,2939,3609,2939,3570
2957,3615,2957,3625,2940,3625,2940,3615
2957,3629,2957,3674,2940,3674,2940,3629
2979,878,2979,967,2943,967,2943,878
2946,858,2946,868,2909,868,2909,858
2946,934,2946,944,2909,944,2909,934
2946,996,2946,1108,2909,1108,2909,996
2946,1117,2946,1127,2909,1127,2909,1117
2946,1133,2946,1235,2909,1235,2909,1133
2908,982,2908,993,2868,994,2868,983
2909,997,2910,1027,2869,1028,2868,998
2910,1031,2910,1042,2870,1043,2870,1032
2910,1047,2911,1076,2871,1077,2870,1048
2912,1097,2912,1108,2872,1109,2872,1098
2952,1918,2952,1997,2904,1997,2904,1918
2912,1916,2912,1928,2867,1928,2867,1916
2912,1930,2912,1942,2867,1942,2867,1930
2912,1943,2912,2027,2867,2027,2867,1943
2952,2076,2952,2112,2904,2112,2904,2076
2910,3447,2910,3506,2894,3506,2894,3447
2910,3511,2910,3566,2894,3566,2894,3511
2910,3574,2910,3625,2894,3625,2894,3574
2910,3631,2910,3692,2894,3692,2894,3631
2862,3447,2863,3478,2844,3478,2843,3447
2862,3485,2862,3499,2844,3499,2844,3485
2863,3506,2864,3556,2845,3556,2844,3506
2863,3562,2863,3572,2845,3572,2845,3562
2864,3585,2864,3595,2846,3595,2846,3585
2864,3598,2864,3602,2846,3602,2846,3598
2864,3606,2864,3626,2846,3626,2846,3606
2865,3633,2865,3637,2847,3637,2847,3633
2865,3640,2865,3644,2847,3644,2847,3640
2818,3346,2818,3371,2801,3371,2801,3346
2828,3446,2828,3478,2810,3478,2810,3446
2828,3484,2828,3500,2810,3500,2810,3484
2828,3505,2828,3557,2810,3557,2810,3505
2828,3561,2828,3574,2810,3574,2810,3561
2828,3586,2828,3596,2810,3596,2810,3586
2828,3599,2828,3603,2810,3603,2810,3599
2828,3605,2828,3628,2810,3628,2810,3605
2828,3632,2828,3636,2810,3636,2810,3632
2828,3641,2828,3645,2810,3645,2810,3641
2828,3653,2828,3657,2810,3657,2810,3653
2828,3656,2828,3738,2810,3738,2810,3656
2828,3744,2828,3815,2810,3815,2810,3744
2828,3820,2828,3907,2810,3907,2810,3820
2828,3907,2828,3911,2810,3911,2810,3907
2809,3449,2809,3478,2794,3478,2794,3449
2809,3487,2809,3490,2794,3490,2794,3487
2809,3495,2809,3498,2794,3498,2794,3495
2809,3501,2809,3522,2794,3522,2794,3501
2809,3534,2809,3545,2794,3545,2794,3534
2809,3555,2809,3558,2794,3558,2794,3555
2809,3559,2809,3562,2794,3562,2794,3559
2809,3565,2809,3585,2794,3585,2794,3565
2809,3595,2809,3609,2794,3609,2794,3595
2809,3617,2809,3633,2794,3633,2794,3617
2773,3448,2773,3479,2759,3479,2759,3448
2773,3486,2773,3501,2759,3501,2759,3486
2773,3508,2773,3560,2759,3560,2759,3508
2773,3565,2773,3578,2759,3578,2759,3565
2773,3591,2773,3601,2759,3601,2759,3591
2773,3605,2773,3608,2759,3608,2759,3605
2773,3612,2773,3633,2759,3633,2759,3612
2773,3639,2773,3642,2759,3642,2759,3639
2773,3648,2773,3651,2759,3651,2759,3648
2773,3657,2773,3660,2759,3660,2759,3657
2773,3661,2773,3697,2759,3697,2759,3661
2773,3699,2773,3702,2759,3702,2759,3699
2773,3710,2773,3713,2759,3713,2759,3710
2773,3723,2773,3726,2759,3726,2759,3723
2773,3728,2773,3731,2759,3731,2759,3728
2773,3735,2773,3753,2759,3753,2759,3735
2773,3764,2773,3777,2759,3777,2759,3764
2773,3786,2773,3804,2759,3804,2759,3786
2730,3448,2730,3453,2709,3453,2709,3448
2730,3460,2730,3503,2709,3503,2709,3460
2730,3510,2730,3525,2709,3525,2709,3510
2730,3529,2730,3582,2709,3582,2709,3529
2730,3587,2730,3602,2709,3602,2709,3587
2730,3612,2730,3623,2709,3623,2709,3612
2730,3626,2730,3631,2709,3631,2709,3626
2730,3634,2730,3654,2709,3654,2709,3634
2730,3659,2730,3664,2709,3664,2709,3659
2730,3668,2730,3673,2709,3673,2709,3668
2730,3677,2730,3682,2709,3682,2709,3677
2730,3683,2730,3716,2709,3716,2709,3683
2730,3719,2730,3724,2709,3724,2709,3719
2730,3730,2730,3735,2709,3735,2709,3730
2730,3743,2730,3748,2709,3748,2709,3743
2730,3747,2730,3752,2709,3752,2709,3747
2730,3755,2730,3775,2709,3775,2709,3755
2730,3785,2730,3800,2709,3800,2709,3785
2730,3808,2730,3825,2709,3825,2709,3808
2682,3348,2682,3386,2663,3386,2663,3348
2683,3446,2683,3480,2666,3480,2666,3446
2683,3486,2683,3501,2666,3501,2666,3486
2683,3508,2683,3558,2666,3558,2666,3508
2683,3563,2683,3579,2666,3579,2666,3563
2683,3589,2683,3601,2666,3601,2666,3589
2683,3604,2683,3608,2666,3608,2666,3604
2683,3612,2683,3634,2666,3634,2666,3612
2683,3639,2683,3643,2666,3643,2666,3639
2683,3648,2683,3652,2666,3652,2666,3648
2683,3658,2683,3700,2666,3700,2666,3658
2683,3705,2683,3735,2666,3735,2666,3705
2683,3743,2683,3747,2666,3747,2666,3743
2683,3757,2683,3761,2666,3761,2666,3757
2683,3763,2683,3767,2666,3767,2666,3763
2683,3767,2683,3788,2666,3788,2666,3767
2683,3797,2683,3813,2666,3813,2666,3797
2683,3821,2683,3837,2666,3837,2666,3821
2646,1943,2647,1944,2639,1953,2638,1951
2634,1955,2635,1956,2627,1965,2626,1963
2646,2162,2646,2163,2638,2163,2638,2162
2641,2006,2573,2076,2564,2068,2632,1998
2636,2034,2635,2035,2627,2028,2628,2026
2624,2046,2623,2047,2615,2040,2616,2038
2617,2054,2573,2100,2564,2092,2608,2046
2646,2185,2646,2186,2638,2186,2638,2185
2646,2210,2646,2211,2638,2211,2638,2210
2646,2233,2646,2234,2638,2234,2638,2233
2635,1727,2634,1728,2626,1721,2627,1719
2635,1774,2634,1775,2626,1768,2627,1766
2625,1745,2626,1744,2635,1752,2633,1753
2646,1920,2647,1921,2639,1930,2637,1928
2635,1932,2636,1933,2628,1942,2627,1940
2622,1943,2623,1944,2615,1953,2614,1951
2636,1798,2635,1799,2627,1792,2628,1790
2646,1896,2647,1897,2639,1906,2638,1904
2634,1909,2635,1910,2627,1919,2625,1917
2623,1920,2624,1921,2616,1930,2615,1928
2610,1931,2611,1932,2603,1941,2602,1939
2646,1874,2647,1875,2639,1883,2638,1882
2634,1884,2635,1885,2627,1894,2626,1892
2622,1897,2623,1898,2615,1907,2613,1905
2611,1908,2612,1909,2604,1918,2603,1916
2598,1919,2599,1920,2591,1929,2590,1927
2623,1739,2622,1740,2614,1733,2615,1731
2623,2155,2624,2156,2616,2165,2615,2164
2623,1786,2622,1787,2614,1780,2615,1778
2646,1851,2647,1852,2639,1860,2638,1859
2633,1861,2634,1862,2626,1870,2625,1869
2622,1872,2623,1873,2615,1882,2614,1880
2610,1885,2611,1886,2603,1895,2601,1893
2599,1896,2600,1897,2592,1906,2591,1904
2586,1907,2587,1908,2579,1917,2578,1915
2636,3446,2636,3478,2618,3478,2618,3446
2636,3484,2636,3500,2618,3500,2618,3484
2636,3508,2636,3557,2618,3557,2618,3508
2636,3561,2636,3574,2618,3574,2618,3561
2636,3586,2636,3596,2618,3596,2618,3586
2636,3599,2636,3603,2618,3603,2618,3599
2636,3605,2636,3628,2618,3628,2618,3605
2636,3632,2636,3636,2618,3636,2618,3632
2636,3641,2636,3645,2618,3645,2618,3641
2636,3655,2636,3703,2618,3703,2618,3655
2635,1703,2634,1704,2626,1697,2627,1695
2624,1691,2623,1692,2614,1684,2616,1683
2613,1757,2614,1756,2623,1764,2621,1765
2624,1810,2623,1811,2615,1804,2616,1802
2613,1750,2612,1751,2604,1744,2605,1742
2634,1838,2635,1839,2627,1847,2626,1846
2622,1849,2623,1850,2615,1858,2614,1857
2610,1860,2611,1861,2603,1870,2602,1868
2598,1873,2599,1874,2591,1883,2589,1881
2587,1884,2588,1885,2580,1894,2579,1892
2574,1895,2575,1896,2567,1905,2566,1903
2612,1797,2611,1798,2603,1791,2604,1789
2602,1673,2603,1672,2612,1680,2610,1681
2624,1714,2623,1715,2615,1708,2616,1706
2612,1703,2611,1704,2602,1696,2604,1695
2608,2069,2637,2104,2629,2110,2600,2075
2601,1769,2602,1768,2611,1776,2609,1777
2612,1822,2611,1823,2603,1816,2604,1814
2622,1826,2623,1827,2615,1835,2614,1834
2611,1838,2612,1839,2604,1847,2603,1846
2598,1848,2599,1849,2591,1858,2590,1856
2586,1861,2587,1862,2579,1871,2577,1869
2575,1872,2576,1873,2568,1882,2567,1880
2564,1885,2565,1886,2557,1895,2556,1893
2601,1762,2600,1763,2592,1756,2593,1754
2600,1809,2599,1810,2591,1803,2592,1801
2612,1726,2611,1727,2603,1720,2604,1718
2600,1715,2599,1716,2590,1708,2592,1707
2600,1738,2599,1739,2591,1732,2592,1730
2589,1781,2590,1780,2599,1788,2597,1789
2610,1813,2611,1814,2603,1822,2602,1821
2599,1825,2600,1826,2592,1834,2591,1833
2586,1836,2587,1837,2579,1846,2578,1844
2575,1849,2576,1850,2568,1859,2566,1857
2563,1860,2564,1861,2556,1870,2555,1868
2552,1873,2553,1874,2545,1883,2544,1881
2600,1834,2599,1835,2591,1828,2592,1826
2587,1931,2588,1932,2581,1940,2579,1939
2589,1774,2588,1775,2580,1768,2581,1766
2587,2120,2588,2121,2580,2130,2579,2129
2589,1821,2588,1822,2580,1815,2581,1813
2590,1685,2591,1684,2600,1692,2598,1693
2580,1675,2581,1674,2588,1681,2587,1682
2599,1801,2600,1802,2592,1810,2591,1809
2588,1813,2589,1814,2581,1822,2580,1821
2576,1826,2577,1827,2569,1836,2568,1834
2563,1837,2564,1838,2556,1847,2554,1845
2552,1849,2553,1850,2545,1859,2544,1857
2540,1861,2541,1862,2533,1871,2532,1869
2591,3446,2591,3480,2574,3480,2574,3446
2591,3486,2591,3502,2574,3502,2574,3486
2591,3508,2591,3558,2574,3558,2574,3508
2591,3564,2591,3576,2574,3576,2574,3564
2591,3589,2591,3610,2574,3610,2574,3589
2591,3617,2591,3621,2574,3621,2574,3617
2591,3626,2591,3630,2574,3630,2574,3626
2591,3637,2591,3677,2574,3677,2574,3637
2591,3686,2591,3724,2574,3724,2574,3686
2591,3731,2591,3746,2574,3746,2574,3731
2591,3751,2591,3799,2574,3799,2574,3751
2588,1750,2587,1751,2579,1744,2580,1742
2578,1792,2579,1791,2588,1799,2586,1800
2575,1919,2576,1920,2569,1928,2567,1927
2576,2109,2577,2110,2569,2119,2568,2118
2577,1786,2576,1787,2568,1780,2569,1778
2576,1834,2575,1835,2567,1828,2568,1826
2578,1697,2579,1696,2588,1704,2586,1705
2567,1687,2568,1686,2575,1693,2574,1694
2565,1710,2566,1709,2575,1717,2573,1718
2566,1804,2567,1803,2576,1811,2574,1812
2588,2293,2587,2294,2580,2287,2581,2286
2576,2281,2575,2282,2567,2275,2568,2273
2564,1908,2565,1909,2558,1917,2556,1916
2564,2097,2565,2098,2557,2107,2556,2106
2566,1798,2565,1799,2557,1792,2558,1790
2578,2029,2579,2028,2587,2035,2586,2037
2586,2019,2641,1964,2650,1973,2594,2028
2613,1970,2614,1969,2622,1976,2621,1978
2590,1993,2591,1992,2599,1999,2598,2001
2578,1934,2579,1933,2587,1940,2586,1942
2566,1970,2567,1969,2576,1977,2574,1979
2566,1992,2567,1991,2576,1999,2574,2000
2555,1934,2556,1933,2564,1941,2563,1942
2554,1982,2555,1981,2564,1989,2562,1991
2554,2004,2555,2003,2564,2011,2562,2012
2542,1970,2543,1969,2551,1976,2550,1978
2542,1994,2543,1993,2552,2001,2550,2003
2531,1981,2532,1980,2540,1987,2539,1989
2518,1970,2519,1969,2527,1977,2526,1978
2565,1750,2564,1751,2555,1743,2557,1742
2554,1816,2555,1815,2564,1823,2562,1824
2564,2293,2563,2294,2555,2287,2556,2285
2564,1814,2565,1815,2557,1824,2556,1822
2552,1826,2553,1827,2545,1836,2543,1834
2540,1837,2541,1838,2533,1847,2532,1845
2528,1849,2529,1850,2521,1859,2520,1857
2552,2085,2553,2086,2545,2095,2544,2094
2554,1810,2553,1811,2545,1804,2546,1802
2553,1722,2554,1721,2563,1729,2561,1730
2543,1711,2544,1710,2551,1717,2550,1718
2633,2122,2634,2123,2626,2131,2625,2129
2622,2110,2623,2111,2615,2119,2614,2117
2599,2085,2600,2086,2592,2094,2591,2092
2588,2073,2589,2074,2581,2082,2580,2080
2576,2061,2577,2062,2569,2070,2568,2068
2539,2049,2540,2050,2533,2058,2531,2057
2543,2053,2639,2151,2631,2159,2535,2061
2553,2282,2552,2283,2544,2276,2545,2274
2553,1762,2552,1763,2543,1755,2545,1754
2548,2190,2521,2219,2516,2213,2542,2185
2540,1885,2541,1886,2534,1894,2532,1893
2540,2073,2541,2074,2533,2083,2532,2082
2539,1932,2540,1933,2532,1942,2530,1940
2541,2294,2540,2295,2532,2288,2533,2286
2529,2282,2528,2283,2520,2276,2521,2275
2594,2338,2571,2359,2564,2351,2587,2331
2576,2329,2575,2330,2567,2323,2568,2321
2565,2316,2564,2317,2557,2310,2558,2309
2565,2340,2564,2341,2556,2334,2557,2332
2552,2305,2551,2306,2543,2299,2544,2297
2553,2328,2552,2329,2545,2322,2546,2321
2540,2318,2539,2319,2531,2312,2532,2310
2545,3445,2545,3478,2528,3478,2528,3445
2545,3485,2545,3501,2528,3501,2528,3485
2545,3506,2545,3560,2528,3560,2528,3506
2545,3565,2545,3639,2528,3639,2528,3565
2545,3645,2545,3649,2528,3649,2528,3645
2545,3651,2545,3679,2528,3679,2528,3651
2545,3684,2545,3725,2528,3725,2528,3684
2545,3730,2545,3745,2528,3745,2528,3730
2545,3749,2545,3753,2528,3753,2528,3749
2545,3758,2545,3771,2528,3771,2528,3758
2545,3773,2545,3777,2528,3777,2528,3773
2545,3780,2545,3818,2528,3818,2528,3780
2545,3823,2545,3827,2528,3827,2528,3823
2541,1734,2542,1733,2551,1741,2549,1742
2531,1723,2532,1722,2539,1729,2538,1730
2553,1785,2552,1786,2544,1779,2545,1777
2541,1774,2540,1775,2531,1767,2533,1766
2529,1826,2530,1827,2522,1836,2521,1834
2528,1873,2529,1874,2522,1882,2520,1881
2529,2163,2528,2164,2521,2158,2522,2157
2529,1746,2530,1745,2539,1753,2537,1754
2519,1734,2520,1733,2527,1740,2526,1741
2541,1797,2540,1798,2532,1791,2533,1789
2529,1786,2528,1787,2519,1779,2521,1778
2529,2306,2528,2307,2520,2300,2521,2298
2517,2294,2516,2295,2508,2288,2509,2287
2517,1862,2518,1863,2511,1871,2509,1870
2528,1920,2529,1921,2521,1930,2519,1928
2515,1931,2516,1932,2509,1940,2507,1939
2518,2112,2519,2111,2527,2119,2526,2120
2552,2352,2551,2353,2543,2346,2544,2344
2541,2339,2540,2340,2533,2333,2534,2332
2529,2329,2528,2330,2520,2323,2521,2321
2518,2176,2517,2177,2510,2171,2511,2170
2519,1756,2520,1755,2529,1763,2527,1764
2507,1746,2508,1745,2515,1752,2514,1753
2518,2317,2517,2318,2509,2311,2510,2309
2507,2305,2506,2306,2498,2299,2499,2298
2529,1809,2528,1810,2520,1803,2521,1801
2517,1798,2516,1799,2507,1791,2509,1790
2516,1908,2517,1909,2509,1918,2507,1916
2504,1920,2505,1921,2498,1929,2496,1928
2554,2029,2555,2028,2563,2035,2562,2037
2542,2016,2543,2015,2552,2023,2550,2024
2530,2006,2531,2005,2540,2013,2538,2015
2518,1993,2519,1992,2527,1999,2526,2001
2507,1981,2508,1980,2516,1988,2515,1989
2507,2195,2508,2194,2515,2200,2513,2202
2528,2352,2527,2353,2520,2346,2521,2345
2517,2341,2516,2342,2508,2335,2509,2333
2507,1857,2506,1858,2498,1851,2499,1849
2507,1975,2506,1976,2498,1969,2499,1967
2507,2187,2506,2188,2499,2182,2500,2181
2507,1768,2508,1767,2517,1775,2515,1776
2495,1758,2496,1757,2503,1764,2502,1765
2503,2274,2504,2275,2496,2283,2495,2282
2504,1896,2505,1897,2497,1906,2495,1904
2493,1909,2494,1910,2487,1918,2485,1917
2501,1994,2502,1996,2495,2002,2493,2000
2518,1820,2517,1821,2509,1814,2510,1812
2505,1810,2504,1811,2495,1803,2497,1802
2506,2330,2505,2331,2497,2324,2498,2322
2496,2318,2495,2319,2487,2312,2488,2311
2495,2207,2496,2206,2503,2212,2501,2214
2505,2352,2504,2353,2496,2346,2497,2344
2492,1766,2493,1767,2485,1776,2484,1775
2495,1870,2494,1871,2486,1864,2487,1862
2489,1735,2454,1702,2462,1694,2497,1727
2495,1988,2494,1989,2486,1982,2487,1980
2491,1982,2492,1984,2485,1990,2483,1988
2495,2199,2494,2200,2487,2194,2488,2193
2574,2155,2575,2156,2567,2165,2565,2163
2562,2143,2563,2144,2555,2153,2553,2151
2552,2133,2553,2134,2545,2143,2543,2141
2550,2181,2551,2182,2544,2189,2543,2188
2540,2120,2541,2121,2533,2130,2531,2128
2542,2148,2579,2186,2571,2194,2534,2156
2528,2108,2529,2109,2521,2118,2519,2116
2527,2157,2528,2158,2521,2165,2520,2164
2517,2073,2518,2074,2510,2083,2508,2081
2529,2085,2530,2086,2522,2095,2520,2093
2533,2088,2616,2173,2607,2182,2524,2097
2516,2145,2517,2146,2510,2153,2509,2152
2504,2133,2505,2134,2498,2141,2497,2140
2492,2072,2493,2073,2485,2082,2483,2080
2493,2121,2494,2122,2487,2129,2486,2128
2481,2085,2482,2086,2475,2094,2473,2093
2493,2098,2494,2099,2487,2107,2485,2106
2505,2110,2506,2111,2499,2119,2497,2118
2503,2108,2506,2111,2498,2119,2495,2116
2482,2109,2483,2110,2476,2117,2475,2116
2493,2264,2494,2265,2486,2273,2485,2272
2495,2341,2494,2342,2486,2335,2487,2333
2495,1780,2496,1779,2505,1787,2503,1788
2483,1770,2484,1769,2491,1776,2490,1777
2498,3445,2498,3479,2483,3479,2483,3445
2498,3485,2498,3502,2483,3502,2483,3485
2498,3509,2498,3603,2483,3603,2483,3509
2498,3609,2498,3642,2483,3642,2483,3609
2543,2040,2544,2039,2552,2046,2551,2048
2518,2088,2519,2087,2527,2094,2526,2096
2530,2076,2531,2075,2539,2082,2538,2084
2543,2064,2544,2063,2552,2070,2551,2072
2554,2053,2555,2052,2563,2059,2562,2061
2530,2028,2531,2027,2540,2035,2538,2036
2530,2052,2531,2051,2539,2058,2538,2060
2530,2100,2531,2099,2539,2107,2538,2108
2518,2018,2519,2017,2528,2025,2526,2027
2518,2040,2519,2039,2528,2047,2526,2048
2518,2064,2519,2063,2527,2070,2526,2072
2506,2005,2507,2004,2515,2011,2514,2013
2507,2028,2508,2027,2517,2035,2515,2037
2506,2052,2507,2051,2516,2059,2514,2060
2506,2076,2507,2075,2515,2082,2514,2084
2494,1993,2495,1992,2503,2000,2502,2001
2494,2017,2495,2016,2503,2023,2502,2025
2495,2040,2496,2039,2505,2047,2503,2049
2495,2063,2496,2062,2505,2070,2503,2071
2482,2005,2483,2004,2491,2012,2490,2013
2483,2052,2484,2051,2493,2059,2491,2061
2470,2016,2471,2015,2479,2023,2478,2024
2471,2040,2472,2039,2480,2046,2479,2048
2506,1832,2505,1833,2497,1826,2498,1824
2493,1822,2492,1823,2483,1815,2485,1814
2481,1755,2482,1756,2474,1765,2473,1764
2483,2218,2484,2217,2491,2223,2489,2225
2494,2088,2495,2087,2503,2094,2502,2096
2482,2076,2483,2075,2492,2083,2490,2084
2481,1897,2482,1898,2475,1906,2473,1905
2483,1882,2482,1883,2474,1876,2475,1874
2480,1968,2481,1970,2474,1976,2472,1974
2480,2060,2481,2061,2473,2070,2471,2068
2483,2212,2482,2213,2475,2207,2476,2206
2481,2251,2482,2252,2474,2260,2473,2259
2483,2353,2482,2354,2474,2347,2475,2345
2483,1792,2484,1791,2493,1799,2491,1800
2472,1781,2473,1780,2480,1787,2479,1788
2471,1804,2472,1803,2481,1811,2479,1812
2493,1845,2492,1846,2484,1839,2485,1837
2482,1833,2481,1834,2472,1826,2474,1825
2468,1742,2469,1743,2461,1752,2460,1751
2479,1778,2480,1779,2473,1787,2471,1786
2468,1790,2469,1791,2461,1800,2459,1798
2457,1802,2458,1803,2450,1812,2448,1810
2444,1813,2445,1814,2437,1822,2436,1821
2480,1802,2481,1803,2473,1812,2471,1810
2469,1814,2470,1815,2462,1824,2460,1822
2457,1826,2458,1827,2450,1835,2449,1834
2468,1838,2469,1839,2461,1847,2460,1846
2459,1816,2460,1815,2469,1823,2467,1824
2481,1857,2480,1858,2472,1851,2473,1849
2470,1845,2469,1846,2460,1838,2462,1837
2457,1731,2458,1732,2450,1741,2449,1740
2468,1766,2469,1767,2462,1775,2460,1774
2456,1778,2457,1779,2449,1788,2447,1786
2445,1790,2446,1791,2438,1800,2436,1798
2434,1802,2435,1803,2427,1811,2426,1810
2469,1885,2470,1886,2463,1894,2461,1893
2456,1896,2457,1897,2450,1905,2448,1904
2458,1857,2457,1858,2448,1850,2450,1849
2455,1871,2456,1872,2449,1880,2447,1879
2445,1884,2446,1885,2439,1893,2437,1892
2445,1720,2446,1721,2438,1730,2437,1729
2457,1755,2458,1756,2451,1764,2449,1763
2446,1767,2447,1768,2439,1777,2437,1775
2433,1778,2434,1779,2426,1788,2424,1786
2422,1790,2423,1791,2415,1799,2414,1798
2445,1861,2446,1862,2439,1870,2437,1869
2453,3445,2453,3477,2438,3477,2438,3445
2453,3486,2453,3500,2438,3500,2438,3486
2453,3508,2453,3559,2438,3559,2438,3508
2433,1708,2434,1709,2426,1718,2425,1717
2445,1743,2446,1744,2439,1752,2437,1751
2434,1755,2435,1756,2427,1765,2425,1763
2421,1766,2422,1767,2414,1776,2412,1774
2411,1777,2412,1778,2404,1786,2403,1785
2433,1731,2434,1732,2427,1740,2425,1739
2422,1743,2423,1744,2415,1753,2413,1751
2409,1754,2410,1755,2402,1764,2400,1762
2399,1765,2400,1766,2392,1774,2391,1773
2421,1696,2422,1697,2414,1706,2413,1705
2434,1850,2435,1851,2428,1859,2426,1858
2422,1861,2423,1862,2416,1870,2414,1869
2421,1719,2422,1720,2415,1728,2413,1727
2410,1731,2411,1732,2403,1741,2401,1739
2398,1742,2399,1743,2391,1752,2389,1750
2412,1689,2412,1691,2401,1691,2401,1689
2421,1837,2422,1838,2415,1846,2413,1845
2410,1849,2411,1850,2404,1858,2402,1857
2412,1712,2412,1714,2401,1714,2401,1712
2411,1708,2412,1709,2405,1717,2403,1716
2398,1719,2399,1720,2391,1729,2389,1727
2409,1825,2410,1826,2403,1834,2401,1833
2398,1837,2399,1838,2392,1846,2390,1845
2397,1813,2398,1814,2391,1822,2389,1821
2401,1667,2401,1674,2390,1674,2390,1667
2401,1676,2401,1678,2390,1678,2390,1676
2400,1701,2400,1703,2389,1703,2389,1701
2399,1724,2399,1726,2388,1726,2388,1724
2407,3448,2407,3528,2391,3528,2391,3448
2407,3537,2407,3566,2391,3566,2391,3537
2407,3572,2407,3617,2391,3617,2391,3572
2387,1754,2387,1783,2364,1783,2364,1754
2387,1811,2387,1837,2364,1837,2364,1811
2365,3448,2364,3505,2346,3505,2347,3448
2364,3514,2363,3546,2345,3546,2346,3514
2374,855,2374,950,2315,950,2315,855
2318,3447,2318,3526,2302,3526,2302,3447
2230,1644,2260,1644,2260,1684,2230,1684
2282,1644,2318,1644,2318,1684,2282,1684
2272,3444,2272,3487,2255,3487,2255,3444
2272,3492,2272,3562,2255,3562,2255,3492
2272,3566,2272,3631,2255,3631,2255,3566
2238,3329,2238,3355,2226,3355,2226,3329
2228,3447,2228,3513,2207,3513,2207,3447
2228,3519,2228,3586,2207,3586,2207,3519
2228,3590,2228,3662,2207,3662,2207,3590
2228,3665,2228,3681,2207,3681,2207,3665
2228,3687,2228,3724,2207,3724,2207,3687
2198,1943,2227,1943,2227,1982,2198,1982
2254,1943,2283,1943,2283,1982,2254,1982
2113,1988,2168,1988,2168,2020,2113,2020
2125,2021,2178,2021,2178,2052,2125,2052
2177,1571,2177,1626,2152,1626,2152,1571
2179,3444,2179,3513,2164,3513,2164,3444
2179,3519,2179,3522,2164,3522,2164,3519
2179,3531,2179,3553,2164,3553,2164,3531
2179,3558,2179,3604,2164,3604,2164,3558
2142,3318,2142,3349,2107,3349,2107,3318
2134,3447,2134,3487,2119,3487,2119,3447
2134,3491,2134,3494,2119,3494,2119,3491
2134,3494,2134,3558,2119,3558,2119,3494
2134,3566,2134,3625,2119,3625,2119,3566
2088,3447,2088,3525,2071,3525,2071,3447
2088,3532,2088,3536,2071,3536,2071,3532
2088,3537,2088,3541,2071,3541,2071,3537
2088,3542,2088,3602,2071,3602,2071,3542
2074,1756,2070,1814,2035,1811,2039,1753
2043,3448,2043,3499,2025,3499,2025,3448
2043,3503,2043,3520,2025,3520,2025,3503
2043,3527,2043,3574,2025,3574,2025,3527
2043,3583,2043,3587,2025,3587,2025,3583
1998,3448,1998,3500,1981,3500,1981,3448
1998,3504,1998,3520,1981,3520,1981,3504
1998,3526,1998,3574,1981,3574,1981,3526
1998,3581,1998,3585,1981,3585,1981,3581
2297,4069,2297,4592,2219,4592,2219,4069
2297,4637,2297,4808,2219,4808,2219,4637
2217,4046,2217,4435,2155,4435,2155,4046
2217,4474,2217,4531,2155,4531,2155,4474
2217,4585,2217,4602,2155,4602,2155,4585
2217,4644,2217,4830,2155,4830,2155,4644
2157,4210,2157,4341,2099,4341,2099,4210
2157,4393,2157,4409,2099,4409,2099,4393
2157,4458,2157,4521,2099,4521,2099,4458
2157,4570,2157,4586,2099,4586,2099,4570
2157,4611,2157,4627,2099,4627,2099,4611
2157,4641,2157,4657,2099,4657,2099,4641
2063,4006,2063,4155,2023,4155,2023,4006
2063,4192,2063,4203,2023,4203,2023,4192
2063,4233,2063,4375,2023,4375,2023,4233
2068,4728,2068,4755,2017,4755,2017,4728
2068,4761,2068,4775,2017,4775,2017,4761
2068,4778,2068,4815,2017,4815,2017,4778
2068,4835,2068,4873,2017,4873,2017,4835
2013,4003,2013,4172,1975,4172,1975,4003
2013,4203,2013,4239,1975,4239,1975,4203
2015,4720,2015,4750,1975,4750,1975,4720
2015,4763,2015,4774,1975,4774,1975,4763
2015,4777,2015,4813,1975,4813,1975,4777
2015,4833,2015,4871,1975,4871,1975,4833
1964,4004,1964,4170,1922,4170,1922,4004
1964,4202,1964,4241,1922,4241,1922,4202
1964,4745,1964,4756,1922,4756,1922,4745
1964,4762,1964,4773,1922,4773,1922,4762
1964,4772,1964,4811,1922,4811,1922,4772
1964,4832,1964,4871,1922,4871,1922,4832
1920,4006,1920,4044,1869,4044,1869,4006
1920,4065,1920,4143,1869,4143,1869,4065
1916,4711,1916,4759,1873,4759,1873,4711
1916,4760,1916,4772,1873,4772,1873,4760
1916,4775,1916,4814,1873,4814,1873,4775
1916,4832,1916,4871,1873,4871,1873,4832
1861,4006,1858,4075,1824,4073,1827,4004
1865,4740,1865,4751,1825,4751,1825,4740
1865,4760,1865,4771,1825,4771,1825,4760
1865,4775,1865,4811,1825,4811,1825,4775
1865,4830,1865,4875,1825,4875,1825,4830
1810,4004,1810,4056,1775,4056,1775,4004
1820,4745,1820,4759,1769,4759,1769,4745
1820,4760,1820,4774,1769,4774,1769,4760
1820,4782,1820,4810,1769,4810,1769,4782
1820,4830,1820,4877,1769,4877,1769,4830
1762,4005,1762,4250,1725,4250,1725,4005
1764,4744,1764,4755,1722,4755,1722,4744
1764,4762,1764,4773,1722,4773,1722,4762
1764,4770,1764,4816,1722,4816,1722,4770
1764,4831,1764,4870,1722,4870,1722,4831
1722,4006,1722,4159,1685,4159,1685,4006
1722,4194,1722,4310,1685,4310,1685,4194
1683,4000,1683,4191,1645,4191,1645,4000
1705,4693,1705,4749,1662,4749,1662,4693
1705,4753,1705,4765,1662,4765,1662,4753
1705,4765,1705,4813,1662,4813,1662,4765
1705,4833,1705,4873,1662,4873,1662,4833
1641,4009,1641,4192,1605,4192,1605,4009
1646,4742,1646,4753,1604,4753,1604,4742
1646,4760,1646,4771,1604,4771,1604,4760
1646,4780,1646,4810,1604,4810,1604,4780
1646,4834,1646,4873,1604,4873,1604,4834
1583,4003,1583,4160,1543,4160,1543,4003
1583,4189,1583,4312,1543,4312,1543,4189
1583,4341,1583,4508,1543,4508,1543,4341
1586,4708,1586,4750,1540,4750,1540,4708
1586,4753,1586,4766,1540,4766,1540,4753
1586,4762,1586,4812,1540,4812,1540,4762
1586,4836,1586,4870,1540,4870,1540,4836
1894,1776,1894,1842,1876,1842,1876,1776
1875,2053,1875,2111,1835,2111,1835,2053
1826,2058,1827,2066,1796,2070,1795,2062
1828,2076,1829,2084,1798,2088,1797,2080
1829,2087,1833,2122,1802,2125,1798,2091
1721,1944,1759,1943,1760,1977,1722,1978
1785,1943,1794,1943,1795,1977,1786,1977
1682,2354,1636,2354,1636,2291,1682,2291
1635,1750,1635,1784,1613,1784,1613,1750
1635,1810,1635,1838,1613,1838,1613,1810
1606,1839,1606,1920,1581,1920,1581,1839
1599,1979,1599,2033,1576,2033,1576,1979
1469,1054,1469,1148,1435,1148,1435,1054
1433,1057,1433,1092,1395,1092,1395,1057
1433,1095,1433,1105,1395,1105,1395,1095
1433,1103,1433,1139,1395,1139,1395,1103
1433,1157,1433,1167,1395,1167,1395,1157
889,1666,1013,1666,1013,1702,889,1702
980,1848,980,1988,933,1988,933,1848
980,1986,980,2041,933,2041,933,1986
942,1847,945,1874,896,1879,893,1853
945,1876,947,1890,898,1896,896,1882
948,1898,955,1959,906,1964,899,1904
958,1990,960,2004,911,2010,909,1996
888,4006,888,4126,865,4126,865,4006
829,4035,829,4067,804,4067,804,4035
786,4009,786,4015,763,4015,763,4009
786,4026,786,4032,763,4032,763,4026
786,4043,786,4049,763,4049,763,4043
786,4074,786,4080,763,4080,763,4074
786,4079,786,4085,763,4085,763,4079
786,4085,786,4111,763,4111,763,4085
731,1104,731,1231,695,1231,695,1104
829,4161,829,4242,795,4242,795,4161
829,4270,829,4355,795,4355,795,4270
795,4156,793,4276,763,4276,765,4156
793,4302,793,4329,764,4329,764,4302
793,4353,792,4415,762,4415,763,4353
761,4157,761,4258,732,4258,732,4157
761,4281,761,4313,732,4313,732,4281
731,4154,731,4314,702,4314,702,4154
699,4162,699,4318,672,4318,672,4162
699,4337,699,4401,672,4401,672,4337
667,4160,669,4311,646,4311,644,4160
670,4338,670,4344,647,4344,647,4338
643,4155,643,4262,614,4262,614,4155
643,4281,643,4391,614,4391,614,4281
612,4163,612,4168,591,4168,591,4163
612,4168,612,4216,591,4216,591,4168
612,4225,612,4230,591,4230,591,4225
690,1103,691,1112,657,1114,656,1105
691,1117,692,1126,658,1128,657,1119
692,1133,694,1158,660,1160,658,1135
695,1180,696,1189,662,1191,661,1182
826,4556,824,4696,788,4696,790,4556
824,4715,824,4747,788,4747,788,4715
823,4765,822,4869,787,4869,788,4765
790,4556,789,4625,759,4625,760,4556
789,4631,789,4639,760,4639,760,4631
789,4644,788,4753,758,4753,759,4644
740,4448,740,4626,702,4626,702,4448
740,4648,740,4697,702,4697,702,4648
740,4718,740,4831,702,4831,702,4718
707,4450,707,4458,678,4458,678,4450
707,4455,707,4505,678,4505,678,4455
707,4516,707,4524,678,4524,678,4516
707,4532,707,4625,678,4625,678,4532
707,4624,707,4632,678,4632,678,4624
679,4445,679,4479,648,4479,648,4445
679,4499,679,4569,648,4569,648,4499
679,4576,679,4584,648,4584,648,4576
679,4587,679,4660,648,4660,648,4587
651,4445,651,4485,620,4485,620,4445
651,4504,651,4571,620,4571,620,4504
651,4580,651,4588,620,4588,620,4580
651,4596,651,4724,620,4724,620,4596
623,4450,623,4458,591,4457,591,4449
623,4480,620,4691,587,4690,590,4479
583,4471,583,4482,543,4482,543,4471
583,4507,582,4618,541,4618,542,4507
581,4636,581,4674,540,4674,540,4636
580,4697,579,4793,539,4793,540,4697
578,1641,651,1641,651,1660,578,1660
501,1665,501,1681,480,1681,480,1665
431,4022,432,4028,409,4030,408,4024
430,4131,430,4136,409,4136,409,4131
430,4144,430,4149,409,4149,409,4144
430,4153,430,4158,409,4158,409,4153
429,4252,429,4269,409,4269,409,4252
429,4483,429,4508,411,4508,411,4483
253,4054,253,4136,230,4136,230,4054
253,4161,253,4178,230,4178,230,4161
253,4203,253,4254,230,4254,230,4203
253,4272,253,4298,230,4298,230,4272
253,4318,253,4324,230,4324,230,4318
244,4539,244,4642,198,4642,198,4539
244,4680,244,4866,198,4866,198,4680
219,3924,219,3935,177,3935,177,3924
219,3989,219,4000,177,4000,177,3989
219,4036,219,4082,177,4082,177,4036
219,4088,219,4099,177,4099,177,4088
219,4107,219,4161,177,4161,177,4107
219,4174,219,4185,177,4185,177,4174
219,4193,219,4285,177,4285,177,4193
154,4236,154,4315,108,4315,108,4236
154,4333,154,4346,108,4346,108,4333
154,4357,154,4408,108,4408,108,4357
154,4450,154,4528,108,4528,108,4450
151,70,151,138,120,138,120,70
151,160,151,168,120,168,120,160
151,182,151,230,120,230,120,182
151,249,151,444,120,444,120,249
151,465,151,534,120,534,120,465
151,555,151,717,120,717,120,555
151,742,151,750,120,750,120,742
151,758,151,766,120,766,120,758
151,769,151,834,120,834,120,769
151,855,151,1005,120,1005,120,855
151,1028,151,1056,120,1056,120,1028
151,1082,151,1199,120,1199,120,1082
151,1225,151,1274,120,1274,120,1225
151,1291,151,1458,120,1458,120,1291
151,1479,151,1637,120,1637,120,1479
151,1657,151,1692,120,1692,120,1657
151,1708,151,1935,120,1935,120,1708
151,1952,151,2016,120,2016,120,1952
151,2040,151,2080,120,2080,120,2040
151,2104,151,2252,120,2252,120,2104
151,2273,151,2354,120,2354,120,2273
151,2358,151,2366,120,2366,120,2358
151,2380,151,2534,120,2534,120,2380
151,2540,151,2548,120,2548,120,2540
151,2567,151,2693,120,2693,120,2567
151,2694,151,2702,120,2702,120,2694
151,2720,151,2784,120,2784,120,2720
151,2793,151,2801,120,2801,120,2793
151,2807,151,2936,120,2936,120,2807
151,2940,151,2948,120,2948,120,2940
151,2967,151,3007,120,3007,120,2967
151,3028,151,3203,120,3203,120,3028
151,3225,151,3260,120,3260,120,3225
151,3271,151,3392,120,3392,120,3271
151,3419,151,3506,120,3506,120,3419
151,3510,151,3518,120,3518,120,3510
151,3535,151,3574,120,3574,120,3535
121,70,121,205,92,205,92,70
121,232,121,396,92,396,92,232
121,415,121,484,92,484,92,415
121,506,121,522,92,522,92,506
121,543,121,649,92,649,92,543
121,670,121,702,92,702,92,670
121,721,121,742,92,742,92,721
121,763,121,868,92,868,92,763
121,890,121,960,92,960,92,890
121,977,121,1077,92,1077,92,977
121,1099,121,1107,92,1107,92,1099
121,1138,121,1207,92,1207,92,1138
121,1227,121,1341,92,1341,92,1227
121,1345,121,1353,92,1353,92,1345
121,1368,121,1422,92,1422,92,1368
121,1442,121,1578,92,1578,92,1442
121,1601,121,1671,92,1671,92,1601
121,1688,121,1906,92,1906,92,1688
121,1906,121,1914,92,1914,92,1906
121,1926,121,1980,92,1980,92,1926
121,2003,121,2194,92,2194,92,2003
121,2212,121,2244,92,2244,92,2212
121,2267,121,2337,92,2337,92,2267
121,2354,121,2404,92,2404,92,2354
121,2423,121,2547,92,2547,92,2423
121,2548,121,2556,92,2556,92,2548
121,2572,121,2604,92,2604,92,2572
121,2626,121,2783,92,2783,92,2626
121,2809,121,2817,92,2817,92,2809
121,2824,121,2832,92,2832,92,2824
121,2833,121,2883,92,2883,92,2833
121,2902,121,2952,92,2952,92,2902
121,2975,121,3178,92,3178,92,2975
121,3181,121,3189,92,3189,92,3181
121,3205,121,3255,92,3255,92,3205
121,3280,121,3432,92,3432,92,3280
121,3455,121,3523,92,3523,92,3455
121,3542,121,3660,92,3660,92,3542
121,3685,121,3693,92,3693,92,3685
93,76,93,147,62,147,62,76
93,164,93,280,62,280,62,164
93,304,93,339,62,339,62,304
93,360,93,542,62,542,62,360
93,564,93,598,62,598,62,564
93,619,93,705,62,705,62,619
93,708,93,716,62,716,62,708
