3417,3504,3417,3594,3388,3594,3388,3504
3417,3603,3417,3645,3388,3645,3388,3603
3417,3647,3417,3655,3388,3655,3388,3647
3417,3654,3417,3696,3388,3696,3388,3654
3366,3454,3366,3534,3350,3534,3350,3454
3366,3537,3366,3570,3350,3570,3350,3537
3366,3577,3366,3624,3350,3624,3350,3577
3366,3623,3366,3627,3350,3627,3350,3623
3366,3631,3366,3702,3350,3702,3350,3631
3366,3708,3366,3746,3350,3746,3350,3708
3366,3753,3366,3780,3350,3780,3350,3753
3392,4232,3392,4500,3318,4500,3318,4232
3339,4232,3339,4495,3274,4495,3274,4232
3324,3455,3324,3535,3303,3535,3303,3455
3324,3541,3324,3579,3303,3579,3303,3541
3324,3588,3324,3644,3303,3644,3303,3588
3324,3651,3324,3678,3303,3678,3303,3651
3276,3454,3277,3534,3259,3534,3258,3454
3276,3539,3276,3581,3259,3581,3259,3539
3277,3590,3277,3645,3259,3645,3259,3590
3277,3652,3277,3680,3260,3680,3260,3652
3258,1527,3254,1624,3218,1623,3222,1526
3219,1530,3219,1540,3183,1540,3183,1530
3219,1549,3219,1559,3183,1559,3183,1549
3219,1561,3219,1594,3183,1594,3183,1561
3219,1612,3219,1622,3183,1622,3183,1612
3230,3454,3230,3532,3213,3532,3213,3454
3230,3537,3230,3581,3213,3581,3213,3537
3230,3590,3230,3663,3213,3663,3213,3590
3230,3668,3230,3699,3213,3699,3213,3668
3230,3703,3230,3707,3213,3707,3213,3703
3230,3713,3230,3768,3213,3768,3213,3713
3230,3777,3230,3786,3213,3786,3213,3777
3230,3790,3230,3819,3213,3819,3213,3790
3230,3825,3230,3870,3213,3870,3213,3825
3205,1260,3208,1339,3165,1341,3162,1262
3182,3328,3182,3340,3169,3340,3169,3328
3182,3342,3182,3345,3169,3345,3169,3342
3182,3344,3182,3359,3169,3359,3169,3344
3184,3454,3184,3531,3167,3531,3167,3454
3184,3537,3184,3610,3167,3610,3167,3537
3184,3619,3184,3676,3167,3676,3167,3619
3184,3686,3184,3699,3167,3699,3167,3686
3184,3702,3184,3736,3167,3736,3167,3702
3184,3744,3184,3792,3167,3792,3167,3744
3184,3802,3184,3858,3167,3858,3167,3802
3147,3453,3147,3491,3130,3491,3130,3453
3147,3496,3147,3500,3130,3500,3130,3496
3147,3502,3147,3506,3130,3506,3130,3502
3147,3506,3147,3566,3130,3566,3130,3506
3147,3571,3147,3602,3130,3602,3130,3571
3147,3611,3147,3639,3130,3639,3130,3611
3147,3647,3147,3683,3130,3683,3130,3647
3147,3691,3147,3717,3130,3717,3130,3691
3128,3456,3128,3460,3110,3460,3110,3456
3128,3460,3128,3526,3110,3526,3110,3460
3128,3528,3128,3532,3110,3532,3110,3528
3128,3532,3128,3586,3110,3586,3110,3532
3128,3587,3128,3591,3110,3591,3110,3587
3205,4277,3205,4591,3147,4591,3147,4277
3116,4118,3116,4180,3072,4180,3072,4118
3116,4186,3116,4198,3072,4198,3072,4186
3116,4212,3116,4268,3072,4268,3072,4212
3116,4281,3116,4293,3072,4293,3072,4281
3116,4323,3116,4497,3072,4497,3072,4323
3116,4526,3116,4761,3072,4761,3072,4526
3068,4245,3068,4367,3021,4367,3021,4245
3068,4410,3068,4639,3021,4639,3021,4410
3090,3454,3091,3485,3073,3485,3072,3454
3090,3492,3090,3507,3073,3507,3073,3492
3091,3514,3092,3562,3074,3562,3073,3514
3092,3568,3092,3580,3074,3580,3074,3568
3092,3592,3092,3605,3075,3605,3075,3592
3092,3607,3092,3611,3075,3611,3075,3607
3093,3614,3093,3633,3075,3633,3075,3614
3093,3639,3093,3643,3076,3643,3076,3639
3093,3648,3093,3652,3076,3652,3076,3648
3048,3355,3048,3380,3027,3380,3027,3355
3055,3455,3055,3486,3040,3486,3040,3455
3055,3493,3055,3507,3040,3507,3040,3493
3055,3514,3055,3563,3040,3563,3040,3514
3055,3569,3055,3580,3040,3580,3040,3569
3055,3593,3055,3604,3040,3604,3040,3593
3055,3607,3055,3610,3040,3610,3040,3607
3055,3615,3055,3634,3040,3634,3040,3615
3055,3640,3055,3643,3040,3643,3040,3640
3055,3650,3055,3653,3040,3653,3040,3650
3055,3661,3055,3664,3040,3664,3040,3661
3055,3663,3055,3744,3040,3744,3040,3663
3055,3751,3055,3822,3040,3822,3040,3751
3055,3827,3055,3914,3040,3914,3040,3827
3055,3915,3055,3918,3040,3918,3040,3915
3038,3455,3038,3487,3022,3487,3022,3455
3038,3495,3038,3499,3022,3499,3022,3495
3038,3503,3038,3507,3022,3507,3022,3503
3038,3510,3038,3530,3022,3530,3022,3510
3038,3541,3038,3553,3022,3553,3022,3541
3038,3561,3038,3565,3022,3565,3022,3561
3038,3566,3038,3570,3022,3570,3022,3566
3038,3572,3038,3590,3022,3590,3022,3572
3038,3602,3038,3617,3022,3617,3022,3602
3038,3623,3038,3641,3022,3641,3022,3623
3030,1259,3030,1285,3007,1285,3007,1259
3030,1313,3030,1347,3007,1347,3007,1313
2998,1114,2998,1167,2975,1167,2975,1114
3001,3455,3001,3488,2985,3488,2985,3455
3001,3494,3001,3509,2985,3509,2985,3494
3001,3517,3001,3568,2985,3568,2985,3517
3001,3573,3001,3584,2985,3584,2985,3573
3001,3599,3001,3607,2985,3607,2985,3599
3001,3613,3001,3617,2985,3617,2985,3613
3001,3620,3001,3640,2985,3640,2985,3620
3001,3647,3001,3651,2985,3651,2985,3647
3001,3655,3001,3659,2985,3659,2985,3655
3001,3665,3001,3669,2985,3669,2985,3665
3001,3670,3001,3703,2985,3703,2985,3670
3001,3706,3001,3710,2985,3710,2985,3706
3001,3718,3001,3722,2985,3722,2985,3718
3001,3730,3001,3734,2985,3734,2985,3730
3001,3735,3001,3739,2985,3739,2985,3735
3001,3741,3001,3759,2985,3759,2985,3741
3001,3771,3001,3786,2985,3786,2985,3771
3001,3792,3001,3810,2985,3810,2985,3792
2965,1118,2914,1118,2914,1097,2965,1097
2954,3457,2954,3460,2940,3460,2940,3457
2954,3468,2954,3509,2940,3509,2940,3468
2954,3515,2954,3530,2940,3530,2940,3515
2954,3538,2954,3589,2940,3589,2940,3538
2954,3594,2954,3607,2940,3607,2940,3594
2954,3620,2954,3630,2940,3630,2940,3620
2954,3634,2954,3637,2940,3637,2940,3634
2954,3641,2954,3661,2940,3661,2940,3641
2954,3667,2954,3670,2940,3670,2940,3667
2954,3676,2954,3679,2940,3679,2940,3676
2954,3686,2954,3689,2940,3689,2940,3686
2954,3691,2954,3723,2940,3723,2940,3691
2954,3727,2954,3730,2940,3730,2940,3727
2954,3737,2954,3740,2940,3740,2940,3737
2954,3751,2954,3754,2940,3754,2940,3751
2954,3757,2954,3760,2940,3760,2940,3757
2954,3762,2954,3782,2940,3782,2940,3762
2954,3793,2954,3806,2940,3806,2940,3793
2954,3813,2954,3831,2940,3831,2940,3813
2910,3356,2910,3394,2892,3394,2892,3356
2909,3454,2909,3488,2892,3488,2892,3454
2909,3493,2909,3509,2892,3509,2892,3493
2910,3516,2910,3569,2892,3569,2892,3516
2910,3571,2910,3587,2893,3587,2893,3571
2910,3597,2910,3609,2893,3609,2893,3597
2910,3612,2910,3616,2893,3616,2893,3612
2910,3620,2910,3642,2893,3642,2893,3620
2910,3646,2910,3650,2893,3650,2893,3646
2910,3655,2910,3659,2893,3659,2893,3655
2910,3666,2910,3708,2893,3708,2893,3666
2910,3713,2910,3743,2893,3743,2893,3713
2911,3753,2911,3757,2894,3757,2894,3753
2911,3765,2911,3769,2894,3769,2894,3765
2911,3771,2911,3775,2894,3775,2894,3771
2911,3775,2911,3795,2894,3795,2894,3775
2911,3808,2911,3821,2894,3821,2894,3808
2911,3827,2911,3845,2894,3845,2894,3827
2863,3455,2863,3485,2847,3485,2847,3455
2863,3491,2863,3508,2847,3508,2847,3491
2863,3514,2863,3564,2847,3564,2847,3514
2863,3569,2863,3581,2847,3581,2847,3569
2863,3593,2863,3604,2847,3604,2847,3593
2863,3607,2863,3611,2847,3611,2847,3607
2863,3614,2863,3634,2847,3634,2847,3614
2863,3639,2863,3643,2847,3643,2847,3639
2863,3649,2863,3653,2847,3653,2847,3649
2863,3663,2863,3712,2847,3712,2847,3663
2819,3455,2819,3488,2803,3488,2803,3455
2819,3493,2819,3510,2803,3510,2803,3493
2819,3516,2819,3568,2803,3568,2803,3516
2819,3571,2819,3586,2803,3586,2803,3571
2819,3596,2819,3619,2803,3619,2803,3596
2819,3624,2819,3628,2803,3628,2803,3624
2819,3634,2819,3638,2803,3638,2803,3634
2819,3644,2819,3686,2803,3686,2803,3644
2819,3693,2819,3734,2803,3734,2803,3693
2819,3740,2819,3752,2803,3752,2803,3740
2819,3759,2819,3805,2803,3805,2803,3759
2774,3456,2774,3487,2756,3487,2756,3456
2774,3496,2774,3509,2756,3509,2756,3496
2774,3516,2774,3568,2756,3568,2756,3516
2774,3574,2774,3648,2756,3648,2756,3574
2774,3654,2774,3658,2756,3658,2756,3654
2774,3658,2774,3688,2756,3688,2756,3658
2774,3694,2774,3731,2756,3731,2756,3694
2774,3738,2774,3754,2756,3754,2756,3738
2774,3757,2774,3761,2756,3761,2756,3757
2774,3765,2774,3779,2756,3779,2756,3765
2774,3781,2774,3785,2756,3785,2756,3781
2774,3789,2774,3827,2756,3827,2756,3789
2774,3831,2774,3835,2756,3835,2756,3831
2810,652,2810,663,2771,665,2770,654
2813,722,2813,733,2774,735,2773,724
2815,758,2815,769,2776,771,2775,760
2769,672,2769,760,2731,760,2731,672
2736,632,2736,666,2689,666,2689,632
2736,724,2736,737,2689,737,2689,724
2742,1403,2743,1412,2708,1415,2707,1406
2744,1606,2744,1742,2710,1742,2710,1606
2744,1765,2744,1802,2710,1802,2710,1765
2728,3453,2728,3496,2711,3496,2711,3453
2728,3502,2728,3518,2711,3518,2711,3502
2728,3524,2728,3574,2711,3574,2711,3524
2728,3579,2728,3623,2711,3623,2711,3579
2728,3635,2728,3673,2711,3673,2711,3635
2728,3676,2728,3680,2711,3680,2711,3676
2728,3688,2728,3700,2711,3700,2711,3688
2728,3712,2728,3725,2711,3725,2711,3712
2728,3727,2728,3731,2711,3731,2711,3727
2728,3732,2728,3754,2711,3754,2711,3732
2728,3757,2728,3761,2711,3761,2711,3757
2728,3766,2728,3770,2711,3770,2711,3766
2728,3778,2728,3805,2711,3805,2711,3778
2728,3810,2728,3861,2711,3861,2711,3810
2728,3867,2728,3924,2711,3924,2711,3867
2743,835,2743,941,2709,941,2709,835
2743,949,2743,958,2709,958,2709,949
2743,968,2743,1069,2709,1069,2709,968
2708,836,2708,859,2666,859,2666,836
2708,866,2708,877,2666,877,2666,866
2708,882,2708,948,2666,948,2666,882
2714,1611,2712,1624,2666,1618,2667,1606
2712,1626,2710,1639,2664,1633,2665,1621
2709,1646,2706,1669,2660,1663,2662,1641
2705,1687,2703,1700,2657,1694,2658,1682
2684,3455,2684,3486,2668,3486,2668,3455
2684,3494,2684,3509,2668,3509,2668,3494
2684,3517,2684,3566,2668,3566,2668,3517
2684,3572,2684,3616,2668,3616,2668,3572
2684,3625,2684,3640,2668,3640,2668,3625
2684,3652,2684,3660,2668,3660,2668,3652
2684,3665,2684,3669,2668,3669,2668,3665
2684,3672,2684,3693,2668,3693,2668,3672
2684,3699,2684,3703,2668,3703,2668,3699
2684,3710,2684,3714,2668,3714,2668,3710
2684,3722,2684,3813,2668,3813,2668,3722
2684,3819,2684,3886,2668,3886,2668,3819
2635,3453,2635,3487,2620,3487,2620,3453
2635,3493,2635,3510,2620,3510,2620,3493
2635,3517,2635,3611,2620,3611,2620,3517
2635,3617,2635,3650,2620,3650,2620,3617
2592,3365,2591,3386,2580,3385,2581,3364
2592,3456,2592,3537,2576,3537,2576,3456
2592,3546,2592,3610,2575,3610,2575,3546
2591,3617,2591,3621,2575,3621,2575,3617
2591,3620,2591,3653,2575,3653,2575,3620
2591,3656,2591,3660,2575,3660,2575,3656
2591,3665,2591,3694,2575,3694,2575,3665
2591,3699,2591,3703,2575,3703,2575,3699
2591,3708,2591,3771,2575,3771,2575,3708
2590,3772,2590,3776,2574,3776,2574,3772
2590,3779,2590,3810,2574,3810,2574,3779
2590,3814,2590,3862,2574,3862,2574,3814
2590,3863,2590,3867,2574,3867,2574,3863
2590,3867,2590,3871,2574,3871,2574,3867
2590,3870,2590,3874,2574,3874,2574,3870
2590,3875,2590,3879,2574,3879,2574,3875
2544,3454,2544,3537,2528,3537,2528,3454
2544,3545,2544,3575,2528,3575,2528,3545
2544,3580,2544,3623,2528,3623,2528,3580
2500,3455,2498,3533,2483,3533,2485,3455
2455,3453,2455,3493,2438,3493,2438,3453
2455,3501,2455,3571,2438,3571,2438,3501
2455,3575,2455,3641,2438,3641,2438,3575
2421,3337,2422,3364,2411,3364,2410,3337
2407,3454,2407,3520,2390,3520,2390,3454
2407,3527,2407,3594,2390,3594,2390,3527
2407,3599,2407,3672,2390,3672,2390,3599
2407,3674,2407,3690,2390,3690,2390,3674
2407,3694,2407,3732,2390,3732,2390,3694
2359,3305,2359,3308,2344,3308,2344,3305
2363,3454,2363,3519,2347,3519,2347,3454
2363,3527,2363,3531,2347,3531,2347,3527
2363,3540,2363,3561,2347,3561,2347,3540
2363,3567,2363,3614,2347,3614,2347,3567
2344,817,2344,859,2312,859,2312,817
2341,894,2334,998,2310,996,2317,892
2323,3328,2323,3373,2291,3373,2291,3328
2318,3456,2318,3496,2302,3496,2302,3456
2318,3498,2318,3502,2302,3502,2302,3498
2318,3501,2318,3566,2302,3566,2302,3501
2318,3573,2318,3634,2302,3634,2302,3573
2270,3457,2271,3534,2252,3534,2251,3457
2270,3540,2270,3544,2252,3544,2252,3540
2270,3546,2270,3550,2252,3550,2252,3546
2271,3551,2272,3610,2253,3610,2252,3551
2226,3454,2226,3508,2209,3508,2209,3454
2226,3512,2226,3528,2209,3528,2209,3512
2226,3534,2226,3583,2209,3583,2209,3534
2226,3591,2226,3595,2209,3595,2209,3591
2191,1431,2200,1431,2201,1465,2192,1465
2216,1401,2216,1414,2165,1414,2165,1401
2216,1553,2216,1613,2165,1613,2165,1553
2216,1634,2216,1663,2165,1663,2165,1634
2216,1701,2216,1777,2165,1777,2165,1701
2296,4074,2296,4596,2222,4596,2222,4074
2296,4644,2296,4805,2222,4805,2222,4644
2217,4046,2217,4435,2155,4435,2155,4046
2217,4474,2217,4531,2155,4531,2155,4474
2217,4585,2217,4602,2155,4602,2155,4585
2217,4644,2217,4836,2155,4836,2155,4644
2157,4207,2157,4339,2099,4339,2099,4207
2157,4391,2157,4407,2099,4407,2099,4391
2157,4456,2157,4519,2099,4519,2099,4456
2157,4568,2157,4584,2099,4584,2099,4568
2157,4609,2157,4625,2099,4625,2099,4609
2157,4645,2157,4661,2099,4661,2099,4645
2179,3455,2179,3507,2164,3507,2164,3455
2179,3511,2179,3527,2164,3527,2164,3511
2179,3534,2179,3582,2164,3582,2164,3534
2179,3590,2179,3593,2164,3593,2164,3590
2149,638,2149,739,2116,739,2116,638
2135,3453,2135,3506,2117,3506,2117,3453
2135,3513,2135,3526,2117,3526,2117,3513
2135,3533,2135,3580,2117,3580,2117,3533
2042,1434,2073,1433,2074,1468,2043,1469
2098,1433,2129,1432,2130,1466,2099,1467
2138,1089,2066,1089,2066,1058,2138,1058
2028,1089,2020,1089,2020,1058,2028,1058
2086,659,1970,659,1970,637,2086,637
1961,659,1956,659,1956,637,1961,637
1948,1732,2000,1733,1999,1763,1947,1762
2025,1734,2126,1737,2125,1767,2024,1764
1991,1883,1992,1891,1962,1893,1961,1885
1992,1892,1993,1900,1963,1902,1962,1894
1993,1909,1995,1936,1965,1938,1963,1911
1997,1957,1998,1965,1968,1967,1967,1959
1915,1816,1969,1816,1969,1837,1915,1837
1927,2057,1927,2066,1892,2068,1892,2059
1928,2089,1928,2098,1893,2100,1893,2091
1930,2122,1930,2131,1895,2133,1895,2124
1892,1354,1890,1406,1868,1405,1870,1353
1811,1566,1811,1631,1794,1631,1794,1566
1712,1725,1744,1726,1743,1756,1711,1755
1766,1727,1798,1728,1797,1758,1765,1757
1815,1729,1825,1729,1824,1758,1814,1758
2063,4006,2063,4152,2025,4152,2025,4006
2063,4193,2063,4203,2025,4203,2025,4193
2063,4234,2063,4374,2025,4374,2025,4234
2013,4003,2013,4172,1975,4172,1975,4003
2013,4203,2013,4239,1975,4239,1975,4203
1963,4003,1963,4172,1925,4172,1925,4003
1963,4203,1963,4239,1925,4239,1925,4203
1910,4001,1910,4172,1876,4172,1876,4001
1910,4200,1910,4244,1876,4244,1876,4200
1859,4005,1859,4143,1825,4143,1825,4005
1814,4007,1814,4070,1774,4070,1774,4007
1814,4103,1814,4139,1774,4139,1774,4103
1759,4003,1760,4068,1724,4069,1723,4004
1760,4102,1761,4140,1726,4140,1725,4102
1761,4181,1761,4190,1726,4190,1726,4181
1762,4221,1763,4273,1727,4274,1726,4222
1712,4002,1712,4056,1675,4056,1675,4002
1661,4004,1661,4251,1625,4251,1625,4004
1622,4007,1622,4159,1587,4159,1587,4007
1622,4190,1622,4310,1587,4310,1587,4190
1581,3999,1581,4189,1547,4189,1547,3999
1541,4004,1541,4141,1507,4141,1507,4004
1489,3997,1489,4134,1457,4134,1457,3997
1446,4011,1446,4194,1404,4194,1404,4011
1446,4231,1446,4242,1404,4242,1404,4231
1446,4257,1446,4268,1404,4268,1404,4257
1446,4279,1446,4290,1404,4290,1404,4279
1388,4006,1388,4157,1337,4157,1337,4006
1388,4195,1388,4313,1337,4313,1337,4195
1388,4339,1388,4512,1337,4512,1337,4339
2063,4728,2064,4749,2024,4750,2023,4729
2063,4759,2063,4770,2023,4771,2023,4760
2064,4779,2065,4808,2025,4809,2024,4780
2065,4834,2066,4872,2026,4873,2025,4835
2014,4725,2014,4755,1972,4755,1972,4725
2014,4765,2014,4776,1972,4776,1972,4765
2014,4774,2014,4813,1972,4813,1972,4774
2014,4835,2014,4873,1972,4873,1972,4835
1965,4742,1965,4753,1925,4753,1925,4742
1965,4762,1965,4773,1925,4773,1925,4762
1965,4776,1965,4813,1925,4813,1925,4776
1965,4834,1965,4870,1925,4870,1925,4834
1920,4739,1920,4753,1869,4753,1869,4739
1920,4760,1920,4774,1869,4774,1869,4760
1920,4775,1920,4812,1869,4812,1869,4775
1920,4830,1920,4877,1869,4877,1869,4830
1865,4719,1865,4763,1825,4763,1825,4719
1865,4769,1865,4780,1825,4780,1825,4769
1865,4786,1865,4807,1825,4807,1825,4786
1865,4830,1865,4875,1825,4875,1825,4830
1820,4741,1820,4755,1769,4755,1769,4741
1820,4762,1820,4776,1769,4776,1769,4762
1820,4776,1820,4814,1769,4814,1769,4776
1820,4831,1820,4878,1769,4878,1769,4831
1763,4738,1763,4748,1727,4748,1727,4738
1763,4760,1763,4770,1727,4770,1727,4760
1763,4771,1763,4811,1727,4811,1727,4771
1763,4835,1763,4869,1727,4869,1727,4835
1715,4744,1715,4754,1677,4755,1677,4745
1715,4760,1715,4770,1677,4771,1677,4761
1716,4777,1717,4811,1678,4812,1677,4778
1717,4835,1718,4871,1680,4872,1679,4836
1667,4739,1667,4749,1629,4749,1629,4739
1667,4763,1667,4773,1629,4773,1629,4763
1667,4776,1667,4811,1629,4811,1629,4776
1667,4834,1667,4868,1629,4868,1629,4834
1605,4702,1605,4750,1561,4750,1561,4702
1605,4752,1605,4764,1561,4764,1561,4752
1605,4765,1605,4813,1561,4813,1561,4765
1605,4834,1605,4874,1561,4874,1561,4834
1545,4741,1545,4752,1505,4753,1505,4742
1545,4761,1545,4772,1505,4773,1505,4762
1546,4776,1547,4812,1507,4813,1506,4777
1547,4832,1548,4870,1508,4871,1507,4833
1500,4739,1500,4752,1453,4752,1453,4739
1500,4763,1500,4776,1453,4776,1453,4763
1500,4781,1500,4815,1453,4815,1453,4781
1500,4835,1500,4848,1453,4848,1453,4835
1500,4859,1500,4872,1453,4872,1453,4859
1447,4724,1447,4761,1407,4761,1407,4724
1447,4759,1447,4770,1407,4770,1407,4759
1447,4771,1447,4816,1407,4816,1407,4771
1447,4835,1447,4871,1407,4871,1407,4835
1385,4682,1386,4737,1342,4738,1341,4683
1386,4751,1386,4763,1343,4764,1343,4752
1387,4770,1388,4810,1344,4811,1343,4771
1388,4832,1389,4871,1346,4872,1345,4833
1682,1824,1628,1824,1628,1803,1682,1803
1637,1724,1645,1724,1644,1753,1636,1753
1598,1455,1604,1455,1603,1478,1597,1478
1607,1541,1607,1573,1586,1573,1586,1541
1607,1598,1607,1630,1586,1630,1586,1598
1608,2275,1608,2306,1584,2306,1584,2275
1608,2330,1608,2361,1584,2361,1584,2330
1639,2866,1639,3006,1603,3006,1603,2866
1639,3028,1639,3062,1603,3062,1603,3028
1601,2868,1601,2901,1565,2901,1565,2868
1601,2903,1601,2913,1565,2913,1565,2903
1601,2913,1601,2945,1565,2945,1565,2913
1601,2966,1601,2976,1565,2976,1565,2966
1565,1693,1511,1693,1511,1672,1565,1672
1433,1616,1433,1668,1393,1668,1393,1616
1433,1694,1433,1732,1393,1732,1393,1694
1393,1619,1393,1630,1353,1630,1353,1619
1393,1636,1393,1647,1353,1647,1353,1636
1393,1648,1393,1683,1353,1683,1353,1648
1393,1701,1393,1712,1353,1712,1353,1701
1259,834,1259,930,1223,930,1223,834
1221,833,1221,872,1185,872,1185,833
1221,869,1221,879,1185,879,1185,869
1221,879,1221,929,1185,929,1185,879
1221,929,1221,939,1185,939,1185,929
1148,2009,1127,2142,1095,2137,1116,2004
1142,2777,1143,2786,1109,2791,1107,2782
1164,3411,1164,3418,1093,3418,1093,3411
1123,2580,1123,2639,1094,2639,1094,2580
1122,2650,1123,2659,1089,2664,1087,2655
918,1431,950,1431,950,1452,918,1452
978,1431,983,1431,983,1452,978,1452
905,4006,905,4123,883,4123,883,4006
849,4034,849,4071,815,4071,815,4034
803,4007,803,4017,767,4017,767,4007
803,4025,803,4035,767,4035,767,4025
803,4044,803,4054,767,4054,767,4044
803,4073,803,4083,767,4083,767,4073
803,4081,803,4091,767,4091,767,4081
803,4087,803,4114,767,4114,767,4087
809,1437,693,1437,693,1415,809,1415
684,1437,679,1437,679,1415,684,1415
762,1697,762,1833,722,1833,722,1697
762,1854,762,1899,722,1899,722,1854
849,4163,849,4245,815,4245,815,4163
849,4268,849,4357,815,4357,815,4268
851,4551,851,4692,815,4692,815,4551
851,4712,851,4744,815,4744,815,4712
851,4768,851,4866,815,4866,815,4768
804,4157,805,4277,771,4277,770,4157
805,4301,805,4331,772,4331,772,4301
806,4357,807,4419,773,4419,772,4357
807,4551,808,4620,775,4620,774,4551
808,4630,808,4639,775,4639,775,4630
808,4641,809,4754,776,4754,775,4641
762,4161,762,4261,727,4261,727,4161
762,4283,762,4315,727,4315,727,4283
727,4156,727,4312,704,4312,704,4156
737,4433,737,4612,708,4612,708,4433
737,4635,737,4685,708,4685,708,4635
737,4704,737,4817,708,4817,708,4704
701,4158,701,4316,672,4316,672,4158
701,4339,701,4403,672,4403,672,4339
707,4437,707,4445,678,4445,678,4437
707,4446,707,4492,678,4492,678,4446
707,4506,707,4514,678,4514,678,4506
707,4518,707,4617,678,4617,678,4518
671,4161,671,4314,644,4314,644,4161
671,4340,671,4347,644,4347,644,4340
679,4433,679,4467,648,4467,648,4433
679,4487,679,4555,648,4555,648,4487
679,4564,679,4572,648,4572,648,4564
679,4575,679,4648,648,4648,648,4575
643,4156,643,4262,616,4262,616,4156
643,4282,643,4391,616,4391,616,4282
651,4432,651,4471,620,4471,620,4432
651,4494,651,4558,620,4558,620,4494
651,4570,651,4578,620,4578,620,4570
651,4581,651,4711,620,4711,620,4581
613,4162,613,4168,590,4168,590,4162
613,4171,613,4217,590,4217,590,4171
613,4226,613,4232,590,4232,590,4226
622,4436,622,4445,587,4444,587,4435
622,4468,619,4682,583,4681,586,4467
580,4440,580,4474,543,4474,543,4440
580,4495,580,4607,543,4607,543,4495
580,4626,580,4660,543,4660,543,4626
580,4680,580,4784,543,4784,543,4680
481,1108,481,1208,447,1208,447,1108
445,1114,445,1124,409,1124,409,1114
445,1129,445,1139,409,1139,409,1129
445,1146,445,1173,409,1173,409,1146
445,1192,445,1202,409,1202,409,1192
431,4022,432,4028,409,4030,408,4024
431,4132,431,4137,410,4137,410,4132
431,4143,431,4148,410,4148,410,4143
431,4152,431,4157,410,4157,410,4152
429,4252,429,4269,409,4269,409,4252
429,4483,429,4508,411,4508,411,4483
219,3929,219,3940,177,3940,177,3929
257,4057,257,4136,225,4136,225,4057
257,4159,257,4183,225,4183,225,4159
257,4206,257,4255,225,4255,225,4206
257,4275,257,4298,225,4298,225,4275
257,4315,257,4323,225,4323,225,4315
244,4539,244,4642,198,4642,198,4539
244,4680,244,4866,198,4866,198,4680
219,3993,219,4004,177,4004,177,3993
219,4048,219,4078,177,4078,177,4048
219,4101,219,4112,177,4112,177,4101
219,4122,219,4168,177,4168,177,4122
219,4170,219,4181,177,4181,177,4170
219,4193,219,4285,177,4285,177,4193
154,4236,154,4315,108,4315,108,4236
154,4333,154,4346,108,4346,108,4333
154,4357,154,4408,108,4408,108,4357
154,4450,154,4528,108,4528,108,4450
151,68,151,136,122,136,122,68
151,159,151,167,122,167,122,159
151,183,151,233,122,233,122,183
151,248,151,444,122,444,122,248
151,466,151,531,122,531,122,466
151,553,151,719,122,719,122,553
151,744,151,752,122,752,122,744
151,756,151,764,122,764,122,756
151,764,151,830,122,830,122,764
151,852,151,1007,122,1007,122,852
151,1027,151,1054,122,1054,122,1027
151,1080,151,1201,122,1201,122,1080
151,1228,151,1274,122,1274,122,1228
151,1292,151,1453,122,1453,122,1292
151,1482,151,1638,122,1638,122,1482
151,1655,151,1692,122,1692,122,1655
151,1711,151,1935,122,1935,122,1711
151,1953,151,2018,122,2018,122,1953
151,2040,151,2081,122,2081,122,2040
151,2106,151,2249,122,2249,122,2106
151,2272,151,2351,122,2351,122,2272
151,2355,151,2363,122,2363,122,2355
151,2379,151,2538,122,2538,122,2379
151,2538,151,2546,122,2546,122,2538
151,2566,151,2690,122,2690,122,2566
151,2694,151,2702,122,2702,122,2694
151,2722,151,2786,122,2786,122,2722
151,2793,151,2801,122,2801,122,2793
151,2806,151,2936,122,2936,122,2806
151,2937,151,2945,122,2945,122,2937
151,2964,151,3005,122,3005,122,2964
151,3027,151,3202,122,3202,122,3027
151,3221,151,3258,122,3258,122,3221
151,3272,151,3391,122,3391,122,3272
151,3415,151,3507,122,3507,122,3415
151,3510,151,3518,122,3518,122,3510
151,3534,151,3575,122,3575,122,3534
121,70,121,205,92,205,92,70
121,232,121,396,92,396,92,232
121,415,121,484,92,484,92,415
121,506,121,522,92,522,92,506
121,543,121,649,92,649,92,543
121,670,121,702,92,702,92,670
121,721,121,742,92,742,92,721
121,763,121,868,92,868,92,763
121,890,121,960,92,960,92,890
121,977,121,1077,92,1077,92,977
121,1099,121,1107,92,1107,92,1099
121,1138,121,1207,92,1207,92,1138
121,1227,121,1341,92,1341,92,1227
121,1345,121,1353,92,1353,92,1345
121,1368,121,1422,92,1422,92,1368
121,1442,121,1578,92,1578,92,1442
121,1601,121,1671,92,1671,92,1601
121,1688,121,1906,92,1906,92,1688
121,1906,121,1914,92,1914,92,1906
121,1926,121,1980,92,1980,92,1926
121,2003,121,2194,92,2194,92,2003
121,2212,121,2244,92,2244,92,2212
121,2267,121,2337,92,2337,92,2267
121,2354,121,2404,92,2404,92,2354
121,2423,121,2547,92,2547,92,2423
121,2548,121,2556,92,2556,92,2548
121,2572,121,2604,92,2604,92,2572
121,2626,121,2783,92,2783,92,2626
121,2809,121,2817,92,2817,92,2809
121,2824,121,2832,92,2832,92,2824
121,2833,121,2883,92,2883,92,2833
121,2902,121,2952,92,2952,92,2902
121,2975,121,3178,92,3178,92,2975
121,3181,121,3189,92,3189,92,3181
121,3205,121,3255,92,3255,92,3205
121,3280,121,3432,92,3432,92,3280
121,3455,121,3523,92,3523,92,3455
121,3542,121,3660,92,3660,92,3542
121,3685,121,3693,92,3693,92,3685
93,76,93,147,62,147,62,76
93,164,93,280,62,280,62,164
93,304,93,339,62,339,62,304
93,360,93,542,62,542,62,360
93,564,93,598,62,598,62,564
93,619,93,705,62,705,62,619
93,708,93,716,62,716,62,708
