3417,3512,3417,3600,3386,3600,3386,3512
3417,3612,3417,3652,3386,3652,3386,3612
3417,3658,3417,3666,3386,3666,3386,3658
3417,3662,3417,3706,3386,3706,3386,3662
3367,3461,3367,3542,3349,3542,3349,3461
3367,3545,3367,3580,3349,3580,3349,3545
3367,3584,3367,3631,3349,3631,3349,3584
3367,3632,3367,3636,3349,3636,3349,3632
3367,3640,3367,3711,3349,3711,3349,3640
3367,3717,3367,3755,3349,3755,3349,3717
3367,3761,3367,3789,3349,3789,3349,3761
3392,4232,3392,4500,3318,4500,3318,4232
3340,4229,3340,4499,3270,4499,3270,4229
3321,3461,3321,3542,3304,3542,3304,3461
3321,3548,3321,3588,3304,3588,3304,3548
3321,3595,3321,3652,3304,3652,3304,3595
3321,3657,3321,3686,3304,3686,3304,3657
3275,3462,3275,3541,3259,3541,3259,3462
3275,3546,3275,3587,3259,3587,3259,3546
3275,3597,3275,3654,3259,3654,3259,3597
3275,3658,3275,3688,3259,3688,3259,3658
3230,3462,3230,3540,3213,3540,3213,3462
3230,3545,3230,3589,3213,3589,3213,3545
3230,3596,3230,3671,3213,3671,3213,3596
3230,3676,3230,3707,3213,3707,3213,3676
3230,3711,3230,3715,3213,3715,3213,3711
3230,3721,3230,3777,3213,3777,3213,3721
3230,3785,3230,3794,3213,3794,3213,3785
3230,3798,3230,3827,3213,3827,3213,3798
3230,3833,3230,3878,3213,3878,3213,3833
3182,3336,3182,3348,3169,3348,3169,3336
3182,3350,3182,3353,3169,3353,3169,3350
3182,3352,3182,3367,3169,3367,3169,3352
3184,3463,3184,3541,3167,3541,3167,3463
3184,3547,3184,3619,3167,3619,3167,3547
3184,3626,3184,3686,3167,3686,3167,3626
3184,3693,3184,3705,3167,3705,3167,3693
3184,3711,3184,3745,3167,3745,3167,3711
3184,3753,3184,3799,3167,3799,3167,3753
3184,3809,3184,3868,3167,3868,3167,3809
3147,3462,3147,3499,3129,3499,3129,3462
3147,3503,3147,3507,3129,3507,3129,3503
3147,3511,3147,3515,3129,3515,3129,3511
3147,3517,3147,3575,3129,3575,3129,3517
3147,3581,3147,3612,3129,3612,3129,3581
3147,3620,3147,3649,3129,3649,3129,3620
3147,3654,3147,3691,3129,3691,3129,3654
3147,3699,3147,3725,3129,3725,3129,3699
3128,3463,3128,3467,3110,3467,3110,3463
3128,3467,3128,3533,3110,3533,3110,3467
3128,3535,3128,3539,3110,3539,3110,3535
3128,3540,3128,3593,3110,3593,3110,3540
3128,3596,3128,3600,3110,3600,3110,3596
3205,4277,3205,4591,3147,4591,3147,4277
3116,4118,3116,4180,3072,4180,3072,4118
3116,4186,3116,4198,3072,4198,3072,4186
3116,4212,3116,4268,3072,4268,3072,4212
3116,4281,3116,4293,3072,4293,3072,4281
3116,4323,3116,4497,3072,4497,3072,4323
3116,4526,3116,4761,3072,4761,3072,4526
3068,4245,3068,4367,3021,4367,3021,4245
3068,4410,3068,4639,3021,4639,3021,4410
3090,3462,3091,3493,3073,3493,3072,3462
3090,3500,3090,3515,3073,3515,3073,3500
3091,3522,3092,3573,3074,3573,3073,3522
3092,3576,3092,3588,3074,3588,3074,3576
3092,3600,3092,3613,3075,3613,3075,3600
3092,3615,3092,3619,3075,3619,3075,3615
3093,3622,3093,3644,3075,3644,3075,3622
3093,3647,3093,3651,3076,3651,3076,3647
3093,3656,3093,3660,3076,3660,3076,3656
3047,3365,3047,3387,3029,3387,3029,3365
3057,3461,3057,3494,3040,3494,3040,3461
3057,3502,3057,3516,3040,3516,3040,3502
3057,3522,3057,3572,3040,3572,3040,3522
3056,3578,3056,3588,3039,3588,3039,3578
3056,3602,3056,3610,3039,3610,3039,3602
3056,3614,3056,3618,3039,3618,3039,3614
3056,3622,3056,3644,3039,3644,3039,3622
3056,3648,3056,3652,3039,3652,3039,3648
3056,3657,3056,3661,3039,3661,3039,3657
3056,3668,3056,3672,3039,3672,3039,3668
3056,3672,3056,3752,3039,3752,3039,3672
3056,3760,3056,3829,3038,3829,3038,3760
3055,3836,3055,3922,3038,3922,3038,3836
3055,3924,3055,3928,3038,3928,3038,3924
3038,3463,3038,3495,3022,3495,3022,3463
3038,3503,3038,3507,3022,3507,3022,3503
3038,3511,3038,3515,3022,3515,3022,3511
3038,3518,3038,3538,3022,3538,3022,3518
3038,3549,3038,3561,3022,3561,3022,3549
3038,3569,3038,3573,3022,3573,3022,3569
3038,3574,3038,3578,3022,3578,3022,3574
3038,3580,3038,3598,3022,3598,3022,3580
3038,3610,3038,3625,3022,3625,3022,3610
3038,3631,3038,3649,3022,3649,3022,3631
3001,3463,3001,3496,2985,3496,2985,3463
3001,3502,3001,3517,2985,3517,2985,3502
3001,3525,3001,3576,2985,3576,2985,3525
3001,3581,3001,3592,2985,3592,2985,3581
3001,3607,3001,3615,2985,3615,2985,3607
3001,3621,3001,3625,2985,3625,2985,3621
3001,3628,3001,3648,2985,3648,2985,3628
3001,3655,3001,3659,2985,3659,2985,3655
3001,3663,3001,3667,2985,3667,2985,3663
3001,3673,3001,3677,2985,3677,2985,3673
3001,3678,3001,3711,2985,3711,2985,3678
3001,3714,3001,3718,2985,3718,2985,3714
3001,3726,3001,3730,2985,3730,2985,3726
3001,3738,3001,3742,2985,3742,2985,3738
3001,3743,3001,3747,2985,3747,2985,3743
3001,3749,3001,3767,2985,3767,2985,3749
3001,3779,3001,3794,2985,3794,2985,3779
3001,3800,3001,3818,2985,3818,2985,3800
2957,3465,2957,3469,2940,3469,2940,3465
2957,3476,2957,3516,2940,3516,2940,3476
2957,3523,2957,3539,2940,3539,2940,3523
2957,3546,2957,3596,2939,3596,2939,3546
2956,3600,2956,3616,2939,3616,2939,3600
2956,3627,2956,3640,2939,3640,2939,3627
2956,3642,2956,3646,2939,3646,2939,3642
2956,3649,2956,3671,2939,3671,2939,3649
2956,3674,2956,3678,2939,3678,2939,3674
2956,3683,2956,3687,2939,3687,2939,3683
2956,3694,2956,3698,2939,3698,2939,3694
2956,3698,2956,3731,2939,3731,2939,3698
2956,3735,2956,3739,2939,3739,2939,3735
2955,3746,2955,3750,2938,3750,2938,3746
2955,3759,2955,3763,2938,3763,2938,3759
2955,3764,2955,3768,2938,3768,2938,3764
2955,3772,2955,3788,2938,3788,2938,3772
2955,3801,2955,3813,2938,3813,2938,3801
2955,3821,2955,3840,2938,3840,2938,3821
2910,3363,2910,3404,2892,3404,2892,3363
2909,3463,2909,3496,2894,3496,2894,3463
2909,3503,2909,3517,2894,3517,2894,3503
2909,3524,2909,3576,2894,3576,2894,3524
2909,3580,2909,3594,2894,3594,2894,3580
2909,3606,2909,3617,2894,3617,2894,3606
2909,3619,2909,3622,2894,3622,2894,3619
2909,3626,2909,3648,2894,3648,2894,3626
2909,3655,2909,3658,2894,3658,2894,3655
2909,3664,2909,3667,2894,3667,2894,3664
2909,3676,2909,3717,2894,3717,2894,3676
2909,3722,2909,3750,2894,3750,2894,3722
2909,3760,2909,3763,2894,3763,2894,3760
2909,3773,2909,3776,2894,3776,2894,3773
2909,3778,2909,3781,2894,3781,2894,3778
2909,3783,2909,3803,2894,3803,2894,3783
2909,3815,2909,3826,2894,3826,2894,3815
2909,3834,2909,3853,2894,3853,2894,3834
2865,3463,2865,3495,2846,3495,2846,3463
2865,3500,2865,3517,2846,3517,2846,3500
2865,3524,2865,3573,2846,3573,2846,3524
2865,3578,2865,3588,2846,3588,2846,3578
2865,3602,2865,3612,2846,3612,2846,3602
2865,3613,2865,3618,2846,3618,2846,3613
2865,3622,2865,3643,2846,3643,2846,3622
2865,3647,2865,3652,2846,3652,2846,3647
2865,3657,2865,3662,2846,3662,2846,3657
2865,3670,2865,3719,2846,3719,2846,3670
2819,3461,2819,3494,2802,3494,2802,3461
2819,3501,2819,3517,2802,3517,2802,3501
2819,3525,2819,3576,2802,3576,2802,3525
2819,3581,2819,3593,2802,3593,2802,3581
2819,3604,2819,3626,2802,3626,2802,3604
2819,3632,2819,3636,2802,3636,2802,3632
2819,3643,2819,3647,2802,3647,2802,3643
2819,3652,2819,3694,2802,3694,2802,3652
2819,3700,2819,3742,2802,3742,2802,3700
2819,3748,2819,3761,2802,3761,2802,3748
2819,3768,2819,3814,2802,3814,2802,3768
2778,3463,2778,3495,2753,3495,2753,3463
2778,3501,2778,3519,2753,3519,2753,3501
2778,3526,2778,3576,2753,3576,2753,3526
2778,3580,2778,3654,2753,3654,2753,3580
2778,3661,2778,3667,2753,3667,2753,3661
2778,3665,2778,3696,2753,3696,2753,3665
2778,3700,2778,3741,2753,3741,2753,3700
2778,3746,2778,3764,2753,3764,2753,3746
2778,3765,2778,3771,2753,3771,2753,3765
2778,3776,2778,3785,2753,3785,2753,3776
2778,3788,2778,3794,2753,3794,2753,3788
2778,3798,2778,3834,2753,3834,2753,3798
2778,3838,2778,3844,2753,3844,2753,3838
2728,3461,2728,3504,2711,3504,2711,3461
2728,3510,2728,3526,2711,3526,2711,3510
2728,3532,2728,3582,2711,3582,2711,3532
2728,3587,2728,3631,2711,3631,2711,3587
2728,3643,2728,3683,2711,3683,2711,3643
2728,3684,2728,3688,2711,3688,2711,3684
2728,3696,2728,3708,2711,3708,2711,3696
2728,3720,2728,3733,2711,3733,2711,3720
2728,3735,2728,3739,2711,3739,2711,3735
2728,3740,2728,3762,2711,3762,2711,3740
2728,3765,2728,3769,2711,3769,2711,3765
2728,3774,2728,3778,2711,3778,2711,3774
2728,3786,2728,3813,2711,3813,2711,3786
2728,3818,2728,3869,2711,3869,2711,3818
2728,3875,2728,3932,2711,3932,2711,3875
2684,3463,2684,3494,2668,3494,2668,3463
2684,3502,2684,3517,2668,3517,2668,3502
2684,3525,2684,3574,2668,3574,2668,3525
2684,3580,2684,3624,2668,3624,2668,3580
2684,3633,2684,3648,2668,3648,2668,3633
2684,3660,2684,3668,2668,3668,2668,3660
2684,3673,2684,3677,2668,3677,2668,3673
2684,3680,2684,3701,2668,3701,2668,3680
2684,3707,2684,3711,2668,3711,2668,3707
2684,3718,2684,3722,2668,3722,2668,3718
2684,3730,2684,3821,2668,3821,2668,3730
2684,3827,2684,3894,2668,3894,2668,3827
2660,1542,2658,1540,2668,1530,2670,1532
2649,1531,2647,1529,2657,1519,2659,1521
2669,2073,2671,2075,2661,2085,2659,2083
2667,1578,2668,1579,2661,1586,2660,1585
2667,2003,2668,2004,2661,2012,2659,2011
2670,1892,2669,1893,2662,1887,2664,1886
2655,1566,2656,1567,2649,1574,2648,1573
2650,1693,2649,1692,2656,1684,2657,1686
2655,1991,2656,1992,2649,2000,2647,1999
2646,2050,2648,2052,2638,2062,2636,2060
2657,2061,2659,2063,2649,2073,2647,2071
2658,1904,2657,1905,2650,1899,2652,1898
2637,1519,2635,1517,2645,1507,2647,1509
2626,1508,2624,1506,2634,1496,2636,1498
2639,1683,2638,1682,2645,1674,2646,1676
2662,2087,2641,2108,2634,2102,2656,2081
2643,1554,2644,1555,2637,1562,2636,1561
2644,1579,2645,1580,2639,1586,2639,1585
2644,1980,2645,1981,2638,1989,2636,1988
2645,1916,2644,1917,2637,1911,2639,1910
2628,1672,2627,1671,2634,1663,2635,1665
2634,2038,2636,2040,2626,2050,2624,2048
2632,1543,2633,1544,2626,1551,2625,1550
2632,1568,2633,1569,2627,1575,2627,1574
2633,1591,2634,1592,2628,1597,2627,1597
2632,1968,2633,1969,2626,1977,2624,1976
2634,1927,2633,1928,2626,1922,2628,1921
2635,2095,2634,2096,2628,2090,2629,2088
2629,1174,2620,1174,2620,1139,2629,1139
2635,3461,2635,3495,2620,3495,2620,3461
2635,3501,2635,3518,2620,3518,2620,3501
2635,3525,2635,3619,2620,3619,2620,3525
2635,3625,2635,3658,2620,3658,2620,3625
2613,1495,2611,1493,2621,1483,2623,1485
2620,1531,2621,1532,2614,1539,2613,1538
2622,1908,2624,1910,2614,1920,2612,1918
2620,1556,2621,1557,2615,1563,2615,1562
2620,1579,2621,1580,2615,1585,2614,1585
2615,1659,2614,1658,2621,1650,2622,1652
2620,1956,2621,1957,2614,1965,2612,1964
2610,2014,2612,2016,2602,2026,2600,2024
2621,2025,2623,2027,2613,2037,2611,2035
2622,1939,2621,1940,2614,1934,2616,1933
2604,1648,2603,1647,2610,1639,2611,1641
2610,1896,2612,1898,2602,1908,2600,1906
2608,1519,2609,1520,2602,1527,2601,1526
2608,1545,2609,1546,2603,1552,2603,1551
2609,1568,2610,1569,2604,1574,2603,1574
2608,1944,2609,1945,2602,1953,2600,1952
2609,2063,2610,2064,2603,2072,2601,2071
2601,1483,2599,1481,2609,1471,2611,1473
2589,1472,2587,1470,2597,1460,2599,1462
2609,1827,2610,1828,2603,1836,2601,1835
2610,2117,2609,2118,2603,2112,2604,2110
2592,1636,2591,1635,2598,1627,2599,1629
2597,1556,2598,1557,2592,1562,2591,1562
2596,1507,2597,1508,2590,1515,2589,1514
2598,1837,2599,1838,2592,1846,2590,1845
2596,1533,2597,1534,2591,1540,2591,1539
2598,1934,2599,1935,2592,1943,2590,1942
2597,1745,2598,1746,2592,1751,2591,1751
2587,1991,2589,1993,2579,2003,2577,2001
2598,2002,2600,2004,2590,2014,2588,2012
2596,2051,2597,2052,2590,2060,2588,2059
2597,1815,2598,1816,2591,1824,2589,1823
2599,1916,2598,1917,2590,1910,2591,1908
2601,2065,2602,2064,2610,2072,2609,2073
2589,2052,2590,2051,2598,2058,2597,2060
2597,2128,2596,2129,2590,2123,2591,2121
2585,1496,2586,1497,2579,1504,2578,1503
2585,1544,2586,1545,2580,1550,2579,1550
2580,1624,2579,1623,2586,1615,2587,1617
2585,1734,2586,1735,2580,1740,2579,1740
2586,1825,2587,1826,2580,1834,2578,1833
2577,1460,2575,1458,2585,1448,2587,1450
2566,1449,2564,1447,2574,1437,2576,1439
2584,2039,2585,2040,2578,2048,2576,2047
2575,1861,2577,1863,2567,1873,2565,1871
2586,1872,2588,1874,2578,1884,2576,1882
2574,1885,2575,1886,2567,1895,2566,1893
2562,1873,2563,1874,2555,1883,2554,1881
2585,1802,2586,1803,2579,1811,2577,1810
2586,3360,2593,3384,2585,3387,2577,3363
2592,3462,2592,3545,2575,3545,2575,3462
2592,3553,2592,3618,2574,3618,2574,3553
2591,3624,2591,3628,2574,3628,2574,3624
2591,3628,2591,3661,2574,3661,2574,3628
2591,3664,2591,3668,2574,3668,2574,3664
2591,3673,2591,3705,2574,3705,2574,3673
2591,3707,2591,3711,2574,3711,2574,3707
2591,3715,2591,3780,2574,3780,2574,3715
2590,3779,2590,3783,2573,3783,2573,3779
2590,3786,2590,3816,2573,3816,2573,3786
2590,3822,2590,3869,2573,3869,2573,3822
2590,3870,2590,3874,2573,3874,2573,3870
2590,3874,2590,3878,2573,3878,2573,3874
2590,3880,2590,3884,2573,3884,2573,3880
2590,3883,2590,3887,2573,3887,2573,3883
2610,1951,2609,1952,2602,1946,2604,1945
2599,1940,2598,1941,2590,1934,2591,1932
2587,1928,2586,1929,2578,1922,2579,1920
2576,1971,2577,1970,2585,1977,2584,1979
2587,2022,2586,2023,2578,2016,2579,2014
2589,2077,2590,2076,2598,2084,2597,2085
2576,2065,2577,2064,2585,2071,2584,2073
2573,1484,2574,1485,2567,1492,2566,1491
2567,1612,2566,1611,2573,1603,2574,1605
2572,1532,2573,1533,2567,1538,2566,1538
2574,1813,2575,1814,2568,1822,2566,1821
2573,1721,2574,1722,2568,1727,2567,1727
2571,2026,2572,2027,2565,2035,2563,2034
2575,1174,2566,1174,2566,1139,2575,1139
2537,1182,2595,1182,2595,1203,2537,1203
2573,1790,2574,1791,2567,1799,2565,1798
2574,1986,2573,1987,2566,1981,2568,1980
2554,1437,2552,1435,2562,1425,2564,1427
2598,1962,2597,1963,2590,1957,2592,1956
2587,1952,2586,1953,2578,1946,2579,1944
2575,1940,2574,1941,2566,1934,2567,1932
2561,1472,2562,1473,2555,1480,2554,1479
2556,1601,2555,1600,2562,1592,2563,1594
2563,1849,2565,1851,2555,1861,2553,1859
2550,1861,2551,1862,2543,1871,2542,1869
2561,1710,2562,1711,2556,1716,2555,1716
2561,1731,2562,1732,2555,1739,2554,1738
2562,1801,2563,1802,2556,1810,2554,1809
2562,1779,2563,1780,2556,1788,2554,1787
2562,1967,2564,1969,2554,1979,2552,1977
2586,1974,2585,1975,2578,1969,2580,1968
2575,1964,2574,1965,2566,1958,2567,1956
2563,1952,2562,1953,2554,1946,2555,1944
2562,1997,2561,1998,2554,1992,2556,1991
2553,1995,2554,1994,2562,2001,2561,2003
2551,1978,2553,1980,2543,1990,2541,1988
2551,1790,2552,1791,2545,1799,2543,1798
2549,1698,2550,1699,2544,1704,2543,1704
2550,1742,2551,1743,2543,1752,2542,1751
2549,1719,2550,1720,2543,1727,2542,1726
2550,1767,2551,1768,2544,1776,2542,1775
2539,1825,2541,1827,2531,1837,2529,1835
2550,1836,2552,1838,2542,1848,2540,1846
2538,1849,2539,1850,2531,1859,2530,1857
2526,1837,2527,1838,2519,1847,2518,1845
2577,2089,2578,2088,2586,2096,2585,2097
2564,2077,2565,2076,2573,2083,2572,2085
2564,2100,2565,2099,2573,2107,2572,2108
2552,2089,2553,2088,2561,2095,2560,2097
2525,2090,2559,2059,2567,2068,2532,2098
2564,2023,2563,2024,2554,2016,2556,2014
2550,2009,2549,2010,2542,2004,2544,2003
2541,2007,2542,2006,2550,2013,2549,2015
2562,2047,2561,2048,2553,2041,2554,2039
2552,2035,2551,2036,2542,2028,2544,2026
2539,1731,2540,1732,2532,1741,2531,1740
2537,1686,2538,1687,2532,1692,2531,1692
2538,1708,2539,1709,2532,1716,2531,1715
2538,1778,2539,1779,2532,1787,2530,1786
2538,1755,2539,1756,2532,1764,2530,1763
2527,1955,2529,1957,2519,1967,2517,1965
2539,1966,2541,1968,2531,1978,2529,1976
2538,1897,2539,1898,2531,1907,2529,1905
2539,1944,2541,1946,2531,1956,2529,1954
2550,1955,2552,1957,2542,1967,2540,1965
2546,3463,2546,3544,2525,3544,2525,3463
2546,3555,2546,3584,2525,3584,2525,3555
2546,3588,2546,3633,2525,3633,2525,3588
2530,1426,2531,1425,2540,1433,2538,1435
2528,1474,2529,1473,2538,1481,2536,1482
2529,2019,2530,2018,2538,2025,2537,2027
2551,2058,2550,2059,2542,2052,2543,2050
2540,2047,2539,2048,2530,2040,2532,2038
2526,1674,2527,1675,2521,1680,2520,1680
2526,1696,2527,1697,2520,1704,2519,1703
2527,1719,2528,1720,2520,1729,2519,1728
2526,1766,2527,1767,2520,1775,2518,1774
2526,1885,2527,1886,2519,1895,2517,1893
2527,1932,2529,1934,2519,1944,2517,1942
2518,1438,2519,1437,2528,1445,2526,1447
2519,2029,2520,2028,2528,2035,2527,2037
2517,1485,2518,1484,2527,1492,2525,1493
2539,2070,2538,2071,2530,2064,2531,2062
2528,2059,2527,2060,2518,2052,2520,2050
2514,1662,2515,1663,2509,1668,2508,1668
2514,1684,2515,1685,2508,1692,2507,1691
2515,1708,2516,1709,2508,1718,2507,1717
2515,1801,2517,1803,2507,1813,2505,1811
2492,1778,2494,1780,2484,1790,2482,1788
2503,1789,2505,1791,2495,1801,2493,1799
2476,1787,2509,1820,2500,1828,2468,1795
2505,1450,2506,1449,2515,1457,2513,1459
2505,1497,2506,1496,2515,1504,2513,1505
2506,2041,2507,2040,2515,2047,2514,2049
2504,1931,2506,1933,2496,1943,2494,1941
2502,1651,2503,1652,2497,1657,2496,1657
2503,1696,2504,1697,2496,1706,2495,1705
2502,1672,2503,1673,2496,1680,2495,1679
2502,1861,2503,1862,2495,1871,2493,1869
2504,1908,2506,1910,2496,1920,2494,1918
2493,1462,2494,1461,2503,1469,2501,1471
2518,1764,2516,1766,2506,1756,2508,1754
2508,1751,2506,1753,2496,1743,2498,1741
2493,1509,2494,1508,2503,1516,2501,1517
2494,2053,2495,2052,2503,2059,2502,2061
2505,2081,2504,2082,2495,2074,2497,2072
2492,1919,2494,1921,2484,1931,2482,1929
2491,1661,2492,1662,2485,1669,2484,1668
2490,1639,2491,1640,2485,1645,2484,1645
2491,1684,2492,1685,2484,1694,2483,1693
2491,1943,2492,1944,2484,1953,2483,1951
2490,1848,2491,1849,2483,1858,2481,1856
2500,3462,2500,3542,2485,3542,2485,3462
2482,1473,2483,1472,2492,1480,2490,1482
2481,1521,2482,1520,2491,1528,2489,1529
2482,2065,2483,2064,2491,2071,2490,2073
2480,1719,2481,1720,2473,1729,2472,1728
2479,1672,2480,1673,2472,1682,2471,1681
2479,1765,2481,1767,2471,1777,2469,1775
2480,1932,2481,1933,2473,1942,2472,1940
2503,2106,2502,2107,2494,2100,2495,2098
2493,2093,2492,2094,2483,2086,2485,2084
2480,2097,2481,2098,2473,2107,2472,2106
2468,2110,2469,2111,2461,2120,2460,2119
2478,1627,2479,1628,2473,1633,2472,1633
2478,1648,2479,1649,2472,1656,2471,1655
2480,2193,2481,2194,2473,2203,2472,2201
2479,2121,2480,2122,2472,2131,2471,2130
2479,1837,2480,1838,2472,1847,2470,1845
2480,1884,2482,1886,2472,1896,2470,1894
2492,1895,2494,1897,2484,1907,2482,1905
2480,1466,2479,1467,2472,1460,2473,1459
2470,1485,2471,1484,2480,1492,2478,1494
2469,1533,2470,1532,2479,1540,2477,1541
2469,1942,2471,1944,2461,1954,2459,1952
2469,2078,2470,2077,2478,2084,2477,2086
2492,2117,2491,2118,2483,2111,2484,2109
2481,2105,2480,2106,2471,2098,2473,2096
2467,1637,2468,1638,2461,1645,2460,1644
2467,1660,2468,1661,2460,1670,2459,1669
2467,1707,2468,1708,2460,1717,2459,1716
2468,2085,2469,2086,2461,2095,2460,2094
2455,2098,2456,2099,2448,2108,2447,2107
2468,2181,2469,2182,2461,2191,2460,2189
2456,1742,2458,1744,2448,1754,2446,1752
2467,1753,2469,1755,2459,1765,2457,1763
2459,1497,2460,1496,2469,1504,2467,1506
2468,1478,2467,1479,2460,1472,2461,1471
2505,1776,2503,1778,2493,1768,2495,1766
2494,1787,2492,1789,2482,1779,2484,1777
2495,1764,2493,1766,2483,1756,2485,1754
2483,1776,2481,1778,2471,1768,2473,1766
2471,1787,2469,1789,2459,1779,2461,1777
2482,1799,2480,1801,2470,1791,2472,1789
2471,1811,2469,1813,2459,1803,2461,1801
2471,1764,2470,1765,2461,1757,2463,1755
2458,1776,2457,1777,2448,1769,2450,1767
2458,1800,2456,1802,2446,1792,2448,1790
2447,1787,2446,1788,2437,1780,2439,1778
2457,1545,2458,1544,2467,1552,2465,1553
2480,2129,2479,2130,2471,2123,2472,2121
2469,2117,2468,2118,2459,2110,2461,2108
2455,1625,2456,1626,2449,1633,2448,1632
2456,1649,2457,1650,2449,1659,2448,1658
2459,1750,2458,1751,2449,1743,2451,1742
2455,1695,2456,1696,2448,1705,2447,1704
2456,2074,2457,2075,2449,2084,2448,2083
2443,2086,2444,2087,2436,2096,2435,2095
2446,1919,2448,1921,2438,1931,2436,1929
2456,1930,2458,1932,2448,1942,2446,1940
2444,1872,2446,1874,2436,1884,2434,1882
2455,1884,2457,1886,2447,1896,2445,1894
2467,2157,2468,2158,2460,2167,2458,2165
2455,2168,2456,2169,2448,2178,2447,2176
2456,2121,2457,2122,2449,2131,2447,2129
2457,1442,2456,1443,2449,1436,2450,1435
2456,1490,2455,1491,2448,1484,2449,1483
2447,1509,2448,1508,2457,1516,2455,1518
2445,1557,2446,1556,2455,1564,2453,1565
2457,2129,2456,2130,2447,2122,2449,2120
2456,2153,2455,2154,2447,2147,2448,2145
2443,1613,2444,1614,2437,1621,2436,1620
2443,1637,2444,1638,2436,1647,2435,1646
2443,1683,2444,1684,2436,1693,2435,1692
2444,1777,2445,1778,2437,1787,2436,1786
2447,1762,2446,1763,2437,1755,2439,1754
2444,1896,2445,1897,2437,1906,2436,1904
2444,2062,2445,2063,2437,2072,2436,2071
2432,2075,2433,2076,2425,2085,2424,2084
2477,982,2477,1090,2441,1090,2441,982
2440,978,2440,989,2400,989,2400,978
2440,999,2440,1010,2400,1010,2400,999
2440,1014,2440,1044,2400,1044,2400,1014
2440,1064,2440,1075,2400,1075,2400,1064
2433,1719,2435,1721,2425,1731,2423,1729
2444,1730,2446,1732,2436,1742,2434,1740
2443,1944,2444,1945,2436,1954,2435,1952
2455,2145,2456,2146,2448,2155,2446,2153
2443,2156,2444,2157,2436,2166,2435,2164
2445,1848,2447,1850,2437,1860,2435,1858
2445,1975,2444,1976,2435,1968,2436,1967
2445,2141,2444,2142,2435,2134,2436,2133
2455,3460,2455,3502,2437,3502,2437,3460
2455,3511,2455,3578,2437,3578,2437,3511
2455,3582,2455,3648,2437,3648,2437,3582
2445,1454,2444,1455,2437,1448,2438,1447
2445,1501,2444,1502,2437,1495,2438,1494
2434,1522,2435,1521,2444,1529,2442,1531
2434,1568,2435,1567,2444,1575,2442,1576
2444,2109,2445,2110,2437,2119,2435,2117
2432,2122,2433,2123,2425,2132,2423,2130
2431,1625,2432,1626,2424,1635,2423,1634
2432,1766,2433,1767,2425,1776,2424,1775
2419,1778,2420,1779,2414,1786,2413,1784
2432,1884,2433,1885,2425,1894,2424,1892
2432,1933,2433,1934,2425,1943,2424,1941
2420,1943,2421,1944,2413,1953,2412,1951
2432,2050,2433,2051,2425,2060,2424,2059
2420,2063,2421,2064,2413,2073,2412,2072
2435,1774,2434,1775,2425,1767,2427,1766
2422,1763,2421,1764,2412,1756,2413,1755
2432,2145,2433,2146,2425,2155,2424,2153
2434,1987,2433,1988,2424,1980,2425,1979
2434,2152,2433,2153,2424,2145,2425,2144
2433,1466,2432,1467,2425,1460,2426,1459
2432,1513,2431,1514,2424,1507,2425,1506
2422,1533,2423,1532,2432,1540,2430,1542
2423,1579,2424,1578,2433,1586,2431,1587
2421,1707,2423,1709,2413,1719,2411,1717
2420,1754,2421,1755,2413,1764,2412,1763
2407,1767,2408,1768,2402,1775,2401,1773
2458,1823,2456,1825,2446,1815,2448,1813
2446,1812,2444,1814,2434,1804,2436,1802
2435,1823,2433,1825,2423,1815,2425,1813
2435,1800,2434,1801,2425,1793,2427,1791
2423,1812,2422,1813,2413,1805,2415,1803
2420,1921,2421,1922,2413,1931,2412,1929
2408,1931,2409,1932,2401,1941,2400,1939
2408,1837,2410,1839,2400,1849,2398,1847
2416,1845,2418,1847,2408,1857,2406,1855
2421,1849,2423,1851,2413,1861,2411,1859
2423,1786,2422,1787,2413,1779,2415,1778
2410,1775,2409,1776,2400,1768,2401,1767
2420,2038,2421,2039,2413,2048,2412,2047
2408,2051,2409,2052,2401,2061,2400,2060
2422,1999,2421,2000,2412,1992,2413,1991
2432,2097,2433,2098,2425,2107,2423,2105
2420,2110,2421,2111,2413,2120,2411,2118
2409,2122,2410,2123,2402,2132,2401,2130
2413,2215,2412,2214,2419,2206,2421,2207
2421,1524,2420,1525,2413,1518,2414,1517
2420,1479,2419,1480,2412,1473,2413,1472
2421,3344,2421,3371,2409,3371,2409,3344
2410,1545,2411,1544,2420,1552,2418,1554
2422,1741,2421,1742,2412,1734,2414,1732
2409,1593,2410,1592,2419,1600,2417,1601
2409,1695,2411,1697,2401,1707,2399,1705
2408,1648,2409,1649,2401,1658,2400,1657
2408,1742,2409,1743,2401,1752,2400,1751
2395,1755,2396,1756,2390,1763,2389,1761
2409,1883,2411,1885,2401,1895,2399,1893
2408,1909,2409,1910,2401,1919,2400,1917
2396,1919,2397,1920,2389,1929,2388,1927
2409,2003,2410,2004,2402,2013,2401,2012
2396,2015,2397,2016,2389,2025,2388,2024
2384,2026,2385,2027,2377,2036,2376,2035
2408,2026,2409,2027,2401,2036,2400,2035
2397,2039,2398,2040,2390,2049,2389,2048
2420,2085,2421,2086,2413,2095,2411,2093
2408,2098,2409,2099,2401,2108,2399,2106
2397,2110,2398,2111,2390,2120,2389,2118
2402,2205,2401,2204,2408,2196,2410,2197
2411,1799,2410,1800,2401,1792,2403,1791
2398,1787,2397,1788,2388,1780,2389,1779
2410,2012,2409,2013,2400,2005,2401,2004
2410,2177,2409,2178,2400,2170,2401,2169
2400,1440,2401,1439,2408,1445,2406,1446
2409,1490,2408,1491,2401,1484,2402,1483
2399,1556,2400,1555,2409,1563,2407,1565
2408,1537,2407,1538,2400,1531,2401,1530
2411,1752,2410,1753,2401,1745,2403,1743
2398,1731,2399,1732,2391,1741,2390,1740
2383,1744,2384,1745,2378,1752,2377,1750
2412,1846,2410,1848,2400,1838,2402,1836
2396,1637,2397,1638,2389,1647,2388,1646
2386,1672,2388,1674,2378,1684,2376,1682
2397,1683,2399,1685,2389,1695,2387,1693
2396,1897,2397,1898,2389,1907,2388,1905
2384,1907,2385,1908,2377,1917,2376,1915
2397,1991,2398,1992,2390,2001,2389,2000
2384,2003,2385,2004,2377,2013,2376,2012
2372,2014,2373,2015,2365,2024,2364,2023
2386,1860,2388,1862,2378,1872,2376,1870
2397,1871,2399,1873,2389,1883,2387,1881
2397,1779,2398,1780,2391,1787,2390,1786
2399,1811,2398,1812,2389,1804,2391,1803
2387,1799,2386,1800,2377,1792,2378,1791
2399,2024,2398,2025,2389,2017,2390,2016
2390,2193,2389,2192,2396,2184,2398,2185
2408,2073,2409,2074,2401,2083,2399,2081
2396,2086,2397,2087,2389,2096,2387,2094
2385,2098,2386,2099,2378,2108,2377,2106
2407,3461,2407,3530,2391,3530,2391,3461
2407,3533,2407,3601,2391,3601,2391,3533
2407,3606,2407,3679,2391,3679,2391,3606
2407,3681,2407,3696,2391,3696,2391,3681
2407,3702,2407,3740,2391,3740,2391,3702
2388,1451,2389,1450,2396,1456,2394,1457
2397,1502,2396,1503,2389,1496,2390,1495
2387,1568,2388,1567,2397,1575,2395,1577
2399,1764,2398,1765,2389,1757,2391,1755
2388,2161,2389,2160,2396,2166,2394,2167
2385,1719,2386,1720,2378,1729,2377,1728
2371,1732,2372,1733,2366,1740,2365,1738
2385,1837,2386,1838,2378,1847,2377,1845
2387,1750,2386,1751,2378,1744,2379,1742
2384,1885,2385,1886,2377,1895,2376,1893
2372,1895,2373,1896,2365,1905,2364,1903
2385,1979,2386,1980,2378,1989,2377,1988
2373,1992,2374,1993,2366,2002,2365,2001
2360,2003,2361,2004,2353,2013,2352,2012
2385,1766,2386,1767,2379,1774,2378,1773
2386,1823,2385,1824,2376,1816,2378,1815
2375,1811,2374,1812,2365,1804,2366,1803
2388,2036,2387,2037,2378,2029,2379,2028
2396,2061,2397,2062,2389,2071,2387,2069
2384,2074,2385,2075,2377,2084,2375,2082
2373,2086,2374,2087,2366,2096,2365,2094
2376,1463,2377,1462,2384,1468,2382,1469
2386,1513,2385,1514,2378,1507,2379,1506
2385,1560,2384,1561,2377,1554,2378,1553
2375,1580,2376,1579,2385,1587,2383,1589
2387,1775,2386,1776,2377,1768,2379,1766
2376,2173,2377,2172,2384,2178,2382,2179
2373,1659,2375,1661,2365,1671,2363,1669
2373,1707,2374,1708,2366,1717,2365,1716
2359,1720,2360,1721,2354,1728,2353,1726
2373,1848,2375,1850,2365,1860,2363,1858
2375,1763,2374,1764,2366,1757,2367,1755
2411,1869,2409,1871,2399,1861,2401,1859
2399,1858,2397,1860,2387,1850,2389,1848
2388,1869,2386,1871,2376,1861,2378,1859
2387,1846,2386,1847,2377,1839,2379,1837
2375,1858,2374,1859,2365,1851,2367,1849
2373,1967,2374,1968,2366,1977,2365,1976
2361,1980,2362,1981,2354,1990,2353,1989
2349,1992,2350,1993,2342,2002,2341,2001
2372,1873,2373,1874,2365,1883,2364,1881
2362,1885,2363,1886,2355,1895,2354,1893
2372,1754,2373,1755,2366,1762,2365,1761
2384,2049,2385,2050,2377,2059,2375,2057
2372,2062,2373,2063,2365,2072,2363,2070
2361,2074,2362,2075,2354,2084,2353,2082
2364,1475,2365,1474,2372,1480,2370,1481
2374,1572,2373,1573,2366,1566,2367,1565
2375,1787,2374,1788,2365,1780,2367,1778
2364,2184,2365,2183,2372,2189,2370,2190
2364,1444,2363,1445,2355,1438,2357,1437
2361,1647,2363,1649,2353,1659,2351,1657
2361,1695,2362,1696,2354,1705,2353,1704
2347,1709,2348,1710,2342,1717,2341,1715
2364,1822,2363,1823,2354,1815,2355,1814
2364,1845,2363,1846,2354,1838,2356,1837
2363,1775,2362,1776,2354,1769,2355,1767
2361,1955,2362,1956,2354,1965,2353,1964
2348,1969,2349,1970,2341,1979,2340,1978
2337,1980,2338,1981,2330,1990,2329,1989
2360,1861,2361,1862,2353,1871,2352,1869
2350,1873,2351,1874,2343,1883,2342,1881
2374,2038,2375,2039,2367,2048,2365,2046
2360,2049,2361,2050,2353,2059,2351,2057
2349,2062,2350,2063,2342,2072,2341,2070
2361,2143,2363,2145,2353,2155,2351,2153
2350,2109,2352,2111,2342,2121,2340,2119
2361,2120,2363,2122,2353,2132,2351,2130
2352,1486,2353,1485,2360,1491,2358,1492
2362,1537,2361,1538,2354,1531,2355,1530
2363,1799,2362,1800,2353,1792,2355,1790
2364,1869,2363,1870,2354,1862,2356,1860
2352,2196,2353,2195,2360,2201,2358,2202
2352,1456,2351,1457,2343,1450,2345,1449
2349,1683,2350,1684,2342,1693,2341,1692
2335,1697,2336,1698,2330,1705,2329,1703
2352,1786,2351,1787,2343,1780,2344,1778
2349,1850,2350,1851,2342,1860,2341,1858
2338,1861,2339,1862,2331,1871,2330,1869
2366,3461,2366,3528,2343,3528,2343,3461
2366,3535,2366,3541,2343,3541,2343,3535
2366,3546,2366,3569,2343,3569,2343,3546
2366,3575,2366,3623,2343,3623,2343,3575
2349,1944,2350,1945,2342,1954,2341,1953
2336,1956,2337,1957,2329,1966,2328,1965
2325,1968,2326,1969,2318,1978,2317,1977
2349,1730,2350,1731,2343,1738,2342,1737
2352,1857,2351,1858,2342,1850,2344,1849
2340,1847,2339,1848,2330,1840,2331,1839
2362,2026,2363,2027,2355,2036,2353,2034
2350,2039,2351,2040,2343,2049,2341,2047
2337,2050,2338,2051,2330,2060,2329,2058
2352,1952,2351,1953,2342,1945,2343,1944
2339,1941,2338,1942,2329,1934,2330,1933
2350,1549,2349,1550,2342,1543,2343,1542
2351,1811,2350,1812,2341,1804,2343,1802
2340,2208,2341,2207,2348,2213,2346,2214
2337,1671,2338,1672,2330,1681,2329,1680
2340,1468,2339,1469,2331,1462,2333,1461
2337,1838,2338,1839,2330,1848,2329,1846
2326,1849,2327,1850,2319,1859,2318,1857
2338,2097,2340,2099,2330,2109,2328,2107
2337,1932,2338,1933,2330,1942,2329,1941
2325,1945,2326,1946,2318,1955,2317,1954
2340,1799,2339,1800,2331,1793,2332,1791
2338,1719,2339,1720,2332,1727,2331,1726
2339,1870,2338,1871,2329,1863,2331,1862
2350,2014,2351,2015,2343,2024,2341,2022
2337,2026,2338,2027,2330,2036,2328,2034
2326,2039,2327,2040,2319,2049,2318,2047
2339,1965,2338,1966,2329,1958,2330,1957
2339,1560,2338,1561,2331,1554,2332,1553
2350,2156,2352,2158,2342,2168,2340,2166
2336,2168,2337,2169,2329,2178,2328,2176
2325,2181,2326,2182,2319,2190,2317,2189
2314,2193,2315,2194,2307,2203,2305,2201
2329,1770,2330,1769,2337,1776,2336,1777
2339,1823,2338,1824,2329,1816,2331,1814
2338,2002,2339,2003,2331,2012,2329,2010
2326,2015,2327,2016,2319,2025,2317,2023
2314,2027,2315,2028,2307,2037,2306,2035
2328,2220,2329,2219,2336,2225,2334,2226
2325,1826,2326,1827,2318,1836,2317,1834
2326,1921,2327,1922,2319,1931,2318,1930
2312,1933,2313,1934,2305,1943,2304,1942
2326,2085,2328,2087,2318,2097,2316,2095
2328,1811,2327,1812,2319,1805,2320,1803
2323,1686,2324,1687,2318,1694,2317,1692
2325,1432,2324,1433,2318,1427,2319,1427
2326,1707,2327,1708,2320,1715,2319,1714
2326,2205,2327,2206,2319,2215,2317,2213
2317,1782,2318,1781,2325,1788,2324,1789
2328,1834,2327,1835,2318,1827,2320,1825
2317,2231,2318,2230,2325,2236,2323,2237
2317,1492,2316,1493,2308,1486,2310,1485
2313,1648,2314,1649,2306,1658,2305,1657
2314,1444,2313,1445,2307,1439,2308,1439
2314,1695,2315,1696,2308,1703,2307,1702
2316,1823,2315,1824,2307,1817,2308,1815
2316,1871,2315,1872,2306,1864,2307,1863
2338,2144,2340,2146,2330,2156,2328,2154
2325,2157,2326,2158,2318,2167,2317,2165
2314,2170,2315,2171,2308,2179,2306,2178
2302,2181,2303,2182,2295,2191,2293,2189
2289,2192,2290,2193,2282,2202,2281,2200
2326,1990,2327,1991,2319,2000,2317,1998
2314,2003,2315,2004,2307,2013,2305,2011
2302,2015,2303,2016,2295,2025,2294,2023
2317,1964,2316,1965,2307,1957,2308,1956
2315,1894,2314,1895,2305,1887,2307,1886
2317,1988,2316,1989,2307,1981,2308,1980
2305,1976,2304,1977,2295,1969,2296,1968
2303,2062,2305,2064,2295,2074,2293,2072
2314,2073,2316,2075,2306,2085,2304,2083
2303,2086,2305,2088,2295,2098,2293,2096
2314,2097,2316,2099,2306,2109,2304,2107
2306,1793,2307,1792,2314,1799,2313,1800
2316,1846,2315,1847,2306,1839,2308,1837
2304,1911,2305,1910,2314,1918,2312,1920
2304,1836,2303,1837,2295,1830,2296,1828
2304,1906,2303,1907,2294,1899,2296,1898
2294,1893,2293,1894,2284,1886,2285,1885
2320,3463,2320,3503,2299,3503,2299,3463
2320,3506,2320,3511,2299,3511,2299,3506
2320,3510,2320,3574,2299,3574,2299,3510
2320,3582,2320,3642,2299,3642,2299,3582
2305,2000,2304,2001,2295,1993,2296,1992
2293,1988,2292,1989,2283,1981,2284,1980
2324,3334,2324,3365,2289,3365,2289,3334
2293,1806,2294,1805,2301,1812,2300,1813
2313,2145,2314,2146,2306,2155,2305,2153
2301,2157,2302,2158,2295,2166,2293,2165
2290,2169,2291,2170,2283,2179,2281,2177
2277,2180,2278,2181,2270,2190,2269,2188
2304,1935,2305,1934,2314,1942,2312,1944
2293,1922,2294,1921,2303,1929,2301,1931
2291,2050,2293,2052,2283,2062,2281,2060
2291,2074,2293,2076,2283,2086,2281,2084
2304,1858,2303,1859,2294,1851,2296,1849
2298,1863,2297,1864,2288,1856,2290,1854
2292,1869,2291,1870,2282,1862,2284,1860
2291,1468,2290,1469,2284,1463,2285,1463
2293,1516,2292,1517,2284,1510,2286,1509
2292,1918,2291,1919,2282,1911,2284,1910
2281,1906,2280,1907,2271,1899,2272,1898
2293,2012,2292,2013,2283,2005,2284,2004
2281,2000,2280,2001,2271,1993,2272,1992
2282,1817,2283,1816,2290,1823,2289,1824
2292,1946,2293,1945,2302,1953,2300,1955
2280,1934,2281,1933,2290,1941,2288,1943
2303,2109,2305,2111,2295,2121,2293,2119
2314,2120,2316,2122,2306,2132,2304,2130
2301,2133,2302,2134,2294,2143,2293,2141
2289,2121,2290,2122,2282,2131,2281,2129
2289,2145,2290,2146,2283,2154,2281,2153
2277,2133,2278,2134,2271,2142,2269,2141
2278,2157,2279,2158,2271,2167,2269,2165
2266,2169,2267,2170,2259,2179,2258,2177
2266,2145,2267,2146,2259,2155,2257,2153
2254,2157,2255,2158,2247,2167,2246,2165
2278,2037,2280,2039,2270,2049,2268,2047
2280,1930,2279,1931,2270,1923,2272,1922
2281,2024,2280,2025,2271,2017,2272,2016
2268,2012,2267,2013,2258,2005,2259,2004
2267,2050,2269,2052,2259,2062,2257,2060
2278,2061,2280,2063,2270,2073,2268,2071
2291,2097,2293,2099,2283,2109,2281,2107
2277,2109,2278,2110,2270,2119,2269,2117
2265,2121,2266,2122,2259,2130,2257,2129
2255,2133,2256,2134,2248,2143,2246,2141
2242,2145,2243,2146,2235,2155,2234,2153
2281,1957,2282,1956,2291,1964,2289,1966
2268,1946,2269,1945,2278,1953,2276,1955
2269,1941,2268,1942,2259,1934,2261,1933
2267,2192,2268,2193,2260,2202,2259,2201
2268,2036,2267,2037,2258,2029,2259,2028
2258,2023,2257,2024,2248,2016,2249,2015
2271,3463,2271,3541,2254,3541,2254,3463
2271,3548,2271,3552,2254,3552,2254,3548
2271,3553,2271,3557,2254,3557,2254,3553
2271,3558,2271,3618,2254,3618,2254,3558
2269,1969,2270,1968,2279,1976,2277,1978
2256,1958,2257,1957,2266,1965,2264,1967
2255,2180,2256,2181,2248,2190,2247,2189
2255,2204,2256,2205,2248,2214,2247,2212
2257,1952,2256,1953,2247,1945,2249,1944
2258,2047,2257,2048,2248,2040,2249,2039
2244,2036,2243,2037,2234,2029,2235,2028
2257,1981,2258,1980,2267,1988,2265,1990
2244,1970,2245,1969,2254,1977,2252,1979
2244,2169,2245,2170,2237,2179,2236,2178
2267,2073,2269,2075,2259,2085,2257,2083
2278,2084,2280,2086,2270,2096,2268,2094
2265,2097,2266,2098,2258,2107,2257,2105
2253,2085,2254,2086,2246,2095,2245,2093
2254,2110,2255,2111,2248,2119,2246,2118
2242,2098,2243,2099,2236,2107,2234,2106
2242,2121,2243,2122,2235,2131,2233,2129
2230,2133,2231,2134,2223,2143,2222,2141
2232,2110,2233,2111,2225,2120,2223,2118
2218,2121,2219,2122,2211,2131,2210,2129
2245,1964,2244,1965,2235,1957,2237,1956
2243,2192,2244,2193,2236,2202,2235,2200
2252,1413,2252,1603,2214,1603,2214,1413
2246,2059,2245,2060,2236,2052,2237,2051
2234,2047,2233,2048,2224,2040,2225,2039
2245,1994,2246,1993,2255,2001,2253,2003
2233,1981,2234,1980,2243,1988,2241,1990
2232,2157,2233,2158,2225,2167,2224,2166
2265,549,2265,677,2229,677,2229,549
2225,548,2225,561,2179,561,2179,548
2225,562,2225,575,2179,575,2179,562
2225,575,2225,647,2179,647,2179,575
2221,1946,2223,1944,2233,1954,2231,1956
2232,1935,2234,1933,2244,1943,2242,1945
2231,2180,2232,2181,2224,2190,2223,2188
2233,1976,2232,1977,2223,1969,2225,1968
2234,2071,2233,2072,2224,2064,2225,2063
2222,2059,2221,2060,2212,2052,2213,2051
2233,2006,2234,2005,2243,2013,2241,2015
2222,1993,2223,1992,2232,2000,2230,2002
2244,2050,2246,2052,2236,2062,2234,2060
2255,2061,2257,2063,2247,2073,2245,2071
2243,2075,2244,2076,2236,2085,2235,2083
2231,2063,2232,2064,2224,2073,2223,2071
2230,2086,2231,2087,2224,2095,2222,2094
2218,2074,2219,2075,2212,2083,2210,2082
2220,2098,2221,2099,2213,2108,2211,2106
2206,2109,2207,2110,2199,2119,2198,2117
2208,2086,2209,2087,2201,2096,2199,2094
2194,2097,2195,2098,2187,2107,2186,2105
2221,1989,2220,1990,2211,1982,2213,1981
2219,2145,2220,2146,2212,2155,2211,2154
2196,2168,2197,2169,2189,2178,2188,2177
2204,2176,2205,2177,2196,2185,2196,2185
2216,2188,2217,2189,2208,2197,2208,2197
2228,2200,2237,2208,2228,2217,2220,2209
2220,2216,2221,2217,2213,2226,2212,2225
2207,2204,2208,2205,2200,2214,2199,2213
2195,2192,2196,2193,2188,2202,2187,2201
2184,2181,2185,2182,2177,2191,2176,2190
2220,2169,2221,2170,2213,2179,2212,2177
2225,3463,2225,3515,2210,3515,2210,3463
2225,3519,2225,3535,2210,3535,2210,3519
2225,3542,2225,3590,2210,3590,2210,3542
2225,3599,2225,3602,2210,3602,2210,3599
2223,1941,2222,1942,2213,1934,2215,1932
2209,1958,2211,1956,2221,1966,2219,1968
2221,2018,2222,2017,2231,2025,2229,2027
2209,2005,2210,2004,2219,2012,2217,2014
2208,2157,2209,2158,2201,2167,2200,2165
2207,2133,2208,2134,2200,2143,2199,2142
2219,1645,2231,1718,2207,1722,2195,1649
2219,2051,2220,2052,2212,2061,2211,2059
2206,2062,2207,2063,2200,2071,2198,2070
2196,2074,2197,2075,2189,2084,2187,2082
2183,2086,2184,2087,2176,2096,2175,2094
2210,2071,2209,2072,2200,2064,2201,2063
2209,2001,2208,2002,2199,1994,2201,1993
2197,1970,2199,1968,2209,1978,2207,1980
2209,2030,2210,2029,2219,2037,2217,2039
2198,2017,2199,2016,2208,2024,2206,2026
2196,2121,2197,2122,2189,2131,2188,2130
2196,2145,2197,2146,2189,2155,2188,2153
2197,2013,2196,2014,2187,2006,2189,2005
2198,2083,2197,2084,2188,2076,2189,2075
2194,2217,2195,2218,2188,2226,2186,2225
2197,2042,2198,2041,2207,2049,2205,2051
2186,2029,2187,2028,2196,2036,2194,2038
2174,1993,2176,1991,2186,2001,2184,2003
2185,1982,2187,1980,2197,1990,2195,1992
2184,2109,2185,2110,2177,2119,2176,2118
2293,4065,2293,4588,2221,4588,2221,4065
2293,4631,2293,4798,2221,4798,2221,4631
2217,4046,2217,4435,2155,4435,2155,4046
2217,4474,2217,4531,2155,4531,2155,4474
2217,4585,2217,4602,2155,4602,2155,4585
2217,4644,2217,4830,2155,4830,2155,4644
2150,4211,2153,4342,2099,4343,2096,4212
2155,4393,2155,4408,2101,4409,2101,4394
2156,4458,2157,4518,2103,4519,2102,4459
2159,4569,2159,4584,2105,4585,2105,4570
2160,4607,2160,4622,2106,4623,2106,4608
2161,4640,2161,4655,2107,4656,2107,4641
2211,1953,2210,1954,2201,1946,2203,1944
2198,1964,2197,1965,2188,1957,2190,1955
2198,1942,2196,1944,2186,1934,2188,1932
2186,1953,2184,1955,2174,1945,2176,1943
2184,2133,2185,2134,2177,2143,2176,2141
2184,2156,2185,2157,2177,2166,2176,2165
2172,2169,2173,2170,2165,2179,2164,2178
2186,2024,2185,2025,2176,2017,2178,2016
2186,2052,2187,2051,2196,2059,2194,2061
2173,2041,2174,2040,2183,2048,2181,2050
2184,2062,2185,2063,2177,2072,2175,2070
2172,2075,2173,2076,2165,2085,2164,2083
2182,2205,2183,2206,2176,2214,2174,2213
2172,2097,2173,2098,2165,2107,2164,2106
2172,2121,2173,2122,2165,2131,2164,2129
2172,2144,2173,2145,2165,2154,2164,2153
2160,2157,2161,2158,2153,2167,2152,2166
2166,2226,2165,2225,2172,2217,2174,2218
2174,2036,2173,2037,2164,2029,2166,2028
2171,2194,2172,2195,2165,2203,2163,2202
2179,3463,2179,3515,2165,3515,2165,3463
2179,3520,2179,3535,2165,3535,2165,3520
2179,3541,2179,3590,2165,3590,2165,3541
2179,3598,2179,3601,2165,3601,2165,3598
2162,1936,2163,1935,2171,1942,2170,1944
2174,2064,2175,2063,2184,2071,2182,2073
2161,2053,2162,2052,2171,2060,2169,2062
2161,2086,2162,2087,2154,2096,2153,2095
2160,2063,2161,2064,2153,2073,2152,2071
2151,2016,2153,2014,2163,2024,2161,2026
2161,2006,2163,2004,2173,2014,2171,2016
2163,2047,2162,2048,2153,2040,2155,2039
2186,1976,2185,1977,2176,1969,2178,1967
2174,1988,2173,1989,2164,1981,2166,1979
2174,1965,2172,1967,2162,1957,2164,1955
2163,1976,2161,1978,2151,1968,2153,1966
2160,2109,2161,2110,2153,2119,2152,2117
2160,2133,2161,2134,2153,2143,2152,2142
2148,2144,2149,2145,2141,2154,2140,2153
2207,905,2095,903,2095,882,2207,884
2151,1947,2152,1946,2160,1953,2159,1955
2159,2182,2160,2183,2153,2191,2151,2190
2150,2064,2151,2063,2160,2071,2158,2073
2151,2059,2150,2060,2141,2052,2143,2051
2148,2074,2149,2075,2141,2084,2140,2083
2148,2097,2149,2098,2141,2107,2140,2105
2148,2121,2149,2122,2141,2131,2140,2130
2143,2203,2142,2202,2149,2194,2151,2195
2157,1628,2157,1636,2126,1638,2126,1630
2158,1647,2160,1681,2129,1683,2127,1649
2161,1704,2163,1743,2132,1745,2130,1706
2139,1959,2140,1958,2148,1965,2147,1967
2161,2000,2160,2001,2151,1993,2153,1991
2151,1988,2149,1990,2139,1980,2141,1978
2138,2029,2140,2027,2150,2037,2148,2039
2138,2076,2139,2075,2148,2083,2146,2085
2136,2062,2137,2063,2129,2072,2128,2071
2137,2086,2138,2087,2130,2096,2129,2094
2139,2071,2138,2072,2129,2064,2131,2063
2137,2110,2138,2111,2130,2120,2129,2119
2125,2121,2126,2122,2118,2131,2117,2130
2131,2191,2130,2190,2137,2182,2139,2183
2135,2158,2136,2159,2129,2167,2127,2166
2128,1970,2129,1969,2137,1976,2136,1978
2137,2235,2135,2236,2129,2227,2131,2226
2124,2027,2125,2028,2118,2036,2116,2035
2113,2039,2114,2040,2106,2049,2105,2048
2126,2088,2127,2087,2136,2095,2134,2097
2124,2050,2125,2051,2117,2060,2116,2059
2125,2074,2126,2075,2118,2084,2117,2082
2115,2052,2117,2050,2127,2060,2125,2062
2126,2041,2128,2039,2138,2049,2136,2051
2125,2098,2126,2099,2118,2108,2117,2107
2112,2109,2113,2110,2105,2119,2104,2118
2149,2012,2148,2013,2139,2005,2141,2003
2138,2022,2137,2023,2128,2015,2130,2013
2138,2001,2136,2003,2126,1993,2128,1991
2127,2012,2125,2014,2115,2004,2117,2002
2119,2179,2118,2178,2125,2170,2127,2171
2126,2083,2125,2084,2116,2076,2118,2075
2123,2146,2124,2147,2117,2155,2115,2154
2135,3462,2134,3515,2117,3515,2118,3462
2134,3520,2134,3535,2118,3535,2118,3520
2134,3541,2133,3589,2116,3589,2117,3541
2115,1982,2116,1981,2124,1988,2123,1990
2113,1992,2114,1993,2107,2001,2105,2000
2113,2062,2114,2063,2106,2072,2105,2070
2113,2086,2114,2087,2106,2096,2105,2095
2101,2098,2102,2099,2094,2108,2093,2107
2107,2167,2106,2166,2113,2158,2115,2159
2112,2135,2113,2136,2106,2144,2104,2143
2112,2165,2111,2166,2103,2159,2104,2157
2103,1994,2104,1993,2112,2000,2111,2002
2101,1980,2102,1981,2095,1989,2093,1988
2101,2050,2102,2051,2094,2060,2093,2058
2100,2004,2101,2005,2094,2013,2092,2012
2089,2015,2090,2016,2082,2025,2081,2024
2102,2074,2103,2075,2095,2084,2094,2083
2089,2086,2090,2087,2082,2096,2081,2095
2096,2156,2095,2155,2102,2147,2104,2148
2126,2034,2125,2035,2116,2027,2118,2025
2114,2046,2113,2047,2104,2039,2106,2037
2114,2024,2112,2026,2102,2016,2104,2014
2103,2035,2101,2037,2091,2027,2093,2025
2100,2122,2101,2123,2094,2131,2092,2130
2102,2176,2101,2177,2093,2170,2094,2168
2075,2209,2109,2180,2115,2187,2081,2216
2091,2006,2092,2005,2100,2012,2099,2014
2089,1968,2090,1969,2083,1977,2081,1976
2088,1992,2089,1993,2082,2001,2080,2000
2078,2004,2079,2005,2071,2014,2070,2013
2089,2061,2090,2062,2082,2071,2081,2070
2077,2074,2078,2075,2070,2084,2069,2083
2084,2144,2083,2143,2090,2135,2092,2136
2088,2110,2089,2111,2082,2119,2080,2118
2089,2157,2090,2158,2082,2167,2080,2165
2090,2188,2089,2189,2081,2182,2082,2180
2079,2017,2080,2016,2088,2023,2087,2025
2077,1956,2078,1957,2071,1965,2069,1964
2076,1980,2077,1981,2070,1989,2068,1988
2065,1992,2066,1993,2058,2002,2057,2001
2077,2026,2078,2027,2070,2036,2069,2034
2102,2057,2101,2058,2092,2050,2094,2048
2091,2047,2089,2049,2079,2039,2081,2037
2077,2049,2078,2050,2070,2059,2069,2058
2066,2062,2067,2063,2059,2072,2058,2071
2072,2132,2071,2131,2078,2123,2080,2124
2076,2098,2077,2099,2070,2107,2068,2106
2077,2144,2078,2145,2070,2154,2068,2152
2078,2200,2077,2201,2069,2194,2070,2192
2073,2215,2075,2215,2075,2226,2073,2226
2068,2028,2069,2027,2077,2034,2076,2036
2068,2124,2069,2123,2077,2130,2076,2132
2066,1945,2067,1946,2060,1954,2058,1953
2065,2014,2066,2015,2058,2024,2057,2022
2064,1968,2065,1969,2058,1977,2056,1976
2065,2038,2066,2039,2058,2048,2057,2047
2060,2120,2059,2119,2066,2111,2068,2112
2064,2086,2065,2087,2058,2095,2056,2094
2066,2133,2067,2134,2059,2143,2057,2141
2066,2213,2065,2214,2057,2207,2058,2205
2056,2136,2057,2135,2065,2142,2064,2144
2053,1957,2054,1958,2047,1966,2045,1965
2041,1968,2042,1969,2034,1978,2033,1977
2054,2003,2055,2004,2047,2013,2046,2011
2054,2027,2055,2028,2047,2037,2046,2036
2042,2039,2043,2040,2035,2049,2034,2048
2047,2108,2046,2107,2053,2099,2055,2100
2053,2075,2054,2076,2047,2084,2045,2083
2054,2122,2055,2123,2047,2132,2045,2130
2044,2148,2045,2147,2053,2154,2052,2156
2041,1944,2042,1945,2035,1953,2033,1952
2029,1956,2030,1957,2022,1966,2021,1965
2036,2097,2035,2096,2042,2088,2044,2089
2041,2132,2042,2133,2035,2141,2033,2140
2041,2063,2042,2064,2035,2072,2033,2071
2042,2110,2043,2111,2035,2120,2033,2118
2044,2034,2015,2026,2019,2013,2048,2022
2032,2159,2033,2158,2041,2165,2040,2167
2030,1979,2031,1980,2023,1989,2022,1987
2029,1933,2030,1934,2023,1942,2021,1941
2017,1944,2018,1945,2010,1954,2009,1953
2030,2003,2031,2004,2023,2013,2022,2012
2025,2086,2024,2085,2031,2077,2033,2078
2030,2027,2031,2028,2023,2037,2022,2036
2048,1178,1996,1178,1996,1158,2048,1158
2029,2121,2030,2122,2023,2130,2021,2129
2028,2051,2029,2052,2022,2060,2020,2059
2030,2098,2031,2099,2023,2108,2021,2106
2029,2170,2030,2171,2022,2179,2021,2178
2013,2074,2012,2073,2019,2065,2021,2066
2020,2171,2021,2170,2029,2177,2028,2179
2018,1967,2019,1968,2011,1977,2010,1975
2018,2110,2019,2111,2012,2119,2010,2118
2017,2039,2018,2040,2011,2048,2009,2047
2018,2086,2019,2087,2011,2096,2009,2094
2008,2183,2009,2182,2017,2189,2016,2191
2030,2145,2031,2146,2024,2154,2022,2153
2017,2158,2018,2159,2010,2167,2009,2166
2006,2169,2007,2170,1999,2179,1997,2177
1995,2181,1996,2182,1988,2191,1986,2189
2006,1933,2007,1934,1999,1943,1998,1942
2000,2061,1999,2060,2006,2052,2008,2053
2006,2097,2007,2098,2000,2106,1998,2105
2006,2074,2007,2075,1999,2084,1997,2082
2018,2133,2019,2134,2012,2142,2010,2141
2005,2145,2006,2146,1998,2154,1997,2153
1994,2156,1995,2157,1987,2166,1985,2164
1983,2168,1984,2169,1976,2178,1974,2176
2006,2192,2007,2193,1999,2202,1997,2200
1989,2050,1988,2049,1995,2041,1997,2042
1996,2195,1997,2194,2005,2201,2004,2203
1993,2086,1994,2087,1987,2095,1985,2094
2006,2121,2007,2122,2000,2130,1998,2129
1994,2133,1995,2134,1987,2142,1986,2141
1983,2144,1984,2145,1976,2154,1974,2152
1971,2156,1972,2157,1964,2166,1962,2164
1994,2061,1995,2062,1987,2071,1985,2069
1994,2109,1995,2110,1988,2118,1986,2117
1983,2122,1984,2123,1976,2131,1975,2130
1971,2132,1972,2133,1964,2142,1962,2140
1984,2207,1985,2206,1993,2213,1992,2215
1981,2074,1982,2075,1975,2083,1973,2082
1983,2050,1984,2051,1976,2060,1974,2058
1983,2098,1984,2099,1977,2107,1975,2106
1971,2109,1972,2110,1964,2118,1963,2117
1965,2026,1964,2025,1971,2017,1973,2018
1969,2062,1970,2063,1963,2071,1961,2070
1971,2038,1972,2039,1964,2048,1962,2046
1971,2085,1972,2086,1965,2094,1963,2093
1960,2230,1961,2229,1969,2236,1968,2238
1979,1671,1979,1680,1945,1679,1945,1670
1977,964,1977,995,1943,995,1943,964
1977,1020,1977,1051,1943,1051,1943,1020
1977,1725,1976,1756,1942,1755,1943,1724
1976,1781,1975,1812,1941,1811,1942,1780
1974,3045,1974,3074,1951,3074,1951,3045
1974,3102,1974,3131,1951,3131,1951,3102
1956,2092,1956,2122,1933,2122,1933,2092
1956,2148,1956,2177,1933,2177,1933,2148
1943,2915,1943,2932,1925,2932,1925,2915
1943,2938,1943,2942,1925,2942,1925,2938
1943,2941,1943,2961,1925,2961,1925,2941
1776,1361,1803,1360,1804,1408,1777,1409
1828,1360,1862,1359,1863,1407,1829,1408
1903,1359,2007,1357,2008,1404,1904,1406
1852,2785,1852,2847,1833,2847,1833,2785
1857,2058,1857,2161,1821,2161,1821,2058
1857,2168,1857,2178,1821,2178,1821,2168
1857,2184,1857,2242,1821,2242,1821,2184
1815,2063,1816,2089,1781,2090,1780,2064
1816,2097,1816,2106,1781,2107,1781,2098
1816,2105,1817,2137,1782,2138,1781,2106
1818,2158,1818,2167,1783,2168,1783,2159
1855,3257,1855,3366,1815,3366,1815,3257
2063,4000,2063,4144,2025,4144,2025,4000
2063,4158,2063,4168,2025,4168,2025,4158
2063,4205,2063,4451,2025,4451,2025,4205
2013,4003,2013,4172,1975,4172,1975,4003
2013,4203,2013,4239,1975,4239,1975,4203
1963,4003,1963,4172,1925,4172,1925,4003
1963,4203,1963,4239,1925,4239,1925,4203
1912,4003,1912,4169,1876,4169,1876,4003
1912,4202,1912,4242,1876,4242,1876,4202
1859,4006,1859,4143,1823,4143,1823,4006
1809,4004,1809,4054,1775,4054,1775,4004
1759,4003,1759,4154,1723,4154,1723,4003
1709,4006,1709,4066,1677,4066,1677,4006
1709,4103,1709,4139,1677,4139,1677,4103
1661,4004,1661,4067,1627,4067,1627,4004
1661,4103,1661,4141,1627,4141,1627,4103
1621,4007,1621,4158,1587,4158,1587,4007
1621,4192,1621,4312,1587,4312,1587,4192
1581,3999,1581,4189,1547,4189,1547,3999
1541,4006,1541,4193,1505,4193,1505,4006
1485,4008,1485,4162,1440,4162,1440,4008
1485,4192,1485,4314,1440,4314,1440,4192
1485,4337,1485,4510,1440,4510,1440,4337
2063,4728,2064,4749,2024,4750,2023,4729
2063,4759,2063,4770,2023,4771,2023,4760
2064,4774,2065,4810,2025,4811,2024,4775
2065,4834,2066,4872,2026,4873,2025,4835
2014,4720,2014,4751,1972,4751,1972,4720
2014,4761,2014,4772,1972,4772,1972,4761
2014,4781,2014,4811,1972,4811,1972,4781
2014,4835,2014,4873,1972,4873,1972,4835
1964,4744,1964,4755,1922,4755,1922,4744
1964,4762,1964,4773,1922,4773,1922,4762
1964,4776,1964,4814,1922,4814,1922,4776
1964,4831,1964,4870,1922,4870,1922,4831
1920,4739,1920,4753,1869,4753,1869,4739
1920,4760,1920,4774,1869,4774,1869,4760
1920,4775,1920,4812,1869,4812,1869,4775
1920,4830,1920,4877,1869,4877,1869,4830
1865,4723,1865,4760,1825,4760,1825,4723
1865,4767,1865,4778,1825,4778,1825,4767
1865,4777,1865,4813,1825,4813,1825,4777
1865,4833,1865,4871,1825,4871,1825,4833
1820,4757,1820,4771,1769,4771,1769,4757
1820,4767,1820,4781,1769,4781,1769,4767
1820,4783,1820,4811,1769,4811,1769,4783
1820,4831,1820,4878,1769,4878,1769,4831
1765,4735,1765,4746,1725,4746,1725,4735
1765,4760,1765,4771,1725,4771,1725,4760
1765,4773,1765,4811,1725,4811,1725,4773
1765,4830,1765,4873,1725,4873,1725,4830
1716,4738,1716,4749,1674,4749,1674,4738
1716,4759,1716,4770,1674,4770,1674,4759
1716,4773,1716,4812,1674,4812,1674,4773
1716,4837,1716,4848,1674,4848,1674,4837
1716,4858,1716,4869,1674,4869,1674,4858
1667,4740,1667,4751,1627,4751,1627,4740
1667,4760,1667,4771,1627,4771,1627,4760
1667,4780,1667,4809,1627,4809,1627,4780
1667,4830,1667,4875,1627,4875,1627,4830
1608,4702,1608,4746,1560,4746,1560,4702
1608,4754,1608,4767,1560,4767,1560,4754
1608,4772,1608,4808,1560,4808,1560,4772
1608,4837,1608,4871,1560,4871,1560,4837
1545,4739,1545,4750,1505,4751,1505,4740
1545,4759,1545,4770,1505,4771,1505,4760
1546,4774,1547,4810,1507,4811,1506,4775
1547,4834,1548,4872,1508,4873,1507,4835
1491,4704,1491,4746,1435,4746,1435,4704
1491,4751,1491,4767,1435,4767,1435,4751
1491,4765,1491,4816,1435,4816,1435,4765
1491,4835,1491,4877,1435,4877,1435,4835
1733,1300,1733,1354,1708,1354,1708,1300
1685,1364,1698,1364,1699,1411,1686,1411
1647,763,1647,796,1626,796,1626,763
1663,1340,1663,1349,1629,1348,1629,1340
1661,1478,1661,1509,1626,1508,1626,1477
1660,1534,1660,1565,1626,1564,1626,1534
1659,1605,1658,1661,1623,1660,1624,1604
1657,1720,1657,1751,1623,1750,1623,1720
1656,1776,1656,1807,1622,1806,1622,1776
1655,1862,1655,1871,1621,1870,1621,1862
1665,2488,1664,2519,1630,2518,1631,2487
1664,2544,1663,2575,1628,2574,1629,2543
1660,2741,1660,2776,1636,2776,1636,2741
1660,2799,1660,2830,1636,2830,1636,2799
1606,2957,1551,2957,1551,2937,1606,2937
1569,1815,1565,1875,1518,1871,1522,1812
1557,1985,1549,2091,1501,2087,1509,1981
1187,797,1187,894,1147,894,1147,797
1189,2233,1189,2372,1151,2372,1151,2233
1189,2396,1189,2432,1151,2432,1151,2396
1163,807,1158,839,1098,828,1104,797
1158,835,1155,852,1096,842,1099,825
1154,860,1148,894,1088,883,1094,850
1187,1610,1187,1750,1151,1750,1151,1610
1187,1771,1187,1811,1151,1811,1151,1771
1150,1613,1150,1624,1110,1624,1110,1613
1150,1629,1150,1640,1110,1640,1110,1629
1150,1638,1150,1676,1110,1676,1110,1638
1150,1690,1150,1701,1110,1701,1110,1690
1148,2241,1147,2250,1112,2246,1113,2237
1146,2255,1145,2264,1110,2260,1111,2251
1146,2267,1143,2299,1108,2295,1111,2263
1185,2801,1185,2942,1153,2942,1153,2801
1185,2964,1185,3001,1153,3001,1153,2964
1150,2804,1150,2835,1108,2835,1108,2804
1150,2836,1150,2847,1108,2847,1108,2836
1150,2852,1150,2882,1108,2882,1108,2852
1150,2900,1150,2911,1108,2911,1108,2900
905,4006,905,4123,883,4123,883,4006
706,2055,872,2055,872,2084,706,2084
849,4034,849,4071,815,4071,815,4034
803,4007,803,4017,767,4017,767,4007
803,4025,803,4035,767,4035,767,4025
803,4044,803,4054,767,4054,767,4044
803,4073,803,4083,767,4083,767,4073
803,4081,803,4091,767,4091,767,4081
803,4087,803,4114,767,4114,767,4087
849,4163,849,4245,815,4245,815,4163
849,4268,849,4357,815,4357,815,4268
851,4551,851,4692,815,4692,815,4551
851,4712,851,4744,815,4744,815,4712
851,4768,851,4866,815,4866,815,4768
804,4157,805,4277,771,4277,770,4157
805,4301,805,4331,772,4331,772,4301
806,4357,807,4419,773,4419,772,4357
807,4551,808,4620,775,4620,774,4551
808,4630,808,4639,775,4639,775,4630
808,4641,809,4754,776,4754,775,4641
762,4161,762,4261,727,4261,727,4161
762,4283,762,4315,727,4315,727,4283
727,4156,727,4312,704,4312,704,4156
737,4433,737,4612,708,4612,708,4433
737,4635,737,4685,708,4685,708,4635
737,4704,737,4817,708,4817,708,4704
701,4158,701,4316,672,4316,672,4158
701,4339,701,4403,672,4403,672,4339
707,4437,707,4445,678,4445,678,4437
707,4446,707,4492,678,4492,678,4446
707,4506,707,4514,678,4514,678,4506
707,4518,707,4617,678,4617,678,4518
671,4161,671,4314,644,4314,644,4161
671,4340,671,4347,644,4347,644,4340
679,4433,679,4467,648,4467,648,4433
679,4487,679,4555,648,4555,648,4487
679,4564,679,4572,648,4572,648,4564
679,4575,679,4648,648,4648,648,4575
643,4156,643,4262,616,4262,616,4156
643,4282,643,4391,616,4391,616,4282
651,4432,651,4471,620,4471,620,4432
651,4494,651,4558,620,4558,620,4494
651,4570,651,4578,620,4578,620,4570
651,4581,651,4711,620,4711,620,4581
613,4162,613,4168,590,4168,590,4162
613,4171,613,4217,590,4217,590,4171
613,4226,613,4232,590,4232,590,4226
622,4436,622,4445,587,4444,587,4435
622,4468,619,4682,583,4681,586,4467
580,4440,580,4474,543,4474,543,4440
580,4495,580,4607,543,4607,543,4495
580,4626,580,4660,543,4660,543,4626
580,4680,580,4784,543,4784,543,4680
430,4131,430,4136,409,4136,409,4131
430,4144,430,4149,409,4149,409,4144
430,4153,430,4158,409,4158,409,4153
429,4252,429,4269,409,4269,409,4252
429,4483,429,4508,411,4508,411,4483
253,4054,253,4138,230,4138,230,4054
253,4159,253,4180,230,4180,230,4159
253,4203,253,4254,230,4254,230,4203
253,4273,253,4298,230,4298,230,4273
253,4317,253,4323,230,4323,230,4317
220,4037,220,4082,179,4082,179,4037
220,4087,220,4098,179,4098,179,4087
220,4111,220,4163,179,4163,179,4111
220,4171,220,4182,179,4182,179,4171
220,4197,220,4284,179,4284,179,4197
244,4539,244,4642,198,4642,198,4539
244,4680,244,4866,198,4866,198,4680
154,4236,154,4315,108,4315,108,4236
154,4333,154,4346,108,4346,108,4333
154,4357,154,4408,108,4408,108,4357
154,4450,154,4528,108,4528,108,4450
151,70,151,138,120,138,120,70
151,160,151,168,120,168,120,160
151,182,151,230,120,230,120,182
151,249,151,444,120,444,120,249
151,465,151,534,120,534,120,465
151,555,151,717,120,717,120,555
151,742,151,750,120,750,120,742
151,758,151,766,120,766,120,758
151,769,151,834,120,834,120,769
151,855,151,1005,120,1005,120,855
151,1028,151,1056,120,1056,120,1028
151,1082,151,1199,120,1199,120,1082
151,1225,151,1274,120,1274,120,1225
151,1291,151,1458,120,1458,120,1291
151,1479,151,1637,120,1637,120,1479
151,1657,151,1692,120,1692,120,1657
151,1708,151,1935,120,1935,120,1708
151,1952,151,2016,120,2016,120,1952
151,2040,151,2080,120,2080,120,2040
151,2104,151,2252,120,2252,120,2104
151,2273,151,2354,120,2354,120,2273
151,2358,151,2366,120,2366,120,2358
151,2380,151,2534,120,2534,120,2380
151,2540,151,2548,120,2548,120,2540
151,2567,151,2693,120,2693,120,2567
151,2694,151,2702,120,2702,120,2694
151,2720,151,2784,120,2784,120,2720
151,2793,151,2801,120,2801,120,2793
151,2807,151,2936,120,2936,120,2807
151,2940,151,2948,120,2948,120,2940
151,2967,151,3007,120,3007,120,2967
151,3028,151,3203,120,3203,120,3028
151,3225,151,3260,120,3260,120,3225
151,3271,151,3392,120,3392,120,3271
151,3419,151,3506,120,3506,120,3419
151,3510,151,3518,120,3518,120,3510
151,3535,151,3574,120,3574,120,3535
121,70,121,205,92,205,92,70
121,232,121,396,92,396,92,232
121,415,121,484,92,484,92,415
121,506,121,522,92,522,92,506
121,543,121,649,92,649,92,543
121,670,121,702,92,702,92,670
121,721,121,742,92,742,92,721
121,763,121,868,92,868,92,763
121,890,121,960,92,960,92,890
121,977,121,1077,92,1077,92,977
121,1099,121,1107,92,1107,92,1099
121,1138,121,1207,92,1207,92,1138
121,1227,121,1341,92,1341,92,1227
121,1345,121,1353,92,1353,92,1345
121,1368,121,1422,92,1422,92,1368
121,1442,121,1578,92,1578,92,1442
121,1601,121,1671,92,1671,92,1601
121,1688,121,1906,92,1906,92,1688
121,1906,121,1914,92,1914,92,1906
121,1926,121,1980,92,1980,92,1926
121,2003,121,2194,92,2194,92,2003
121,2212,121,2244,92,2244,92,2212
121,2267,121,2337,92,2337,92,2267
121,2354,121,2404,92,2404,92,2354
121,2423,121,2547,92,2547,92,2423
121,2548,121,2556,92,2556,92,2548
121,2572,121,2604,92,2604,92,2572
121,2626,121,2783,92,2783,92,2626
121,2809,121,2817,92,2817,92,2809
121,2824,121,2832,92,2832,92,2824
121,2833,121,2883,92,2883,92,2833
121,2902,121,2952,92,2952,92,2902
121,2975,121,3178,92,3178,92,2975
121,3181,121,3189,92,3189,92,3181
121,3205,121,3255,92,3255,92,3205
121,3280,121,3432,92,3432,92,3280
121,3455,121,3523,92,3523,92,3455
121,3542,121,3660,92,3660,92,3542
121,3685,121,3693,92,3693,92,3685
93,76,93,147,62,147,62,76
93,164,93,280,62,280,62,164
93,304,93,339,62,339,62,304
93,360,93,542,62,542,62,360
93,564,93,598,62,598,62,564
93,619,93,705,62,705,62,619
93,708,93,716,62,716,62,708
