4014,166,4297,166,4297,287,4014,287
2103,238,2109,238,2110,262,2104,262
2156,237,2162,237,2163,261,2157,261
2208,235,2214,235,2215,259,2209,259
1679,353,1679,362,1645,362,1645,353
1841,381,1899,381,1899,412,1841,412
2621,378,2630,378,2630,412,2621,412
2674,378,2723,378,2723,412,2674,412
4106,372,4361,372,4361,397,4106,397
4131,405,4321,405,4321,428,4131,428
1679,412,1679,421,1645,421,1645,412
1435,418,1435,420,1423,420,1423,418
1435,455,1435,457,1423,457,1423,455
1679,461,1679,470,1645,470,1645,461
1410,495,1411,486,1445,488,1444,497
1679,514,1679,523,1645,523,1645,514
301,491,542,321,590,390,349,560
4146,477,4304,477,4304,551,4146,551
1406,565,1408,528,1442,530,1440,567
1578,591,1578,538,1615,538,1615,591
2296,413,2296,705,2266,705,2266,413
2417,557,2417,593,2400,593,2400,557
1732,605,1928,600,1929,641,1733,646
2422,558,2412,672,2375,668,2385,555
2233,641,2263,641,2263,656,2233,656
2427,639,2457,639,2457,654,2427,654
1294,691,1294,656,1317,656,1317,691
1381,689,1384,657,1401,658,1398,690
1397,692,1401,630,1436,632,1432,694
3965,587,4497,587,4497,628,3965,628
3955,632,4374,632,4374,787,3955,787
4248,741,4287,741,4287,783,4248,783
3652,693,3859,693,3859,727,3652,727
1383,707,1382,770,1352,769,1353,706
4547,687,4719,691,4717,788,4545,784
1294,816,1294,786,1317,786,1317,816
2437,800,2495,800,2495,822,2437,822
4106,844,4361,844,4361,891,4106,891
1306,873,1306,882,1273,883,1273,874
2621,926,2621,831,2661,831,2661,926
3804,931,3899,931,3899,962,3804,962
1308,951,1308,960,1275,961,1275,952
4573,937,4664,937,4664,966,4573,966
1199,961,1293,947,1298,981,1204,996
2410,970,2441,970,2441,982,2410,982
3804,995,4021,995,4021,1026,3804,1026
1383,1065,1382,1014,1423,1014,1424,1065
4568,1001,4669,1001,4669,1029,4568,1029
2767,1000,2835,995,2838,1043,2770,1048
2628,1009,2641,1008,2644,1055,2631,1056
2803,1046,2872,1052,2868,1099,2799,1094
2932,1057,2945,1058,2941,1105,2928,1104
3804,1055,3943,1055,3943,1084,3804,1084
4570,1061,4670,1061,4670,1088,4570,1088
2797,1062,2860,1062,2860,1123,2797,1123
1414,1098,1414,1092,1439,1092,1439,1098
1319,1165,1319,1073,1350,1073,1350,1165
2693,1096,2701,1096,2701,1125,2693,1125
2744,1095,2752,1095,2752,1124,2744,1124
1414,1137,1414,1131,1439,1131,1439,1137
3801,1117,3940,1117,3940,1144,3801,1144
4575,1119,4663,1119,4663,1146,4575,1146
2241,1197,2239,1115,2258,1115,2260,1197
1414,1179,1414,1173,1439,1173,1439,1179
3801,1173,3940,1173,3940,1200,3801,1200
4566,1173,4668,1173,4668,1200,4566,1200
1578,1232,1580,1178,1615,1179,1613,1233
1414,1220,1414,1214,1439,1214,1439,1220
2621,1235,2731,1235,2731,1281,2621,1281
3803,1230,3975,1226,3976,1256,3804,1260
4574,1228,4662,1228,4662,1261,4574,1261
3803,1287,3950,1287,3950,1319,3803,1319
4573,1288,4662,1288,4662,1320,4573,1320
1734,1303,1927,1303,1927,1345,1734,1345
3798,1352,3839,1352,3839,1374,3798,1374
4573,1349,4660,1349,4660,1379,4573,1379
1821,1402,1876,1402,1876,1437,1821,1437
2648,1401,2698,1401,2698,1437,2648,1437
3802,1404,3855,1404,3855,1437,3802,1437
4574,1411,4662,1411,4662,1433,4574,1433
1571,1458,1581,1458,1581,1496,1571,1496
1673,1458,1694,1458,1694,1496,1673,1496
2500,1432,2634,1442,2629,1500,2496,1490
2820,1492,2824,1492,2825,1509,2821,1509
3808,1500,4257,1500,4257,1532,3808,1532
4515,1496,4723,1496,4723,1539,4515,1539
2739,1540,2768,1540,2768,1554,2739,1554
1080,1546,1196,1546,1196,1580,1080,1580
3800,1595,3898,1595,3898,1626,3800,1626
4576,1601,4662,1601,4662,1622,4576,1622
2884,1634,2884,1645,2870,1645,2870,1634
985,1687,985,1624,1012,1624,1012,1687
2885,1664,2885,1667,2871,1667,2871,1664
2899,1642,2931,1644,2929,1691,2897,1689
1419,1675,1419,1669,1442,1670,1442,1676
2886,1687,2886,1690,2872,1690,2872,1687
3807,1686,4232,1686,4232,1720,3807,1720
1418,1714,1418,1708,1441,1709,1441,1715
2909,1707,2912,1707,2912,1721,2909,1721
2932,1707,2935,1707,2935,1721,2932,1721
2953,1707,2956,1707,2956,1721,2953,1721
2974,1707,2977,1707,2977,1721,2974,1721
4485,1686,4687,1686,4687,1740,4485,1740
2887,1714,2887,1717,2873,1717,2873,1714
1385,1750,1385,1718,1402,1718,1402,1750
2908,1726,2945,1724,2946,1739,2909,1741
2888,1739,2888,1742,2874,1742,2874,1739
1417,1755,1417,1749,1440,1750,1440,1756
2905,1779,2909,1779,2909,1797,2905,1797
2926,1779,2930,1779,2930,1797,2926,1797
1416,1795,1416,1789,1439,1790,1439,1796
2947,1779,2951,1779,2951,1797,2947,1797
2970,1778,2974,1778,2974,1796,2970,1796
2992,1778,3004,1778,3004,1796,2992,1796
1129,1786,1193,1786,1193,1824,1129,1824
2870,1823,2870,1820,2883,1820,2883,1823
1415,1836,1415,1830,1438,1831,1438,1837
2045,1786,2116,1786,2116,1871,2045,1871
2871,1844,2871,1841,2884,1841,2884,1844
1122,1825,1195,1818,1200,1870,1127,1877
2584,1833,2702,1838,2700,1886,2582,1881
2747,1840,2813,1843,2811,1891,2745,1888
2872,1867,2872,1864,2885,1864,2885,1867
1414,1875,1414,1869,1437,1870,1437,1876
2893,1847,2997,1852,2995,1898,2891,1894
3758,1892,3997,1890,3997,1908,3758,1910
4150,1891,4330,1891,4330,1902,4150,1902
4101,1883,4121,1883,4121,1913,4101,1913
4538,1892,4594,1892,4594,1903,4538,1903
1413,1915,1413,1909,1436,1910,1436,1916
2890,1983,2882,1843,2906,1842,2914,1982
2912,1904,2946,1906,2945,1923,2911,1921
2545,1867,2545,1969,2499,1969,2499,1867
1340,1904,1340,1998,1325,1998,1325,1904
1356,1916,1356,1988,1341,1988,1341,1916
1578,1967,1578,1919,1615,1919,1615,1967
3759,1934,3968,1934,3968,1947,3759,1947
4149,1931,4336,1931,4336,1954,4149,1954
4539,1934,4597,1934,4597,1946,4539,1946
1412,1955,1412,1949,1435,1950,1435,1956
3675,2039,3675,1890,3706,1890,3706,2039
3758,1978,3997,1978,3997,1990,3758,1990
1412,1995,1412,1989,1435,1990,1435,1996
4148,1983,4266,1983,4266,1994,4148,1994
4537,1984,4651,1984,4651,1997,4537,1997
3758,2018,3970,2018,3970,2030,3758,2030
4147,2018,4306,2018,4306,2031,4147,2031
1411,2035,1411,2029,1434,2030,1434,2036
1944,2011,2225,2011,2225,2061,1944,2061
4538,2027,4619,2027,4619,2037,4538,2037
4508,1927,4508,2154,4434,2154,4434,1927
3758,2062,3986,2062,3986,2075,3758,2075
4149,2061,4274,2061,4274,2073,4149,2073
2545,2013,2545,2190,2499,2190,2499,2013
2897,2045,2997,2045,2997,2090,2897,2090
2910,2091,2982,2091,2982,2109,2910,2109
4537,2064,4769,2064,4769,2078,4537,2078
1409,2115,1409,2109,1432,2110,1432,2116
3757,2102,3993,2102,3993,2126,3757,2126
4147,2108,4274,2108,4274,2121,4147,2121
4538,2104,4723,2104,4723,2118,4538,2118
1408,2155,1408,2149,1431,2150,1431,2156
3757,2150,3856,2150,3856,2163,3757,2163
4148,2144,4330,2144,4330,2157,4148,2157
4538,2151,4622,2151,4622,2163,4538,2163
4148,2184,4374,2184,4374,2197,4148,2197
3757,2192,3823,2192,3823,2206,3757,2206
1381,2271,1385,2188,1433,2191,1429,2274
2520,2184,2533,2184,2533,2231,2520,2231
2578,2184,2807,2184,2807,2231,2578,2231
4534,2189,4733,2189,4733,2214,4534,2214
2909,2184,2922,2184,2922,2231,2909,2231
4148,2225,4358,2225,4358,2238,4148,2238
3757,2234,3888,2234,3888,2247,3757,2247
4467,2229,4487,2229,4487,2241,4467,2241
4537,2234,4661,2234,4661,2248,4537,2248
4148,2271,4284,2271,4284,2286,4148,2286
3757,2282,3882,2282,3882,2295,3757,2295
4091,2273,4104,2273,4104,2290,4091,2290
1106,2285,1156,2285,1156,2314,1106,2314
4108,2315,4134,2315,4134,2322,4108,2322
856,2302,1026,2323,1021,2365,851,2345
3758,2325,3919,2325,3919,2336,3758,2336
4148,2325,4400,2325,4400,2338,4148,2338
3759,2366,3932,2366,3932,2379,3759,2379
4148,2365,4346,2365,4346,2377,4148,2377
2699,2414,2731,2414,2731,2431,2699,2431
3683,2456,4346,2456,4346,2490,3683,2490
2809,2512,2860,2512,2860,2534,2809,2534
4285,2576,4311,2576,4311,2593,4285,2593
1381,2668,1377,2613,1424,2610,1428,2665
1578,2697,1578,2644,1615,2644,1615,2697
2782,2637,2851,2641,2847,2711,2778,2707
4168,2657,4196,2657,4196,2675,4168,2675
1407,2702,1407,2696,1429,2694,1430,2700
1977,2714,2175,2714,2175,2754,1977,2754
4244,2598,4244,2809,4221,2809,4221,2598
4310,2724,4320,2723,4321,2733,4311,2734
4385,2574,4385,2872,4356,2872,4356,2574
4120,2925,4126,2606,4156,2607,4150,2926
1410,2742,1410,2736,1432,2734,1433,2740
4303,2733,4323,2733,4323,2741,4303,2741
1413,2781,1413,2775,1435,2773,1436,2779
1299,2833,1299,2783,1317,2783,1317,2833
1417,2825,1417,2819,1439,2817,1440,2823
4175,2839,4185,2838,4185,2846,4175,2847
4168,2849,4196,2849,4196,2855,4168,2855
1999,2848,2054,2848,2054,2891,1999,2891
1393,2913,1566,2913,1566,2936,1393,2936
4174,3024,4188,3022,4189,3031,4175,3033
4175,3031,4187,3030,4187,3039,4175,3040
2394,3078,2397,3078,2397,3092,2394,3092
2435,3079,2438,3079,2438,3093,2435,3093
2475,3079,2478,3079,2478,3093,2475,3093
2343,3094,2343,3088,2368,3088,2368,3094
2514,3080,2517,3080,2517,3094,2514,3094
4479,3094,4488,3096,4486,3104,4477,3103
4477,3101,4489,3100,4490,3112,4478,3113
2343,3136,2343,3130,2368,3130,2368,3136
2397,3120,2403,3120,2404,3145,2398,3145
140,3124,171,3124,171,3158,140,3158
2436,3119,2442,3119,2443,3144,2437,3144
2597,3115,2603,3115,2604,3140,2598,3140
2475,3118,2481,3118,2482,3143,2476,3143
247,3124,277,3124,277,3158,247,3158
2517,3117,2523,3117,2524,3142,2518,3142
4084,3121,4112,3120,4113,3137,4085,3138
2556,3116,2562,3116,2563,3141,2557,3141
4342,3128,4354,3128,4354,3135,4342,3135
4344,3137,4352,3137,4352,3144,4344,3145
842,3151,842,3146,863,3146,863,3151
4336,3146,4363,3146,4363,3153,4336,3153
1091,3125,1097,3125,1099,3193,1093,3193
842,3180,842,3175,863,3175,863,3180
2146,3159,2270,3159,2270,3227,2146,3227
4022,3182,4143,3182,4143,3197,4022,3197
1866,3180,2095,3187,2094,3222,1865,3215
4412,3190,4413,3190,4413,3198,4412,3198
4457,3182,4531,3182,4531,3198,4457,3198
4263,3199,4339,3199,4339,3205,4263,3205
2398,3191,2562,3191,2562,3223,2398,3223
2739,3194,2834,3194,2834,3217,2739,3217
3005,3191,3170,3191,3170,3222,3005,3222
3270,3175,3503,3175,3503,3241,3270,3241
4118,3213,4201,3215,4201,3222,4118,3220
151,3272,3508,3272,3508,3361,151,3361
3660,3292,3967,3292,3967,3332,3660,3332
4273,3287,4416,3287,4416,3336,4273,3336
4477,3287,4491,3287,4491,3336,4477,3336
