4014,166,4297,166,4297,287,4014,287
4106,372,4361,372,4361,397,4106,397
4131,405,4321,405,4321,428,4131,428
301,491,542,321,590,390,349,560
4146,477,4304,477,4304,551,4146,551
3965,587,4497,587,4497,628,3965,628
3951,632,4374,632,4374,782,3951,782
4250,746,4287,746,4287,779,4250,779
3652,693,3859,693,3859,727,3652,727
738,725,829,746,819,786,729,765
1359,706,1412,706,1412,768,1359,768
1968,706,2017,706,2017,768,1968,768
2160,706,2239,706,2239,768,2160,768
2351,724,2351,782,2309,782,2309,724
2330,710,2400,710,2400,764,2330,764
4546,689,4717,689,4717,784,4546,784
1456,783,1488,786,1487,801,1455,798
674,802,674,800,685,800,685,802
1012,827,1012,796,1025,796,1025,827
673,823,673,821,684,821,684,823
2351,827,2351,838,2309,838,2309,827
800,821,866,817,868,853,802,857
672,854,672,852,683,852,683,854
2534,833,2652,833,2652,873,2534,873
4102,843,4357,843,4357,893,4102,893
2351,883,2351,894,2309,894,2309,883
1301,877,1366,877,1366,942,1301,942
2351,934,2351,945,2309,945,2309,934
2782,955,2782,922,2797,922,2797,955
2725,944,2772,944,2772,967,2725,967
3804,931,4150,931,4150,962,3804,962
4532,937,4632,937,4632,966,4532,966
2324,960,2880,948,2881,1018,2326,1030
1644,996,1781,1025,1771,1071,1634,1042
3801,997,3943,997,3943,1024,3801,1024
4535,994,4634,994,4634,1029,4535,1029
1068,1051,1066,1019,1092,1018,1094,1050
1456,1028,1574,1024,1575,1048,1457,1052
3803,1053,3939,1053,3939,1079,3803,1079
4534,1057,4635,1057,4635,1086,4534,1086
1072,1131,1070,1099,1096,1098,1098,1130
1454,1124,1454,1094,1471,1094,1471,1124
1557,1076,1747,1068,1749,1118,1559,1126
3803,1113,3996,1113,3996,1134,3803,1134
4538,1113,4625,1113,4625,1135,4538,1135
1650,1189,1650,1135,1675,1135,1675,1189
3797,1171,3842,1171,3842,1198,3797,1198
4541,1172,4624,1172,4624,1195,4541,1195
3802,1226,3856,1226,3856,1257,3802,1257
4541,1227,4628,1227,4628,1258,4541,1258
816,1348,657,1171,684,1147,842,1325
1181,1283,1186,1283,1186,1302,1181,1302
1295,1272,1307,1272,1307,1315,1295,1315
1348,1272,1360,1272,1360,1315,1348,1315
3806,1316,4262,1316,4262,1359,3806,1359
4475,1315,4690,1315,4690,1360,4475,1360
629,1436,588,1312,627,1298,669,1423
1715,1397,1725,1397,1725,1435,1715,1435
1780,1411,1810,1411,1810,1426,1780,1426
1783,1397,1811,1397,1811,1435,1783,1435
3804,1417,3898,1417,3898,1446,3804,1446
4534,1420,4634,1420,4634,1442,4534,1442
1805,1443,1813,1442,1816,1472,1808,1473
1973,1449,2251,1449,2251,1497,1973,1497
1627,1460,1767,1447,1770,1477,1630,1491
987,1489,995,1489,995,1520,987,1520
1042,1489,1050,1489,1050,1520,1042,1520
1476,1475,1484,1474,1487,1504,1479,1505
1096,1489,1104,1489,1104,1520,1096,1520
1216,1567,1216,1497,1247,1497,1247,1567
3808,1508,4233,1508,4233,1542,3808,1542
4479,1498,4686,1498,4686,1560,4479,1560
2072,1552,2146,1552,2146,1631,2072,1631
1381,1562,1562,1562,1562,1666,1381,1666
578,1609,601,1606,602,1618,579,1621
716,1631,725,1631,723,1664,714,1664
771,1633,780,1633,778,1666,769,1666
1447,1723,1447,1727,1430,1728,1430,1724
918,1712,1159,1708,1160,1748,919,1752
1441,1729,1500,1725,1502,1754,1443,1758
1537,1723,1545,1722,1547,1751,1539,1752
657,1735,661,1755,590,1768,586,1749
1995,1772,2050,1772,2050,1804,1995,1804
1430,1849,1430,1764,1443,1764,1443,1849
1130,1823,1136,1823,1135,1846,1129,1846
1183,1824,1189,1824,1188,1847,1182,1847
1250,1826,1256,1826,1255,1849,1249,1849
1456,1849,1487,1849,1487,1861,1456,1861
3756,1895,3995,1895,3995,1906,3756,1906
4147,1893,4152,1893,4152,1902,4147,1902
4170,1893,4330,1893,4330,1902,4170,1902
4534,1891,4593,1891,4593,1903,4534,1903
2640,1989,2640,1837,2664,1837,2664,1989
1440,1927,1465,1927,1465,1939,1440,1939
954,1927,1012,1927,1012,1960,954,1960
3007,1928,3053,1928,3053,1960,3007,1960
3755,1934,3889,1934,3889,1947,3755,1947
3906,1934,3970,1934,3970,1947,3906,1947
4146,1930,4336,1930,4336,1953,4146,1953
4537,1935,4583,1934,4583,1943,4537,1944
611,2008,611,1945,622,1945,622,2008
3755,1979,3997,1979,3997,1989,3755,1989
4146,1984,4265,1984,4265,1994,4146,1994
4535,1984,4651,1984,4651,1997,4535,1997
1622,2011,1626,2011,1626,2028,1622,2028
1661,2011,1665,2011,1665,2028,1661,2028
1701,2012,1705,2012,1705,2029,1701,2029
1740,2012,1744,2012,1744,2029,1740,2029
1782,2012,1786,2012,1786,2029,1782,2029
1820,2012,1824,2012,1824,2029,1820,2029
1861,2012,1865,2012,1865,2029,1861,2029
1901,2013,1905,2013,1905,2030,1901,2030
1942,2013,1946,2013,1946,2030,1942,2030
1982,2013,1986,2013,1986,2030,1982,2030
2061,2014,2065,2014,2065,2031,2061,2031
2102,2014,2106,2014,2106,2031,2102,2031
2142,2014,2146,2014,2146,2031,2142,2031
2181,2014,2185,2014,2185,2031,2181,2031
3757,2018,3970,2016,3970,2028,3757,2030
4146,2019,4208,2019,4208,2029,4146,2029
4201,2019,4202,2019,4202,2029,4201,2029
4224,2019,4225,2019,4225,2029,4224,2029
4242,2019,4298,2019,4298,2029,4242,2029
1596,2026,1629,2024,1630,2041,1597,2043
4534,2026,4616,2026,4616,2037,4534,2037
745,2042,792,2042,792,2058,745,2058
1593,2047,1653,2047,1653,2068,1593,2068
2120,2049,2153,2049,2153,2064,2120,2064
3757,2062,3983,2062,3983,2075,3757,2075
4148,2061,4195,2061,4195,2072,4148,2072
4212,2061,4276,2061,4276,2072,4212,2072
4535,2064,4767,2064,4767,2078,4535,2078
2866,2063,3059,2063,3059,2105,2866,2105
4505,1902,4505,2260,4433,2260,4433,1902
3921,2102,3993,2102,3993,2113,3921,2113
788,2100,881,2100,881,2130,788,2130
1869,2099,1960,2099,1960,2130,1869,2130
3756,2102,3891,2102,3891,2113,3756,2113
3756,2102,3886,2102,3886,2126,3756,2126
4147,2107,4216,2107,4216,2119,4147,2119
4233,2107,4275,2107,4275,2119,4233,2119
4538,2104,4719,2104,4719,2116,4538,2116
3756,2149,3813,2149,3813,2162,3756,2162
3805,2149,3806,2149,3806,2162,3805,2162
4101,2144,4128,2146,4127,2160,4100,2158
3835,2149,3856,2149,3856,2162,3835,2162
4148,2143,4250,2143,4250,2157,4148,2157
3268,2186,3268,2133,3305,2133,3305,2186
4273,2143,4288,2143,4288,2157,4273,2157
4308,2143,4330,2143,4330,2157,4308,2157
4535,2151,4623,2151,4623,2162,4535,2162
601,2175,660,2172,662,2203,603,2206
4147,2183,4223,2183,4223,2195,4147,2195
4270,2183,4272,2183,4272,2195,4270,2195
4305,2183,4327,2183,4327,2195,4305,2195
4356,2183,4373,2183,4373,2195,4356,2195
1422,2189,1478,2189,1478,2211,1422,2211
3756,2192,3804,2192,3804,2204,3756,2204
4532,2189,4735,2189,4735,2212,4532,2212
4145,2225,4283,2225,4283,2236,4145,2236
4311,2225,4358,2225,4358,2236,4311,2236
3748,2233,3749,2233,3749,2244,3748,2244
3775,2233,3886,2235,3886,2247,3775,2245
4536,2234,4660,2234,4660,2246,4536,2246
4145,2272,4172,2272,4172,2283,4145,2283
4195,2272,4245,2272,4245,2283,4195,2283
4238,2272,4240,2272,4240,2283,4238,2283
4268,2272,4282,2272,4282,2283,4268,2283
3751,2281,3752,2281,3752,2293,3751,2293
3777,2281,3883,2281,3883,2293,3777,2293
4429,2285,4430,2285,4430,2293,4429,2293
4437,2277,4584,2279,4584,2290,4437,2288
4485,2285,4520,2285,4520,2293,4485,2293
683,2343,686,2290,720,2292,717,2345
1350,2293,1465,2297,1464,2332,1349,2328
2077,2279,2146,2279,2146,2357,2077,2357
4106,2316,4127,2315,4127,2322,4106,2323
3755,2324,3877,2324,3877,2335,3755,2335
2366,2359,2375,2245,2393,2247,2384,2360
3894,2324,3914,2324,3914,2335,3894,2335
4145,2325,4353,2325,4353,2336,4145,2336
628,2284,632,2410,602,2411,598,2285
4371,2325,4399,2325,4399,2336,4371,2336
2338,2388,2338,2298,2372,2298,2372,2388
3757,2366,3933,2366,3933,2377,3757,2377
4144,2365,4345,2363,4345,2375,4144,2377
2401,2438,2403,2390,2443,2392,2441,2440
3345,2415,3368,2415,3368,2432,3345,2432
3683,2456,4346,2456,4346,2490,3683,2490
2922,2499,2926,2499,2926,2516,2922,2516
2999,2499,3061,2499,3061,2539,2999,2539
4694,2473,4714,2473,4714,2542,4694,2542
2378,2511,2762,2511,2762,2572,2378,2572
2877,2571,2969,2571,2969,2603,2877,2603
4285,2576,4311,2576,4311,2593,4285,2593
4246,2639,4246,2645,4221,2645,4221,2639
2682,2637,2740,2637,2740,2668,2682,2668
4169,2657,4196,2657,4196,2676,4169,2676
2687,2695,2802,2699,2801,2738,2686,2734
3275,2727,3275,2690,3300,2690,3300,2727
4302,2723,4322,2722,4323,2741,4303,2742
4385,2574,4385,2872,4356,2872,4356,2574
3339,2764,3363,2760,3367,2783,3343,2788
2872,2802,2874,2802,2874,2811,2872,2811
4174,2831,4188,2831,4188,2838,4174,2838
3275,2891,3275,2805,3300,2805,3300,2891
4175,2839,4185,2838,4185,2846,4175,2847
4168,2849,4196,2849,4196,2855,4168,2855
4375,2896,4371,2952,4353,2951,4357,2895
4175,3024,4188,3023,4189,3039,4176,3040
4168,3041,4196,3041,4196,3048,4168,3048
2343,3094,2343,3088,2368,3088,2368,3094
2394,3078,2398,3078,2398,3095,2394,3095
2433,3078,2437,3078,2437,3095,2433,3095
2473,3078,2477,3078,2477,3095,2473,3095
2514,3078,2518,3078,2518,3095,2514,3095
4479,3094,4488,3096,4486,3104,4477,3103
4477,3101,4489,3100,4490,3112,4478,3113
2343,3136,2343,3130,2368,3130,2368,3136
4093,3121,4101,3120,4102,3129,4094,3130
2353,3122,2359,3122,2360,3146,2354,3146
140,3124,171,3124,171,3158,140,3158
2395,3121,2401,3121,2402,3145,2396,3145
2438,3120,2444,3120,2445,3144,2439,3144
2598,3116,2604,3116,2605,3140,2599,3140
247,3124,277,3124,277,3158,247,3158
2475,3119,2481,3119,2482,3143,2476,3143
2518,3118,2524,3118,2525,3142,2519,3142
2558,3117,2564,3117,2565,3141,2559,3141
4084,3130,4112,3129,4112,3137,4084,3138
4342,3128,4354,3128,4354,3135,4342,3135
4344,3137,4352,3137,4352,3144,4344,3145
842,3151,842,3146,863,3146,863,3151
4336,3146,4363,3146,4363,3153,4336,3153
1091,3125,1097,3125,1099,3193,1093,3193
842,3180,842,3175,863,3175,863,3180
4023,3155,4156,3155,4156,3197,4023,3197
2146,3159,2270,3159,2270,3227,2146,3227
1866,3180,2095,3187,2094,3222,1865,3215
4412,3190,4413,3190,4413,3198,4412,3198
4457,3182,4531,3182,4531,3198,4457,3198
4263,3199,4339,3199,4339,3205,4263,3205
2398,3191,2562,3191,2562,3223,2398,3223
2739,3194,2834,3194,2834,3217,2739,3217
3005,3191,3170,3191,3170,3222,3005,3222
3270,3175,3503,3175,3503,3241,3270,3241
151,3272,3508,3272,3508,3361,151,3361
3660,3292,3967,3292,3967,3332,3660,3332
4273,3287,4416,3287,4416,3336,4273,3336
4477,3287,4491,3287,4491,3336,4477,3336
