4014,166,4297,166,4297,287,4014,287
4106,372,4361,372,4361,397,4106,397
4131,405,4321,405,4321,428,4131,428
4146,477,4304,477,4304,551,4146,551
3965,587,4497,587,4497,628,3965,628
3952,632,4372,632,4372,783,3952,783
3652,693,3859,693,3859,727,3652,727
4234,736,4287,745,4280,783,4227,773
4543,693,4706,693,4706,782,4543,782
4110,844,4358,844,4358,890,4110,890
3804,931,3899,931,3899,962,3804,962
4573,937,4664,937,4664,966,4573,966
245,1003,248,942,277,944,274,1005
2028,985,2031,985,2031,998,2028,998
2063,985,2107,985,2107,998,2063,998
2143,985,2146,985,2146,998,2143,998
2181,985,2184,985,2184,998,2181,998
233,989,233,1028,214,1028,214,989
3803,997,4023,997,4023,1026,3803,1026
4566,1002,4668,1002,4668,1025,4566,1025
3804,1055,3943,1055,3943,1084,3804,1084
4571,1061,4667,1061,4667,1088,4571,1088
1873,1074,1992,1074,1992,1110,1873,1110
3801,1117,3940,1117,3940,1144,3801,1144
4577,1122,4661,1122,4661,1144,4577,1144
262,1119,262,1225,237,1225,237,1119
348,1148,348,1189,326,1189,326,1148
1892,1156,1965,1156,1965,1226,1892,1226
3413,1149,3413,1191,3392,1191,3392,1149
3529,1122,3529,1228,3506,1228,3506,1122
3801,1173,3940,1173,3940,1200,3801,1200
4571,1173,4671,1173,4671,1200,4571,1200
3803,1230,3975,1226,3976,1256,3804,1260
4573,1228,4660,1228,4660,1260,4573,1260
1835,1271,1915,1271,1915,1300,1835,1300
273,1276,273,1329,252,1329,252,1276
3803,1287,3950,1287,3950,1319,3803,1319
4576,1289,4664,1289,4664,1318,4576,1318
513,1356,587,1356,587,1381,513,1381
534,1385,535,1385,535,1392,534,1392
935,1356,1012,1356,1012,1383,935,1383
1905,1359,1981,1359,1981,1383,1905,1383
2501,1359,2577,1359,2577,1383,2501,1383
3153,1359,3229,1359,3229,1385,3153,1385
3799,1349,3842,1349,3842,1378,3799,1378
4576,1349,4664,1349,4664,1378,4576,1378
1037,1409,1064,1411,1063,1429,1036,1427
2287,1413,2334,1413,2334,1428,2287,1428
3253,1410,3280,1412,3279,1428,3252,1426
465,1437,468,1437,468,1451,465,1451
503,1436,506,1436,506,1450,503,1450
536,1434,539,1434,539,1448,536,1448
569,1433,572,1433,572,1447,569,1447
598,1432,635,1431,635,1445,598,1446
959,1431,964,1431,965,1450,960,1450
991,1430,996,1430,997,1449,992,1449
1020,1429,1061,1428,1062,1447,1021,1448
1698,1436,1704,1435,1708,1458,1702,1459
1927,1430,1933,1430,1934,1453,1928,1453
1960,1428,1966,1428,1967,1451,1961,1451
1990,1427,2030,1426,2031,1449,1991,1450
2254,1433,2258,1433,2258,1450,2254,1450
2348,1434,2352,1434,2352,1451,2348,1451
2382,1434,2386,1434,2386,1451,2382,1451
2415,1434,2419,1434,2419,1451,2415,1451
2449,1434,2453,1434,2453,1451,2449,1451
2481,1435,2485,1435,2485,1452,2481,1452
2515,1435,2519,1435,2519,1452,2515,1452
2548,1435,2552,1435,2552,1452,2548,1452
2582,1435,2586,1435,2586,1452,2582,1452
2614,1436,2618,1436,2618,1453,2614,1453
2647,1436,2651,1436,2651,1453,2647,1453
2715,1417,2753,1417,2753,1454,2715,1454
2681,1436,2685,1436,2685,1453,2681,1453
2782,1437,2786,1437,2786,1454,2782,1454
2812,1437,2816,1437,2816,1454,2812,1454
3105,1436,3109,1436,3110,1454,3106,1454
3143,1434,3147,1434,3148,1452,3144,1452
3175,1433,3179,1433,3180,1451,3176,1451
3209,1432,3213,1432,3214,1450,3210,1450
3238,1430,3276,1428,3277,1446,3239,1448
1603,1453,1624,1449,1628,1472,1607,1476
3807,1436,4263,1436,4263,1479,3807,1479
4514,1437,4723,1437,4723,1481,4514,1481
1213,1550,1213,1547,1227,1547,1227,1550
421,1546,466,1546,466,1577,421,1577
551,1546,559,1546,559,1577,551,1577
912,1552,956,1552,956,1571,912,1571
1186,1426,1177,1698,1136,1697,1145,1425
3805,1539,3928,1539,3928,1566,3805,1566
4570,1540,4668,1540,4668,1563,4570,1563
1212,1583,1212,1580,1226,1580,1226,1583
1211,1616,1211,1613,1225,1613,1225,1616
2009,1610,2014,1610,2015,1631,2010,1631
2053,1608,2058,1608,2059,1629,2054,1629
1414,1611,1415,1661,1395,1662,1394,1612
1766,1616,1975,1602,1977,1634,1768,1648
2272,1627,2322,1627,2322,1654,2272,1654
3165,1613,3259,1617,3257,1654,3164,1650
2925,1635,2996,1643,2994,1658,2923,1650
3806,1628,4233,1628,4233,1660,3806,1660
4514,1626,4733,1626,4733,1680,4514,1680
1759,1644,1784,1652,1773,1685,1748,1677
1752,1654,1777,1654,1777,1665,1752,1665
1823,1665,1832,1668,1821,1700,1812,1697
1815,1726,1815,1746,1798,1746,1798,1726
855,1750,855,1793,832,1793,832,1750
3460,1730,3460,1774,3437,1774,3437,1730
1814,1767,1814,1771,1797,1771,1797,1767
2092,1793,2092,1785,2124,1785,2124,1793
1651,1781,1651,1806,1634,1806,1634,1781
1721,1835,1724,1759,1736,1759,1733,1835
1745,1835,1742,1760,1754,1760,1757,1835
376,1797,536,1797,536,1833,376,1833
1814,1789,1814,1811,1797,1811,1797,1789
844,1804,1006,1804,1006,1844,844,1844
2326,1790,2561,1790,2561,1830,2326,1830
1813,1830,1813,1834,1796,1834,1796,1830
2092,1872,2092,1831,2124,1831,2124,1872
2817,1835,2817,1882,2763,1882,2763,1835
2798,1834,2798,1878,2776,1878,2776,1834
2998,1829,3006,1829,3006,1860,2998,1860
3039,1829,3047,1829,3047,1860,3039,1860
3081,1829,3089,1829,3089,1860,3081,1860
3168,1845,3176,1845,3176,1876,3168,1876
3434,1845,3442,1845,3442,1876,3434,1876
638,1873,638,1914,616,1914,616,1873
3213,1845,3400,1845,3400,1933,3213,1933
3758,1892,3997,1890,3997,1908,3758,1910
4150,1891,4330,1891,4330,1902,4150,1902
1822,1895,1830,1895,1829,1924,1821,1924
4538,1892,4594,1892,4594,1903,4538,1903
1876,1896,1884,1896,1883,1925,1875,1925
4101,1883,4121,1883,4121,1913,4101,1913
1921,1897,1929,1897,1928,1926,1920,1926
1966,1898,1974,1898,1973,1927,1965,1927
2014,1899,2022,1899,2021,1928,2013,1928
3759,1934,3968,1934,3968,1947,3759,1947
4149,1931,4336,1931,4336,1954,4149,1954
4539,1934,4597,1934,4597,1946,4539,1946
1838,1955,1840,1955,1840,1964,1838,1964
1855,1955,1857,1955,1857,1964,1855,1964
1876,1959,1900,1959,1900,1974,1876,1974
3202,2019,3192,1941,3226,1936,3236,2015
3675,2039,3675,1890,3706,1890,3706,2039
3758,1978,3997,1978,3997,1990,3758,1990
4148,1983,4266,1983,4266,1994,4148,1994
1415,1983,1415,2026,1394,2026,1394,1983
4537,1984,4651,1984,4651,1997,4537,1997
1477,1977,1474,2029,1439,2027,1442,1975
1500,1981,1499,2008,1488,2008,1489,1981
3758,2018,3970,2018,3970,2030,3758,2030
4147,2018,4306,2018,4306,2031,4147,2031
4538,2027,4619,2027,4619,2037,4538,2037
2406,2018,2468,2018,2468,2090,2406,2090
3758,2062,3986,2062,3986,2075,3758,2075
4149,2061,4274,2061,4274,2073,4149,2073
4537,2064,4769,2064,4769,2078,4537,2078
928,2077,930,2077,929,2088,927,2088
966,2079,968,2079,967,2090,965,2090
3407,2072,3523,2074,3523,2092,3407,2090
3757,2102,3993,2102,3993,2126,3757,2126
4147,2108,4274,2108,4274,2121,4147,2121
4538,2104,4723,2104,4723,2118,4538,2118
997,2075,1007,2201,982,2203,972,2077
1472,2088,1468,2159,1432,2157,1436,2086
3757,2150,3856,2150,3856,2163,3757,2163
4148,2144,4330,2144,4330,2157,4148,2157
4538,2151,4622,2151,4622,2163,4538,2163
2956,2161,3000,2161,3000,2190,2956,2190
3031,2161,3039,2161,3039,2190,3031,2190
3070,2161,3078,2161,3078,2190,3070,2190
3358,2141,3418,2136,3422,2184,3362,2189
3050,2167,3154,2158,3158,2206,3054,2215
4148,2184,4374,2184,4374,2197,4148,2197
3757,2192,3823,2192,3823,2206,3757,2206
4534,2189,4733,2189,4733,2214,4534,2214
1410,2200,1420,2200,1421,2236,1411,2236
1470,2199,1601,2197,1602,2234,1471,2236
4148,2225,4358,2225,4358,2238,4148,2238
3757,2234,3888,2234,3888,2247,3757,2247
4467,2229,4487,2229,4487,2241,4467,2241
4537,2234,4661,2234,4661,2248,4537,2248
1183,2241,1183,2288,1160,2288,1160,2241
1469,2240,1469,2265,1457,2265,1457,2240
3188,2242,3188,2292,3165,2292,3165,2242
3757,2282,3882,2282,3882,2295,3757,2295
4148,2271,4284,2271,4284,2286,4148,2286
4091,2273,4104,2273,4104,2290,4091,2290
4439,2276,4482,2276,4482,2295,4439,2295
4519,2276,4585,2276,4585,2295,4519,2295
1378,2299,1421,2299,1421,2324,1378,2324
1771,2293,1771,2318,1758,2318,1758,2293
3119,2322,3118,2310,3130,2309,3131,2321
1641,2319,1751,2331,1749,2350,1639,2338
3758,2325,3919,2325,3919,2336,3758,2336
4148,2325,4400,2325,4400,2338,4148,2338
1999,2348,2189,2348,2189,2367,1999,2367
1369,2353,1464,2353,1464,2384,1369,2384
1523,2353,1557,2353,1557,2384,1523,2384
1670,2353,1717,2353,1717,2384,1670,2384
3759,2366,3932,2366,3932,2379,3759,2379
4148,2365,4346,2365,4346,2377,4148,2377
3682,2458,4343,2458,4343,2490,3682,2490
4132,2548,4198,2548,4198,2561,4132,2561
4244,2581,4272,2581,4272,2589,4244,2589
4347,2563,4345,2625,4338,2625,4340,2563
4376,2570,4370,2640,4361,2639,4367,2569
4370,2656,4374,2688,4363,2689,4359,2657
4316,2725,4326,2726,4324,2737,4314,2736
4308,2737,4334,2738,4334,2747,4308,2746
4301,2865,4327,2865,4327,2882,4301,2882
4071,3000,4166,2997,4166,3005,4071,3008
4140,3012,4142,3012,4141,3024,4139,3024
4186,3015,4195,3016,4194,3028,4185,3027
4176,3030,4196,3030,4196,3036,4176,3036
4355,3029,4365,3028,4366,3040,4356,3041
4347,3040,4375,3040,4375,3048,4347,3048
1854,3029,2460,3029,2460,3155,1854,3155
2436,3080,2439,3080,2439,3095,2436,3095
2367,3088,2367,3093,2346,3093,2346,3088
2476,3080,2479,3080,2479,3095,2476,3095
2516,3080,2519,3080,2519,3095,2516,3095
4486,2988,4486,3173,4461,3173,4461,2988
2599,3087,2602,3088,2599,3102,2596,3102
1957,3093,1963,3094,1960,3117,1954,3116
4077,3103,4092,3102,4093,3118,4078,3119
4158,3098,4233,3098,4233,3123,4158,3123
4494,3074,4496,3142,4488,3142,4486,3074
4074,3121,4098,3121,4098,3127,4074,3127
141,3128,162,3128,162,3142,141,3142
229,3129,251,3129,251,3144,229,3144
2395,3118,2401,3118,2401,3143,2395,3143
2434,3118,2440,3118,2440,3143,2434,3143
2475,3117,2481,3117,2481,3142,2475,3142
2514,3116,2520,3116,2520,3141,2514,3141
2556,3116,2562,3116,2562,3141,2556,3141
4388,3122,4413,3122,4413,3148,4388,3148
4020,3156,4127,3153,4127,3169,4020,3172
1866,3178,2095,3186,2094,3221,1865,3213
2146,3159,2270,3159,2270,3226,2146,3226
4020,3173,4165,3173,4165,3198,4020,3198
4181,3181,4413,3181,4413,3189,4181,3189
4217,3189,4438,3190,4438,3199,4217,3198
2397,3191,2560,3191,2560,3222,2397,3222
2739,3194,2834,3194,2834,3217,2739,3217
3005,3191,3170,3191,3170,3222,3005,3222
3270,3175,3503,3175,3503,3241,3270,3241
151,3272,3508,3272,3508,3361,151,3361
3660,3294,3969,3294,3969,3332,3660,3332
4276,3292,4415,3292,4415,3335,4276,3335
4477,3292,4489,3292,4489,3335,4477,3335
