4014,166,4297,166,4297,287,4014,287
4106,372,4361,372,4361,397,4106,397
4131,405,4321,405,4321,428,4131,428
301,491,542,321,590,390,349,560
4146,477,4304,477,4304,551,4146,551
3965,587,4497,587,4497,628,3965,628
3957,632,4374,632,4374,787,3957,787
4250,746,4287,746,4287,779,4250,779
3652,693,3859,693,3859,727,3652,727
4543,693,4706,693,4706,782,4543,782
4108,845,4358,849,4357,891,4107,887
3804,931,3899,931,3899,962,3804,962
4575,940,4660,940,4660,961,4575,961
3803,995,4023,995,4023,1024,3803,1024
4570,997,4669,997,4669,1027,4570,1027
3803,1053,3942,1053,3942,1080,3803,1080
923,1069,1065,1069,1065,1087,923,1087
1264,1042,1361,1042,1361,1067,1264,1067
1333,1071,1375,1071,1375,1100,1333,1100
4569,1060,4668,1060,4668,1083,4569,1083
1130,1059,1134,1128,1116,1129,1112,1060
420,1099,452,1103,450,1114,419,1110
3802,1113,3942,1113,3942,1142,3802,1142
4573,1119,4667,1119,4667,1141,4573,1141
454,1135,454,1141,429,1141,429,1135
1064,1182,1064,1179,1078,1178,1078,1181
454,1179,454,1185,429,1185,429,1179
1129,1235,1129,1163,1156,1163,1156,1235
3802,1169,3996,1169,3996,1198,3802,1198
4573,1169,4660,1169,4660,1198,4573,1198
1067,1211,1067,1208,1081,1207,1081,1210
1193,1256,1193,1214,1220,1214,1220,1256
1316,1204,1406,1204,1406,1236,1316,1236
454,1221,454,1227,429,1227,429,1221
3797,1232,3841,1232,3841,1253,3797,1253
1073,1276,1070,1247,1085,1246,1088,1274
1090,1275,1090,1237,1105,1237,1105,1275
4576,1226,4662,1226,4662,1257,4576,1257
454,1263,454,1269,429,1269,429,1263
1313,1271,1388,1276,1386,1306,1311,1301
264,1337,264,1293,283,1293,283,1337
2065,1300,2075,1300,2074,1318,2064,1318
2186,1305,2266,1308,2265,1326,2185,1323
1310,1312,1382,1308,1383,1339,1312,1343
2950,1354,2965,1274,2995,1280,2979,1360
512,1318,664,1318,664,1354,512,1354
3217,1296,3222,1324,3199,1328,3194,1300
3118,1338,3161,1338,3161,1369,3118,1369
3806,1320,4258,1320,4258,1357,3806,1357
767,1332,771,1340,742,1355,737,1347
3259,1338,3267,1338,3267,1369,3259,1369
4510,1316,4723,1316,4723,1359,4510,1359
754,1342,758,1349,734,1364,729,1357
2072,1375,2097,1377,2096,1392,2071,1390
1726,1375,1873,1375,1873,1396,1726,1396
2373,1374,2396,1376,2395,1392,2372,1390
444,1379,452,1379,451,1409,443,1409
2419,1377,2422,1377,2421,1392,2418,1392
494,1381,502,1381,501,1411,493,1411
2437,1379,2440,1379,2439,1394,2436,1394
537,1383,545,1383,544,1413,536,1413
578,1385,586,1385,585,1415,577,1415
776,1378,780,1385,756,1400,751,1393
1468,1383,1516,1383,1516,1414,1468,1414
2061,1392,2096,1390,2097,1408,2062,1410
2270,1399,2274,1399,2275,1416,2271,1416
2298,1397,2302,1397,2303,1414,2299,1414
2329,1395,2333,1395,2334,1412,2330,1412
2356,1392,2402,1389,2403,1407,2357,1410
796,1411,800,1418,776,1433,771,1426
3802,1419,3896,1419,3896,1446,3802,1446
4575,1419,4662,1419,4662,1443,4575,1443
1302,1449,1373,1449,1373,1474,1302,1474
1612,1473,1613,1473,1613,1481,1612,1481
1629,1473,1630,1473,1630,1481,1629,1481
1645,1473,1646,1473,1646,1481,1645,1481
1662,1473,1663,1473,1663,1481,1662,1481
1679,1473,1680,1473,1680,1481,1679,1481
2122,1479,2172,1479,2172,1499,2122,1499
3118,1482,3160,1482,3160,1503,3118,1503
3803,1469,3929,1469,3929,1498,3803,1498
4568,1467,4668,1467,4668,1498,4568,1498
1064,1506,1264,1513,1263,1532,1063,1525
1708,1515,1708,1516,1700,1516,1700,1515
1296,1514,1300,1514,1299,1532,1295,1532
1355,1516,1359,1516,1358,1534,1354,1534
1382,1499,1419,1499,1419,1536,1382,1536
1708,1531,1708,1534,1700,1534,1700,1531
1709,1548,1709,1549,1701,1549,1701,1548
1709,1565,1709,1566,1701,1566,1701,1565
1710,1580,1710,1581,1702,1581,1702,1580
3810,1566,4233,1566,4233,1600,3810,1600
1616,1586,1618,1586,1618,1595,1616,1595
1633,1586,1635,1586,1635,1595,1633,1595
1650,1586,1652,1586,1652,1595,1650,1595
1667,1586,1669,1586,1669,1595,1667,1595
4520,1567,4720,1567,4720,1613,4520,1613
2654,1607,2654,1603,2671,1602,2671,1606
626,1608,649,1608,649,1621,626,1621
2050,1616,2268,1616,2268,1654,2050,1654
2655,1638,2655,1634,2672,1633,2672,1637
863,1636,887,1636,887,1649,863,1649
1680,1656,1703,1656,1703,1674,1680,1674
2657,1668,2657,1664,2674,1663,2674,1667
1650,1658,1650,1658,1657,1696,1657,1696
473,1695,510,1695,510,1727,473,1727
2506,1738,2506,1695,2529,1695,2529,1738
2722,1743,2722,1674,2748,1674,2748,1743
1620,1720,1688,1712,1689,1722,1621,1730
2660,1729,2660,1725,2677,1724,2677,1728
1652,1739,1677,1738,1678,1750,1653,1751
1705,1737,1707,1737,1708,1748,1706,1748
2662,1762,2662,1758,2679,1757,2679,1761
3122,1745,3172,1739,3176,1774,3126,1780
1648,1771,1670,1772,1669,1789,1647,1788
667,1822,667,1783,689,1783,689,1822
2136,1763,2188,1763,2188,1826,2136,1826
3115,1785,3182,1783,3183,1805,3116,1807
1474,1841,1474,1799,1511,1799,1511,1841
1591,1999,1591,1669,1626,1669,1626,1999
1629,1828,1686,1828,1686,1845,1629,1845
512,1835,622,1818,626,1848,517,1865
2666,1864,2665,1819,2697,1818,2699,1863
1625,1862,1712,1860,1713,1897,1626,1899
2786,1885,2786,1843,2807,1843,2807,1885
1236,1874,1384,1874,1384,1906,1236,1906
3096,1859,3207,1864,3205,1895,3094,1890
3758,1892,3997,1890,3997,1908,3758,1910
4101,1883,4121,1883,4121,1913,4101,1913
4150,1891,4330,1891,4330,1902,4150,1902
4538,1892,4594,1892,4594,1903,4538,1903
705,1939,705,1938,713,1938,713,1939
3759,1934,3968,1934,3968,1947,3759,1947
4149,1931,4336,1931,4336,1954,4149,1954
4539,1934,4597,1934,4597,1946,4539,1946
705,1956,705,1955,713,1955,713,1956
3675,2039,3675,1890,3706,1890,3706,2039
705,1973,705,1972,713,1972,713,1973
3758,1978,3997,1978,3997,1990,3758,1990
706,1990,706,1989,714,1989,714,1990
4148,1983,4266,1983,4266,1994,4148,1994
4537,1984,4651,1984,4651,1997,4537,1997
706,2007,706,2006,714,2006,714,2007
829,1995,905,2005,902,2030,826,2020
936,2040,936,1998,957,1998,957,2040
1931,2019,1931,1996,1944,1996,1944,2019
3758,2018,3970,2018,3970,2030,3758,2030
4147,2018,4306,2018,4306,2031,4147,2031
4538,2027,4619,2027,4619,2037,4538,2037
3758,2062,3986,2062,3986,2075,3758,2075
4149,2061,4274,2061,4274,2073,4149,2073
1736,2066,1770,2070,1768,2088,1734,2084
4537,2064,4769,2064,4769,2078,4537,2078
1273,2081,1315,2079,1316,2100,1274,2102
3676,2099,3684,2098,3689,2126,3681,2128
3757,2102,3993,2102,3993,2126,3757,2126
4147,2108,4274,2108,4274,2121,4147,2121
4538,2104,4723,2104,4723,2118,4538,2118
311,2113,366,2113,366,2155,311,2155
1701,2112,1714,2111,1718,2158,1705,2159
1783,2104,1823,2100,1827,2148,1787,2152
3757,2150,3856,2150,3856,2163,3757,2163
4148,2144,4330,2144,4330,2157,4148,2157
4538,2151,4622,2151,4622,2163,4538,2163
726,2163,726,2174,711,2174,711,2163
1427,2170,1468,2170,1468,2192,1427,2192
295,2174,386,2179,383,2221,293,2216
1430,2147,1471,2141,1479,2200,1438,2205
4148,2184,4374,2184,4374,2197,4148,2197
3757,2192,3823,2192,3823,2206,3757,2206
4534,2189,4733,2189,4733,2214,4534,2214
4148,2225,4358,2225,4358,2238,4148,2238
717,2251,717,2228,729,2228,729,2251
3757,2234,3888,2234,3888,2247,3757,2247
4467,2229,4487,2229,4487,2241,4467,2241
4537,2234,4661,2234,4661,2248,4537,2248
575,2206,638,2206,638,2237,575,2237
571,2252,664,2252,664,2330,571,2330
4148,2271,4284,2271,4284,2286,4148,2286
3757,2282,3882,2282,3882,2295,3757,2295
4091,2273,4104,2273,4104,2290,4091,2290
4439,2276,4482,2276,4482,2295,4439,2295
4519,2276,4585,2276,4585,2295,4519,2295
500,2298,532,2297,533,2332,501,2333
750,2289,776,2288,777,2324,751,2325
4108,2315,4134,2315,4134,2322,4108,2322
3758,2325,3919,2325,3919,2336,3758,2336
4148,2325,4400,2325,4400,2338,4148,2338
3095,2346,3192,2346,3192,2367,3095,2367
3759,2366,3932,2366,3932,2379,3759,2379
4148,2365,4346,2365,4346,2377,4148,2377
3682,2458,4343,2458,4343,2490,3682,2490
4132,2548,4191,2548,4191,2553,4132,2553
4148,2556,4198,2556,4198,2561,4148,2561
4244,2581,4272,2581,4272,2590,4244,2590
4347,2563,4345,2625,4338,2625,4340,2563
4132,2601,4133,2601,4133,2609,4132,2609
4360,2646,4364,2566,4373,2567,4369,2646
4316,2725,4326,2726,4324,2737,4314,2736
4308,2737,4334,2738,4334,2747,4308,2746
4383,2681,4383,2875,4352,2875,4352,2681
4301,2865,4327,2865,4327,2882,4301,2882
4363,3002,4363,2973,4380,2973,4380,3002
4078,2999,4168,2996,4168,3005,4078,3008
4133,3011,4136,3011,4135,3025,4132,3025
4186,3015,4196,3016,4195,3030,4185,3029
4176,3030,4196,3030,4196,3036,4176,3036
4354,3030,4367,3029,4368,3040,4355,3041
4348,3039,4375,3040,4375,3049,4348,3048
2395,3078,2398,3078,2398,3092,2395,3092
2434,3079,2437,3079,2437,3093,2434,3093
2475,3080,2478,3080,2478,3094,2475,3094
2343,3094,2343,3088,2368,3088,2368,3094
4257,3080,4259,3080,4257,3091,4256,3091
2515,3081,2518,3081,2518,3095,2515,3095
4077,3103,4092,3102,4093,3118,4078,3119
4074,3121,4098,3121,4098,3127,4074,3127
144,3119,165,3119,165,3148,144,3148
223,3119,249,3119,249,3148,223,3148
325,3119,333,3119,333,3148,325,3148
2343,3136,2343,3130,2368,3130,2368,3136
2353,3122,2359,3122,2360,3146,2354,3146
2395,3121,2401,3121,2402,3145,2396,3145
2438,3120,2444,3120,2445,3144,2439,3144
2475,3119,2481,3119,2482,3143,2476,3143
2518,3118,2524,3118,2525,3142,2519,3142
2558,3117,2564,3117,2565,3141,2559,3141
2598,3116,2604,3116,2605,3140,2599,3140
4388,3122,4413,3122,4413,3148,4388,3148
4469,3153,4469,3132,4480,3132,4480,3153
4504,3109,4502,3171,4492,3171,4494,3109
4020,3156,4127,3153,4127,3169,4020,3172
3959,3181,3965,3181,3965,3189,3959,3189
2146,3159,2270,3159,2270,3227,2146,3227
4028,3168,4228,3168,4228,3181,4028,3181
4170,3181,4178,3181,4178,3189,4170,3189
4025,3181,4430,3181,4430,3197,4025,3197
1866,3180,2095,3187,2094,3222,1865,3215
2398,3191,2562,3191,2562,3223,2398,3223
2739,3194,2834,3194,2834,3217,2739,3217
3005,3191,3170,3191,3170,3222,3005,3222
3270,3175,3503,3175,3503,3241,3270,3241
151,3272,3508,3272,3508,3361,151,3361
3660,3292,3967,3292,3967,3332,3660,3332
4276,3292,4415,3292,4415,3335,4276,3335
4477,3292,4489,3292,4489,3335,4477,3335
