4014,166,4297,166,4297,287,4014,287
4106,372,4361,372,4361,397,4106,397
4131,405,4321,405,4321,428,4131,428
301,491,542,321,590,390,349,560
4146,477,4304,477,4304,551,4146,551
1844,601,1847,601,1847,616,1844,616
1640,596,1762,596,1762,647,1640,647
1650,666,1862,638,1868,679,1655,707
1975,644,1975,791,1935,791,1935,644
3965,587,4497,587,4497,628,3965,628
3954,632,4374,632,4374,783,3954,783
4249,745,4289,745,4289,782,4249,782
2478,696,2531,696,2531,733,2478,733
3650,690,3860,690,3860,728,3650,728
4543,692,4707,692,4707,782,4543,782
1968,845,1968,812,1987,812,1987,845
1993,863,1990,814,2013,813,2016,861
4100,847,4353,847,4353,891,4100,891
1996,897,1996,891,2019,889,2019,895
1902,965,1902,875,1934,875,1934,965
2310,955,2310,896,2344,896,2344,955
1998,938,1998,932,2021,930,2021,936
3794,934,4141,934,4141,965,3794,965
4563,935,4662,935,4662,966,4563,966
2001,979,2001,973,2024,971,2024,977
2439,988,2634,988,2634,1039,2439,1039
3798,999,3893,999,3893,1022,3798,1022
4568,1001,4655,1001,4655,1030,4568,1030
1570,1092,1570,1034,1607,1034,1607,1092
3795,1059,3936,1059,3936,1082,3795,1082
4562,1059,4662,1059,4662,1088,4562,1088
3795,1118,3933,1118,3933,1140,3795,1140
4563,1121,4661,1121,4661,1143,4563,1143
1631,1153,1775,1153,1775,1195,1631,1195
2200,1148,2297,1144,2298,1172,2201,1176
3796,1173,3990,1173,3990,1200,3796,1200
4569,1171,4656,1171,4656,1202,4569,1202
3794,1231,3833,1231,3833,1258,3794,1258
4571,1231,4655,1231,4655,1260,4571,1260
663,1269,663,1248,692,1248,692,1269
663,1325,663,1308,692,1308,692,1325
703,1367,695,1267,724,1265,733,1364
1637,1290,1728,1290,1728,1372,1637,1372
1969,1355,1969,1320,1987,1320,1987,1355
3800,1322,4256,1322,4256,1358,3800,1358
1992,1383,1988,1325,2011,1323,2015,1381
4508,1317,4718,1317,4718,1365,4508,1365
1901,1459,1900,1296,1951,1296,1952,1459
2306,1415,2308,1333,2348,1334,2346,1416
663,1502,663,1377,692,1377,692,1502
1995,1424,1995,1418,2017,1416,2018,1422
721,1450,723,1416,754,1418,752,1452
3798,1424,3922,1424,3922,1445,3798,1445
2643,1400,2913,1400,2913,1494,2643,1494
4571,1418,4657,1418,4657,1449,4571,1449
1998,1462,1998,1456,2020,1454,2021,1460
1238,1450,1296,1446,1298,1477,1240,1481
2305,1479,2305,1468,2345,1469,2345,1480
2896,1485,2896,1477,2925,1476,2925,1484
2368,1502,2368,1471,2382,1471,2382,1502
2001,1505,2001,1499,2023,1497,2024,1503
2352,1533,2357,1465,2393,1468,2388,1536
2682,1370,2706,1621,2657,1625,2633,1375
2897,1524,2897,1516,2926,1515,2926,1523
3798,1510,4227,1510,4227,1544,3798,1544
4505,1513,4714,1513,4714,1557,4505,1557
845,1542,935,1542,935,1574,845,1574
1581,1541,1675,1541,1675,1575,1581,1575
2899,1608,2899,1600,2928,1599,2928,1607
964,1605,997,1607,996,1627,963,1625
1805,1606,1838,1606,1838,1624,1805,1624
946,1628,999,1628,999,1649,946,1649
830,1635,838,1635,838,1665,830,1665
870,1635,878,1635,878,1665,870,1665
910,1635,918,1635,918,1665,910,1665
1665,1641,1669,1641,1670,1659,1666,1659
1705,1639,1709,1639,1710,1657,1706,1657
1745,1636,1749,1636,1750,1654,1746,1654
1776,1633,1834,1629,1835,1648,1777,1652
2635,1682,2636,1673,2670,1676,2669,1685
2693,1709,2695,1656,2729,1657,2727,1710
2630,1744,2631,1735,2665,1738,2664,1747
3105,1761,3105,1765,3089,1765,3089,1761
1008,1834,1018,1715,1067,1720,1057,1838
3105,1783,3105,1787,3089,1787,3089,1783
2625,1793,2626,1784,2660,1787,2659,1796
2689,1795,2689,1786,2723,1787,2723,1796
2013,1862,2132,1862,2132,1902,2013,1902
2856,1852,2914,1850,2915,1884,2857,1886
2979,1849,2988,1849,2989,1883,2980,1883
3758,1892,3997,1890,3997,1908,3758,1910
4150,1891,4330,1891,4330,1902,4150,1902
2675,1924,2675,1894,2690,1894,2690,1924
4101,1883,4121,1883,4121,1913,4101,1913
4538,1892,4594,1892,4594,1903,4538,1903
2767,1932,2797,1932,2797,1953,2767,1953
3759,1934,3968,1934,3968,1947,3759,1947
4149,1931,4336,1931,4336,1954,4149,1954
4539,1934,4597,1934,4597,1946,4539,1946
1011,1930,1064,1930,1064,1992,1011,1992
1199,1930,1272,1930,1272,1992,1199,1992
3675,2039,3675,1890,3706,1890,3706,2039
3758,1978,3997,1978,3997,1990,3758,1990
4148,1983,4266,1983,4266,1994,4148,1994
4537,1984,4651,1984,4651,1997,4537,1997
3758,2018,3970,2018,3970,2030,3758,2030
4147,2018,4306,2018,4306,2031,4147,2031
4538,2027,4619,2027,4619,2037,4538,2037
2973,1996,3040,1997,3038,2096,2972,2095
3758,2062,3986,2062,3986,2075,3758,2075
4149,2061,4274,2061,4274,2073,4149,2073
1248,2110,1248,2052,1285,2052,1285,2110
4537,2064,4769,2064,4769,2078,4537,2078
1500,2110,1500,2052,1537,2052,1537,2110
2851,2057,2908,2056,2909,2097,2852,2098
1978,2060,2037,2060,2037,2097,1978,2097
1353,2112,1374,2110,1375,2124,1354,2126
3757,2102,3993,2102,3993,2126,3757,2126
4538,2104,4723,2104,4723,2118,4538,2118
4147,2108,4274,2108,4274,2121,4147,2121
844,2121,1040,2121,1040,2165,844,2165
2991,2099,3033,2103,3028,2150,2987,2146
1458,1774,1461,2321,1326,2322,1323,1775
1454,2237,1451,2517,1392,2516,1395,2236
1388,2429,1388,2445,1330,2446,1330,2430
1098,2153,1098,2142,1138,2142,1138,2153
3757,2150,3856,2150,3856,2163,3757,2163
4148,2144,4330,2144,4330,2157,4148,2157
4538,2151,4622,2151,4622,2163,4538,2163
1762,2141,1835,2141,1835,2227,1762,2227
2793,2151,2926,2153,2925,2193,2792,2191
3103,2157,3114,2157,3113,2197,3102,2197
4148,2184,4374,2184,4374,2197,4148,2197
1098,2206,1098,2195,1138,2195,1138,2206
2044,2196,2050,2196,2051,2221,2045,2221
2098,2194,2104,2194,2105,2219,2099,2219
2153,2193,2159,2193,2160,2218,2154,2218
3757,2192,3823,2192,3823,2206,3757,2206
2025,2205,2025,2220,1971,2220,1971,2205
2207,2192,2213,2192,2214,2217,2208,2217
2262,2191,2268,2191,2269,2216,2263,2216
2317,2190,2323,2190,2324,2215,2318,2215
2988,2154,3074,2156,3072,2268,2986,2266
4534,2189,4733,2189,4733,2214,4534,2214
4148,2225,4358,2225,4358,2238,4148,2238
3757,2234,3888,2234,3888,2247,3757,2247
4467,2229,4487,2229,4487,2241,4467,2241
4537,2234,4661,2234,4661,2248,4537,2248
836,2254,844,2254,845,2283,837,2283
890,2252,898,2252,899,2281,891,2281
1098,2268,1098,2257,1138,2257,1138,2268
947,2250,1006,2248,1007,2277,948,2279
2150,2270,2179,2268,2180,2283,2151,2285
2603,2287,2603,2256,2617,2256,2617,2287
3016,2269,3051,2267,3052,2282,3017,2284
4148,2271,4284,2271,4284,2286,4148,2286
4091,2273,4104,2273,4104,2290,4091,2290
3757,2282,3882,2282,3882,2295,3757,2295
3077,2286,3101,2286,3101,2301,3077,2301
4439,2276,4482,2276,4482,2295,4439,2295
4519,2276,4585,2276,4585,2295,4519,2295
2025,2271,2025,2341,1971,2341,1971,2271
4108,2315,4134,2315,4134,2322,4108,2322
3017,2326,3041,2326,3041,2337,3017,2337
3017,2318,3046,2317,3047,2347,3018,2348
3116,2315,3124,2315,3125,2344,3117,2344
3758,2325,3919,2325,3919,2336,3758,2336
4148,2325,4400,2325,4400,2338,4148,2338
2746,2336,2756,2336,2757,2374,2747,2374
2801,2335,2811,2335,2812,2373,2802,2373
2848,2334,2971,2332,2972,2371,2849,2373
3759,2366,3932,2366,3932,2379,3759,2379
4148,2365,4346,2365,4346,2377,4148,2377
2991,2335,2991,2430,2951,2430,2951,2335
1433,2384,1433,2492,1409,2492,1409,2384
2245,2462,2245,2431,2259,2431,2259,2462
2856,2409,2854,2510,2836,2510,2838,2409
3682,2458,4343,2458,4343,2490,3682,2490
1916,2522,1939,2522,1939,2539,1916,2539
4132,2548,4191,2548,4191,2553,4132,2553
4148,2556,4198,2556,4198,2561,4148,2561
4244,2581,4272,2581,4272,2590,4244,2590
4347,2563,4345,2625,4338,2625,4340,2563
4132,2601,4133,2601,4133,2609,4132,2609
4360,2646,4364,2566,4373,2567,4369,2646
4349,2690,4349,2682,4378,2681,4378,2689
4316,2725,4326,2726,4324,2737,4314,2736
4308,2737,4334,2738,4334,2747,4308,2746
4352,2896,4350,2772,4380,2771,4382,2895
4301,2865,4327,2865,4327,2882,4301,2882
4330,2921,4330,2919,4342,2919,4342,2921
4102,3002,4155,2997,4156,3006,4103,3011
4176,3030,4196,3030,4196,3037,4176,3037
4354,3029,4367,3028,4368,3040,4355,3041
4347,3040,4375,3040,4375,3048,4347,3048
2395,3078,2398,3078,2398,3092,2395,3092
2434,3079,2437,3079,2437,3093,2434,3093
2475,3080,2478,3080,2478,3094,2475,3094
2343,3094,2343,3088,2368,3088,2368,3094
4486,2988,4486,3173,4461,3173,4461,2988
2515,3081,2518,3081,2518,3095,2515,3095
4077,3103,4092,3102,4092,3110,4078,3111
4074,3109,4098,3109,4098,3127,4074,3127
2343,3136,2343,3130,2368,3130,2368,3136
140,3124,171,3124,171,3158,140,3158
2353,3122,2359,3122,2360,3146,2354,3146
247,3124,277,3124,277,3158,247,3158
2395,3121,2401,3121,2402,3145,2396,3145
2438,3120,2444,3120,2445,3144,2439,3144
2598,3116,2604,3116,2605,3140,2599,3140
2475,3119,2481,3119,2482,3143,2476,3143
2518,3118,2524,3118,2525,3142,2519,3142
2558,3117,2564,3117,2565,3141,2559,3141
4388,3122,4413,3122,4413,3148,4388,3148
4488,3169,4488,3089,4503,3089,4503,3169
1091,3125,1097,3125,1099,3193,1093,3193
842,3151,842,3146,863,3146,863,3151
4020,3156,4127,3153,4127,3169,4020,3172
842,3180,842,3175,863,3175,863,3180
3959,3181,3965,3181,3965,3189,3959,3189
2146,3159,2270,3159,2270,3227,2146,3227
4028,3168,4228,3168,4228,3181,4028,3181
4170,3181,4178,3181,4178,3189,4170,3189
4025,3181,4430,3181,4430,3197,4025,3197
1866,3180,2095,3187,2094,3222,1865,3215
2398,3191,2562,3191,2562,3223,2398,3223
2739,3194,2834,3194,2834,3217,2739,3217
3005,3191,3170,3191,3170,3222,3005,3222
3270,3175,3503,3175,3503,3241,3270,3241
151,3272,3508,3272,3508,3361,151,3361
3660,3292,3967,3292,3967,3332,3660,3332
4276,3292,4415,3292,4415,3335,4276,3335
4477,3292,4489,3292,4489,3335,4477,3335
