3999,186,4279,186,4279,300,3999,300
4088,386,4341,386,4341,409,4088,409
4112,419,4302,419,4302,441,4112,441
312,507,554,342,602,412,359,576
4134,493,4281,493,4281,562,4134,562
3950,598,4479,598,4479,640,3950,640
3938,646,4353,646,4353,791,3938,791
4231,758,4265,758,4265,789,4231,789
3638,702,3841,702,3841,734,3638,734
4523,702,4691,702,4691,793,4523,793
723,793,777,789,779,818,725,822
1941,803,2079,803,2079,824,1941,824
2788,806,2811,806,2811,821,2788,821
2792,789,2905,789,2905,831,2792,831
2841,806,2862,806,2862,822,2841,822
1108,851,1139,851,1139,864,1108,864
3232,829,3299,832,3297,880,3230,877
719,899,719,871,733,871,733,899
4094,850,4344,850,4344,904,4094,904
1803,890,1803,898,1774,898,1774,890
866,954,866,899,901,899,901,954
1766,949,1767,939,1805,942,1804,952
3790,941,3883,941,3883,970,3790,970
4554,942,4643,942,4643,975,4554,975
458,962,520,962,520,993,458,993
3240,970,3295,970,3295,1005,3240,1005
263,971,277,990,251,1009,237,990
1761,1004,1762,994,1800,997,1799,1007
898,992,911,992,911,1039,898,1039
990,992,1043,992,1043,1039,990,1039
1526,1001,1638,1001,1638,1043,1526,1043
3792,1002,4007,1002,4007,1026,3792,1026
4548,1000,4648,1000,4648,1034,4548,1034
3488,1022,3514,1021,3515,1038,3489,1040
296,1019,301,1025,275,1044,271,1037
1756,1066,1757,1056,1795,1059,1794,1069
318,1050,323,1056,297,1075,293,1068
677,1099,677,1042,710,1042,710,1099
735,1097,733,1066,747,1065,749,1096
1608,1059,1726,1044,1732,1093,1614,1109
3790,1064,3926,1064,3926,1085,3790,1085
4549,1067,4645,1067,4645,1088,4549,1088
3175,1097,3175,1090,3192,1090,3192,1097
343,1084,348,1090,322,1109,318,1102
2493,1078,2565,1078,2565,1162,2493,1162
365,1115,370,1121,344,1140,340,1133
3789,1125,3925,1125,3925,1146,3789,1146
4550,1125,4646,1125,4646,1154,4550,1154
468,1146,523,1148,522,1170,467,1168
1398,1162,1451,1162,1451,1183,1398,1183
846,1183,874,1183,874,1197,846,1197
3790,1177,3926,1177,3926,1206,3790,1206
4549,1179,4646,1179,4646,1209,4549,1209
386,1201,390,1201,391,1218,387,1218
1666,1204,1696,1204,1696,1216,1666,1216
3791,1231,3979,1231,3979,1262,3791,1262
4551,1233,4638,1233,4638,1262,4551,1262
507,1284,508,1269,516,1270,515,1285
3785,1291,3826,1291,3826,1316,3785,1316
4556,1282,4641,1286,4639,1322,4554,1318
2847,1365,2847,1309,2877,1309,2877,1365
3504,1338,3513,1373,3485,1380,3476,1345
3792,1345,3934,1345,3934,1372,3792,1372
4554,1345,4638,1345,4638,1374,4554,1374
2215,1382,2496,1382,2496,1436,2215,1436
3786,1416,3839,1414,3840,1433,3787,1435
4555,1410,4637,1410,4637,1441,4555,1441
1845,1455,1875,1455,1875,1470,1845,1470
594,1443,786,1447,785,1482,593,1478
381,1462,387,1462,387,1487,381,1487
438,1457,446,1457,446,1486,438,1486
492,1457,500,1457,500,1486,492,1486
1711,1517,1724,1515,1726,1526,1713,1529
3796,1502,4240,1502,4240,1536,3796,1536
2269,1521,2326,1521,2326,1554,2269,1554
4496,1499,4700,1499,4700,1543,4496,1543
1737,1547,1742,1550,1730,1570,1725,1567
1625,1569,1747,1569,1747,1600,1625,1600
1657,1596,1729,1596,1729,1614,1657,1614
1666,1616,1668,1616,1667,1628,1665,1628
3788,1600,3883,1600,3883,1633,3788,1633
4555,1605,4638,1605,4638,1626,4555,1626
1689,1618,1691,1618,1690,1630,1688,1630
1709,1619,1711,1619,1710,1631,1708,1631
924,1653,924,1644,959,1646,959,1655
495,1617,747,1610,749,1683,497,1690
1644,1627,1758,1617,1761,1658,1648,1668
3184,1622,3379,1622,3379,1684,3184,1684
1195,1679,1389,1679,1389,1721,1195,1721
1658,1683,1716,1682,1717,1717,1659,1718
1833,1680,1842,1680,1843,1714,1834,1714
1889,1678,1898,1678,1899,1712,1890,1712
921,1707,921,1698,956,1700,956,1709
1942,1676,1952,1676,1952,1712,1942,1712
1994,1676,2004,1676,2004,1712,1994,1712
3792,1686,4213,1686,4213,1722,3792,1722
1634,1708,1636,1708,1634,1719,1632,1719
4495,1682,4700,1682,4700,1740,4495,1740
379,1717,571,1725,569,1766,377,1758
658,1730,669,1730,667,1770,656,1770
716,1732,727,1732,725,1772,714,1772
919,1761,919,1752,954,1754,954,1763
1687,1776,1718,1776,1718,1790,1687,1790
289,1831,289,1773,320,1773,320,1831
916,1812,916,1803,951,1805,951,1814
1482,1843,1482,1793,1517,1793,1517,1843
2357,1825,2363,1825,2363,1848,2357,1848
2398,1825,2404,1825,2404,1848,2398,1848
2436,1825,2442,1825,2442,1848,2436,1848
2456,1837,2460,1837,2460,1854,2456,1854
2475,1825,2481,1825,2481,1848,2475,1848
2516,1825,2522,1825,2522,1848,2516,1848
2556,1825,2562,1825,2562,1848,2556,1848
2595,1825,2601,1825,2601,1848,2595,1848
2674,1825,2680,1825,2680,1848,2674,1848
2715,1825,2721,1825,2721,1848,2715,1848
2753,1825,2759,1825,2759,1848,2753,1848
2794,1825,2800,1825,2800,1848,2794,1848
913,1855,913,1846,948,1848,948,1857
2835,1825,2841,1825,2841,1848,2835,1848
2277,1837,2345,1837,2345,1880,2277,1880
2734,1863,2766,1863,2766,1879,2734,1879
1631,1854,1651,1856,1644,1925,1624,1923
1710,1861,1776,1867,1769,1937,1703,1931
3744,1889,3981,1889,3981,1906,3744,1906
4083,1885,4102,1885,4102,1907,4083,1907
4133,1891,4313,1891,4313,1901,4133,1901
4517,1890,4572,1890,4572,1904,4517,1904
2515,1914,2608,1914,2608,1947,2515,1947
3743,1931,3955,1931,3955,1946,3743,1946
4132,1927,4318,1927,4318,1951,4132,1951
4518,1933,4575,1933,4575,1945,4518,1945
3238,1962,3293,1962,3293,1994,3238,1994
3745,1975,3981,1975,3981,1987,3745,1987
4132,1980,4250,1980,4250,1992,4132,1992
4517,1981,4628,1981,4628,1993,4517,1993
1764,1994,1764,1997,1749,1997,1749,1994
2981,1927,2981,2077,2954,2077,2954,1927
1764,2015,1764,2018,1749,2018,1749,2015
3745,2015,3954,2015,3954,2026,3745,2026
4131,2015,4286,2015,4286,2028,4131,2028
4435,2010,4489,2010,4489,2034,4435,2034
3722,1865,3742,2281,3624,2286,3604,1871
586,1997,642,1997,642,2094,586,2094
4516,2023,4596,2023,4596,2034,4516,2034
1764,2035,1764,2038,1749,2038,1749,2035
1284,2031,1337,2028,1339,2063,1286,2066
3514,2041,3533,2041,3533,2056,3514,2056
1764,2058,1764,2061,1749,2061,1749,2058
3744,2059,3970,2059,3970,2070,3744,2070
4131,2058,4256,2058,4256,2071,4131,2071
4518,2061,4744,2061,4744,2076,4518,2076
1764,2079,1764,2082,1749,2082,1749,2079
3036,1983,3036,2189,3011,2189,3011,1983
2162,2157,2162,2067,2194,2067,2194,2157
1764,2101,1764,2104,1749,2104,1749,2101
3744,2097,3978,2097,3978,2122,3744,2122
4131,2104,4256,2104,4256,2117,4131,2117
4517,2102,4699,2102,4699,2116,4517,2116
1644,2125,1647,2125,1647,2139,1644,2139
1665,2124,1668,2124,1668,2138,1665,2138
1688,2124,1691,2124,1691,2138,1688,2138
1710,2124,1713,2124,1713,2138,1710,2138
1731,2123,1734,2123,1734,2137,1731,2137
2289,2158,2289,2108,2318,2108,2318,2158
2498,2118,2613,2118,2613,2156,2498,2156
2717,2099,2786,2099,2786,2174,2717,2174
3744,2145,3840,2145,3840,2158,3744,2158
4088,2136,4109,2138,4107,2162,4086,2161
4132,2139,4312,2139,4312,2154,4132,2154
4133,2139,4164,2141,4162,2167,4131,2165
4518,2146,4601,2148,4601,2160,4518,2158
4420,2155,4434,2154,4435,2164,4421,2165
1140,2182,1144,2182,1145,2199,1141,2199
1179,2181,1183,2181,1184,2198,1180,2198
1259,2178,1263,2178,1264,2195,1260,2195
1298,2176,1302,2176,1303,2193,1299,2193
1340,2175,1344,2175,1345,2192,1341,2192
1902,2179,1907,2179,1909,2200,1904,2201
3176,2180,3182,2180,3184,2203,3178,2203
4086,2179,4094,2179,4094,2194,4086,2194
3255,2174,3261,2174,3263,2197,3257,2197
1819,2187,1868,2182,1870,2204,1821,2209
3214,2177,3220,2177,3222,2200,3216,2200
4133,2179,4354,2179,4354,2194,4133,2194
3096,2185,3141,2182,3143,2206,3098,2209
1035,2188,1131,2188,1131,2228,1035,2228
3745,2187,3810,2187,3810,2202,3745,2202
4513,2185,4710,2185,4710,2208,4513,2208
435,2209,439,2209,439,2226,435,2226
485,2209,489,2209,489,2226,485,2226
539,2209,606,2209,606,2226,539,2226
647,2209,651,2209,651,2226,647,2226
698,2209,702,2209,702,2226,698,2226
1825,2210,1856,2210,1856,2231,1825,2231
2531,2213,2585,2213,2585,2242,2531,2242
3094,2211,3142,2211,3142,2232,3094,2232
4089,2217,4102,2218,4101,2233,4088,2232
4133,2220,4340,2220,4340,2234,4133,2234
4133,2221,4148,2222,4147,2236,4132,2235
4448,2225,4467,2225,4467,2235,4448,2235
3744,2229,3874,2229,3874,2243,3744,2243
4518,2229,4638,2229,4638,2243,4518,2243
4056,2267,4060,2267,4061,2284,4057,2284
4074,2266,4086,2265,4087,2283,4075,2284
4132,2266,4265,2266,4265,2280,4132,2280
3743,2277,3868,2277,3868,2289,3743,2289
4409,2269,4411,2269,4412,2290,4410,2290
4453,2268,4455,2268,4456,2289,4454,2289
4498,2267,4565,2265,4566,2287,4499,2289
575,2289,708,2292,707,2321,574,2318
1301,2285,1353,2285,1353,2314,1301,2314
3253,2292,3458,2294,3458,2317,3253,2315
4093,2310,4112,2309,4113,2318,4094,2319
3745,2318,3905,2318,3905,2331,3745,2331
4131,2319,4382,2319,4382,2332,4131,2332
2858,2294,2858,2371,2832,2371,2832,2294
3744,2360,3917,2360,3917,2373,3744,2373
4130,2359,4327,2359,4327,2372,4130,2372
2805,2394,2806,2368,2830,2369,2829,2395
453,2454,458,2457,445,2478,440,2475
3670,2448,4325,2448,4325,2484,3670,2484
484,2473,489,2476,476,2497,471,2494
517,2493,522,2496,509,2517,504,2514
550,2514,555,2517,542,2538,537,2535
4373,2570,4394,2569,4394,2580,4373,2581
4363,2582,4404,2580,4405,2607,4364,2609
4223,2728,4247,2728,4247,2737,4223,2737
4217,2738,4256,2738,4256,2764,4217,2764
4421,2795,4442,2795,4442,2805,4421,2805
4412,2806,4453,2804,4454,2832,4413,2834
4147,2931,4167,2931,4167,2941,4147,2941
4136,2942,4179,2942,4179,2968,4136,2968
3911,3004,3929,3000,3931,3011,3913,3015
3902,3008,3942,3008,3942,3038,3902,3038
4432,3027,4453,3027,4453,3037,4432,3037
4423,3037,4465,3037,4465,3064,4423,3064
2343,3081,2343,3075,2368,3075,2368,3081
1961,3076,1967,3076,1965,3100,1959,3100
2353,3064,2359,3064,2359,3088,2353,3088
2393,3064,2399,3064,2399,3088,2393,3088
2433,3064,2439,3064,2439,3088,2433,3088
2473,3064,2479,3064,2479,3088,2473,3088
2513,3064,2519,3064,2519,3088,2513,3088
2553,3064,2559,3064,2559,3088,2553,3088
2593,3064,2599,3064,2599,3088,2593,3088
4183,3085,4205,3085,4205,3095,4183,3095
4176,3096,4217,3096,4217,3122,4176,3122
2343,3123,2343,3117,2368,3117,2368,3123
2397,3114,2400,3114,2400,3128,2397,3128
2477,3113,2480,3113,2480,3127,2477,3127
2436,3114,2439,3114,2439,3128,2436,3128
2516,3113,2519,3113,2519,3127,2516,3127
2555,3112,2558,3112,2558,3126,2555,3126
165,3117,192,3118,191,3140,164,3139
2595,3112,2598,3112,2598,3126,2595,3126
1343,3120,1341,3138,1329,3137,1331,3119
264,3111,299,3111,299,3147,264,3147
1868,3167,2098,3173,2097,3207,1867,3201
2145,3145,2269,3145,2269,3210,2145,3210
2395,3177,2558,3177,2558,3208,2395,3208
3820,3158,4122,3158,4122,3195,3820,3195
2736,3179,2831,3179,2831,3208,2736,3208
3262,3161,3491,3161,3491,3224,3262,3224
2994,3180,3158,3180,3158,3202,2994,3202
174,3256,3499,3256,3499,3345,174,3345
379,3283,1294,3279,1294,3344,379,3348
1335,3279,2571,3274,2571,3339,1335,3344
2605,3274,3057,3272,3057,3337,2605,3339
3118,3271,3501,3269,3501,3334,3118,3336
3567,3270,3585,3270,3585,3334,3567,3334
3650,3269,3961,3268,3961,3333,3650,3334
4257,3278,4396,3278,4396,3318,4257,3318
4458,3278,4469,3278,4469,3318,4458,3318
