4015,170,4299,170,4299,228,4015,228
4019,226,4297,226,4297,284,4019,284
4106,374,4112,374,4112,398,4106,398
4120,374,4155,374,4155,398,4120,398
4164,374,4186,374,4186,398,4164,398
4196,374,4243,374,4243,398,4196,398
4256,374,4262,374,4262,398,4256,398
4273,374,4361,374,4361,398,4273,398
4130,406,4189,406,4189,429,4130,429
4204,406,4256,406,4256,429,4204,429
4262,406,4319,406,4319,429,4262,429
302,486,649,247,699,321,352,559
4156,472,4302,472,4302,551,4156,551
2652,581,2652,587,2629,587,2629,581
2771,595,2771,600,2750,600,2750,595
2771,613,2771,618,2750,618,2750,613
2771,622,2771,627,2750,627,2750,622
2653,625,2653,631,2630,631,2630,625
1509,633,1515,633,1514,656,1508,656
1659,699,1659,688,1698,688,1698,699
1659,651,1659,640,1698,640,1698,651
2653,665,2653,671,2630,671,2630,665
2681,661,2681,693,2663,693,2663,661
1906,680,1961,680,1961,723,1906,723
3967,588,4042,588,4042,631,3967,631
4051,588,4191,588,4191,631,4051,631
4205,588,4217,588,4217,631,4205,631
4221,588,4295,588,4295,631,4221,631
4313,588,4374,588,4374,631,4313,631
4392,588,4497,588,4497,631,4392,631
4112,632,4221,632,4221,679,4112,679
4238,632,4353,632,4353,679,4238,679
3957,689,4031,689,4031,729,3957,729
4037,689,4087,689,4087,729,4037,729
4092,689,4103,689,4103,729,4092,729
4259,690,4348,690,4348,728,4259,728
4364,690,4374,690,4374,728,4364,728
3949,744,4036,744,4036,787,3949,787
2654,706,2654,712,2631,712,2631,706
3651,694,3835,694,3835,725,3651,725
3849,694,3857,694,3857,725,3849,725
1659,751,1659,740,1698,740,1698,751
4546,692,4675,692,4675,730,4546,730
4695,692,4705,692,4705,730,4695,730
4549,748,4578,748,4578,786,4549,786
4597,748,4717,748,4717,786,4597,786
2654,745,2654,751,2631,751,2631,745
4253,743,4284,746,4280,781,4249,778
2655,785,2655,791,2632,791,2632,785
1222,763,1250,762,1251,781,1223,782
1223,787,1285,787,1285,804,1223,804
1186,812,1319,808,1320,829,1187,833
1659,807,1659,796,1698,796,1698,807
2655,826,2655,832,2632,832,2632,826
1659,859,1659,848,1698,848,1698,859
2656,867,2656,873,2633,873,2633,867
1898,859,2013,859,2013,909,1898,909
2024,859,2038,859,2038,909,2024,909
2045,859,2179,859,2179,909,2045,909
4107,847,4363,847,4363,893,4107,893
1659,915,1659,904,1698,904,1698,915
2656,905,2656,911,2633,911,2633,905
2541,888,2541,942,2512,942,2512,888
2657,946,2657,952,2634,952,2634,946
3801,935,3898,935,3898,962,3801,962
4575,939,4581,939,4581,962,4575,962
4587,939,4593,939,4593,962,4587,962
4593,939,4614,939,4614,962,4593,962
4622,939,4660,939,4660,962,4622,962
1659,1007,1659,996,1698,996,1698,1007
1659,967,1659,956,1698,956,1698,967
2657,987,2657,993,2634,993,2634,987
1399,983,1407,983,1407,1014,1399,1014
1451,983,1459,983,1459,1014,1451,1014
1507,984,1515,984,1515,1016,1507,1016
3804,993,3898,993,3898,1023,3804,1023
3909,993,3917,993,3917,1023,3909,1023
3932,993,4022,993,4022,1023,3932,1023
4565,1001,4590,1001,4590,1024,4565,1024
4592,1001,4598,1001,4598,1024,4592,1024
4603,1001,4620,1001,4620,1024,4603,1024
4629,1001,4667,1001,4667,1024,4629,1024
2658,1025,2658,1031,2635,1031,2635,1025
1187,1040,1307,1040,1307,1083,1187,1083
2658,1066,2658,1072,2635,1072,2635,1066
3802,1057,3919,1057,3919,1079,3802,1079
3935,1057,3940,1057,3940,1079,3935,1079
4570,1059,4587,1059,4587,1083,4570,1083
4593,1059,4599,1059,4599,1083,4593,1083
4601,1059,4623,1059,4623,1083,4601,1083
4631,1059,4666,1059,4666,1083,4631,1083
2659,1107,2659,1113,2636,1113,2636,1107
3800,1111,3921,1111,3921,1142,3800,1142
3932,1111,3940,1111,3940,1142,3932,1142
4574,1115,4582,1115,4582,1146,4574,1146
4587,1115,4595,1115,4595,1146,4587,1146
4593,1115,4614,1115,4614,1146,4593,1146
4624,1115,4659,1115,4659,1146,4624,1146
2660,1151,2661,1209,2637,1209,2636,1151
2685,1181,2685,1185,2668,1185,2668,1181
2685,1188,2685,1192,2668,1192,2668,1188
2685,1195,2685,1199,2668,1199,2668,1195
2685,1208,2685,1212,2668,1212,2668,1208
3804,1168,3872,1168,3872,1199,3804,1199
3887,1168,3915,1168,3915,1199,3887,1199
3925,1168,3996,1168,3996,1199,3925,1199
4572,1172,4577,1172,4577,1194,4572,1194
4586,1172,4591,1172,4591,1194,4586,1194
4593,1172,4613,1172,4613,1194,4593,1194
4622,1172,4658,1172,4658,1194,4622,1194
3797,1229,3842,1229,3842,1256,3797,1256
4573,1226,4581,1226,4581,1257,4573,1257
4586,1226,4594,1226,4594,1257,4586,1257
4591,1226,4614,1226,4614,1257,4591,1257
4623,1226,4658,1226,4658,1257,4623,1257
3808,1316,3900,1316,3900,1359,3808,1359
3922,1316,4065,1316,4065,1359,3922,1359
4077,1316,4257,1316,4257,1359,4077,1359
4517,1316,4556,1316,4556,1359,4517,1359
4567,1316,4579,1316,4579,1359,4567,1359
4581,1316,4628,1316,4628,1359,4581,1359
4644,1316,4723,1316,4723,1359,4644,1359
2208,1367,2259,1367,2259,1406,2208,1406
2812,1451,2812,1456,2793,1456,2793,1451
2812,1459,2812,1464,2793,1464,2793,1459
2812,1469,2812,1474,2793,1474,2793,1469
2812,1479,2812,1484,2793,1484,2793,1479
3807,1504,3900,1504,3900,1547,3807,1547
3917,1504,4060,1504,4060,1547,3917,1547
4074,1504,4230,1504,4230,1547,4074,1547
4515,1509,4558,1509,4558,1557,4515,1557
4571,1509,4584,1509,4584,1557,4571,1557
4583,1509,4628,1509,4628,1557,4583,1557
4646,1509,4716,1509,4716,1557,4646,1557
1495,1562,1495,1612,1464,1612,1464,1562
2131,1582,2293,1582,2293,1622,2131,1622
2318,1582,2329,1582,2329,1622,2318,1622
1355,1605,1396,1605,1396,1633,1355,1633
2543,1610,2543,1660,2511,1660,2511,1610
2682,1676,2682,1695,2661,1695,2661,1676
2682,1707,2682,1723,2661,1723,2661,1707
2770,1670,2770,1675,2750,1675,2750,1670
2770,1689,2770,1694,2750,1694,2750,1689
2770,1698,2770,1703,2750,1703,2750,1698
1694,1862,1694,1920,1673,1920,1673,1862
1446,1898,1499,1898,1499,1935,1446,1935
1968,1952,1968,1965,1921,1964,1921,1951
1434,1971,1552,1971,1552,2013,1434,2013
2693,2049,2693,1935,2707,1935,2707,2049
1966,2010,1966,2023,1919,2022,1919,2009
1468,2042,1476,2042,1477,2072,1469,2072
1523,2040,1531,2040,1532,2070,1524,2070
1576,2037,1584,2037,1585,2067,1577,2067
1965,2068,1965,2081,1918,2080,1918,2067
1893,2099,1904,2099,1904,2138,1893,2138
1949,2099,1960,2099,1960,2138,1949,2138
2005,2099,2016,2099,2016,2138,2005,2138
2372,2216,2378,2216,2378,2240,2372,2240
1963,2173,1963,2186,1916,2185,1916,2172
1961,2226,1961,2239,1914,2238,1914,2225
1960,2279,1960,2292,1913,2291,1913,2278
1959,2332,1959,2345,1912,2344,1912,2331
2210,2216,2216,2216,2216,2240,2210,2240
2265,2216,2271,2216,2271,2240,2265,2240
2320,2216,2326,2216,2326,2240,2320,2240
2126,2252,2288,2249,2289,2286,2127,2289
2313,2249,2323,2249,2324,2285,2314,2285
2770,2248,2770,2253,2749,2253,2749,2248
2770,2263,2770,2268,2749,2268,2749,2263
2770,2274,2770,2279,2749,2279,2749,2274
2659,2280,2659,2288,2629,2289,2629,2281
2542,2282,2542,2339,2509,2339,2509,2282
2661,2317,2661,2325,2631,2326,2631,2318
1376,2347,1434,2347,1434,2378,1376,2378
2664,2382,2664,2390,2634,2391,2634,2383
1373,2402,1376,2452,1340,2454,1337,2404
1377,2477,1378,2486,1343,2488,1342,2479
1957,2389,1957,2402,1910,2401,1910,2388
1956,2442,1956,2455,1909,2454,1909,2441
1559,2513,1588,2478,1608,2493,1578,2529
1609,2454,1613,2449,1632,2465,1628,2470
1634,2424,1638,2419,1657,2435,1653,2440
1659,2391,1663,2386,1682,2402,1678,2407
1684,2361,1688,2356,1707,2372,1703,2377
2041,2438,2047,2436,2054,2460,2048,2462
1989,2454,1995,2452,2002,2476,1996,2478
2666,2438,2666,2446,2636,2447,2636,2439
2667,2454,2668,2475,2638,2476,2637,2455
2668,2475,2668,2483,2638,2484,2638,2476
2668,2485,2669,2511,2639,2512,2638,2486
2686,2479,2686,2484,2667,2484,2667,2479
2686,2489,2686,2494,2667,2494,2667,2489
2686,2495,2686,2500,2667,2500,2667,2495
2686,2507,2686,2512,2667,2512,2667,2507
3682,2458,3739,2458,3739,2489,3682,2489
3754,2458,3788,2458,3788,2489,3754,2489
3802,2458,3912,2458,3912,2489,3802,2489
3927,2458,3961,2458,3961,2489,3927,2489
3975,2458,4111,2458,4111,2489,3975,2489
4117,2458,4185,2458,4185,2489,4117,2489
4196,2458,4204,2458,4204,2489,4196,2489
4203,2458,4211,2458,4211,2489,4203,2489
4209,2458,4342,2458,4342,2489,4209,2489
1956,2491,1956,2497,1931,2496,1931,2490
1953,2548,1953,2554,1928,2553,1928,2547
2211,2568,2263,2573,2261,2598,2209,2593
4392,2579,4413,2579,4413,2589,4392,2589
4392,2589,4409,2589,4409,2602,4392,2602
4384,2606,4390,2606,4390,2616,4384,2616
4393,2606,4395,2606,4395,2616,4393,2616
4396,2606,4404,2606,4404,2616,4396,2616
4408,2606,4423,2606,4423,2616,4408,2616
1321,2603,1321,2601,1332,2602,1332,2604
1950,2602,1950,2608,1925,2607,1925,2601
1319,2624,1319,2622,1330,2623,1330,2625
4241,2737,4264,2737,4264,2747,4241,2747
4244,2749,4260,2749,4260,2762,4244,2762
4233,2764,4241,2764,4241,2774,4233,2774
4243,2764,4245,2764,4245,2774,4243,2774
4246,2764,4254,2764,4254,2774,4246,2774
4259,2764,4274,2764,4274,2774,4259,2774
4439,2805,4461,2805,4461,2815,4439,2815
4549,2609,4568,3050,4503,3052,4484,2612
4441,2815,4456,2811,4460,2825,4445,2830
4433,2831,4439,2831,4439,2841,4433,2841
4442,2831,4444,2831,4444,2841,4442,2841
4445,2831,4453,2831,4453,2841,4445,2841
4458,2831,4473,2831,4473,2841,4458,2841
4164,2942,4184,2943,4184,2954,4164,2953
4165,2952,4178,2949,4181,2963,4168,2966
4154,2968,4164,2968,4164,2981,4154,2981
4164,2968,4167,2968,4167,2981,4164,2981
4168,2968,4178,2968,4178,2981,4168,2981
4180,2968,4196,2968,4196,2981,4180,2981
3923,3013,3945,3013,3945,3023,3923,3023
3925,3023,3943,3023,3943,3037,3925,3037
3916,3039,3924,3039,3924,3051,3916,3051
3927,3039,3929,3039,3929,3051,3927,3051
3930,3039,3938,3039,3938,3051,3930,3051
3942,3039,3957,3039,3957,3051,3942,3051
4451,3039,4474,3039,4474,3050,4451,3050
4454,3051,4469,3051,4469,3064,4454,3064
4441,3066,4453,3066,4453,3079,4441,3079
4453,3066,4456,3066,4456,3079,4453,3079
4458,3066,4465,3066,4465,3079,4458,3079
4469,3066,4485,3066,4485,3079,4469,3079
2344,3092,2344,3087,2364,3086,2364,3091
2394,3079,2397,3079,2397,3094,2394,3094
2434,3080,2437,3080,2437,3095,2434,3095
2474,3080,2477,3080,2477,3095,2474,3095
2514,3080,2517,3080,2517,3095,2514,3095
2554,3081,2557,3081,2557,3096,2554,3096
4200,3097,4222,3097,4222,3107,4200,3107
4203,3108,4218,3107,4219,3120,4204,3121
2353,3122,2359,3122,2360,3146,2354,3146
143,3124,173,3124,173,3157,143,3157
2396,3121,2402,3121,2403,3145,2397,3145
247,3124,256,3124,256,3157,247,3157
260,3124,269,3124,269,3157,260,3157
270,3124,279,3124,279,3157,270,3157
2436,3120,2442,3120,2443,3144,2437,3144
2476,3119,2482,3119,2483,3143,2477,3143
2516,3118,2522,3118,2523,3142,2517,3142
2598,3116,2604,3116,2605,3140,2599,3140
4191,3124,4202,3124,4202,3134,4191,3134
4203,3124,4205,3124,4205,3134,4203,3134
4206,3124,4214,3124,4214,3134,4206,3134
4219,3124,4234,3124,4234,3134,4219,3134
2556,3117,2562,3117,2563,3141,2557,3141
1866,3180,1962,3183,1961,3218,1865,3215
1975,3183,2095,3186,2094,3221,1974,3218
2167,3159,2245,3159,2245,3188,2167,3188
2147,3188,2270,3192,2269,3227,2146,3223
2395,3194,2461,3194,2461,3217,2395,3217
2467,3194,2560,3194,2560,3217,2467,3217
2740,3192,2835,3192,2835,3221,2740,3221
3003,3190,3070,3190,3070,3223,3003,3223
3073,3190,3082,3190,3082,3223,3073,3223
3084,3190,3167,3190,3167,3223,3084,3223
3345,3173,3436,3173,3436,3204,3345,3204
3269,3209,3373,3209,3373,3239,3269,3239
3384,3209,3450,3209,3450,3239,3384,3239
3457,3209,3500,3209,3500,3239,3457,3239
154,3274,160,3274,160,3297,154,3297
159,3274,232,3274,232,3297,159,3297
153,3303,192,3303,192,3325,153,3325
204,3303,291,3303,291,3325,204,3325
299,3303,399,3303,399,3325,299,3325
413,3303,459,3303,459,3325,413,3325
461,3303,623,3303,623,3325,461,3325
632,3303,637,3303,637,3325,632,3325
646,3303,706,3303,706,3325,646,3325
714,3303,752,3303,752,3325,714,3325
761,3303,852,3303,852,3325,761,3325
860,3303,906,3303,906,3325,860,3325
913,3303,1021,3303,1021,3325,913,3325
1031,3303,1080,3303,1080,3325,1031,3325
1090,3303,1102,3303,1102,3325,1090,3325
1116,3303,1192,3303,1192,3325,1116,3325
1200,3303,1238,3303,1238,3325,1200,3325
1247,3303,1317,3303,1317,3325,1247,3325
1325,3303,1345,3303,1345,3325,1325,3325
1357,3303,1376,3303,1376,3325,1357,3325
1389,3303,1409,3303,1409,3325,1389,3325
1423,3303,1494,3303,1494,3325,1423,3325
1493,3303,1498,3303,1498,3325,1493,3325
1505,3303,1547,3303,1547,3325,1505,3325
1551,3303,1694,3303,1694,3325,1551,3325
1704,3303,1750,3303,1750,3325,1704,3325
1757,3303,1888,3303,1888,3325,1757,3325
1900,3303,1905,3303,1905,3325,1900,3325
1909,3303,1914,3303,1914,3325,1909,3325
1916,3303,1952,3303,1952,3325,1916,3325
1964,3303,2068,3303,2068,3325,1964,3325
2079,3303,2084,3303,2084,3325,2079,3325
2100,3303,2121,3303,2121,3325,2100,3325
2130,3303,2171,3303,2171,3325,2130,3325
2185,3303,2206,3303,2206,3325,2185,3325
2219,3303,2295,3303,2295,3325,2219,3325
2308,3303,2332,3303,2332,3325,2308,3325
2343,3303,2348,3303,2348,3325,2343,3325
2348,3303,2353,3303,2353,3325,2348,3325
2353,3303,2411,3303,2411,3325,2353,3325
2422,3303,2527,3303,2527,3325,2422,3325
2527,3303,2532,3303,2532,3325,2527,3325
2541,3303,2578,3303,2578,3325,2541,3325
2586,3303,2700,3303,2700,3325,2586,3325
2708,3303,2825,3303,2825,3325,2708,3325
2826,3303,2831,3303,2831,3325,2826,3325
2838,3303,2999,3303,2999,3325,2838,3325
3008,3303,3028,3303,3028,3325,3008,3325
3040,3303,3202,3303,3202,3325,3040,3325
3204,3303,3209,3303,3209,3325,3204,3325
3217,3303,3260,3303,3260,3325,3217,3325
3264,3303,3284,3303,3284,3325,3264,3325
3298,3303,3318,3303,3318,3325,3298,3325
3329,3303,3364,3303,3364,3325,3329,3325
3370,3303,3467,3303,3467,3325,3370,3325
3474,3303,3505,3303,3505,3325,3474,3325
156,3330,278,3330,278,3355,156,3355
286,3330,339,3330,339,3355,286,3355
342,3330,348,3330,348,3355,342,3355
354,3330,386,3330,386,3355,354,3355
392,3330,474,3330,474,3355,392,3355
485,3330,521,3330,521,3355,485,3355
533,3330,589,3330,589,3355,533,3355
600,3330,636,3330,636,3355,600,3355
646,3330,675,3330,675,3355,646,3355
685,3330,818,3330,818,3355,685,3355
823,3330,829,3330,829,3355,823,3355
836,3330,875,3330,875,3355,836,3355
882,3330,994,3330,994,3355,882,3355
1005,3330,1028,3330,1028,3355,1005,3355
1036,3330,1103,3330,1103,3355,1036,3355
1106,3330,1112,3330,1112,3355,1106,3355
1125,3330,1195,3330,1195,3355,1125,3355
1197,3330,1203,3330,1203,3355,1197,3355
1210,3330,1252,3330,1252,3355,1210,3355
1264,3330,1353,3330,1353,3355,1264,3355
1363,3330,1411,3330,1411,3355,1363,3355
1419,3330,1455,3330,1455,3355,1419,3355
1465,3330,1471,3330,1471,3355,1465,3355
1470,3330,1476,3330,1476,3355,1470,3355
1476,3330,1624,3330,1624,3355,1476,3355
1629,3330,1665,3330,1665,3355,1629,3355
1676,3330,1809,3330,1809,3355,1676,3355
1823,3330,1869,3330,1869,3355,1823,3355
1874,3330,1943,3330,1943,3355,1874,3355
1954,3330,1960,3330,1960,3355,1954,3355
1972,3330,2010,3330,2010,3355,1972,3355
2019,3330,2103,3330,2103,3355,2019,3355
2102,3330,2108,3330,2108,3355,2102,3355
2115,3330,2129,3330,2129,3355,2115,3355
2141,3330,2218,3330,2218,3355,2141,3355
2224,3330,2230,3330,2230,3355,2224,3355
2237,3330,2243,3330,2243,3355,2237,3355
2242,3330,2248,3330,2248,3355,2242,3355
2249,3330,2393,3330,2393,3355,2249,3355
2399,3330,2422,3330,2422,3355,2399,3355
2427,3330,2456,3330,2456,3355,2427,3355
2465,3330,2587,3330,2587,3355,2465,3355
2594,3330,2630,3330,2630,3355,2594,3355
2642,3330,2766,3330,2766,3355,2642,3355
2780,3330,2825,3330,2825,3355,2780,3355
2832,3330,2963,3330,2963,3355,2832,3355
2973,3330,2979,3330,2979,3355,2973,3355
2983,3330,2989,3330,2989,3355,2983,3355
2990,3330,3027,3330,3027,3355,2990,3355
3033,3330,3126,3330,3126,3355,3033,3355
3661,3291,3749,3292,3749,3333,3661,3332
3764,3292,3775,3292,3775,3332,3764,3332
3796,3292,3825,3292,3825,3332,3796,3332
3829,3293,3840,3293,3840,3333,3829,3333
3859,3293,3897,3293,3897,3333,3859,3333
3907,3293,3918,3293,3918,3333,3907,3333
3919,3293,3969,3293,3969,3334,3919,3334
3973,3294,3984,3294,3984,3334,3973,3334
3989,3294,4085,3295,4085,3335,3989,3334
4277,3295,4391,3295,4391,3331,4277,3331
4401,3295,4411,3295,4411,3331,4401,3331
