4015,170,4299,170,4299,228,4015,228
4019,226,4297,226,4297,284,4019,284
4106,374,4112,374,4112,398,4106,398
4120,374,4155,374,4155,398,4120,398
4164,374,4186,374,4186,398,4164,398
4196,374,4243,374,4243,398,4196,398
4256,374,4262,374,4262,398,4256,398
4273,374,4361,374,4361,398,4273,398
4130,406,4189,406,4189,429,4130,429
4204,406,4256,406,4256,429,4204,429
4262,406,4319,406,4319,429,4262,429
302,486,649,247,699,321,352,559
4145,481,4302,481,4302,551,4145,551
3967,588,4042,588,4042,631,3967,631
4051,588,4191,588,4191,631,4051,631
4205,588,4217,588,4217,631,4205,631
4221,588,4295,588,4295,631,4221,631
4313,588,4374,588,4374,631,4313,631
4392,588,4497,588,4497,631,4392,631
4117,632,4218,632,4218,679,4117,679
4237,632,4350,632,4350,679,4237,679
3958,688,4032,688,4032,731,3958,731
4039,688,4087,688,4087,731,4039,731
4092,688,4104,688,4104,731,4092,731
4261,690,4344,690,4344,728,4261,728
4362,690,4372,690,4372,728,4362,728
3955,745,4031,745,4031,784,3955,784
4249,746,4285,746,4285,784,4249,784
3650,692,3840,692,3840,730,3650,730
3846,692,3856,692,3856,730,3846,730
2835,741,2841,742,2838,766,2832,765
2848,742,2854,743,2851,767,2845,766
2820,739,2827,740,2824,764,2817,763
4542,692,4675,692,4675,730,4542,730
4697,692,4707,692,4707,730,4697,730
4550,745,4579,745,4579,785,4550,785
4596,745,4716,745,4716,785,4596,785
2931,751,2974,756,2971,779,2928,775
2538,748,2600,748,2600,782,2538,782
2608,748,2617,748,2617,782,2608,782
2616,748,2664,748,2664,782,2616,782
2608,794,2662,794,2662,825,2608,825
2859,793,2910,793,2910,812,2859,812
1720,824,1773,824,1773,861,1720,861
4107,847,4356,847,4356,893,4107,893
3803,933,3896,933,3896,962,3803,962
3910,933,3918,933,3918,962,3910,962
3932,933,4023,933,4023,962,3932,962
4036,933,4044,933,4044,962,4036,962
4058,933,4149,933,4149,962,4058,962
4567,939,4592,939,4592,961,4567,961
4593,939,4598,939,4598,961,4593,961
4600,939,4621,939,4621,961,4600,961
4627,939,4668,939,4668,961,4627,961
2429,1031,2429,974,2465,974,2465,1031
2592,968,2709,968,2709,1006,2592,1006
3803,997,3921,997,3921,1026,3803,1026
4570,1003,4587,1003,4587,1026,4570,1026
4592,1003,4598,1003,4598,1026,4592,1026
4600,1003,4621,1003,4621,1026,4600,1026
4630,1003,4668,1003,4668,1026,4630,1026
2349,1070,2349,995,2364,995,2364,1070
2364,1081,2364,1046,2381,1046,2381,1081
2364,1041,2364,1023,2381,1023,2381,1041
2364,1014,2364,1010,2381,1010,2381,1014
2364,1002,2364,990,2381,990,2381,1002
3804,1053,3873,1053,3873,1082,3804,1082
3884,1053,3916,1053,3916,1082,3884,1082
3927,1053,3972,1053,3972,1082,3927,1082
4573,1057,4578,1057,4578,1078,4573,1078
4586,1057,4591,1057,4591,1078,4586,1078
4593,1057,4612,1057,4612,1078,4593,1078
4623,1057,4658,1057,4658,1078,4623,1078
2583,1105,2593,1105,2593,1143,2583,1143
2609,1105,2674,1105,2674,1143,2609,1143
2587,1152,2598,1152,2598,1192,2587,1192
2612,1152,2623,1152,2623,1192,2612,1192
2632,1152,2643,1152,2643,1192,2632,1192
2646,1152,2682,1152,2682,1192,2646,1192
3805,1142,3901,1143,3901,1182,3805,1181
3918,1143,4067,1144,4067,1182,3918,1181
4079,1144,4256,1145,4256,1184,4079,1183
1698,1107,1765,1111,1763,1142,1696,1138
1694,1147,1705,1147,1705,1189,1694,1189
1715,1147,1726,1147,1726,1189,1715,1189
1725,1147,1764,1147,1764,1189,1725,1189
1613,1218,1621,1218,1621,1247,1613,1247
1586,1266,1705,1266,1705,1310,1586,1310
1712,1266,1724,1266,1724,1310,1712,1310
1735,1266,1869,1266,1869,1310,1735,1310
4515,1140,4567,1140,4567,1187,4515,1187
4568,1140,4581,1140,4581,1187,4568,1187
4584,1140,4627,1140,4627,1187,4584,1187
4644,1140,4722,1140,4722,1187,4644,1187
2297,1218,2297,1195,2318,1195,2318,1218
2297,1185,2297,1158,2318,1158,2318,1185
2275,1217,2275,1212,2293,1210,2294,1215
2274,1207,2274,1202,2292,1200,2293,1205
2274,1201,2274,1196,2292,1194,2293,1199
2273,1187,2273,1182,2291,1180,2292,1185
1388,1215,1396,1215,1396,1244,1388,1244
1451,1216,1459,1216,1459,1245,1451,1245
1505,1217,1513,1217,1513,1246,1505,1246
1559,1217,1567,1217,1567,1246,1559,1246
2787,1198,2846,1198,2846,1236,2787,1236
2847,1238,2887,1245,2883,1273,2842,1267
3803,1241,3895,1241,3895,1272,3803,1272
4574,1241,4582,1241,4582,1270,4574,1270
4586,1241,4594,1241,4594,1270,4586,1270
4594,1241,4615,1241,4615,1270,4594,1270
4624,1241,4661,1241,4661,1270,4624,1270
2582,1283,2657,1283,2657,1296,2582,1296
2573,1297,2608,1297,2608,1312,2573,1312
2613,1297,2629,1297,2629,1312,2613,1312
2638,1297,2641,1297,2641,1312,2638,1312
2649,1297,2663,1297,2663,1312,2649,1312
1359,1316,1345,1353,1317,1342,1331,1305
2514,1343,2527,1344,2526,1362,2513,1361
2531,1344,2535,1344,2534,1361,2530,1361
2538,1344,2542,1344,2541,1361,2537,1361
2552,1345,2556,1345,2555,1362,2551,1362
2517,1367,2542,1369,2540,1387,2515,1385
2552,1370,2568,1372,2566,1389,2550,1388
3806,1333,3897,1333,3897,1367,3806,1367
3915,1333,4061,1333,4061,1367,3915,1367
4075,1333,4231,1333,4231,1367,4075,1367
4521,1324,4568,1324,4568,1388,4521,1388
4568,1324,4586,1324,4586,1388,4568,1388
4586,1324,4633,1324,4633,1388,4586,1388
4643,1324,4725,1324,4725,1388,4643,1388
2601,1375,2605,1375,2603,1393,2599,1393
1371,1381,1379,1381,1379,1413,1371,1413
1424,1381,1432,1381,1432,1413,1424,1413
1477,1381,1485,1381,1485,1413,1477,1413
2640,1379,2644,1379,2642,1397,2638,1397
2680,1382,2684,1382,2682,1400,2678,1400
1650,1400,1650,1388,1693,1388,1693,1400
1587,1417,1587,1406,1627,1405,1627,1416
1650,1453,1650,1441,1693,1441,1693,1453
1589,1470,1589,1459,1629,1458,1629,1469
1354,1504,1360,1504,1360,1527,1354,1527
1673,1478,1686,1477,1691,1523,1678,1525
1393,1504,1399,1504,1399,1527,1393,1527
1448,1504,1454,1504,1454,1527,1448,1527
1506,1496,1519,1495,1524,1541,1511,1543
1559,1490,1572,1489,1577,1535,1564,1537
1601,1486,1614,1485,1619,1531,1606,1533
1590,1524,1590,1513,1630,1512,1630,1523
1650,1519,1650,1507,1693,1507,1693,1519
1591,1577,1591,1566,1631,1565,1631,1576
1598,1579,1599,1571,1629,1575,1628,1583
1592,1634,1592,1623,1632,1622,1632,1633
1591,1631,1592,1623,1622,1627,1621,1635
2487,1613,2495,1613,2495,1644,2487,1644
2539,1613,2547,1613,2547,1644,2539,1644
2449,1632,2449,1640,2418,1639,2418,1631
1583,1683,1584,1675,1614,1679,1613,1687
2448,1696,2448,1704,2417,1703,2417,1695
2446,1750,2446,1758,2415,1757,2415,1749
1364,1759,1366,1759,1366,1770,1364,1770
1386,1759,1388,1759,1388,1770,1386,1770
1496,1760,1496,1765,1474,1765,1474,1760
1264,1831,1264,1771,1311,1771,1311,1831
1264,1775,1264,1762,1311,1762,1311,1775
1496,1794,1496,1799,1474,1799,1474,1794
1496,1813,1496,1818,1474,1818,1474,1813
1496,1829,1496,1834,1474,1834,1474,1829
1496,1845,1496,1850,1474,1850,1474,1845
1496,1863,1496,1868,1474,1868,1474,1863
1636,1802,1636,1751,1657,1751,1657,1802
1545,1742,1543,1871,1524,1871,1526,1742
1557,1900,1570,1736,1617,1739,1604,1904
1597,1861,1597,1857,1614,1856,1614,1860
1596,1840,1596,1836,1613,1835,1613,1839
1595,1816,1595,1812,1612,1811,1612,1815
1595,1795,1595,1791,1612,1790,1612,1794
1594,1784,1593,1743,1610,1742,1611,1783
1725,1908,1720,1789,1744,1788,1749,1907
2499,1830,2661,1830,2661,1870,2499,1870
1636,1861,1636,1856,1657,1856,1657,1861
2716,1967,2750,1872,2780,1882,2746,1978
1535,2010,1535,2013,1520,2013,1520,2010
1955,2153,2024,2149,2026,2188,1958,2193
2411,2236,2416,2237,2411,2258,2406,2256
2470,2234,2478,2234,2479,2263,2471,2263
2575,2231,2583,2231,2584,2260,2576,2260
2629,2230,2637,2230,2638,2259,2630,2259
2739,2234,2745,2235,2742,2258,2736,2257
1574,2285,1574,2306,1566,2306,1566,2285
2514,2292,2566,2298,2562,2323,2511,2317
1543,2320,1543,2317,1556,2317,1556,2320
1839,2322,1895,2320,1896,2357,1840,2359
1941,2319,1951,2319,1952,2355,1942,2355
1543,2359,1543,2356,1556,2356,1556,2359
1542,2346,1561,2346,1560,2413,1541,2413
1705,2350,1724,2350,1723,2417,1704,2417
1688,2349,2050,2356,2049,2424,1687,2417
3681,2454,3739,2454,3739,2490,3681,2490
3755,2454,3788,2454,3788,2490,3755,2490
3803,2454,3913,2454,3913,2490,3803,2490
3929,2454,3962,2454,3962,2490,3929,2490
3973,2454,4110,2454,4110,2490,3973,2490
4118,2454,4184,2454,4184,2490,4118,2490
4194,2454,4204,2454,4204,2490,4194,2490
4201,2454,4211,2454,4211,2490,4201,2490
4211,2454,4344,2454,4344,2490,4211,2490
4290,2569,4302,2569,4302,2575,4290,2575
4291,2578,4301,2577,4302,2586,4292,2587
4285,2587,4290,2587,4290,2593,4285,2593
4292,2587,4293,2587,4293,2593,4292,2593
4294,2587,4299,2587,4299,2593,4294,2593
4302,2587,4310,2587,4310,2593,4302,2593
4387,2574,4387,2620,4351,2620,4351,2574
4175,2657,4183,2657,4183,2665,4175,2665
4167,2668,4173,2668,4173,2675,4167,2675
4174,2668,4175,2668,4175,2675,4174,2675
4177,2668,4182,2668,4182,2675,4177,2675
4185,2668,4195,2668,4195,2675,4185,2675
4310,2724,4318,2724,4318,2732,4310,2732
4302,2734,4308,2734,4308,2741,4302,2741
4310,2734,4311,2734,4311,2741,4310,2741
4312,2734,4317,2734,4317,2741,4312,2741
4320,2734,4328,2734,4328,2741,4320,2741
4387,2739,4387,2873,4351,2873,4351,2739
4174,2840,4184,2839,4185,2846,4175,2847
4167,2848,4173,2848,4173,2855,4167,2855
4174,2848,4175,2848,4175,2855,4174,2855
4177,2848,4183,2848,4183,2855,4177,2855
4185,2848,4195,2848,4195,2855,4185,2855
4175,2848,4185,2848,4185,2884,4175,2884
4224,2848,4283,2848,4283,2884,4224,2884
4442,2980,4447,2980,4447,3002,4442,3002
4486,2980,4491,2980,4491,3002,4486,3002
4091,2992,4092,2992,4092,2999,4091,2999
4102,2992,4166,2992,4166,2999,4102,2999
4320,3011,4326,3011,4327,3027,4321,3027
4174,3022,4188,3023,4188,3030,4174,3029
4308,3028,4338,3027,4338,3036,4308,3037
4175,3029,4185,3029,4185,3040,4175,3040
4167,3041,4173,3041,4173,3048,4167,3048
4174,3041,4175,3041,4175,3048,4174,3048
4177,3041,4183,3041,4183,3048,4177,3048
4185,3041,4195,3041,4195,3048,4185,3048
2394,3079,2397,3079,2397,3094,2394,3094
2344,3092,2344,3087,2364,3086,2364,3091
2434,3080,2437,3080,2437,3095,2434,3095
2474,3080,2477,3080,2477,3095,2474,3095
2514,3080,2517,3080,2517,3095,2514,3095
4255,3079,4257,3079,4259,3091,4257,3091
2554,3081,2557,3081,2557,3096,2554,3096
4477,3101,4487,3100,4487,3109,4477,3110
4089,3112,4099,3110,4101,3119,4091,3122
4470,3111,4476,3111,4476,3119,4470,3119
4477,3111,4478,3111,4478,3119,4477,3119
4479,3111,4485,3111,4485,3119,4479,3119
4487,3111,4497,3111,4497,3119,4487,3119
4093,3119,4102,3119,4101,3129,4092,3129
2353,3122,2359,3122,2360,3146,2354,3146
143,3124,173,3124,173,3157,143,3157
2396,3121,2402,3121,2403,3145,2397,3145
247,3124,256,3124,256,3157,247,3157
260,3124,269,3124,269,3157,260,3157
270,3124,279,3124,279,3157,270,3157
2436,3120,2442,3120,2443,3144,2437,3144
2476,3119,2482,3119,2483,3143,2477,3143
2598,3116,2604,3116,2605,3140,2599,3140
2516,3118,2522,3118,2523,3142,2517,3142
2556,3117,2562,3117,2563,3141,2557,3141
4084,3129,4090,3129,4090,3137,4084,3137
4091,3129,4092,3129,4092,3137,4091,3137
4093,3129,4099,3129,4099,3137,4093,3137
4101,3129,4111,3129,4111,3137,4101,3137
4341,3127,4353,3127,4353,3135,4341,3135
4342,3136,4352,3136,4352,3143,4342,3143
4335,3146,4364,3146,4364,3152,4335,3152
4092,3155,4095,3155,4095,3168,4092,3168
4051,3173,4114,3172,4114,3180,4051,3181
4028,3178,4110,3180,4110,3190,4028,3188
3992,3189,4142,3189,4142,3197,3992,3197
4449,3183,4516,3184,4516,3191,4449,3190
2167,3159,2245,3159,2245,3188,2167,3188
2147,3188,2270,3192,2269,3227,2146,3223
1866,3180,1962,3183,1961,3218,1865,3215
1975,3183,2095,3186,2094,3221,1974,3218
2397,3193,2460,3193,2460,3217,2397,3217
2469,3193,2560,3193,2560,3217,2469,3217
4263,3183,4285,3183,4285,3190,4263,3190
4259,3190,4340,3190,4340,3197,4259,3197
4253,3198,4256,3198,4256,3205,4253,3205
4296,3199,4339,3200,4339,3207,4296,3206
3345,3173,3436,3173,3436,3204,3345,3204
3269,3209,3373,3209,3373,3239,3269,3239
3384,3209,3450,3209,3450,3239,3384,3239
3457,3209,3500,3209,3500,3239,3457,3239
4443,3197,4520,3196,4520,3205,4443,3206
2740,3192,2835,3192,2835,3221,2740,3221
3003,3190,3070,3190,3070,3223,3003,3223
3073,3190,3082,3190,3082,3223,3073,3223
3084,3190,3167,3190,3167,3223,3084,3223
154,3274,160,3274,160,3297,154,3297
159,3274,232,3274,232,3297,159,3297
153,3303,192,3303,192,3325,153,3325
204,3303,291,3303,291,3325,204,3325
299,3303,399,3303,399,3325,299,3325
413,3303,459,3303,459,3325,413,3325
461,3303,623,3303,623,3325,461,3325
632,3303,637,3303,637,3325,632,3325
646,3303,706,3303,706,3325,646,3325
714,3303,752,3303,752,3325,714,3325
761,3303,852,3303,852,3325,761,3325
860,3303,906,3303,906,3325,860,3325
913,3303,1021,3303,1021,3325,913,3325
1031,3303,1080,3303,1080,3325,1031,3325
1090,3303,1102,3303,1102,3325,1090,3325
1116,3303,1192,3303,1192,3325,1116,3325
1200,3303,1238,3303,1238,3325,1200,3325
1247,3303,1317,3303,1317,3325,1247,3325
1325,3303,1345,3303,1345,3325,1325,3325
1357,3303,1376,3303,1376,3325,1357,3325
1389,3303,1409,3303,1409,3325,1389,3325
1423,3303,1494,3303,1494,3325,1423,3325
1493,3303,1498,3303,1498,3325,1493,3325
1505,3303,1547,3303,1547,3325,1505,3325
1551,3303,1694,3303,1694,3325,1551,3325
1704,3303,1750,3303,1750,3325,1704,3325
1757,3303,1888,3303,1888,3325,1757,3325
1900,3303,1905,3303,1905,3325,1900,3325
1909,3303,1914,3303,1914,3325,1909,3325
1916,3303,1952,3303,1952,3325,1916,3325
1964,3303,2068,3303,2068,3325,1964,3325
2079,3303,2084,3303,2084,3325,2079,3325
2100,3303,2121,3303,2121,3325,2100,3325
2130,3303,2171,3303,2171,3325,2130,3325
2185,3303,2206,3303,2206,3325,2185,3325
2219,3303,2295,3303,2295,3325,2219,3325
2308,3303,2332,3303,2332,3325,2308,3325
2343,3303,2348,3303,2348,3325,2343,3325
2348,3303,2353,3303,2353,3325,2348,3325
2353,3303,2411,3303,2411,3325,2353,3325
2422,3303,2527,3303,2527,3325,2422,3325
2527,3303,2532,3303,2532,3325,2527,3325
2541,3303,2578,3303,2578,3325,2541,3325
2586,3303,2700,3303,2700,3325,2586,3325
2708,3303,2825,3303,2825,3325,2708,3325
2826,3303,2831,3303,2831,3325,2826,3325
2838,3303,2999,3303,2999,3325,2838,3325
3008,3303,3028,3303,3028,3325,3008,3325
3040,3303,3202,3303,3202,3325,3040,3325
3204,3303,3209,3303,3209,3325,3204,3325
3217,3303,3260,3303,3260,3325,3217,3325
3264,3303,3284,3303,3284,3325,3264,3325
3298,3303,3318,3303,3318,3325,3298,3325
3329,3303,3364,3303,3364,3325,3329,3325
3370,3303,3467,3303,3467,3325,3370,3325
3474,3303,3505,3303,3505,3325,3474,3325
156,3330,278,3330,278,3355,156,3355
286,3330,339,3330,339,3355,286,3355
342,3330,348,3330,348,3355,342,3355
354,3330,386,3330,386,3355,354,3355
392,3330,474,3330,474,3355,392,3355
485,3330,521,3330,521,3355,485,3355
533,3330,589,3330,589,3355,533,3355
600,3330,636,3330,636,3355,600,3355
646,3330,675,3330,675,3355,646,3355
685,3330,818,3330,818,3355,685,3355
823,3330,829,3330,829,3355,823,3355
836,3330,875,3330,875,3355,836,3355
882,3330,994,3330,994,3355,882,3355
1005,3330,1028,3330,1028,3355,1005,3355
1036,3330,1103,3330,1103,3355,1036,3355
1106,3330,1112,3330,1112,3355,1106,3355
1125,3330,1195,3330,1195,3355,1125,3355
1197,3330,1203,3330,1203,3355,1197,3355
1210,3330,1252,3330,1252,3355,1210,3355
1264,3330,1353,3330,1353,3355,1264,3355
1363,3330,1411,3330,1411,3355,1363,3355
1419,3330,1455,3330,1455,3355,1419,3355
1465,3330,1471,3330,1471,3355,1465,3355
1470,3330,1476,3330,1476,3355,1470,3355
1476,3330,1624,3330,1624,3355,1476,3355
1629,3330,1665,3330,1665,3355,1629,3355
1676,3330,1809,3330,1809,3355,1676,3355
1823,3330,1869,3330,1869,3355,1823,3355
1874,3330,1943,3330,1943,3355,1874,3355
1954,3330,1960,3330,1960,3355,1954,3355
1972,3330,2010,3330,2010,3355,1972,3355
2019,3330,2103,3330,2103,3355,2019,3355
2102,3330,2108,3330,2108,3355,2102,3355
2115,3330,2129,3330,2129,3355,2115,3355
2141,3330,2218,3330,2218,3355,2141,3355
2224,3330,2230,3330,2230,3355,2224,3355
2237,3330,2243,3330,2243,3355,2237,3355
2242,3330,2248,3330,2248,3355,2242,3355
2249,3330,2393,3330,2393,3355,2249,3355
2399,3330,2422,3330,2422,3355,2399,3355
2427,3330,2456,3330,2456,3355,2427,3355
2465,3330,2587,3330,2587,3355,2465,3355
2594,3330,2630,3330,2630,3355,2594,3355
2642,3330,2766,3330,2766,3355,2642,3355
2780,3330,2825,3330,2825,3355,2780,3355
2832,3330,2963,3330,2963,3355,2832,3355
2973,3330,2979,3330,2979,3355,2973,3355
2983,3330,2989,3330,2989,3355,2983,3355
2990,3330,3027,3330,3027,3355,2990,3355
3033,3330,3126,3330,3126,3355,3033,3355
3664,3282,3746,3282,3746,3340,3664,3340
3760,3282,3776,3282,3776,3340,3760,3340
3796,3282,3829,3282,3829,3340,3796,3340
3831,3282,3847,3282,3847,3340,3831,3340
3859,3282,3902,3282,3902,3340,3859,3340
3907,3282,3923,3282,3923,3340,3907,3340
3913,3282,3977,3282,3977,3340,3913,3340
3972,3282,3988,3282,3988,3340,3972,3340
3989,3282,4090,3282,4090,3340,3989,3340
4273,3292,4393,3292,4393,3332,4273,3332
4405,3292,4416,3292,4416,3332,4405,3332
