4014,166,4297,166,4297,228,4014,228
4021,224,4295,224,4295,287,4021,287
4106,372,4112,372,4112,397,4106,397
4121,372,4153,372,4153,397,4121,397
4163,372,4186,372,4186,397,4163,397
4197,372,4242,372,4242,397,4197,397
4256,372,4262,372,4262,397,4256,397
4275,372,4361,372,4361,397,4275,397
4131,405,4192,405,4192,428,4131,428
4205,405,4257,405,4257,428,4205,428
4263,405,4321,405,4321,428,4263,428
4146,477,4304,477,4304,551,4146,551
3965,587,4041,587,4041,628,3965,628
4050,587,4187,587,4187,628,4050,628
4202,587,4213,587,4213,628,4202,628
4226,587,4297,587,4297,628,4226,628
4310,587,4376,587,4376,628,4310,628
4386,587,4497,587,4497,628,4386,628
4118,632,4222,632,4222,675,4118,675
4242,632,4352,632,4352,675,4242,675
3955,688,4029,688,4029,731,3955,731
4039,688,4086,688,4086,731,4039,731
4091,688,4103,688,4103,731,4091,731
4260,689,4348,689,4348,729,4260,729
4361,689,4372,689,4372,729,4361,729
3952,747,4038,747,4038,783,3952,783
3652,693,3839,693,3839,727,3652,727
3850,693,3859,693,3859,727,3850,727
4234,736,4287,745,4280,783,4227,773
4548,693,4676,693,4676,729,4548,729
4696,693,4706,693,4706,729,4696,729
4543,746,4697,746,4697,782,4543,782
4110,844,4358,844,4358,890,4110,890
3804,931,3899,931,3899,962,3804,962
4573,937,4581,937,4581,966,4573,966
4588,937,4596,937,4596,966,4588,966
4596,937,4617,937,4617,966,4596,966
4621,937,4664,937,4664,966,4621,966
245,1003,248,942,277,944,274,1005
2028,985,2031,985,2031,998,2028,998
2063,985,2092,985,2092,998,2063,998
2104,985,2107,985,2107,998,2104,998
2143,985,2146,985,2146,998,2143,998
2181,985,2184,985,2184,998,2181,998
233,989,233,994,214,994,214,989
233,1007,233,1012,214,1012,214,1007
233,1017,233,1022,214,1022,214,1017
233,1023,233,1028,214,1028,214,1023
3803,997,3897,997,3897,1026,3803,1026
3910,997,3918,997,3918,1026,3910,1026
3932,997,4023,997,4023,1026,3932,1026
4566,1002,4591,1002,4591,1025,4566,1025
4594,1002,4600,1002,4600,1025,4594,1025
4604,1002,4621,1002,4621,1025,4604,1025
4630,1002,4668,1002,4668,1025,4630,1025
3804,1055,3922,1055,3922,1084,3804,1084
3935,1055,3943,1055,3943,1084,3935,1084
4571,1061,4590,1061,4590,1088,4571,1088
4591,1061,4598,1061,4598,1088,4591,1088
4602,1061,4621,1061,4621,1088,4602,1088
4631,1061,4667,1061,4667,1088,4631,1088
1873,1074,1992,1074,1992,1110,1873,1110
3801,1117,3922,1117,3922,1144,3801,1144
3933,1117,3940,1117,3940,1144,3933,1144
4577,1122,4582,1122,4582,1144,4577,1144
4588,1122,4593,1122,4593,1144,4588,1144
4596,1122,4615,1122,4615,1144,4596,1144
4625,1122,4661,1122,4661,1144,4625,1144
262,1119,262,1168,237,1168,237,1119
262,1173,262,1179,237,1179,237,1173
262,1181,262,1225,237,1225,237,1181
348,1148,348,1189,326,1189,326,1148
1904,1156,1955,1156,1955,1186,1904,1186
1892,1194,1900,1194,1900,1226,1892,1226
1909,1194,1917,1194,1917,1226,1909,1226
1926,1194,1934,1194,1934,1226,1926,1226
1937,1194,1965,1194,1965,1226,1937,1226
3413,1149,3413,1191,3392,1191,3392,1149
3529,1122,3529,1173,3506,1173,3506,1122
3529,1177,3529,1183,3506,1183,3506,1177
3529,1188,3529,1228,3506,1228,3506,1188
3801,1173,3922,1173,3922,1200,3801,1200
3933,1173,3940,1173,3940,1200,3933,1200
4571,1173,4590,1173,4590,1200,4571,1200
4593,1173,4600,1173,4600,1200,4593,1200
4600,1173,4625,1173,4625,1200,4600,1200
4630,1173,4671,1173,4671,1200,4630,1200
3803,1230,3875,1228,3876,1258,3804,1260
3883,1229,3915,1228,3916,1257,3884,1258
3926,1228,3975,1227,3976,1256,3927,1257
4573,1228,4581,1228,4581,1260,4573,1260
4586,1228,4594,1228,4594,1260,4586,1260
4595,1228,4619,1228,4619,1260,4595,1260
4625,1228,4660,1228,4660,1260,4625,1260
1835,1271,1843,1271,1843,1300,1835,1300
1869,1271,1915,1271,1915,1300,1869,1300
273,1276,273,1329,252,1329,252,1276
3803,1287,3876,1287,3876,1319,3803,1319
3889,1287,3897,1287,3897,1319,3889,1319
3902,1287,3910,1287,3910,1319,3902,1319
3910,1287,3950,1287,3950,1319,3910,1319
4576,1289,4584,1289,4584,1318,4576,1318
4588,1289,4596,1289,4596,1318,4588,1318
4596,1289,4617,1289,4617,1318,4596,1318
4621,1289,4664,1289,4664,1318,4621,1318
523,1356,583,1356,583,1368,523,1368
513,1369,543,1369,543,1381,513,1381
547,1369,560,1369,560,1381,547,1381
568,1369,570,1369,570,1381,568,1381
579,1369,587,1369,587,1381,579,1381
534,1385,535,1385,535,1392,534,1392
944,1356,1006,1356,1006,1367,944,1367
935,1369,966,1369,966,1383,935,1383
969,1369,985,1369,985,1383,969,1383
990,1369,993,1369,993,1383,990,1383
1002,1369,1012,1369,1012,1383,1002,1383
1915,1359,1975,1359,1975,1369,1915,1369
1905,1372,1935,1372,1935,1383,1905,1383
1939,1372,1953,1372,1953,1383,1939,1383
1960,1372,1962,1372,1962,1383,1960,1383
1971,1372,1981,1372,1981,1383,1971,1383
2511,1359,2571,1359,2571,1369,2511,1369
2501,1371,2529,1371,2529,1383,2501,1383
2535,1371,2549,1371,2549,1383,2535,1383
2557,1371,2559,1371,2559,1383,2557,1383
2565,1371,2577,1371,2577,1383,2565,1383
3162,1359,3223,1359,3223,1370,3162,1370
3153,1371,3183,1371,3183,1385,3153,1385
3186,1371,3202,1371,3202,1385,3186,1385
3209,1371,3212,1371,3212,1385,3209,1385
3219,1371,3229,1371,3229,1385,3219,1385
3799,1349,3842,1349,3842,1378,3799,1378
4576,1349,4584,1349,4584,1378,4576,1378
4588,1349,4596,1349,4596,1378,4588,1378
4596,1349,4617,1349,4617,1378,4596,1378
4621,1349,4664,1349,4664,1378,4621,1378
1037,1410,1041,1410,1040,1427,1036,1427
1044,1410,1048,1410,1047,1427,1043,1427
1049,1411,1053,1411,1052,1428,1048,1428
1060,1411,1064,1411,1063,1428,1059,1428
2287,1413,2310,1413,2310,1428,2287,1428
2331,1413,2334,1413,2334,1428,2331,1428
3253,1411,3256,1411,3255,1426,3252,1426
3261,1411,3264,1411,3263,1426,3260,1426
3266,1411,3269,1411,3268,1426,3265,1426
3277,1412,3280,1412,3279,1427,3276,1427
465,1437,468,1437,468,1451,465,1451
503,1436,506,1436,506,1450,503,1450
536,1434,539,1434,539,1448,536,1448
569,1433,572,1433,572,1447,569,1447
598,1432,614,1431,614,1445,598,1446
625,1431,635,1431,635,1445,625,1445
959,1431,964,1431,965,1450,960,1450
991,1430,996,1430,997,1449,992,1449
1020,1429,1037,1428,1038,1447,1021,1448
1047,1428,1061,1428,1062,1447,1048,1447
1698,1436,1704,1435,1708,1458,1702,1459
1927,1430,1933,1430,1934,1453,1928,1453
1960,1428,1966,1428,1967,1451,1961,1451
1990,1427,2007,1426,2008,1449,1991,1450
2018,1426,2030,1426,2031,1449,2019,1449
2254,1433,2258,1433,2258,1450,2254,1450
2348,1434,2352,1434,2352,1451,2348,1451
2382,1434,2386,1434,2386,1451,2382,1451
2415,1434,2419,1434,2419,1451,2415,1451
2449,1434,2453,1434,2453,1451,2449,1451
2481,1435,2485,1435,2485,1452,2481,1452
2515,1435,2519,1435,2519,1452,2515,1452
2548,1435,2552,1435,2552,1452,2548,1452
2582,1435,2586,1435,2586,1452,2582,1452
2614,1436,2618,1436,2618,1453,2614,1453
2647,1436,2651,1436,2651,1453,2647,1453
2726,1417,2753,1417,2753,1432,2726,1432
2715,1436,2719,1436,2719,1453,2715,1453
2749,1437,2753,1437,2753,1454,2749,1454
2681,1436,2685,1436,2685,1453,2681,1453
2782,1437,2786,1437,2786,1454,2782,1454
2812,1437,2816,1437,2816,1454,2812,1454
3105,1436,3109,1436,3110,1454,3106,1454
3143,1434,3147,1434,3148,1452,3144,1452
3175,1433,3179,1433,3180,1451,3176,1451
3209,1432,3213,1432,3214,1450,3210,1450
3238,1430,3254,1429,3255,1447,3239,1448
3266,1429,3276,1429,3277,1447,3267,1447
1603,1453,1624,1449,1628,1472,1607,1476
3807,1436,3906,1436,3906,1479,3807,1479
3922,1436,4071,1436,4071,1479,3922,1479
4076,1436,4263,1436,4263,1479,4076,1479
4514,1437,4563,1437,4563,1481,4514,1481
4568,1437,4580,1437,4580,1481,4568,1481
4582,1437,4630,1437,4630,1481,4582,1481
4642,1437,4723,1437,4723,1481,4642,1481
1213,1550,1213,1547,1227,1547,1227,1550
421,1546,466,1546,466,1577,421,1577
551,1546,559,1546,559,1577,551,1577
912,1552,956,1552,956,1571,912,1571
1186,1426,1177,1698,1136,1697,1145,1425
3805,1539,3928,1539,3928,1566,3805,1566
4570,1540,4587,1540,4587,1563,4570,1563
4592,1540,4598,1540,4598,1563,4592,1563
4601,1540,4622,1540,4622,1563,4601,1563
4630,1540,4668,1540,4668,1563,4630,1563
1212,1583,1212,1580,1226,1580,1226,1583
1211,1616,1211,1613,1225,1613,1225,1616
2009,1610,2014,1610,2015,1631,2010,1631
2053,1608,2058,1608,2059,1629,2054,1629
1414,1611,1415,1661,1395,1662,1394,1612
1766,1617,1842,1612,1844,1643,1768,1648
1877,1609,1885,1608,1887,1639,1879,1640
1922,1607,1930,1606,1932,1637,1924,1638
1967,1604,1975,1603,1977,1634,1969,1635
2272,1627,2322,1627,2322,1654,2272,1654
3165,1614,3175,1614,3174,1650,3164,1650
3213,1615,3259,1617,3258,1654,3212,1652
2925,1635,2996,1643,2994,1658,2923,1650
3806,1628,3900,1628,3900,1660,3806,1660
3915,1628,4059,1628,4059,1660,3915,1660
4075,1628,4233,1628,4233,1660,4075,1660
4514,1626,4576,1626,4576,1680,4514,1680
4582,1626,4597,1626,4597,1680,4582,1680
4595,1626,4645,1626,4645,1680,4595,1680
4654,1626,4733,1626,4733,1680,4654,1680
1759,1644,1784,1652,1773,1685,1748,1677
1752,1654,1762,1654,1762,1665,1752,1665
1768,1654,1770,1654,1770,1665,1768,1665
1775,1654,1777,1654,1777,1665,1775,1665
1823,1665,1832,1668,1821,1700,1812,1697
1815,1726,1815,1730,1798,1730,1798,1726
1815,1742,1815,1746,1798,1746,1798,1742
855,1750,855,1793,832,1793,832,1750
3460,1730,3460,1774,3437,1774,3437,1730
1814,1767,1814,1771,1797,1771,1797,1767
2092,1793,2092,1785,2124,1785,2124,1793
1651,1781,1651,1806,1634,1806,1634,1781
1722,1835,1723,1808,1734,1808,1733,1835
1723,1791,1724,1759,1736,1759,1735,1791
1745,1835,1742,1760,1754,1760,1757,1835
376,1797,507,1797,507,1833,376,1833
526,1797,536,1797,536,1833,526,1833
1814,1789,1814,1793,1797,1793,1797,1789
1814,1807,1814,1811,1797,1811,1797,1807
844,1804,978,1804,978,1844,844,1844
995,1804,1006,1804,1006,1844,995,1844
2326,1790,2419,1790,2419,1830,2326,1830
2432,1790,2443,1790,2443,1830,2432,1830
2449,1790,2561,1790,2561,1830,2449,1830
1813,1830,1813,1834,1796,1834,1796,1830
2092,1872,2092,1864,2124,1864,2124,1872
2092,1839,2092,1831,2124,1831,2124,1839
2817,1835,2817,1882,2763,1882,2763,1835
2798,1834,2798,1878,2776,1878,2776,1834
2998,1829,3006,1829,3006,1860,2998,1860
3039,1829,3047,1829,3047,1860,3039,1860
3081,1829,3089,1829,3089,1860,3081,1860
3168,1845,3176,1845,3176,1876,3168,1876
3434,1845,3442,1845,3442,1876,3434,1876
638,1873,638,1914,616,1914,616,1873
3213,1845,3221,1845,3221,1876,3213,1876
3258,1845,3266,1845,3266,1876,3258,1876
3303,1845,3311,1845,3311,1876,3303,1876
3347,1845,3355,1845,3355,1876,3347,1876
3392,1845,3400,1845,3400,1876,3392,1876
3234,1896,3365,1896,3365,1933,3234,1933
3384,1896,3394,1896,3394,1933,3384,1933
3758,1893,3814,1893,3814,1910,3758,1910
3819,1892,3839,1892,3839,1909,3819,1909
3846,1892,3873,1892,3873,1909,3846,1909
3879,1892,3921,1892,3921,1909,3879,1909
3926,1892,3930,1892,3930,1909,3926,1909
3936,1891,3940,1891,3940,1908,3936,1908
3940,1891,3944,1891,3944,1908,3940,1908
3944,1891,3960,1891,3960,1908,3944,1908
3966,1891,3978,1891,3978,1908,3966,1908
3983,1891,3997,1891,3997,1908,3983,1908
4150,1891,4152,1891,4152,1902,4150,1902
4158,1891,4180,1891,4180,1902,4158,1902
4183,1891,4195,1891,4195,1902,4183,1902
4201,1891,4236,1891,4236,1902,4201,1902
4239,1891,4255,1891,4255,1902,4239,1902
4261,1891,4263,1891,4263,1902,4261,1902
4271,1891,4273,1891,4273,1902,4271,1902
4275,1891,4277,1891,4277,1902,4275,1902
4278,1891,4294,1891,4294,1902,4278,1902
4302,1891,4312,1891,4312,1902,4302,1902
4317,1891,4330,1891,4330,1902,4317,1902
1822,1895,1830,1895,1829,1924,1821,1924
4538,1892,4594,1892,4594,1903,4538,1903
1876,1896,1884,1896,1883,1925,1875,1925
4101,1883,4121,1883,4121,1913,4101,1913
1921,1897,1929,1897,1928,1926,1920,1926
1966,1898,1974,1898,1973,1927,1965,1927
2014,1899,2022,1899,2021,1928,2013,1928
3759,1934,3813,1934,3813,1947,3759,1947
3817,1934,3846,1934,3846,1947,3817,1947
3852,1934,3893,1934,3893,1947,3852,1947
3898,1934,3901,1934,3901,1947,3898,1947
3908,1934,3911,1934,3911,1947,3908,1947
3912,1934,3915,1934,3915,1947,3912,1947
3916,1934,3930,1934,3930,1947,3916,1947
3940,1934,3949,1934,3949,1947,3940,1947
3955,1934,3968,1934,3968,1947,3955,1947
4150,1931,4152,1931,4152,1941,4150,1941
4158,1931,4178,1931,4178,1941,4158,1941
4183,1931,4195,1931,4195,1941,4183,1941
4199,1931,4234,1931,4234,1941,4199,1941
4241,1931,4255,1931,4255,1941,4241,1941
4261,1931,4263,1931,4263,1941,4261,1941
4271,1931,4273,1931,4273,1941,4271,1941
4275,1931,4277,1931,4277,1941,4275,1941
4279,1931,4294,1931,4294,1941,4279,1941
4302,1931,4312,1931,4312,1941,4302,1941
4317,1931,4330,1931,4330,1941,4317,1941
4334,1931,4336,1931,4336,1941,4334,1941
4149,1943,4151,1943,4151,1954,4149,1954
4154,1943,4156,1943,4156,1954,4154,1954
4157,1943,4173,1943,4173,1954,4157,1954
4181,1943,4203,1943,4203,1954,4181,1954
4207,1943,4219,1943,4219,1954,4207,1954
4224,1943,4261,1943,4261,1954,4224,1954
4539,1934,4569,1934,4569,1946,4539,1946
4575,1934,4597,1934,4597,1946,4575,1946
1838,1955,1840,1955,1840,1964,1838,1964
1855,1955,1857,1955,1857,1964,1855,1964
1876,1959,1900,1959,1900,1974,1876,1974
3202,2019,3201,2010,3235,2006,3236,2015
3198,1987,3197,1978,3231,1974,3232,1983
3193,1950,3192,1941,3226,1937,3227,1946
3675,1912,3675,1890,3706,1890,3706,1912
3675,1954,3675,1931,3706,1931,3706,1954
3675,2000,3675,1972,3706,1972,3706,2000
3675,2039,3675,2031,3706,2031,3706,2039
3758,1978,3812,1978,3812,1990,3758,1990
3818,1978,3837,1978,3837,1990,3818,1990
3844,1978,3873,1978,3873,1990,3844,1990
3879,1978,3920,1978,3920,1990,3879,1990
3927,1978,3929,1978,3929,1990,3927,1990
3937,1978,3939,1978,3939,1990,3937,1990
3941,1978,3943,1978,3943,1990,3941,1990
3944,1978,3960,1978,3960,1990,3944,1990
3967,1978,3978,1978,3978,1990,3967,1990
3983,1978,3997,1978,3997,1990,3983,1990
4148,1983,4170,1983,4170,1994,4148,1994
4176,1983,4186,1983,4186,1994,4176,1994
4191,1983,4226,1983,4226,1994,4191,1994
4231,1983,4266,1983,4266,1994,4231,1994
1415,1983,1415,2026,1394,2026,1394,1983
4537,1984,4577,1984,4577,1997,4537,1997
4584,1984,4587,1984,4587,1997,4584,1997
4592,1984,4626,1984,4626,1997,4592,1997
4631,1984,4651,1984,4651,1997,4631,1997
1477,1977,1477,1986,1442,1984,1442,1975
1475,2020,1475,2029,1440,2027,1440,2018
1500,1981,1499,2008,1488,2008,1489,1981
3758,2018,3812,2018,3812,2030,3758,2030
3816,2018,3838,2018,3838,2030,3816,2030
3844,2018,3853,2018,3853,2030,3844,2030
3859,2018,3867,2018,3867,2030,3859,2030
3871,2018,3894,2018,3894,2030,3871,2030
3900,2018,3902,2018,3902,2030,3900,2030
3910,2018,3912,2018,3912,2030,3910,2030
3914,2018,3916,2018,3916,2030,3914,2030
3917,2018,3933,2018,3933,2030,3917,2030
3940,2018,3951,2018,3951,2030,3940,2030
3956,2018,3970,2018,3970,2030,3956,2030
4147,2018,4171,2018,4171,2031,4147,2031
4177,2018,4187,2018,4187,2031,4177,2031
4189,2018,4192,2018,4192,2031,4189,2031
4192,2018,4204,2018,4204,2031,4192,2031
4207,2018,4210,2018,4210,2031,4207,2031
4212,2018,4229,2018,4229,2031,4212,2031
4235,2018,4238,2018,4238,2031,4235,2031
4243,2018,4246,2018,4246,2031,4243,2031
4249,2018,4252,2018,4252,2031,4249,2031
4253,2018,4267,2018,4267,2031,4253,2031
4276,2018,4285,2018,4285,2031,4276,2031
4293,2018,4306,2018,4306,2031,4293,2031
4538,2027,4565,2027,4565,2037,4538,2037
4567,2027,4619,2027,4619,2037,4567,2037
2406,2018,2459,2018,2459,2049,2406,2049
2409,2052,2419,2052,2419,2090,2409,2090
2424,2052,2434,2052,2434,2090,2424,2090
2434,2052,2468,2052,2468,2090,2434,2090
3758,2062,3812,2062,3812,2075,3758,2075
3817,2062,3838,2062,3838,2075,3817,2075
3844,2062,3853,2062,3853,2075,3844,2075
3858,2062,3919,2062,3919,2075,3858,2075
3926,2062,3940,2062,3940,2075,3926,2075
3946,2062,3986,2062,3986,2075,3946,2075
4149,2061,4170,2061,4170,2073,4149,2073
4175,2061,4197,2061,4197,2073,4175,2073
4205,2061,4207,2061,4207,2073,4205,2073
4213,2061,4215,2061,4215,2073,4213,2073
4218,2061,4220,2061,4220,2073,4218,2073
4221,2061,4236,2061,4236,2073,4221,2073
4246,2061,4254,2061,4254,2073,4246,2073
4263,2061,4274,2061,4274,2073,4263,2073
4537,2064,4592,2064,4592,2078,4537,2078
4597,2064,4638,2064,4638,2078,4597,2078
4642,2064,4659,2064,4659,2078,4642,2078
4663,2064,4707,2064,4707,2078,4663,2078
4711,2064,4721,2064,4721,2078,4711,2078
4727,2064,4769,2064,4769,2078,4727,2078
928,2077,930,2077,929,2088,927,2088
966,2079,968,2079,967,2090,965,2090
3407,2072,3523,2074,3523,2092,3407,2090
3757,2102,3806,2102,3806,2115,3757,2115
3810,2102,3813,2102,3813,2115,3810,2115
3814,2102,3834,2102,3834,2115,3814,2115
3839,2102,3866,2102,3866,2115,3839,2115
3873,2102,3892,2102,3892,2115,3873,2115
3898,2102,3920,2102,3920,2115,3898,2115
3924,2102,3937,2102,3937,2115,3924,2115
3941,2102,3987,2102,3987,2115,3941,2115
3990,2102,3993,2102,3993,2115,3990,2115
3758,2115,3810,2115,3810,2126,3758,2126
3814,2115,3828,2115,3828,2126,3814,2126
3833,2115,3855,2115,3855,2126,3833,2126
4147,2108,4171,2108,4171,2121,4147,2121
4175,2108,4199,2108,4199,2121,4175,2121
4204,2108,4207,2108,4207,2121,4204,2121
4214,2108,4217,2108,4217,2121,4214,2121
4218,2108,4221,2108,4221,2121,4218,2121
4222,2108,4236,2108,4236,2121,4222,2121
4246,2108,4255,2108,4255,2121,4246,2121
4262,2108,4274,2108,4274,2121,4262,2121
4538,2104,4557,2104,4557,2118,4538,2118
4562,2104,4610,2104,4610,2118,4562,2118
4614,2104,4617,2104,4617,2118,4614,2118
4618,2104,4621,2104,4621,2118,4618,2118
4621,2104,4665,2104,4665,2118,4621,2118
4670,2104,4680,2104,4680,2118,4670,2118
4684,2104,4723,2104,4723,2118,4684,2118
997,2075,1007,2201,982,2203,972,2077
1472,2088,1468,2159,1432,2157,1436,2086
3757,2150,3796,2150,3796,2163,3757,2163
3800,2150,3812,2150,3812,2163,3800,2163
3817,2150,3846,2150,3846,2163,3817,2163
3850,2150,3856,2150,3856,2163,3850,2163
4148,2144,4171,2144,4171,2157,4148,2157
4174,2144,4186,2144,4186,2157,4174,2157
4190,2144,4227,2144,4227,2157,4190,2157
4232,2144,4247,2144,4247,2157,4232,2157
4253,2144,4302,2144,4302,2157,4253,2157
4307,2144,4330,2144,4330,2157,4307,2157
4538,2151,4573,2151,4573,2163,4538,2163
4578,2151,4622,2151,4622,2163,4578,2163
2956,2161,2964,2161,2964,2190,2956,2190
2992,2161,3000,2161,3000,2190,2992,2190
3031,2161,3039,2161,3039,2190,3031,2190
3070,2161,3078,2161,3078,2190,3070,2190
3358,2141,3418,2136,3422,2184,3362,2189
3050,2167,3154,2158,3158,2206,3054,2215
4148,2184,4171,2184,4171,2197,4148,2197
4174,2184,4186,2184,4186,2197,4174,2197
4190,2184,4227,2184,4227,2197,4190,2197
4232,2184,4247,2184,4247,2197,4232,2197
4253,2184,4302,2184,4302,2197,4253,2197
4308,2184,4328,2184,4328,2197,4308,2197
4335,2184,4374,2184,4374,2197,4335,2197
3757,2192,3780,2192,3780,2206,3757,2206
3785,2192,3823,2192,3823,2206,3785,2206
4534,2189,4580,2189,4580,2201,4534,2201
4585,2189,4631,2189,4631,2201,4585,2201
4635,2189,4687,2189,4687,2201,4635,2201
4690,2189,4702,2189,4702,2201,4690,2201
4706,2189,4733,2189,4733,2201,4706,2201
4535,2203,4606,2203,4606,2214,4535,2214
1410,2200,1420,2200,1421,2236,1411,2236
1470,2199,1566,2197,1567,2234,1471,2236
1591,2197,1601,2197,1602,2233,1592,2233
4148,2225,4171,2225,4171,2238,4148,2238
4174,2225,4186,2225,4186,2238,4174,2238
4190,2225,4227,2225,4227,2238,4190,2238
4232,2225,4247,2225,4247,2238,4232,2238
4253,2225,4302,2225,4302,2238,4253,2238
4308,2225,4328,2225,4328,2238,4308,2238
4336,2225,4358,2225,4358,2238,4336,2238
3757,2234,3790,2234,3790,2247,3757,2247
3793,2234,3829,2234,3829,2247,3793,2247
3833,2234,3842,2234,3842,2247,3833,2247
3849,2234,3888,2234,3888,2247,3849,2247
4467,2229,4487,2229,4487,2241,4467,2241
4537,2234,4566,2234,4566,2248,4537,2248
4571,2234,4611,2234,4611,2248,4571,2248
4617,2234,4661,2234,4661,2248,4617,2248
1183,2241,1183,2288,1160,2288,1160,2241
1469,2240,1469,2265,1457,2265,1457,2240
3188,2242,3188,2292,3165,2292,3165,2242
3757,2282,3790,2282,3790,2295,3757,2295
3793,2282,3829,2282,3829,2295,3793,2295
3833,2282,3845,2282,3845,2295,3833,2295
3849,2282,3882,2282,3882,2295,3849,2295
4148,2271,4172,2271,4172,2286,4148,2286
4177,2271,4193,2271,4193,2286,4177,2286
4198,2271,4229,2271,4229,2286,4198,2286
4234,2271,4245,2271,4245,2286,4234,2286
4249,2271,4284,2271,4284,2286,4249,2286
4091,2273,4104,2273,4104,2290,4091,2290
4439,2276,4482,2276,4482,2295,4439,2295
4519,2276,4524,2276,4524,2295,4519,2295
4538,2276,4585,2276,4585,2295,4538,2295
1378,2299,1421,2299,1421,2324,1378,2324
1771,2293,1771,2318,1758,2318,1758,2293
3119,2322,3118,2310,3130,2309,3131,2321
1641,2319,1751,2331,1749,2350,1639,2338
3758,2325,3803,2325,3803,2336,3758,2336
3808,2325,3830,2325,3830,2336,3808,2336
3834,2325,3859,2325,3859,2336,3834,2336
3864,2325,3919,2325,3919,2336,3864,2336
4148,2325,4163,2325,4163,2338,4148,2338
4172,2325,4181,2325,4181,2338,4172,2338
4189,2325,4218,2325,4218,2338,4189,2338
4223,2325,4243,2325,4243,2338,4223,2338
4247,2325,4313,2325,4313,2338,4247,2338
4316,2325,4338,2325,4338,2338,4316,2338
4343,2325,4353,2325,4353,2338,4343,2338
4358,2325,4400,2325,4400,2338,4358,2338
1999,2348,2189,2348,2189,2367,1999,2367
1369,2353,1377,2353,1377,2384,1369,2384
1385,2353,1464,2353,1464,2384,1385,2384
1523,2353,1531,2353,1531,2384,1523,2384
1549,2353,1557,2353,1557,2384,1549,2384
1670,2353,1678,2353,1678,2384,1670,2384
1709,2353,1717,2353,1717,2384,1709,2384
3759,2366,3781,2366,3781,2379,3759,2379
3786,2366,3795,2366,3795,2379,3786,2379
3802,2366,3837,2366,3837,2379,3802,2379
3841,2366,3856,2366,3856,2379,3841,2379
3862,2366,3865,2366,3865,2379,3862,2379
3870,2366,3873,2366,3873,2379,3870,2379
3876,2366,3879,2366,3879,2379,3876,2379
3879,2366,3895,2366,3895,2379,3879,2379
3903,2366,3912,2366,3912,2379,3903,2379
3919,2366,3932,2366,3932,2379,3919,2379
4148,2365,4162,2365,4162,2377,4148,2377
4170,2365,4191,2365,4191,2377,4170,2377
4197,2365,4262,2365,4262,2377,4197,2377
4265,2365,4302,2365,4302,2377,4265,2377
4307,2365,4334,2365,4334,2377,4307,2377
4341,2365,4346,2365,4346,2377,4341,2377
3682,2458,3738,2458,3738,2490,3682,2490
3753,2458,3789,2458,3789,2490,3753,2490
3802,2458,3913,2458,3913,2490,3802,2490
3930,2458,3959,2458,3959,2490,3930,2490
3975,2458,4112,2458,4112,2490,3975,2490
4117,2458,4185,2458,4185,2490,4117,2490
4196,2458,4204,2458,4204,2490,4196,2490
4203,2458,4211,2458,4211,2490,4203,2490
4209,2458,4343,2458,4343,2490,4209,2490
4132,2548,4185,2548,4185,2553,4132,2553
4136,2556,4198,2556,4198,2561,4136,2561
4244,2581,4250,2581,4250,2589,4244,2589
4251,2581,4252,2581,4252,2589,4251,2589
4254,2581,4259,2581,4259,2589,4254,2589
4262,2581,4272,2581,4272,2589,4262,2589
4347,2563,4345,2625,4338,2625,4340,2563
4376,2570,4370,2640,4361,2639,4367,2569
4370,2656,4374,2688,4363,2689,4359,2657
4316,2725,4326,2726,4324,2737,4314,2736
4308,2737,4313,2737,4313,2745,4308,2745
4315,2737,4316,2737,4316,2745,4315,2745
4317,2737,4322,2737,4322,2746,4317,2746
4326,2738,4334,2738,4334,2746,4326,2746
4309,2865,4317,2865,4317,2873,4309,2873
4301,2875,4307,2875,4307,2882,4301,2882
4308,2875,4309,2875,4309,2882,4308,2882
4311,2875,4316,2875,4316,2882,4311,2882
4319,2875,4327,2875,4327,2882,4319,2882
4071,3000,4166,2997,4166,3005,4071,3008
4140,3012,4142,3012,4141,3024,4139,3024
4186,3015,4195,3016,4194,3028,4185,3027
4176,3030,4182,3030,4182,3036,4176,3036
4183,3030,4184,3030,4184,3036,4183,3036
4186,3030,4191,3030,4191,3036,4186,3036
4195,3030,4196,3030,4196,3036,4195,3036
4355,3029,4365,3028,4366,3040,4356,3041
4347,3040,4353,3040,4353,3048,4347,3048
4354,3040,4355,3040,4355,3048,4354,3048
4357,3040,4362,3040,4362,3048,4357,3048
4365,3040,4375,3040,4375,3048,4365,3048
1854,3029,2460,3029,2460,3155,1854,3155
2436,3080,2439,3080,2439,3095,2436,3095
2367,3088,2367,3093,2346,3093,2346,3088
2476,3080,2479,3080,2479,3095,2476,3095
2516,3080,2519,3080,2519,3095,2516,3095
4486,2988,4486,3173,4461,3173,4461,2988
2599,3087,2602,3088,2599,3102,2596,3102
1957,3093,1963,3094,1960,3117,1954,3116
4077,3103,4092,3102,4092,3110,4078,3111
4079,3110,4087,3110,4087,3119,4079,3119
4158,3098,4233,3098,4233,3123,4158,3123
4494,3074,4496,3142,4488,3142,4486,3074
4074,3121,4075,3121,4075,3127,4074,3127
4077,3121,4078,3121,4078,3127,4077,3127
4080,3121,4086,3121,4086,3127,4080,3127
4088,3121,4098,3121,4098,3127,4088,3127
141,3128,162,3128,162,3142,141,3142
229,3129,232,3129,232,3144,229,3144
240,3129,243,3129,243,3144,240,3144
248,3129,251,3129,251,3144,248,3144
2395,3118,2401,3118,2401,3143,2395,3143
2434,3118,2440,3118,2440,3143,2434,3143
2475,3117,2481,3117,2481,3142,2475,3142
2514,3116,2520,3116,2520,3141,2514,3141
2556,3116,2562,3116,2562,3141,2556,3141
4394,3122,4407,3122,4407,3129,4394,3129
4394,3129,4404,3129,4404,3137,4394,3137
4388,3138,4393,3138,4393,3148,4388,3148
4394,3138,4396,3138,4396,3148,4394,3148
4397,3138,4403,3138,4403,3148,4397,3148
4405,3138,4413,3138,4413,3148,4405,3148
4020,3156,4127,3153,4127,3169,4020,3172
1866,3178,1957,3181,1956,3216,1865,3213
1975,3182,2095,3186,2094,3221,1974,3217
2164,3159,2244,3159,2244,3188,2164,3188
2147,3188,2270,3192,2269,3226,2146,3222
4039,3173,4162,3173,4162,3181,4039,3181
4026,3182,4162,3182,4162,3189,4026,3189
4020,3191,4165,3190,4165,3197,4020,3198
4181,3181,4413,3181,4413,3189,4181,3189
4217,3189,4438,3190,4438,3199,4217,3198
2397,3191,2458,3191,2458,3222,2397,3222
2469,3191,2560,3191,2560,3222,2469,3222
2739,3194,2834,3194,2834,3217,2739,3217
3005,3191,3065,3191,3065,3222,3005,3222
3074,3191,3082,3191,3082,3222,3074,3222
3084,3191,3170,3191,3170,3222,3084,3222
3347,3175,3439,3175,3439,3206,3347,3206
3270,3209,3373,3209,3373,3241,3270,3241
3385,3209,3446,3209,3446,3241,3385,3241
3462,3209,3503,3209,3503,3241,3462,3241
153,3272,157,3272,157,3290,153,3290
159,3272,218,3272,218,3290,159,3290
151,3294,184,3294,184,3315,151,3315
192,3294,265,3294,265,3315,192,3315
272,3294,364,3294,364,3315,272,3315
373,3294,388,3294,388,3315,373,3315
394,3294,468,3294,468,3315,394,3315
478,3294,560,3294,560,3315,478,3315
571,3294,609,3294,609,3315,571,3315
615,3294,747,3294,747,3315,615,3315
750,3294,755,3294,755,3315,750,3315
760,3294,813,3294,813,3315,760,3315
823,3294,853,3294,853,3315,823,3315
861,3294,934,3294,934,3315,861,3315
946,3294,980,3294,980,3315,946,3315
990,3294,1075,3294,1075,3315,990,3315
1085,3294,1126,3294,1126,3315,1085,3315
1132,3294,1147,3294,1147,3315,1132,3315
1156,3294,1218,3294,1218,3315,1156,3315
1228,3294,1258,3294,1258,3315,1228,3315
1266,3294,1321,3294,1321,3315,1266,3315
1329,3294,1348,3294,1348,3315,1329,3315
1357,3294,1372,3294,1372,3315,1357,3315
1385,3294,1400,3294,1400,3315,1385,3315
1412,3294,1469,3294,1469,3315,1412,3315
1469,3294,1474,3294,1474,3315,1469,3315
1483,3294,1510,3294,1510,3315,1483,3315
1518,3294,1541,3294,1541,3315,1518,3315
1550,3294,1594,3294,1594,3315,1550,3315
1604,3294,1623,3294,1623,3315,1604,3315
1633,3294,1677,3294,1677,3315,1633,3315
1684,3294,1707,3294,1707,3315,1684,3315
1717,3294,1783,3294,1783,3315,1717,3315
1785,3294,1819,3294,1819,3315,1785,3315
1823,3294,1970,3294,1970,3315,1823,3315
1972,3294,1999,3294,1999,3315,1972,3315
2005,3294,2100,3294,2100,3315,2005,3315
2103,3294,2108,3294,2108,3315,2103,3315
2115,3294,2175,3294,2175,3315,2115,3315
2178,3294,2183,3294,2183,3315,2178,3315
2189,3294,2223,3294,2223,3315,2189,3315
2232,3294,2307,3294,2307,3315,2232,3315
2307,3294,2312,3294,2312,3315,2307,3315
2322,3294,2436,3294,2436,3315,2322,3315
2437,3294,2442,3294,2442,3315,2437,3315
2449,3294,2555,3294,2555,3315,2449,3315
2563,3294,2582,3294,2582,3315,2563,3315
2592,3294,2703,3294,2703,3315,2592,3315
2706,3294,2711,3294,2711,3315,2706,3315
2720,3294,2796,3294,2796,3315,2720,3315
2798,3294,2803,3294,2803,3315,2798,3315
2812,3294,2876,3294,2876,3315,2812,3315
2882,3294,2912,3294,2912,3315,2882,3315
2920,3294,3000,3294,3000,3315,2920,3315
3008,3294,3046,3294,3046,3315,3008,3315
3051,3294,3110,3294,3110,3315,3051,3315
3113,3294,3118,3294,3118,3315,3113,3315
3121,3294,3137,3294,3137,3315,3121,3315
3148,3294,3159,3294,3159,3315,3148,3315
3171,3294,3210,3294,3210,3315,3171,3315
3216,3294,3221,3294,3221,3315,3216,3315
3229,3294,3258,3294,3258,3315,3229,3315
3269,3294,3337,3294,3337,3315,3269,3315
3339,3294,3344,3294,3344,3315,3339,3315
3347,3294,3363,3294,3363,3315,3347,3315
3370,3294,3508,3294,3508,3315,3370,3315
152,3314,217,3314,217,3339,152,3339
223,3314,246,3314,246,3339,223,3339
253,3314,281,3314,281,3339,253,3339
289,3314,369,3314,369,3339,289,3339
381,3314,424,3314,424,3339,381,3339
429,3314,527,3314,527,3339,429,3339
537,3314,543,3314,543,3339,537,3339
546,3314,552,3314,552,3339,546,3339
552,3314,615,3314,615,3339,552,3339
625,3314,639,3314,639,3339,625,3339
651,3314,718,3314,718,3339,651,3339
728,3314,757,3314,757,3339,728,3339
765,3314,858,3314,858,3339,765,3339
866,3314,923,3314,923,3339,866,3339
930,3314,953,3314,953,3339,930,3339
960,3314,1053,3314,1053,3339,960,3339
1064,3314,1082,3314,1082,3339,1064,3339
1086,3314,1183,3314,1183,3339,1086,3339
1191,3314,1220,3314,1220,3339,1191,3339
1228,3314,1274,3314,1274,3339,1228,3339
1285,3314,1291,3314,1291,3339,1285,3339
1293,3314,1299,3314,1299,3339,1293,3339
1301,3314,1338,3314,1338,3339,1301,3339
1340,3314,1346,3314,1346,3339,1340,3339
1351,3314,1456,3314,1456,3339,1351,3339
1462,3314,1490,3314,1490,3339,1462,3339
1495,3314,1616,3314,1616,3339,1495,3339
1623,3314,1662,3314,1662,3339,1623,3339
1667,3314,1776,3314,1776,3339,1667,3339
1785,3314,1791,3314,1791,3339,1785,3339
1792,3314,1798,3314,1798,3339,1792,3339
1801,3314,1830,3314,1830,3339,1801,3339
1839,3314,1927,3314,1927,3339,1839,3339
1935,3314,1941,3314,1941,3339,1935,3339
1953,3314,1971,3314,1971,3339,1953,3339
1980,3314,2013,3314,2013,3339,1980,3339
2023,3314,2041,3314,2041,3339,2023,3339
2050,3314,2117,3314,2117,3339,2050,3339
2126,3314,2149,3314,2149,3339,2126,3339
2154,3314,2160,3314,2160,3339,2154,3339
2159,3314,2165,3314,2165,3339,2159,3339
2167,3314,2214,3314,2214,3339,2167,3339
2219,3314,2306,3314,2306,3339,2219,3339
2310,3314,2316,3314,2316,3339,2310,3339
2322,3314,2351,3314,2351,3339,2322,3339
2357,3314,2451,3314,2451,3339,2357,3339
2461,3314,2556,3314,2556,3339,2461,3339
2557,3314,2563,3314,2563,3339,2557,3339
2569,3314,2702,3314,2702,3339,2569,3339
2710,3314,2728,3314,2728,3339,2710,3339
2738,3314,2871,3314,2871,3339,2738,3339
2871,3314,2877,3314,2877,3339,2871,3339
2884,3314,2917,3314,2917,3339,2884,3339
2926,3314,2940,3314,2940,3339,2926,3339
2951,3314,2969,3314,2969,3339,2951,3339
2980,3314,3008,3314,3008,3339,2980,3339
3011,3314,3093,3314,3093,3339,3011,3339
3101,3314,3122,3314,3122,3339,3101,3339
3134,3314,3233,3314,3233,3339,3134,3339
3239,3314,3287,3314,3287,3339,3239,3339
3287,3314,3293,3314,3293,3339,3287,3339
3298,3314,3323,3314,3323,3339,3298,3339
3330,3314,3405,3314,3405,3339,3330,3339
3410,3314,3416,3314,3416,3339,3410,3339
3420,3314,3445,3314,3445,3339,3420,3339
152,3340,220,3340,220,3361,152,3361
224,3340,229,3340,229,3361,224,3361
232,3340,259,3340,259,3361,232,3361
267,3340,312,3340,312,3361,267,3361
317,3340,322,3340,322,3361,317,3361
331,3340,361,3340,361,3361,331,3361
366,3340,391,3340,391,3361,366,3361
401,3340,513,3340,513,3361,401,3361
523,3340,538,3340,538,3361,523,3361
543,3340,576,3340,576,3361,543,3361
583,3340,721,3340,721,3361,583,3361
722,3340,727,3340,727,3361,722,3361
730,3340,753,3340,753,3361,730,3361
759,3340,827,3340,827,3361,759,3361
829,3340,834,3340,834,3361,829,3361
840,3340,845,3340,845,3361,840,3361
844,3340,849,3340,849,3361,844,3361
850,3340,970,3340,970,3361,850,3361
975,3340,994,3340,994,3361,975,3361
996,3340,1019,3340,1019,3361,996,3361
1031,3340,1131,3340,1131,3361,1031,3361
1138,3340,1168,3340,1168,3361,1138,3361
1176,3340,1280,3340,1280,3361,1176,3361
1293,3340,1332,3340,1332,3361,1293,3361
1334,3340,1443,3340,1443,3361,1334,3361
1454,3340,1459,3340,1459,3361,1454,3361
1463,3340,1468,3340,1468,3361,1463,3361
1469,3340,1497,3340,1497,3361,1469,3361
1502,3340,1579,3340,1579,3361,1502,3361
1584,3340,1589,3340,1589,3361,1584,3361
3660,3294,3748,3294,3748,3332,3660,3332
3762,3294,3772,3294,3772,3332,3762,3332
3794,3294,3830,3294,3830,3332,3794,3332
3832,3294,3842,3294,3842,3332,3832,3332
3846,3294,3880,3294,3880,3332,3846,3332
3887,3294,3897,3294,3897,3332,3887,3332
3901,3294,3969,3294,3969,3332,3901,3332
4276,3292,4393,3292,4393,3335,4276,3335
4403,3292,4415,3292,4415,3335,4403,3335
4477,3292,4489,3292,4489,3335,4477,3335
