1000,174,1052,172,1053,190,1001,192
4015,170,4299,170,4299,228,4015,228
4019,226,4297,226,4297,284,4019,284
1703,401,1703,351,1727,351,1727,401
1703,346,1703,340,1727,340,1727,346
1703,335,1703,297,1727,297,1727,335
988,454,988,401,1013,401,1013,454
988,396,988,390,1013,390,1013,396
988,388,988,348,1013,348,1013,388
1279,379,1396,369,1398,401,1282,411
1448,366,1506,361,1508,393,1451,398
1445,397,1451,397,1450,421,1444,421
1460,398,1466,398,1465,422,1459,422
1478,399,1484,399,1483,423,1477,423
1486,400,1517,402,1516,426,1485,424
1657,436,1655,395,1678,394,1680,435
4106,374,4112,374,4112,398,4106,398
4120,374,4155,374,4155,398,4120,398
4164,374,4186,374,4186,398,4164,398
4196,374,4243,374,4243,398,4196,398
4256,374,4262,374,4262,398,4256,398
4273,374,4361,374,4361,398,4273,398
4130,406,4189,406,4189,429,4130,429
4204,406,4256,406,4256,429,4204,429
4262,406,4319,406,4319,429,4262,429
1330,492,1377,492,1377,517,1330,517
302,486,649,248,700,323,353,560
4152,481,4302,481,4302,551,4152,551
1258,579,1320,579,1320,589,1258,589
1250,592,1278,592,1278,605,1250,605
1283,592,1298,592,1298,605,1283,605
1304,592,1307,592,1307,605,1304,605
1315,592,1327,592,1327,605,1315,605
1350,630,1353,630,1353,644,1350,644
1356,630,1359,630,1359,644,1356,644
1362,630,1365,630,1365,644,1362,644
1373,630,1376,630,1376,644,1373,644
1238,658,1242,658,1243,676,1239,676
1272,656,1276,656,1277,674,1273,674
1305,654,1309,654,1310,672,1306,672
1335,652,1352,651,1353,669,1336,670
1360,650,1376,649,1377,667,1361,668
1383,686,1426,686,1426,707,1383,707
3967,588,4042,588,4042,631,3967,631
4051,588,4191,588,4191,631,4051,631
4205,588,4217,588,4217,631,4205,631
4221,588,4295,588,4295,631,4221,631
4313,588,4374,588,4374,631,4313,631
4392,588,4497,588,4497,631,4392,631
4112,632,4221,632,4221,679,4112,679
4238,632,4353,632,4353,679,4238,679
3955,689,4029,689,4029,729,3955,729
4041,689,4084,689,4084,729,4041,729
4094,689,4105,689,4105,729,4094,729
4259,690,4348,690,4348,728,4259,728
4364,690,4374,690,4374,728,4364,728
3954,747,4042,747,4042,784,3954,784
4249,746,4285,746,4285,784,4249,784
3650,692,3840,692,3840,730,3650,730
3846,692,3856,692,3856,730,3846,730
4543,692,4677,692,4677,730,4543,730
4697,692,4707,692,4707,730,4697,730
4541,750,4694,750,4694,781,4541,781
4105,845,4361,845,4361,893,4105,893
1290,933,1427,929,1428,965,1291,969
1446,930,1455,930,1456,965,1447,965
1500,928,1509,928,1510,963,1501,963
3801,935,3898,935,3898,962,3801,962
3911,935,3918,935,3918,962,3911,962
3931,935,4021,935,4021,962,3931,962
4037,935,4044,935,4044,962,4037,962
4057,935,4148,935,4148,962,4057,962
4566,939,4587,939,4587,962,4566,962
4591,939,4597,939,4597,962,4591,962
4600,939,4621,939,4621,962,4600,962
4629,939,4667,939,4667,962,4629,962
3803,998,3919,998,3919,1020,3803,1020
3935,998,3940,998,3940,1020,3935,1020
4566,997,4594,997,4594,1028,4566,1028
4593,997,4601,997,4601,1028,4593,1028
4602,997,4625,997,4625,1028,4602,1028
4630,997,4670,997,4670,1028,4630,1028
3803,1058,3919,1058,3919,1079,3803,1079
3934,1058,3939,1058,3939,1079,3934,1079
4570,1061,4589,1061,4589,1082,4570,1082
4592,1061,4597,1061,4597,1082,4592,1082
4598,1061,4621,1061,4621,1082,4598,1082
4628,1061,4667,1061,4667,1082,4628,1082
3803,1109,3875,1109,3875,1138,3803,1138
3883,1109,3915,1109,3915,1138,3883,1138
3926,1109,3996,1109,3996,1138,3926,1138
4572,1110,4580,1110,4580,1141,4572,1141
4585,1110,4593,1110,4593,1141,4585,1141
4594,1110,4616,1110,4616,1141,4594,1141
4622,1110,4661,1110,4661,1141,4622,1141
3797,1171,3842,1171,3842,1198,3797,1198
4577,1172,4582,1172,4582,1194,4577,1194
4586,1172,4591,1172,4591,1194,4586,1194
4590,1172,4615,1172,4615,1194,4590,1194
4622,1172,4658,1172,4658,1194,4622,1194
3803,1227,3851,1227,3851,1258,3803,1258
4575,1232,4580,1232,4580,1253,4575,1253
4584,1232,4589,1232,4589,1253,4584,1253
4593,1232,4612,1232,4612,1253,4593,1253
4623,1232,4658,1232,4658,1253,4623,1253
1287,1306,1335,1309,1332,1356,1284,1353
1347,1310,1360,1311,1357,1358,1344,1357
1374,1312,1510,1321,1507,1368,1371,1359
1311,1322,1352,1331,1348,1351,1307,1343
1783,1323,1831,1323,1831,1345,1783,1345
3804,1320,3901,1320,3901,1358,3804,1358
3918,1320,4066,1320,4066,1358,3918,1358
4079,1320,4256,1320,4256,1358,4079,1358
4507,1316,4570,1316,4570,1359,4507,1359
4568,1316,4580,1316,4580,1359,4568,1359
4581,1316,4629,1316,4629,1359,4581,1359
4638,1316,4725,1316,4725,1359,4638,1359
1204,1412,1265,1410,1266,1457,1205,1459
1359,1407,1406,1406,1407,1454,1360,1455
1970,1460,1970,1415,1991,1415,1991,1460
2734,1420,2829,1420,2829,1454,2734,1454
4571,1420,4588,1420,4588,1444,4571,1444
4594,1420,4600,1420,4600,1444,4594,1444
4600,1420,4622,1420,4622,1444,4600,1444
4628,1420,4668,1420,4668,1444,4628,1444
3802,1421,3898,1421,3898,1448,3802,1448
3805,1467,3927,1467,3927,1498,3805,1498
4573,1467,4581,1467,4581,1498,4573,1498
4586,1467,4594,1467,4594,1498,4586,1498
4591,1467,4614,1467,4614,1498,4591,1498
4622,1467,4662,1467,4662,1498,4622,1498
2633,1554,2639,1554,2638,1578,2632,1578
2723,1558,2729,1558,2728,1582,2722,1582
2765,1560,2771,1560,2770,1584,2764,1584
2810,1562,2816,1562,2815,1586,2809,1586
1447,1582,1450,1582,1450,1596,1447,1596
1465,1582,1468,1582,1468,1596,1465,1596
1483,1581,1486,1581,1486,1595,1483,1595
1501,1581,1504,1581,1504,1595,1501,1595
1520,1580,1523,1580,1523,1594,1520,1594
3805,1566,3899,1566,3899,1600,3805,1600
3913,1566,4058,1566,4058,1600,3913,1600
4073,1566,4233,1566,4233,1600,4073,1600
4515,1555,4568,1553,4571,1625,4518,1627
4568,1553,4588,1552,4591,1624,4571,1625
4591,1552,4630,1551,4633,1622,4594,1624
4641,1551,4720,1548,4723,1620,4644,1623
1427,1610,1427,1611,1419,1611,1419,1610
1427,1628,1427,1629,1419,1629,1419,1628
1427,1646,1427,1647,1419,1647,1419,1646
1427,1664,1427,1665,1419,1665,1419,1664
1427,1682,1427,1683,1419,1683,1419,1682
1427,1701,1427,1702,1419,1702,1419,1701
1895,1703,1904,1703,1905,1737,1896,1737
1929,1702,1985,1700,1986,1734,1930,1736
1787,1764,1786,1759,1807,1756,1808,1760
1163,1740,1182,1740,1182,1807,1163,1807
1217,1740,1236,1740,1236,1807,1217,1807
1258,1740,1277,1740,1277,1807,1258,1807
1306,1740,1325,1740,1325,1807,1306,1807
1359,1763,1367,1763,1367,1792,1359,1792
1394,1740,1413,1740,1413,1807,1394,1807
1442,1740,1461,1740,1461,1807,1442,1807
1398,1763,1406,1763,1406,1792,1398,1792
1443,1763,1451,1763,1451,1792,1443,1792
1488,1763,1496,1763,1496,1792,1488,1792
1533,1763,1541,1763,1541,1792,1533,1792
1578,1763,1586,1763,1586,1792,1578,1792
1623,1763,1631,1763,1631,1792,1623,1792
1668,1763,1676,1763,1676,1792,1668,1792
1862,1746,1871,1745,1876,1779,1867,1781
1889,1742,1943,1734,1949,1769,1894,1778
1816,1795,1924,1798,1923,1827,1815,1824
2662,1911,2662,1865,2683,1865,2683,1911
1189,1879,1189,1895,1131,1896,1131,1880
1190,1926,1190,1942,1132,1943,1132,1927
1191,1973,1191,1989,1133,1990,1133,1974
1191,2002,1191,2018,1133,2019,1133,2003
1406,1941,1414,1941,1414,1970,1406,1970
1457,1941,1465,1941,1465,1970,1457,1970
1502,1941,1510,1941,1510,1970,1502,1970
1547,1941,1555,1941,1555,1970,1547,1970
1592,1941,1600,1941,1600,1970,1592,1970
1637,1941,1645,1941,1645,1970,1637,1970
1682,1941,1690,1941,1690,1970,1682,1970
1955,1952,1957,1952,1957,1963,1955,1963
1973,1951,1975,1951,1975,1962,1973,1962
1991,1951,1993,1951,1993,1962,1991,1962
2009,1951,2011,1951,2011,1962,2009,1962
2023,1941,2033,1941,2033,1979,2023,1979
2027,1950,2029,1950,2029,1961,2027,1961
2104,1941,2114,1941,2114,1979,2104,1979
2147,1941,2157,1941,2157,1979,2147,1979
2194,1941,2204,1941,2204,1979,2194,1979
2275,1936,2373,1936,2373,1974,2275,1974
2380,1936,2390,1936,2390,1974,2380,1974
2399,1936,2512,1936,2512,1974,2399,1974
2060,1966,2064,1966,2066,1983,2062,1983
2102,1962,2106,1962,2108,1979,2104,1979
1794,2012,1794,2006,1819,2007,1819,2013
1229,2015,1237,2013,1243,2042,1235,2043
1270,2006,1278,2004,1284,2033,1276,2034
1311,1997,1319,1995,1325,2024,1317,2025
1792,2048,1792,2042,1817,2043,1817,2049
1785,2035,1799,2034,1803,2086,1789,2087
1801,2034,1815,2033,1819,2085,1805,2086
1811,2033,1930,2024,1934,2077,1815,2086
1192,2079,1192,2095,1134,2096,1134,2080
1177,2110,1177,2064,1192,2064,1192,2110
1348,2086,1479,2086,1479,2122,1348,2122
1498,2086,1508,2086,1508,2122,1498,2122
1844,2076,1926,2070,1929,2117,1847,2123
1791,2080,1816,2078,1819,2124,1794,2126
1911,2181,1911,2184,1897,2184,1897,2181
1911,2198,1911,2199,1897,2199,1897,2198
1824,2197,1828,2197,1829,2214,1825,2214
1844,2196,1848,2196,1849,2213,1845,2213
1862,2195,1866,2195,1867,2212,1863,2212
1917,2193,1921,2193,1922,2210,1918,2210
1778,2282,1782,2208,1807,2210,1803,2283
1785,2163,1785,2157,1810,2158,1810,2164
2282,2203,2331,2203,2331,2226,2282,2226
1911,2222,1911,2223,1897,2223,1897,2222
1549,2220,1555,2220,1555,2243,1549,2243
1575,2220,1581,2220,1581,2243,1575,2243
1911,2247,1911,2250,1897,2250,1897,2247
1193,2150,1193,2166,1135,2167,1135,2151
1194,2197,1194,2213,1136,2214,1136,2198
1195,2238,1195,2254,1137,2255,1137,2239
1195,2286,1195,2302,1137,2303,1137,2287
1196,2327,1196,2343,1138,2344,1138,2328
1197,2380,1197,2396,1139,2397,1139,2381
1848,2261,1852,2261,1852,2278,1848,2278
1866,2260,1870,2260,1870,2277,1866,2277
1884,2260,1888,2260,1888,2277,1884,2277
1902,2260,1906,2260,1906,2277,1902,2277
1920,2259,1924,2259,1924,2276,1920,2276
1427,2288,1476,2291,1475,2313,1426,2310
1911,2298,1911,2301,1897,2301,1897,2298
1911,2316,1911,2319,1897,2319,1897,2316
1911,2334,1911,2337,1897,2337,1897,2334
1911,2352,1911,2355,1897,2355,1897,2352
1911,2370,1911,2373,1897,2373,1897,2370
2329,2401,2333,2401,2333,2418,2329,2418
2363,2401,2367,2401,2367,2418,2363,2418
2395,2401,2399,2401,2399,2418,2395,2418
2428,2401,2432,2401,2432,2418,2428,2418
2462,2401,2466,2401,2466,2418,2462,2418
2496,2401,2500,2401,2500,2418,2496,2418
2529,2401,2533,2401,2533,2418,2529,2418
2563,2401,2567,2401,2567,2418,2563,2418
2629,2401,2633,2401,2633,2418,2629,2418
2662,2401,2666,2401,2666,2418,2662,2418
2696,2401,2700,2401,2700,2418,2696,2418
2728,2401,2732,2401,2732,2418,2728,2418
1317,2414,1320,2414,1320,2427,1317,2427
1324,2414,1327,2414,1327,2427,1324,2427
1330,2414,1333,2414,1333,2427,1330,2427
1341,2414,1344,2414,1344,2427,1341,2427
1315,2431,1332,2431,1332,2447,1315,2447
1344,2431,1365,2431,1365,2447,1344,2447
2069,2410,2073,2410,2072,2427,2068,2427
2074,2410,2078,2410,2077,2427,2073,2427
2080,2411,2084,2411,2083,2428,2079,2428
2091,2411,2095,2411,2094,2428,2090,2428
2053,2430,2069,2430,2069,2447,2053,2447
2079,2430,2091,2430,2091,2447,2079,2447
2295,2401,2299,2401,2299,2418,2295,2418
2243,2412,2247,2412,2248,2430,2244,2430
2249,2411,2253,2411,2254,2429,2250,2429
2255,2411,2259,2411,2260,2429,2256,2429
2266,2411,2270,2411,2271,2429,2267,2429
2240,2432,2259,2432,2259,2449,2240,2449
2266,2432,2289,2432,2289,2449,2266,2449
2681,2434,2683,2434,2683,2446,2681,2446
2690,2434,2706,2434,2706,2446,2690,2446
3682,2458,3739,2458,3739,2489,3682,2489
3754,2458,3788,2458,3788,2489,3754,2489
3802,2458,3912,2458,3912,2489,3802,2489
3927,2458,3961,2458,3961,2489,3927,2489
3975,2458,4111,2458,4111,2489,3975,2489
4117,2458,4185,2458,4185,2489,4117,2489
4196,2458,4204,2458,4204,2489,4196,2489
4203,2458,4211,2458,4211,2489,4203,2489
4209,2458,4342,2458,4342,2489,4209,2489
1389,2475,1451,2475,1451,2487,1389,2487
1380,2490,1409,2490,1409,2501,1380,2501
1413,2490,1426,2490,1426,2501,1413,2501
1435,2490,1437,2490,1437,2501,1435,2501
1446,2490,1456,2490,1456,2501,1446,2501
1975,2476,2038,2476,2038,2489,1975,2489
1967,2490,1997,2490,1997,2502,1967,2502
2001,2490,2014,2490,2014,2502,2001,2502
2022,2490,2024,2490,2024,2502,2022,2502
2033,2490,2044,2490,2044,2502,2033,2502
2479,2476,2539,2476,2539,2487,2479,2487
2469,2490,2500,2490,2500,2503,2469,2503
2502,2490,2517,2490,2517,2503,2502,2503
2525,2490,2528,2490,2528,2503,2525,2503
2534,2490,2546,2490,2546,2503,2534,2503
1967,2529,2013,2529,2013,2556,1967,2556
4246,2580,4258,2581,4257,2589,4245,2588
1961,2630,2059,2630,2059,2662,1961,2662
2135,2622,2143,2622,2143,2653,2135,2653
2159,2622,2250,2622,2250,2653,2159,2653
1171,2681,1171,2638,1196,2638,1196,2681
1166,2614,1169,2664,1138,2666,1135,2616
1169,2668,1169,2676,1138,2678,1138,2670
1169,2675,1171,2719,1140,2721,1138,2677
4167,2619,4171,2619,4171,2665,4167,2665
2150,2666,2156,2665,2158,2688,2152,2689
2167,2664,2173,2663,2175,2686,2169,2687
2184,2662,2190,2661,2192,2684,2186,2685
2191,2662,2226,2658,2228,2681,2193,2685
2663,2714,2663,2668,2681,2668,2681,2714
2833,2740,2833,2691,2857,2691,2857,2740
2833,2686,2833,2680,2857,2680,2857,2686
2833,2679,2833,2637,2857,2637,2857,2679
4141,2578,4140,2653,4131,2653,4132,2578
4139,2678,4139,2706,4131,2706,4131,2678
4148,2586,4148,2805,4141,2805,4141,2586
4157,2585,4157,2793,4149,2793,4149,2585
4139,2810,4151,2628,4195,2631,4183,2813
4314,2727,4324,2728,4324,2737,4314,2736
4306,2737,4312,2737,4312,2743,4306,2743
4314,2737,4315,2737,4315,2743,4314,2743
4316,2737,4321,2737,4321,2743,4316,2743
4324,2737,4332,2737,4332,2743,4324,2743
4149,2797,4151,2797,4151,2808,4149,2808
4188,2806,4193,2806,4193,2813,4188,2813
4195,2806,4196,2806,4196,2813,4195,2813
4196,2806,4202,2806,4202,2813,4196,2813
4205,2806,4215,2806,4215,2813,4205,2813
4300,2874,4306,2874,4306,2881,4300,2881
4307,2874,4308,2874,4308,2881,4307,2881
4309,2874,4315,2874,4315,2881,4309,2881
4319,2874,4320,2874,4320,2881,4319,2881
2826,2876,2826,2916,2814,2916,2814,2876
4129,2938,4125,2883,4135,2882,4139,2937
4126,2933,4156,2933,4156,2941,4126,2941
4149,2957,4163,2959,4162,2969,4148,2967
4355,3014,4354,2937,4363,2937,4364,3014
4075,3001,4149,2997,4149,3006,4076,3010
4038,3004,4058,3004,4058,3009,4038,3009
4031,3010,4064,3010,4064,3017,4031,3017
4129,3011,4132,3011,4132,3025,4129,3025
4182,3013,4194,3011,4196,3020,4184,3023
4175,3030,4181,3030,4181,3037,4175,3037
4183,3030,4184,3030,4184,3037,4183,3037
4185,3030,4190,3030,4190,3037,4185,3037
4193,3030,4201,3030,4201,3037,4193,3037
4353,3027,4363,3026,4364,3038,4354,3039
4347,3040,4352,3040,4352,3048,4347,3048
4354,3040,4355,3040,4355,3048,4354,3048
4358,3039,4361,3039,4361,3048,4358,3048
4364,3039,4374,3039,4374,3047,4364,3047
2344,3092,2344,3087,2364,3086,2364,3091
2394,3079,2397,3079,2397,3094,2394,3094
2434,3080,2437,3080,2437,3095,2434,3095
2474,3080,2477,3080,2477,3095,2474,3095
2514,3080,2517,3080,2517,3095,2514,3095
2554,3081,2557,3081,2557,3096,2554,3096
4253,3080,4255,3080,4256,3091,4254,3091
4070,3119,4076,3119,4076,3128,4070,3128
4076,3119,4078,3119,4078,3128,4076,3128
4079,3119,4085,3119,4085,3128,4079,3128
4087,3119,4097,3119,4097,3128,4087,3128
4393,3121,4406,3121,4406,3127,4393,3127
143,3116,168,3116,168,3150,143,3150
231,3116,240,3116,240,3150,231,3150
242,3116,251,3116,251,3150,242,3150
252,3116,261,3116,261,3150,252,3150
2353,3122,2359,3122,2360,3146,2354,3146
2396,3121,2402,3121,2403,3145,2397,3145
2436,3120,2442,3120,2443,3144,2437,3144
2476,3119,2482,3119,2483,3143,2477,3143
2516,3118,2522,3118,2523,3142,2517,3142
2556,3117,2562,3117,2563,3141,2557,3141
2598,3116,2604,3116,2605,3140,2599,3140
4391,3129,4405,3128,4406,3137,4392,3138
4386,3139,4392,3139,4392,3146,4386,3146
4393,3139,4394,3139,4394,3146,4393,3146
4396,3139,4401,3139,4401,3146,4396,3146
4404,3139,4414,3139,4414,3146,4404,3146
1866,3180,1962,3183,1961,3218,1865,3215
1975,3183,2095,3186,2094,3221,1974,3218
2167,3159,2245,3159,2245,3188,2167,3188
2147,3188,2270,3192,2269,3227,2146,3223
4044,3182,4119,3183,4119,3191,4044,3190
4201,3180,4416,3179,4416,3188,4201,3189
4026,3190,4161,3190,4161,3198,4026,3198
4169,3190,4436,3191,4436,3199,4169,3198
2395,3194,2461,3194,2461,3217,2395,3217
2467,3194,2560,3194,2560,3217,2467,3217
2740,3192,2835,3192,2835,3221,2740,3221
3003,3190,3070,3190,3070,3223,3003,3223
3073,3190,3082,3190,3082,3223,3073,3223
3084,3190,3167,3190,3167,3223,3084,3223
3345,3173,3436,3173,3436,3204,3345,3204
3269,3209,3373,3209,3373,3239,3269,3239
3384,3209,3450,3209,3450,3239,3384,3239
3457,3209,3500,3209,3500,3239,3457,3239
154,3274,160,3274,160,3297,154,3297
159,3274,232,3274,232,3297,159,3297
153,3303,192,3303,192,3325,153,3325
204,3303,291,3303,291,3325,204,3325
299,3303,399,3303,399,3325,299,3325
413,3303,459,3303,459,3325,413,3325
461,3303,623,3303,623,3325,461,3325
632,3303,637,3303,637,3325,632,3325
646,3303,706,3303,706,3325,646,3325
714,3303,752,3303,752,3325,714,3325
761,3303,852,3303,852,3325,761,3325
860,3303,906,3303,906,3325,860,3325
913,3303,1021,3303,1021,3325,913,3325
1031,3303,1080,3303,1080,3325,1031,3325
1090,3303,1102,3303,1102,3325,1090,3325
1116,3303,1192,3303,1192,3325,1116,3325
1200,3303,1238,3303,1238,3325,1200,3325
1247,3303,1317,3303,1317,3325,1247,3325
1325,3303,1345,3303,1345,3325,1325,3325
1357,3303,1376,3303,1376,3325,1357,3325
1389,3303,1409,3303,1409,3325,1389,3325
1423,3303,1494,3303,1494,3325,1423,3325
1493,3303,1498,3303,1498,3325,1493,3325
1505,3303,1547,3303,1547,3325,1505,3325
1551,3303,1694,3303,1694,3325,1551,3325
1704,3303,1750,3303,1750,3325,1704,3325
1757,3303,1888,3303,1888,3325,1757,3325
1900,3303,1905,3303,1905,3325,1900,3325
1909,3303,1914,3303,1914,3325,1909,3325
1916,3303,1952,3303,1952,3325,1916,3325
1964,3303,2068,3303,2068,3325,1964,3325
2079,3303,2084,3303,2084,3325,2079,3325
2100,3303,2121,3303,2121,3325,2100,3325
2130,3303,2171,3303,2171,3325,2130,3325
2185,3303,2206,3303,2206,3325,2185,3325
2219,3303,2295,3303,2295,3325,2219,3325
2308,3303,2332,3303,2332,3325,2308,3325
2343,3303,2348,3303,2348,3325,2343,3325
2348,3303,2353,3303,2353,3325,2348,3325
2353,3303,2411,3303,2411,3325,2353,3325
2422,3303,2527,3303,2527,3325,2422,3325
2527,3303,2532,3303,2532,3325,2527,3325
2541,3303,2578,3303,2578,3325,2541,3325
2586,3303,2700,3303,2700,3325,2586,3325
2708,3303,2825,3303,2825,3325,2708,3325
2826,3303,2831,3303,2831,3325,2826,3325
2838,3303,2999,3303,2999,3325,2838,3325
3008,3303,3028,3303,3028,3325,3008,3325
3040,3303,3202,3303,3202,3325,3040,3325
3204,3303,3209,3303,3209,3325,3204,3325
3217,3303,3260,3303,3260,3325,3217,3325
3264,3303,3284,3303,3284,3325,3264,3325
3298,3303,3318,3303,3318,3325,3298,3325
3329,3303,3364,3303,3364,3325,3329,3325
3370,3303,3467,3303,3467,3325,3370,3325
3474,3303,3505,3303,3505,3325,3474,3325
156,3330,278,3330,278,3355,156,3355
286,3330,339,3330,339,3355,286,3355
342,3330,348,3330,348,3355,342,3355
354,3330,386,3330,386,3355,354,3355
392,3330,474,3330,474,3355,392,3355
485,3330,521,3330,521,3355,485,3355
533,3330,589,3330,589,3355,533,3355
600,3330,636,3330,636,3355,600,3355
646,3330,675,3330,675,3355,646,3355
685,3330,818,3330,818,3355,685,3355
823,3330,829,3330,829,3355,823,3355
836,3330,875,3330,875,3355,836,3355
882,3330,994,3330,994,3355,882,3355
1005,3330,1028,3330,1028,3355,1005,3355
1036,3330,1103,3330,1103,3355,1036,3355
1106,3330,1112,3330,1112,3355,1106,3355
1125,3330,1195,3330,1195,3355,1125,3355
1197,3330,1203,3330,1203,3355,1197,3355
1210,3330,1252,3330,1252,3355,1210,3355
1264,3330,1353,3330,1353,3355,1264,3355
1363,3330,1411,3330,1411,3355,1363,3355
1419,3330,1455,3330,1455,3355,1419,3355
1465,3330,1471,3330,1471,3355,1465,3355
1470,3330,1476,3330,1476,3355,1470,3355
1476,3330,1624,3330,1624,3355,1476,3355
1629,3330,1665,3330,1665,3355,1629,3355
1676,3330,1809,3330,1809,3355,1676,3355
1823,3330,1869,3330,1869,3355,1823,3355
1874,3330,1943,3330,1943,3355,1874,3355
1954,3330,1960,3330,1960,3355,1954,3355
1972,3330,2010,3330,2010,3355,1972,3355
2019,3330,2103,3330,2103,3355,2019,3355
2102,3330,2108,3330,2108,3355,2102,3355
2115,3330,2129,3330,2129,3355,2115,3355
2141,3330,2218,3330,2218,3355,2141,3355
2224,3330,2230,3330,2230,3355,2224,3355
2237,3330,2243,3330,2243,3355,2237,3355
2242,3330,2248,3330,2248,3355,2242,3355
2249,3330,2393,3330,2393,3355,2249,3355
2399,3330,2422,3330,2422,3355,2399,3355
2427,3330,2456,3330,2456,3355,2427,3355
2465,3330,2587,3330,2587,3355,2465,3355
2594,3330,2630,3330,2630,3355,2594,3355
2642,3330,2766,3330,2766,3355,2642,3355
2780,3330,2825,3330,2825,3355,2780,3355
2832,3330,2963,3330,2963,3355,2832,3355
2973,3330,2979,3330,2979,3355,2973,3355
2983,3330,2989,3330,2989,3355,2983,3355
2990,3330,3027,3330,3027,3355,2990,3355
3033,3330,3126,3330,3126,3355,3033,3355
3664,3278,3753,3278,3753,3340,3664,3340
3760,3278,3777,3278,3777,3340,3760,3340
3792,3278,3827,3278,3827,3340,3792,3340
3829,3278,3846,3278,3846,3340,3829,3340
3859,3278,3904,3278,3904,3340,3859,3340
3905,3278,3922,3278,3922,3340,3905,3340
3920,3278,3977,3278,3977,3340,3920,3340
3968,3278,3985,3278,3985,3340,3968,3340
3991,3278,4085,3278,4085,3340,3991,3340
4276,3294,4387,3294,4387,3328,4276,3328
4405,3294,4414,3294,4414,3328,4405,3328
