4014,166,4297,166,4297,228,4014,228
4021,224,4295,224,4295,287,4021,287
4106,372,4112,372,4112,397,4106,397
4121,372,4153,372,4153,397,4121,397
4163,372,4186,372,4186,397,4163,397
4197,372,4242,372,4242,397,4197,397
4256,372,4262,372,4262,397,4256,397
4275,372,4361,372,4361,397,4275,397
4131,405,4192,405,4192,428,4131,428
4205,405,4257,405,4257,428,4205,428
4263,405,4321,405,4321,428,4263,428
301,496,539,325,588,393,350,564
4146,477,4304,477,4304,551,4146,551
3965,587,4041,587,4041,628,3965,628
4050,587,4187,587,4187,628,4050,628
4202,587,4213,587,4213,628,4202,628
4226,587,4297,587,4297,628,4226,628
4310,587,4376,587,4376,628,4310,628
4386,587,4497,587,4497,628,4386,628
4118,632,4222,632,4222,675,4118,675
4242,632,4352,632,4352,675,4242,675
3955,688,4030,688,4030,731,3955,731
4039,688,4087,688,4087,731,4039,731
4092,688,4104,688,4104,731,4092,731
4260,689,4348,689,4348,729,4260,729
4361,689,4372,689,4372,729,4361,729
3952,744,4030,744,4030,783,3952,783
3652,693,3839,693,3839,727,3652,727
3850,693,3859,693,3859,727,3850,727
4547,687,4676,690,4675,731,4546,728
4695,691,4706,691,4705,731,4694,731
4547,746,4583,746,4583,784,4547,784
4597,746,4717,746,4717,784,4597,784
4253,740,4289,743,4286,784,4250,781
1146,867,1310,867,1310,890,1146,890
4110,844,4358,844,4358,890,4110,890
1121,872,1121,1041,1114,1041,1114,872
1998,976,1998,947,2012,947,2012,976
3142,980,3136,938,3178,932,3185,974
3804,931,3899,931,3899,962,3804,962
4574,940,4579,940,4579,961,4574,961
4587,940,4592,940,4592,961,4587,961
4594,940,4613,940,4613,961,4594,961
4623,940,4662,940,4662,961,4623,961
3017,1009,3014,955,3043,954,3046,1007
2946,992,2947,992,2947,1000,2946,1000
2966,992,2967,992,2967,1000,2966,1000
2985,993,2986,993,2986,1001,2985,1001
3006,993,3007,993,3007,1001,3006,1001
3311,992,3317,992,3317,1017,3311,1017
3321,992,3327,992,3327,1017,3321,1017
3347,992,3353,992,3353,1017,3347,1017
3357,992,3363,992,3363,1017,3357,1017
3383,992,3389,992,3389,1017,3383,1017
3394,992,3400,992,3400,1017,3394,1017
3407,992,3413,992,3413,1017,3407,1017
3804,995,3896,995,3896,1026,3804,1026
3911,995,3919,995,3919,1026,3911,1026
3932,995,4021,995,4021,1026,3932,1026
4567,999,4590,999,4590,1030,4567,1030
4593,999,4601,999,4601,1030,4593,1030
4602,999,4625,999,4625,1030,4602,1030
4630,999,4670,999,4670,1030,4630,1030
3150,1029,3148,1018,3190,1012,3192,1023
2212,1012,2314,1012,2314,1052,2212,1052
2395,1090,2395,1042,2416,1042,2416,1090
2611,1000,2633,1059,2597,1072,2575,1013
2656,1089,2655,1042,2675,1042,2676,1089
2655,1006,2655,1001,2674,1001,2674,1006
3804,1055,3922,1055,3922,1084,3804,1084
3935,1055,3943,1055,3943,1084,3935,1084
682,1071,682,1072,674,1072,674,1071
4571,1054,4591,1054,4591,1089,4571,1089
4593,1054,4602,1054,4602,1089,4593,1089
4604,1054,4623,1054,4623,1089,4604,1089
4632,1054,4670,1054,4670,1089,4632,1089
3249,1083,3249,1081,3260,1081,3260,1083
2687,1090,2715,1090,2715,1104,2687,1104
3249,1120,3249,1118,3260,1118,3260,1120
2116,1107,2126,1108,2124,1143,2114,1143
2164,1110,2174,1111,2172,1146,2162,1146
2212,1112,2222,1113,2220,1148,2210,1148
2264,1115,2274,1116,2272,1151,2262,1151
2968,1167,2968,1118,2986,1118,2986,1167
3801,1117,3922,1117,3922,1144,3801,1144
3933,1117,3940,1117,3940,1144,3933,1144
4577,1117,4596,1117,4596,1151,4577,1151
4594,1117,4603,1117,4603,1151,4594,1151
4604,1117,4668,1117,4668,1151,4604,1151
3249,1156,3249,1154,3260,1154,3260,1156
551,1208,551,1160,572,1160,572,1208
671,1191,671,1188,685,1188,685,1191
2756,1186,2806,1186,2806,1207,2756,1207
3089,1161,3105,1164,3094,1221,3079,1218
3249,1191,3249,1189,3260,1189,3260,1191
3153,1185,3204,1185,3204,1207,3153,1207
3801,1173,3922,1173,3922,1200,3801,1200
3933,1173,3940,1173,3940,1200,3933,1200
4571,1173,4590,1173,4590,1200,4571,1200
4591,1173,4598,1173,4598,1200,4591,1200
4597,1173,4622,1173,4622,1200,4597,1200
4628,1173,4668,1173,4668,1200,4628,1200
626,1230,626,1204,644,1204,644,1230
3166,1175,3216,1184,3206,1242,3155,1233
3803,1230,3875,1228,3876,1258,3804,1260
3883,1229,3915,1228,3916,1257,3884,1258
3926,1228,3975,1227,3976,1256,3927,1257
4573,1234,4578,1234,4578,1256,4573,1256
4587,1234,4592,1234,4592,1256,4587,1256
4591,1234,4616,1234,4616,1256,4591,1256
4623,1234,4659,1234,4659,1256,4623,1256
2968,1256,2968,1252,2986,1252,2986,1256
444,1268,504,1268,504,1315,444,1315
3804,1286,3872,1286,3872,1317,3804,1317
3889,1286,3897,1286,3897,1317,3889,1317
3902,1286,3910,1286,3910,1317,3902,1317
3909,1286,3948,1286,3948,1317,3909,1317
4575,1285,4585,1285,4585,1323,4575,1323
4586,1285,4596,1285,4596,1323,4586,1323
4595,1285,4616,1285,4616,1323,4595,1323
4621,1285,4664,1285,4664,1323,4621,1323
464,1357,514,1362,512,1381,462,1376
2960,1358,2960,1383,2944,1383,2944,1358
3805,1347,3854,1347,3854,1378,3805,1378
4574,1347,4582,1347,4582,1378,4574,1378
4587,1347,4595,1347,4595,1378,4587,1378
4596,1347,4614,1347,4614,1378,4596,1378
4623,1347,4664,1347,4664,1378,4623,1378
1189,1436,1189,1391,1220,1391,1220,1436
2010,1436,2051,1435,2051,1454,2010,1455
2131,1434,2136,1434,2136,1453,2131,1453
1472,1424,1579,1424,1579,1462,1472,1462
1589,1424,1599,1424,1599,1462,1589,1462
1609,1424,1728,1424,1728,1462,1609,1462
1667,1470,1673,1470,1673,1495,1667,1495
1698,1470,1704,1470,1704,1495,1698,1495
3807,1436,3906,1436,3906,1479,3807,1479
3922,1436,4071,1436,4071,1479,3922,1479
4076,1436,4263,1436,4263,1479,4076,1479
4516,1437,4565,1437,4565,1481,4516,1481
4570,1437,4582,1437,4582,1481,4570,1481
4584,1437,4632,1437,4632,1481,4584,1481
4644,1437,4725,1437,4725,1481,4644,1481
1748,1470,1754,1470,1754,1495,1748,1495
1797,1470,1803,1470,1803,1495,1797,1495
1847,1470,1853,1470,1853,1495,1847,1495
2659,1446,2662,1510,2639,1511,2636,1447
2146,1475,2149,1475,2149,1489,2146,1489
2044,1476,2047,1476,2047,1490,2044,1490
2065,1476,2068,1476,2068,1490,2065,1490
2085,1476,2088,1476,2088,1490,2085,1490
2106,1476,2109,1476,2109,1490,2106,1490
2010,1494,2115,1494,2115,1515,2010,1515
1288,1508,1298,1508,1298,1544,1288,1544
1313,1508,1374,1508,1374,1544,1313,1544
1291,1551,1325,1551,1325,1589,1291,1589
1332,1551,1342,1551,1342,1589,1332,1589
1340,1551,1376,1551,1376,1589,1340,1589
2015,1538,2019,1538,2019,1556,2015,1556
2047,1538,2051,1538,2051,1556,2047,1556
2060,1538,2064,1538,2064,1556,2060,1556
2066,1538,2070,1538,2070,1556,2066,1556
2072,1538,2076,1538,2076,1556,2072,1556
2074,1538,2100,1538,2100,1556,2074,1556
835,1598,835,1593,854,1592,854,1597
834,1578,832,1539,851,1538,854,1577
4576,1541,4581,1541,4581,1562,4576,1562
4587,1541,4592,1541,4592,1562,4587,1562
4593,1541,4616,1541,4616,1562,4593,1562
4623,1541,4662,1541,4662,1562,4623,1562
3800,1537,3898,1537,3898,1568,3800,1568
2809,1566,2819,1566,2819,1602,2809,1602
2016,1579,2021,1579,2020,1600,2015,1600
2047,1581,2052,1581,2051,1602,2046,1602
2062,1582,2067,1582,2066,1603,2061,1603
2080,1583,2085,1583,2084,1604,2079,1604
2095,1583,2100,1583,2099,1604,2094,1604
2110,1584,2115,1584,2114,1605,2109,1605
2024,1605,2027,1605,2027,1619,2024,1619
2037,1606,2040,1606,2040,1620,2037,1620
2063,1606,2066,1606,2066,1620,2063,1620
2082,1607,2085,1607,2085,1621,2082,1621
2857,1566,2867,1566,2867,1602,2857,1602
2905,1566,2915,1566,2915,1602,2905,1602
2768,1586,2768,1599,2721,1598,2721,1585
3056,1576,3065,1576,3066,1609,3057,1609
3103,1574,3112,1574,3113,1607,3104,1607
3151,1572,3160,1572,3161,1605,3152,1605
1629,1602,1629,1596,1652,1598,1652,1604
1626,1647,1626,1641,1649,1643,1649,1649
1988,1488,1988,1502,1937,1502,1937,1488
1988,1540,1988,1554,1937,1554,1937,1540
1988,1592,1988,1606,1937,1606,1937,1592
1988,1639,1988,1653,1937,1653,1937,1639
1988,1691,1988,1705,1937,1705,1937,1691
1988,1738,1988,1752,1937,1752,1937,1738
1988,1785,1988,1799,1937,1799,1937,1785
2051,1639,2054,1639,2054,1654,2051,1654
2062,1639,2065,1639,2065,1654,2062,1654
2068,1639,2082,1639,2082,1654,2068,1654
3806,1628,3900,1628,3900,1660,3806,1660
3915,1628,4059,1628,4059,1660,3915,1660
4075,1628,4233,1628,4233,1660,4075,1660
4517,1627,4560,1627,4560,1675,4517,1675
4573,1627,4586,1627,4586,1675,4573,1675
4585,1627,4630,1627,4630,1675,4585,1675
4648,1627,4718,1627,4718,1675,4648,1675
2097,1658,2119,1659,2118,1676,2096,1675
1622,1698,1622,1692,1645,1694,1645,1700
2056,1700,2059,1700,2059,1715,2056,1715
2061,1700,2064,1700,2064,1715,2061,1715
2067,1700,2070,1700,2070,1715,2067,1715
2072,1700,2075,1700,2075,1715,2072,1715
2077,1700,2080,1700,2080,1715,2077,1715
2024,1702,2082,1698,2085,1740,2027,1744
2060,1717,2076,1721,2072,1734,2057,1731
2077,1721,2080,1722,2077,1735,2074,1735
2004,1776,2004,1766,2040,1766,2040,1776
2004,1752,2004,1695,2040,1695,2040,1752
1501,1759,1553,1759,1553,1780,1501,1780
2006,1762,2077,1764,2076,1783,2005,1781
3083,1768,3089,1768,3089,1791,3083,1791
3117,1768,3123,1768,3123,1791,3117,1791
3165,1769,3169,1769,3168,1786,3164,1786
3212,1771,3216,1771,3215,1788,3211,1788
2029,1816,2025,1849,2007,1847,2011,1814
953,1768,953,1905,930,1905,930,1768
2767,1687,2767,1700,2720,1699,2720,1686
2766,1744,2766,1757,2719,1756,2719,1743
2765,1792,2765,1805,2718,1804,2718,1791
2765,1840,2765,1853,2718,1852,2718,1839
2764,1900,2763,1943,2716,1942,2717,1899
430,1838,430,1888,407,1888,407,1838
3301,1875,3301,1826,3332,1826,3332,1875
2221,1915,2221,1863,2242,1863,2242,1915
4150,1891,4152,1891,4152,1902,4150,1902
4158,1891,4180,1891,4180,1902,4158,1902
4183,1891,4195,1891,4195,1902,4183,1902
4201,1891,4236,1891,4236,1902,4201,1902
4239,1891,4255,1891,4255,1902,4239,1902
4261,1891,4263,1891,4263,1902,4261,1902
4271,1891,4273,1891,4273,1902,4271,1902
4275,1891,4277,1891,4277,1902,4275,1902
4278,1891,4294,1891,4294,1902,4278,1902
4302,1891,4312,1891,4312,1902,4302,1902
4317,1891,4330,1891,4330,1902,4317,1902
4538,1892,4594,1892,4594,1903,4538,1903
1114,1895,1120,1895,1120,1920,1114,1920
522,1898,671,1898,671,1938,522,1938
691,1898,702,1898,702,1938,691,1938
1262,1895,1268,1895,1268,1920,1262,1920
1296,1895,1302,1895,1302,1920,1296,1920
1332,1895,1338,1895,1338,1920,1332,1920
1369,1895,1375,1895,1375,1920,1369,1920
1405,1895,1411,1895,1411,1920,1405,1920
1442,1895,1448,1895,1448,1920,1442,1920
3758,1893,3814,1893,3814,1910,3758,1910
3819,1892,3839,1892,3839,1909,3819,1909
3846,1892,3873,1892,3873,1909,3846,1909
3879,1892,3921,1892,3921,1909,3879,1909
3926,1892,3930,1892,3930,1909,3926,1909
3936,1891,3940,1891,3940,1908,3936,1908
3940,1891,3944,1891,3944,1908,3940,1908
3944,1891,3960,1891,3960,1908,3944,1908
3966,1891,3978,1891,3978,1908,3966,1908
3983,1891,3997,1891,3997,1908,3983,1908
1514,1895,1520,1895,1520,1920,1514,1920
4101,1883,4121,1883,4121,1913,4101,1913
1551,1895,1557,1895,1557,1920,1551,1920
1587,1895,1593,1895,1593,1920,1587,1920
1150,1895,1156,1895,1156,1920,1150,1920
1187,1895,1193,1895,1193,1920,1187,1920
1155,1925,1183,1926,1182,1950,1154,1949
1629,1895,1659,1895,1659,1920,1629,1920
1607,1926,1626,1926,1626,1947,1607,1947
1636,1926,1661,1926,1661,1947,1636,1947
1666,1954,1753,1955,1753,1972,1666,1971
1780,1904,1785,1904,1785,1925,1780,1925
1791,1904,1796,1904,1796,1925,1791,1925
1797,1904,1802,1904,1802,1925,1797,1925
1808,1904,1813,1904,1813,1925,1808,1925
1822,1904,1827,1904,1827,1925,1822,1925
1783,1927,1788,1927,1788,1947,1783,1947
1799,1927,1851,1927,1851,1947,1799,1947
2346,1898,2495,1898,2495,1938,2346,1938
2515,1898,2526,1898,2526,1938,2515,1938
3027,1898,3175,1898,3175,1938,3027,1938
3196,1898,3207,1898,3207,1938,3196,1938
1225,1928,1231,1928,1230,1951,1224,1951
3759,1934,3813,1934,3813,1947,3759,1947
3817,1934,3846,1934,3846,1947,3817,1947
3852,1934,3893,1934,3893,1947,3852,1947
3898,1934,3901,1934,3901,1947,3898,1947
3908,1934,3911,1934,3911,1947,3908,1947
3912,1934,3915,1934,3915,1947,3912,1947
3916,1934,3930,1934,3930,1947,3916,1947
3940,1934,3949,1934,3949,1947,3940,1947
3955,1934,3968,1934,3968,1947,3955,1947
4150,1931,4152,1931,4152,1941,4150,1941
4158,1931,4178,1931,4178,1941,4158,1941
4183,1931,4195,1931,4195,1941,4183,1941
4199,1931,4234,1931,4234,1941,4199,1941
4241,1931,4255,1931,4255,1941,4241,1941
4261,1931,4263,1931,4263,1941,4261,1941
4271,1931,4273,1931,4273,1941,4271,1941
4275,1931,4277,1931,4277,1941,4275,1941
4279,1931,4294,1931,4294,1941,4279,1941
4302,1931,4312,1931,4312,1941,4302,1941
4317,1931,4330,1931,4330,1941,4317,1941
4334,1931,4336,1931,4336,1941,4334,1941
4149,1943,4151,1943,4151,1954,4149,1954
4154,1943,4156,1943,4156,1954,4154,1954
4157,1943,4173,1943,4173,1954,4157,1954
4181,1943,4203,1943,4203,1954,4181,1954
4207,1943,4219,1943,4219,1954,4207,1954
4224,1943,4261,1943,4261,1954,4224,1954
4539,1934,4569,1934,4569,1946,4539,1946
4575,1934,4597,1934,4597,1946,4575,1946
1988,1941,1988,1955,1937,1955,1937,1941
3675,1912,3675,1890,3706,1890,3706,1912
3675,1954,3675,1931,3706,1931,3706,1954
3675,2000,3675,1972,3706,1972,3706,2000
3675,2039,3675,2031,3706,2031,3706,2039
3758,1978,3812,1978,3812,1990,3758,1990
3818,1978,3837,1978,3837,1990,3818,1990
3844,1978,3873,1978,3873,1990,3844,1990
3879,1978,3920,1978,3920,1990,3879,1990
3927,1978,3929,1978,3929,1990,3927,1990
3937,1978,3939,1978,3939,1990,3937,1990
3941,1978,3943,1978,3943,1990,3941,1990
3944,1978,3960,1978,3960,1990,3944,1990
3967,1978,3978,1978,3978,1990,3967,1990
3983,1978,3997,1978,3997,1990,3983,1990
1351,1977,1417,1977,1417,1990,1351,1990
1341,1991,1372,1991,1372,2006,1341,2006
1378,1991,1394,1991,1394,2006,1378,2006
1402,1991,1405,1991,1405,2006,1402,2006
1413,1991,1424,1991,1424,2006,1413,2006
4148,1983,4170,1983,4170,1994,4148,1994
4176,1983,4186,1983,4186,1994,4176,1994
4191,1983,4226,1983,4226,1994,4191,1994
4231,1983,4266,1983,4266,1994,4231,1994
4537,1984,4577,1984,4577,1997,4537,1997
4584,1984,4587,1984,4587,1997,4584,1997
4592,1984,4626,1984,4626,1997,4592,1997
4631,1984,4651,1984,4651,1997,4631,1997
3436,1969,3436,2089,3425,2089,3425,1969
3758,2018,3812,2018,3812,2030,3758,2030
3816,2018,3838,2018,3838,2030,3816,2030
3844,2018,3853,2018,3853,2030,3844,2030
3859,2018,3867,2018,3867,2030,3859,2030
3871,2018,3894,2018,3894,2030,3871,2030
3900,2018,3902,2018,3902,2030,3900,2030
3910,2018,3912,2018,3912,2030,3910,2030
3914,2018,3916,2018,3916,2030,3914,2030
3917,2018,3933,2018,3933,2030,3917,2030
3940,2018,3951,2018,3951,2030,3940,2030
3956,2018,3970,2018,3970,2030,3956,2030
4147,2018,4171,2018,4171,2031,4147,2031
4177,2018,4187,2018,4187,2031,4177,2031
4189,2018,4192,2018,4192,2031,4189,2031
4192,2018,4204,2018,4204,2031,4192,2031
4207,2018,4210,2018,4210,2031,4207,2031
4212,2018,4229,2018,4229,2031,4212,2031
4235,2018,4238,2018,4238,2031,4235,2031
4243,2018,4246,2018,4246,2031,4243,2031
4249,2018,4252,2018,4252,2031,4249,2031
4253,2018,4267,2018,4267,2031,4253,2031
4276,2018,4285,2018,4285,2031,4276,2031
4293,2018,4306,2018,4306,2031,4293,2031
4538,2027,4565,2027,4565,2037,4538,2037
4567,2027,4619,2027,4619,2037,4567,2037
2403,2035,2454,2035,2454,2060,2403,2060
3037,2038,3085,2038,3085,2058,3037,2058
320,2053,340,2053,340,2066,320,2066
989,2050,1043,2047,1045,2074,991,2078
3758,2062,3812,2062,3812,2075,3758,2075
3817,2062,3838,2062,3838,2075,3817,2075
3844,2062,3853,2062,3853,2075,3844,2075
3858,2062,3919,2062,3919,2075,3858,2075
3926,2062,3940,2062,3940,2075,3926,2075
3946,2062,3986,2062,3986,2075,3946,2075
4149,2061,4170,2061,4170,2073,4149,2073
4175,2061,4197,2061,4197,2073,4175,2073
4205,2061,4207,2061,4207,2073,4205,2073
4213,2061,4215,2061,4215,2073,4213,2073
4218,2061,4220,2061,4220,2073,4218,2073
4221,2061,4236,2061,4236,2073,4221,2073
4246,2061,4254,2061,4254,2073,4246,2073
4263,2061,4274,2061,4274,2073,4263,2073
4537,2064,4592,2064,4592,2078,4537,2078
4597,2064,4638,2064,4638,2078,4597,2078
4642,2064,4659,2064,4659,2078,4642,2078
4663,2064,4707,2064,4707,2078,4663,2078
4711,2064,4721,2064,4721,2078,4711,2078
4727,2064,4769,2064,4769,2078,4727,2078
3369,2085,3370,2089,3354,2093,3353,2090
3757,2102,3806,2102,3806,2115,3757,2115
3810,2102,3813,2102,3813,2115,3810,2115
3814,2102,3834,2102,3834,2115,3814,2115
3839,2102,3866,2102,3866,2115,3839,2115
3873,2102,3892,2102,3892,2115,3873,2115
3898,2102,3920,2102,3920,2115,3898,2115
3924,2102,3937,2102,3937,2115,3924,2115
3941,2102,3987,2102,3987,2115,3941,2115
3990,2102,3993,2102,3993,2115,3990,2115
3758,2115,3810,2115,3810,2126,3758,2126
3814,2115,3828,2115,3828,2126,3814,2126
3833,2115,3855,2115,3855,2126,3833,2126
4147,2108,4171,2108,4171,2121,4147,2121
4175,2108,4199,2108,4199,2121,4175,2121
4204,2108,4207,2108,4207,2121,4204,2121
4214,2108,4217,2108,4217,2121,4214,2121
4218,2108,4221,2108,4221,2121,4218,2121
4222,2108,4236,2108,4236,2121,4222,2121
4246,2108,4255,2108,4255,2121,4246,2121
4262,2108,4274,2108,4274,2121,4262,2121
4538,2104,4557,2104,4557,2118,4538,2118
4562,2104,4610,2104,4610,2118,4562,2118
4614,2104,4617,2104,4617,2118,4614,2118
4618,2104,4621,2104,4621,2118,4618,2118
4621,2104,4665,2104,4665,2118,4621,2118
4670,2104,4680,2104,4680,2118,4670,2118
4684,2104,4723,2104,4723,2118,4684,2118
2192,2067,2192,2194,2168,2194,2168,2067
4148,2144,4171,2144,4171,2157,4148,2157
4174,2144,4186,2144,4186,2157,4174,2157
4190,2144,4227,2144,4227,2157,4190,2157
4232,2144,4247,2144,4247,2157,4232,2157
4253,2144,4302,2144,4302,2157,4253,2157
4307,2144,4330,2144,4330,2157,4307,2157
3757,2150,3796,2150,3796,2163,3757,2163
3800,2150,3812,2150,3812,2163,3800,2163
3817,2150,3846,2150,3846,2163,3817,2163
3850,2150,3856,2150,3856,2163,3850,2163
902,2231,902,2130,923,2130,923,2231
1288,2144,1298,2144,1298,2180,1288,2180
1315,2144,1376,2144,1376,2180,1315,2180
4538,2151,4573,2151,4573,2163,4538,2163
4578,2151,4622,2151,4622,2163,4578,2163
2762,2070,2760,2252,2713,2251,2715,2069
576,2165,627,2165,627,2190,576,2190
1033,2202,1030,2154,1052,2153,1055,2201
4148,2184,4171,2184,4171,2197,4148,2197
4174,2184,4186,2184,4186,2197,4174,2197
4190,2184,4227,2184,4227,2197,4190,2197
4232,2184,4247,2184,4247,2197,4232,2197
4253,2184,4302,2184,4302,2197,4253,2197
4308,2184,4328,2184,4328,2197,4308,2197
4335,2184,4374,2184,4374,2197,4335,2197
1288,2182,1327,2184,1325,2220,1286,2218
1332,2184,1342,2185,1340,2220,1330,2220
1345,2185,1378,2187,1376,2223,1343,2221
1478,2164,1584,2164,1584,2200,1478,2200
3757,2192,3780,2192,3780,2206,3757,2206
3785,2192,3823,2192,3823,2206,3785,2206
4534,2189,4580,2189,4580,2201,4534,2201
4585,2189,4631,2189,4631,2201,4585,2201
4635,2189,4687,2189,4687,2201,4635,2201
4690,2189,4702,2189,4702,2201,4690,2201
4706,2189,4733,2189,4733,2201,4706,2201
4535,2203,4606,2203,4606,2214,4535,2214
3066,2221,3070,2221,3071,2239,3067,2239
3102,2219,3106,2219,3107,2237,3103,2237
3174,2216,3178,2216,3179,2234,3175,2234
3210,2214,3214,2214,3215,2232,3211,2232
3248,2212,3252,2212,3253,2230,3249,2230
4148,2225,4171,2225,4171,2238,4148,2238
4174,2225,4186,2225,4186,2238,4174,2238
4190,2225,4227,2225,4227,2238,4190,2238
4232,2225,4247,2225,4247,2238,4232,2238
4253,2225,4302,2225,4302,2238,4253,2238
4308,2225,4328,2225,4328,2238,4308,2238
4336,2225,4358,2225,4358,2238,4336,2238
3001,2223,3028,2222,3029,2241,3002,2242
3003,2248,3024,2248,3024,2267,3003,2267
3032,2248,3056,2248,3056,2267,3032,2267
3757,2234,3790,2234,3790,2247,3757,2247
3793,2234,3829,2234,3829,2247,3793,2247
3833,2234,3842,2234,3842,2247,3833,2247
3849,2234,3888,2234,3888,2247,3849,2247
4467,2229,4487,2229,4487,2241,4467,2241
4537,2234,4566,2234,4566,2248,4537,2248
4571,2234,4611,2234,4611,2248,4571,2248
4617,2234,4661,2234,4661,2248,4617,2248
787,2246,804,2246,804,2264,787,2264
816,2246,829,2246,829,2264,816,2264
2608,2246,2631,2246,2631,2263,2608,2263
2640,2246,2652,2246,2652,2263,2640,2263
1503,2253,1553,2253,1553,2280,1503,2280
4148,2271,4172,2271,4172,2286,4148,2286
4177,2271,4193,2271,4193,2286,4177,2286
4198,2271,4229,2271,4229,2286,4198,2286
4234,2271,4245,2271,4245,2286,4234,2286
4249,2271,4284,2271,4284,2286,4249,2286
3757,2282,3790,2282,3790,2295,3757,2295
3793,2282,3829,2282,3829,2295,3793,2295
3833,2282,3845,2282,3845,2295,3833,2295
3849,2282,3882,2282,3882,2295,3849,2295
4091,2273,4104,2273,4104,2290,4091,2290
4439,2276,4482,2276,4482,2295,4439,2295
4519,2276,4524,2276,4524,2295,4519,2295
4538,2276,4585,2276,4585,2295,4538,2295
4108,2315,4134,2315,4134,2322,4108,2322
2056,2321,2058,2321,2060,2332,2058,2332
2066,2320,2068,2320,2070,2331,2068,2331
2623,2319,2631,2319,2631,2350,2623,2350
2639,2319,2647,2319,2647,2350,2639,2350
2648,2319,2656,2319,2656,2350,2648,2350
2664,2319,2672,2319,2672,2350,2664,2350
3134,2318,3151,2318,3151,2347,3134,2347
3231,2319,3239,2319,3239,2348,3231,2348
3240,2319,3248,2319,3248,2348,3240,2348
3351,2320,3359,2320,3359,2349,3351,2349
3393,2321,3437,2321,3437,2350,3393,2350
3758,2325,3803,2325,3803,2336,3758,2336
3808,2325,3830,2325,3830,2336,3808,2336
3834,2325,3859,2325,3859,2336,3834,2336
3864,2325,3919,2325,3919,2336,3864,2336
4148,2325,4163,2325,4163,2338,4148,2338
4172,2325,4181,2325,4181,2338,4172,2338
4189,2325,4218,2325,4218,2338,4189,2338
4223,2325,4243,2325,4243,2338,4223,2338
4247,2325,4313,2325,4313,2338,4247,2338
4316,2325,4338,2325,4338,2338,4316,2338
4343,2325,4353,2325,4353,2338,4343,2338
4358,2325,4400,2325,4400,2338,4358,2338
2034,2328,2034,2394,2011,2394,2011,2328
3759,2366,3781,2366,3781,2379,3759,2379
3786,2366,3795,2366,3795,2379,3786,2379
3802,2366,3837,2366,3837,2379,3802,2379
3841,2366,3856,2366,3856,2379,3841,2379
3862,2366,3865,2366,3865,2379,3862,2379
3870,2366,3873,2366,3873,2379,3870,2379
3876,2366,3879,2366,3879,2379,3876,2379
3879,2366,3895,2366,3895,2379,3879,2379
3903,2366,3912,2366,3912,2379,3903,2379
3919,2366,3932,2366,3932,2379,3919,2379
4148,2365,4162,2365,4162,2377,4148,2377
4170,2365,4191,2365,4191,2377,4170,2377
4197,2365,4262,2365,4262,2377,4197,2377
4265,2365,4302,2365,4302,2377,4265,2377
4307,2365,4334,2365,4334,2377,4307,2377
4341,2365,4346,2365,4346,2377,4341,2377
1985,2420,1987,2380,2011,2381,2009,2421
2284,2394,2287,2399,2266,2411,2263,2405
2301,2425,2304,2430,2283,2442,2280,2436
2319,2458,2322,2463,2301,2475,2298,2469
3683,2456,3737,2456,3737,2490,3683,2490
3756,2456,3787,2456,3787,2490,3756,2490
3805,2456,3912,2456,3912,2490,3805,2490
3931,2456,3962,2456,3962,2490,3931,2490
3976,2456,4109,2456,4109,2490,3976,2490
4117,2456,4183,2456,4183,2490,4117,2490
4196,2456,4205,2456,4205,2490,4196,2490
4203,2456,4212,2456,4212,2490,4203,2490
4212,2456,4346,2456,4346,2490,4212,2490
2336,2489,2339,2494,2318,2506,2315,2500
4292,2576,4302,2576,4302,2585,4292,2585
4285,2587,4291,2587,4291,2593,4285,2593
4293,2587,4294,2587,4294,2593,4293,2593
4295,2587,4300,2587,4300,2593,4295,2593
4303,2587,4311,2587,4311,2593,4303,2593
4246,2639,4246,2645,4221,2645,4221,2639
4175,2657,4185,2657,4185,2665,4175,2665
4169,2667,4174,2667,4174,2675,4169,2675
4176,2667,4177,2667,4177,2675,4176,2675
4178,2667,4183,2667,4183,2676,4178,2676
4186,2668,4196,2668,4196,2676,4186,2676
4310,2723,4320,2723,4320,2733,4310,2733
4303,2733,4309,2733,4309,2741,4303,2741
4310,2733,4311,2733,4311,2741,4310,2741
4313,2733,4318,2733,4318,2741,4313,2741
4322,2733,4323,2733,4323,2741,4322,2741
4385,2574,4385,2622,4356,2622,4356,2574
4385,2643,4385,2872,4356,2872,4356,2643
4174,2831,4188,2831,4188,2838,4174,2838
4175,2839,4185,2838,4185,2846,4175,2847
4168,2849,4174,2849,4174,2855,4168,2855
4176,2849,4177,2849,4177,2855,4176,2855
4178,2849,4183,2849,4183,2855,4178,2855
4186,2849,4196,2849,4196,2855,4186,2855
4174,3024,4188,3022,4189,3031,4175,3033
4175,3031,4187,3030,4187,3039,4175,3040
4311,3029,4314,3029,4314,3037,4311,3037
4316,3029,4317,3029,4317,3037,4316,3037
4320,3029,4323,3029,4323,3037,4320,3037
4327,3029,4337,3029,4337,3037,4327,3037
2395,3078,2398,3078,2398,3092,2395,3092
2434,3079,2437,3079,2437,3093,2434,3093
2343,3094,2343,3088,2368,3088,2368,3094
2475,3080,2478,3080,2478,3094,2475,3094
2515,3081,2518,3081,2518,3095,2515,3095
2343,3136,2343,3130,2368,3130,2368,3136
2353,3122,2359,3122,2360,3146,2354,3146
140,3124,171,3124,171,3158,140,3158
2395,3121,2401,3121,2402,3145,2396,3145
2438,3120,2444,3120,2445,3144,2439,3144
247,3124,256,3124,256,3158,247,3158
261,3124,270,3124,270,3158,261,3158
268,3124,277,3124,277,3158,268,3158
2598,3116,2604,3116,2605,3140,2599,3140
2475,3119,2481,3119,2482,3143,2476,3143
2518,3118,2524,3118,2525,3142,2519,3142
4093,3121,4101,3121,4101,3129,4093,3129
4084,3131,4090,3131,4090,3138,4084,3138
4093,3131,4094,3131,4094,3138,4093,3138
4094,3130,4100,3130,4100,3138,4094,3138
4102,3130,4112,3130,4112,3137,4102,3137
2558,3117,2564,3117,2565,3141,2559,3141
4342,3128,4354,3128,4354,3135,4342,3135
4342,3136,4354,3135,4355,3144,4343,3145
842,3151,842,3146,863,3146,863,3151
4336,3146,4341,3146,4341,3153,4336,3153
4343,3146,4344,3146,4344,3153,4343,3153
4346,3146,4351,3146,4351,3153,4346,3153
4353,3146,4363,3146,4363,3153,4353,3153
1091,3125,1097,3125,1099,3193,1093,3193
842,3180,842,3175,863,3175,863,3180
4048,3173,4113,3173,4113,3181,4048,3181
4023,3182,4143,3182,4143,3189,4023,3189
4022,3190,4129,3190,4129,3197,4022,3197
4273,3159,4336,3151,4340,3181,4277,3189
2164,3159,2244,3159,2244,3188,2164,3188
2147,3188,2270,3192,2269,3227,2146,3223
1866,3180,1960,3183,1959,3218,1865,3215
1975,3183,2095,3186,2094,3221,1974,3218
4412,3189,4414,3189,4414,3200,4412,3200
4465,3182,4525,3182,4525,3189,4465,3189
4447,3190,4513,3190,4513,3197,4447,3197
4444,3198,4474,3198,4474,3206,4444,3206
2739,3194,2834,3194,2834,3217,2739,3217
2398,3191,2462,3191,2462,3223,2398,3223
2469,3191,2562,3191,2562,3223,2469,3223
3005,3191,3065,3191,3065,3222,3005,3222
3074,3191,3082,3191,3082,3222,3074,3222
3084,3191,3170,3191,3170,3222,3084,3222
3347,3175,3439,3175,3439,3206,3347,3206
3270,3209,3373,3209,3373,3241,3270,3241
3385,3209,3446,3209,3446,3241,3385,3241
3462,3209,3503,3209,3503,3241,3462,3241
4109,3212,4201,3214,4201,3221,4109,3219
153,3272,157,3272,157,3290,153,3290
159,3272,218,3272,218,3290,159,3290
151,3294,184,3294,184,3315,151,3315
192,3294,265,3294,265,3315,192,3315
272,3294,364,3294,364,3315,272,3315
373,3294,388,3294,388,3315,373,3315
394,3294,468,3294,468,3315,394,3315
478,3294,560,3294,560,3315,478,3315
571,3294,609,3294,609,3315,571,3315
615,3294,747,3294,747,3315,615,3315
750,3294,755,3294,755,3315,750,3315
760,3294,813,3294,813,3315,760,3315
823,3294,853,3294,853,3315,823,3315
861,3294,934,3294,934,3315,861,3315
946,3294,980,3294,980,3315,946,3315
990,3294,1075,3294,1075,3315,990,3315
1085,3294,1126,3294,1126,3315,1085,3315
1132,3294,1147,3294,1147,3315,1132,3315
1156,3294,1218,3294,1218,3315,1156,3315
1228,3294,1258,3294,1258,3315,1228,3315
1266,3294,1321,3294,1321,3315,1266,3315
1329,3294,1348,3294,1348,3315,1329,3315
1357,3294,1372,3294,1372,3315,1357,3315
1385,3294,1400,3294,1400,3315,1385,3315
1412,3294,1469,3294,1469,3315,1412,3315
1469,3294,1474,3294,1474,3315,1469,3315
1483,3294,1510,3294,1510,3315,1483,3315
1518,3294,1541,3294,1541,3315,1518,3315
1550,3294,1594,3294,1594,3315,1550,3315
1604,3294,1623,3294,1623,3315,1604,3315
1633,3294,1677,3294,1677,3315,1633,3315
1684,3294,1707,3294,1707,3315,1684,3315
1717,3294,1783,3294,1783,3315,1717,3315
1785,3294,1819,3294,1819,3315,1785,3315
1823,3294,1970,3294,1970,3315,1823,3315
1972,3294,1999,3294,1999,3315,1972,3315
2005,3294,2100,3294,2100,3315,2005,3315
2103,3294,2108,3294,2108,3315,2103,3315
2115,3294,2175,3294,2175,3315,2115,3315
2178,3294,2183,3294,2183,3315,2178,3315
2189,3294,2223,3294,2223,3315,2189,3315
2232,3294,2307,3294,2307,3315,2232,3315
2307,3294,2312,3294,2312,3315,2307,3315
2322,3294,2436,3294,2436,3315,2322,3315
2437,3294,2442,3294,2442,3315,2437,3315
2449,3294,2555,3294,2555,3315,2449,3315
2563,3294,2582,3294,2582,3315,2563,3315
2592,3294,2703,3294,2703,3315,2592,3315
2706,3294,2711,3294,2711,3315,2706,3315
2720,3294,2796,3294,2796,3315,2720,3315
2798,3294,2803,3294,2803,3315,2798,3315
2812,3294,2876,3294,2876,3315,2812,3315
2882,3294,2912,3294,2912,3315,2882,3315
2920,3294,3000,3294,3000,3315,2920,3315
3008,3294,3046,3294,3046,3315,3008,3315
3051,3294,3110,3294,3110,3315,3051,3315
3113,3294,3118,3294,3118,3315,3113,3315
3121,3294,3137,3294,3137,3315,3121,3315
3148,3294,3159,3294,3159,3315,3148,3315
3171,3294,3210,3294,3210,3315,3171,3315
3216,3294,3221,3294,3221,3315,3216,3315
3229,3294,3258,3294,3258,3315,3229,3315
3269,3294,3337,3294,3337,3315,3269,3315
3339,3294,3344,3294,3344,3315,3339,3315
3347,3294,3363,3294,3363,3315,3347,3315
3370,3294,3508,3294,3508,3315,3370,3315
152,3314,217,3314,217,3339,152,3339
223,3314,246,3314,246,3339,223,3339
253,3314,281,3314,281,3339,253,3339
289,3314,369,3314,369,3339,289,3339
381,3314,424,3314,424,3339,381,3339
429,3314,527,3314,527,3339,429,3339
537,3314,543,3314,543,3339,537,3339
546,3314,552,3314,552,3339,546,3339
552,3314,615,3314,615,3339,552,3339
625,3314,639,3314,639,3339,625,3339
651,3314,718,3314,718,3339,651,3339
728,3314,757,3314,757,3339,728,3339
765,3314,858,3314,858,3339,765,3339
866,3314,923,3314,923,3339,866,3339
930,3314,953,3314,953,3339,930,3339
960,3314,1053,3314,1053,3339,960,3339
1064,3314,1082,3314,1082,3339,1064,3339
1086,3314,1183,3314,1183,3339,1086,3339
1191,3314,1220,3314,1220,3339,1191,3339
1228,3314,1274,3314,1274,3339,1228,3339
1285,3314,1291,3314,1291,3339,1285,3339
1293,3314,1299,3314,1299,3339,1293,3339
1301,3314,1338,3314,1338,3339,1301,3339
1340,3314,1346,3314,1346,3339,1340,3339
1351,3314,1456,3314,1456,3339,1351,3339
1462,3314,1490,3314,1490,3339,1462,3339
1495,3314,1616,3314,1616,3339,1495,3339
1623,3314,1662,3314,1662,3339,1623,3339
1667,3314,1776,3314,1776,3339,1667,3339
1785,3314,1791,3314,1791,3339,1785,3339
1792,3314,1798,3314,1798,3339,1792,3339
1801,3314,1830,3314,1830,3339,1801,3339
1839,3314,1927,3314,1927,3339,1839,3339
1935,3314,1941,3314,1941,3339,1935,3339
1953,3314,1971,3314,1971,3339,1953,3339
1980,3314,2013,3314,2013,3339,1980,3339
2023,3314,2041,3314,2041,3339,2023,3339
2050,3314,2117,3314,2117,3339,2050,3339
2126,3314,2149,3314,2149,3339,2126,3339
2154,3314,2160,3314,2160,3339,2154,3339
2159,3314,2165,3314,2165,3339,2159,3339
2167,3314,2214,3314,2214,3339,2167,3339
2219,3314,2306,3314,2306,3339,2219,3339
2310,3314,2316,3314,2316,3339,2310,3339
2322,3314,2351,3314,2351,3339,2322,3339
2357,3314,2451,3314,2451,3339,2357,3339
2461,3314,2556,3314,2556,3339,2461,3339
2557,3314,2563,3314,2563,3339,2557,3339
2569,3314,2702,3314,2702,3339,2569,3339
2710,3314,2728,3314,2728,3339,2710,3339
2738,3314,2871,3314,2871,3339,2738,3339
2871,3314,2877,3314,2877,3339,2871,3339
2884,3314,2917,3314,2917,3339,2884,3339
2926,3314,2940,3314,2940,3339,2926,3339
2951,3314,2969,3314,2969,3339,2951,3339
2980,3314,3008,3314,3008,3339,2980,3339
3011,3314,3093,3314,3093,3339,3011,3339
3101,3314,3122,3314,3122,3339,3101,3339
3134,3314,3233,3314,3233,3339,3134,3339
3239,3314,3287,3314,3287,3339,3239,3339
3287,3314,3293,3314,3293,3339,3287,3339
3298,3314,3323,3314,3323,3339,3298,3339
3330,3314,3405,3314,3405,3339,3330,3339
3410,3314,3416,3314,3416,3339,3410,3339
3420,3314,3445,3314,3445,3339,3420,3339
152,3340,220,3340,220,3361,152,3361
224,3340,229,3340,229,3361,224,3361
232,3340,259,3340,259,3361,232,3361
267,3340,312,3340,312,3361,267,3361
317,3340,322,3340,322,3361,317,3361
331,3340,361,3340,361,3361,331,3361
366,3340,391,3340,391,3361,366,3361
401,3340,513,3340,513,3361,401,3361
523,3340,538,3340,538,3361,523,3361
543,3340,576,3340,576,3361,543,3361
583,3340,721,3340,721,3361,583,3361
722,3340,727,3340,727,3361,722,3361
730,3340,753,3340,753,3361,730,3361
759,3340,827,3340,827,3361,759,3361
829,3340,834,3340,834,3361,829,3361
840,3340,845,3340,845,3361,840,3361
844,3340,849,3340,849,3361,844,3361
850,3340,970,3340,970,3361,850,3361
975,3340,994,3340,994,3361,975,3361
996,3340,1019,3340,1019,3361,996,3361
1031,3340,1131,3340,1131,3361,1031,3361
1138,3340,1168,3340,1168,3361,1138,3361
1176,3340,1280,3340,1280,3361,1176,3361
1293,3340,1332,3340,1332,3361,1293,3361
1334,3340,1443,3340,1443,3361,1334,3361
1454,3340,1459,3340,1459,3361,1454,3361
1463,3340,1468,3340,1468,3361,1463,3361
1469,3340,1497,3340,1497,3361,1469,3361
1502,3340,1579,3340,1579,3361,1502,3361
1584,3340,1589,3340,1589,3361,1584,3361
3660,3292,3748,3292,3748,3332,3660,3332
3764,3292,3775,3292,3775,3332,3764,3332
3796,3292,3825,3292,3825,3332,3796,3332
3834,3292,3845,3292,3845,3332,3834,3332
3849,3292,3878,3292,3878,3332,3849,3332
3887,3292,3898,3292,3898,3332,3887,3332
3896,3292,3967,3292,3967,3332,3896,3332
4272,3288,4395,3288,4395,3335,4272,3335
4401,3288,4414,3288,4414,3335,4401,3335
4478,3288,4491,3288,4491,3335,4478,3335
