4014,166,4297,166,4297,228,4014,228
4021,224,4295,224,4295,287,4021,287
2549,315,2606,315,2606,344,2549,344
2614,315,2622,315,2622,344,2614,344
2624,315,2674,315,2674,344,2624,344
2956,308,2982,308,2982,331,2956,331
1535,367,1535,363,1552,364,1552,368
1939,343,2054,343,2054,385,1939,385
2582,345,2636,348,2634,383,2580,380
1534,389,1534,385,1551,386,1551,390
4106,372,4112,372,4112,397,4106,397
4121,372,4153,372,4153,397,4121,397
4163,372,4186,372,4186,397,4163,397
4197,372,4242,372,4242,397,4197,397
4256,372,4262,372,4262,397,4256,397
4275,372,4361,372,4361,397,4275,397
4131,405,4192,405,4192,428,4131,428
4205,405,4257,405,4257,428,4205,428
4263,405,4321,405,4321,428,4263,428
1533,410,1533,406,1550,407,1550,411
1532,432,1532,428,1549,429,1549,433
1531,453,1531,449,1548,450,1548,454
2203,468,2204,442,2228,443,2227,469
2205,436,2205,430,2228,431,2228,437
2205,427,2205,421,2228,422,2228,428
2231,495,2231,476,2252,476,2252,495
2231,463,2231,436,2252,436,2252,463
2231,431,2231,426,2252,426,2252,431
1529,482,1529,478,1546,479,1546,483
1773,503,1774,514,1734,516,1733,505
2220,505,2220,511,2197,511,2197,505
301,491,542,321,590,390,349,560
4146,477,4304,477,4304,551,4146,551
2220,543,2220,549,2197,549,2197,543
1776,564,1777,575,1737,577,1736,566
2220,584,2220,590,2197,590,2197,584
1313,596,1345,596,1345,613,1313,613
1779,617,1780,628,1740,630,1739,619
2876,694,2876,690,2892,690,2892,694
2875,660,2874,588,2891,588,2892,660
2874,560,2874,556,2890,556,2890,560
1407,613,1425,612,1430,674,1412,676
2220,625,2220,631,2197,631,2197,625
2874,600,2963,600,2963,651,2874,651
3016,600,3075,600,3075,651,3016,651
2589,634,2658,638,2656,676,2587,672
2220,663,2220,669,2197,669,2197,663
2559,680,2571,680,2571,723,2559,723
2576,680,2588,680,2588,723,2576,723
2598,680,2610,680,2610,723,2598,723
2616,680,2628,680,2628,723,2616,723
2632,680,2664,680,2664,723,2632,723
3965,588,4040,588,4040,628,3965,628
4055,588,4185,588,4185,628,4055,628
4205,588,4216,588,4216,628,4205,628
4224,588,4298,588,4298,628,4224,628
4312,588,4374,588,4374,628,4312,628
4390,588,4497,588,4497,628,4390,628
4118,632,4222,632,4222,675,4118,675
4242,632,4352,632,4352,675,4242,675
3955,688,4029,688,4029,731,3955,731
4039,688,4086,688,4086,731,4039,731
4091,688,4103,688,4103,731,4091,731
4262,689,4345,689,4345,729,4262,729
4363,689,4374,689,4374,729,4363,729
3952,746,4030,746,4030,781,3952,781
4250,746,4287,746,4287,779,4250,779
2220,704,2220,710,2197,710,2197,704
3655,689,3840,689,3840,727,3655,727
3850,689,3860,689,3860,727,3850,727
1740,736,1740,727,1774,728,1774,737
2284,792,2284,718,2300,718,2300,792
2301,802,2301,767,2317,767,2317,802
2301,761,2301,746,2317,746,2317,761
2301,738,2301,734,2317,734,2317,738
2301,723,2301,711,2317,711,2317,723
2404,772,2404,714,2441,714,2441,772
4548,693,4676,693,4676,729,4548,729
4696,693,4706,693,4706,729,4696,729
4543,746,4697,746,4697,782,4543,782
2220,745,2220,751,2197,751,2197,745
1401,768,1401,773,1382,774,1382,769
1298,776,1338,776,1338,793,1298,793
1738,789,1738,780,1772,781,1772,790
2559,762,2701,762,2701,802,2559,802
2220,783,2220,789,2197,789,2197,783
1402,794,1402,799,1383,800,1383,795
1403,816,1403,821,1384,822,1384,817
1301,812,1325,814,1324,828,1300,826
1332,814,1335,814,1334,828,1331,828
1269,808,1279,807,1284,844,1275,846
1308,801,1344,796,1349,834,1314,840
2220,824,2220,830,2197,830,2197,824
1736,852,1736,843,1770,844,1770,853
1474,837,1482,837,1482,868,1474,868
1527,835,1536,834,1540,868,1531,869
1636,834,1645,832,1654,864,1645,867
2220,863,2220,869,2197,869,2197,863
1301,830,1306,830,1305,851,1301,851
1323,831,1328,831,1327,852,1323,852
1345,831,1350,831,1349,852,1345,852
1367,832,1372,832,1371,853,1367,853
1391,832,1396,832,1395,853,1391,853
1265,858,1274,858,1275,892,1266,892
1276,858,1285,858,1286,892,1277,892
1307,857,1316,857,1317,891,1308,891
1311,857,1320,857,1321,891,1312,891
1318,857,1327,857,1328,891,1319,891
1321,857,1330,857,1331,891,1322,891
1328,857,1337,857,1338,891,1329,891
1335,857,1344,857,1345,891,1336,891
1293,894,1318,893,1319,928,1294,929
1326,892,1390,889,1391,924,1327,927
1385,890,1394,890,1395,925,1386,925
4110,844,4358,844,4358,890,4110,890
2220,903,2220,909,2197,909,2197,903
2127,958,2127,897,2169,897,2169,958
2201,984,2199,879,2246,878,2248,983
1331,937,1347,936,1348,951,1332,952
1353,936,1356,936,1357,950,1354,950
1362,935,1365,935,1366,949,1363,949
2220,944,2220,950,2197,950,2197,944
1667,934,1786,934,1786,988,1667,988
1791,934,1806,934,1806,988,1791,988
1815,934,1945,934,1945,988,1815,988
3804,931,3899,931,3899,962,3804,962
4575,935,4583,935,4583,966,4575,966
4588,935,4596,935,4596,966,4588,966
4593,935,4616,935,4616,966,4593,966
4625,935,4660,935,4660,966,4625,966
2229,984,2229,952,2247,952,2247,984
2220,985,2220,991,2197,991,2197,985
2289,940,2289,1075,2272,1075,2272,940
3803,995,3897,995,3897,1024,3803,1024
3910,995,3918,995,3918,1024,3910,1024
3932,995,4023,995,4023,1024,3932,1024
4569,998,4590,998,4590,1027,4569,1027
4594,998,4602,998,4602,1027,4594,1027
4602,998,4623,998,4623,1027,4602,1027
4632,998,4669,998,4669,1027,4632,1027
2220,1026,2220,1032,2197,1032,2197,1026
2220,1062,2220,1068,2197,1068,2197,1062
3805,1051,3920,1051,3920,1082,3805,1082
3935,1051,3943,1051,3943,1082,3935,1082
1373,1071,1373,1100,1359,1100,1359,1071
4568,1057,4589,1057,4589,1086,4568,1086
4593,1057,4601,1057,4601,1086,4593,1086
4601,1057,4622,1057,4622,1086,4601,1086
4631,1057,4668,1057,4668,1086,4631,1086
3802,1113,3921,1113,3921,1142,3802,1142
3934,1113,3942,1113,3942,1142,3934,1142
4570,1117,4589,1117,4589,1144,4570,1144
4593,1117,4600,1117,4600,1144,4593,1144
4599,1117,4624,1117,4624,1144,4599,1144
4630,1117,4670,1117,4670,1144,4630,1144
3802,1169,3875,1169,3875,1198,3802,1198
3887,1169,3914,1169,3914,1198,3887,1198
3925,1169,3996,1169,3996,1198,3925,1198
4573,1172,4578,1172,4578,1194,4573,1194
4587,1172,4592,1172,4592,1194,4587,1194
4591,1172,4616,1172,4616,1194,4591,1194
4623,1172,4659,1172,4659,1194,4623,1194
1640,1163,1707,1163,1707,1205,1640,1205
1637,1213,1649,1213,1649,1256,1637,1256
1659,1213,1671,1213,1671,1256,1659,1256
1670,1213,1710,1213,1710,1256,1670,1256
1724,1269,1778,1269,1778,1300,1724,1300
2442,1212,2516,1212,2516,1227,2442,1227
2433,1228,2467,1228,2467,1242,2433,1242
2473,1228,2489,1228,2489,1242,2473,1242
2499,1228,2502,1228,2502,1242,2499,1242
2509,1228,2522,1228,2522,1242,2509,1242
3797,1229,3842,1229,3842,1256,3797,1256
4574,1225,4583,1225,4583,1260,4574,1260
4585,1225,4594,1225,4594,1260,4585,1260
4596,1225,4615,1225,4615,1260,4596,1260
4624,1225,4663,1225,4663,1260,4624,1260
1294,1180,1294,1257,1252,1257,1252,1180
1294,1275,1294,1352,1252,1352,1252,1275
2208,1308,2208,1295,2255,1294,2255,1307
3801,1287,3855,1287,3855,1316,3801,1316
4574,1286,4582,1286,4582,1317,4574,1317
4587,1286,4595,1286,4595,1317,4587,1317
4596,1286,4614,1286,4614,1317,4596,1317
4624,1286,4659,1286,4659,1317,4624,1317
1267,1324,1290,1328,1287,1345,1264,1341
3804,1380,3904,1380,3904,1414,3804,1414
3920,1380,4065,1380,4065,1414,3920,1414
4078,1380,4256,1380,4256,1414,4078,1414
4513,1375,4562,1375,4562,1419,4513,1419
4572,1375,4584,1375,4584,1419,4572,1419
4587,1375,4627,1375,4627,1419,4587,1419
4641,1375,4722,1375,4722,1419,4641,1419
2850,1398,2850,1421,2835,1421,2835,1398
2850,1434,2850,1471,2835,1471,2835,1434
3808,1477,3930,1477,3930,1504,3808,1504
4576,1478,4582,1478,4582,1501,4576,1501
4586,1478,4592,1478,4592,1501,4586,1501
4594,1478,4615,1478,4615,1501,4594,1501
4624,1478,4662,1478,4662,1501,4624,1501
1577,1529,1636,1533,1631,1603,1572,1599
1672,1526,1683,1526,1682,1568,1671,1568
1706,1527,1717,1527,1716,1569,1705,1569
1817,1545,1802,1670,1744,1663,1759,1538
1835,1578,1869,1578,1869,1612,1835,1612
3810,1566,3899,1566,3899,1600,3810,1600
3918,1566,4058,1566,4058,1600,3918,1600
4073,1566,4233,1566,4233,1600,4073,1600
4511,1556,4570,1556,4570,1620,4511,1620
4568,1556,4586,1556,4586,1620,4568,1620
4586,1556,4633,1556,4633,1620,4586,1620
4643,1556,4725,1556,4725,1620,4643,1620
1836,1589,1864,1589,1864,1604,1836,1604
2386,1594,2440,1594,2440,1628,2386,1628
1467,1625,1584,1629,1583,1670,1466,1666
1329,1717,1334,1661,1353,1663,1348,1719
2307,1676,2470,1676,2470,1719,2307,1719
2492,1676,2504,1676,2504,1719,2492,1719
2702,1707,2706,1650,2740,1652,2736,1709
2822,1852,2822,1856,2804,1856,2804,1852
1255,1882,1264,1882,1264,1917,1255,1917
2822,1896,2822,1900,2804,1900,2804,1896
1324,1883,1333,1883,1333,1918,1324,1918
1486,1885,1495,1885,1495,1920,1486,1920
3758,1893,3814,1893,3814,1910,3758,1910
3819,1892,3839,1892,3839,1909,3819,1909
3846,1892,3873,1892,3873,1909,3846,1909
3879,1892,3921,1892,3921,1909,3879,1909
3926,1892,3930,1892,3930,1909,3926,1909
3936,1891,3940,1891,3940,1908,3936,1908
3940,1891,3944,1891,3944,1908,3940,1908
3944,1891,3960,1891,3960,1908,3944,1908
3966,1891,3978,1891,3978,1908,3966,1908
3983,1891,3997,1891,3997,1908,3983,1908
4150,1891,4152,1891,4152,1902,4150,1902
4158,1891,4180,1891,4180,1902,4158,1902
4183,1891,4195,1891,4195,1902,4183,1902
4201,1891,4236,1891,4236,1902,4201,1902
4239,1891,4255,1891,4255,1902,4239,1902
4261,1891,4263,1891,4263,1902,4261,1902
4271,1891,4273,1891,4273,1902,4271,1902
4275,1891,4277,1891,4277,1902,4275,1902
4278,1891,4294,1891,4294,1902,4278,1902
4302,1891,4312,1891,4312,1902,4302,1902
4317,1891,4330,1891,4330,1902,4317,1902
4101,1883,4121,1883,4121,1913,4101,1913
1536,1886,1545,1886,1545,1921,1536,1921
4538,1892,4594,1892,4594,1903,4538,1903
1378,1884,1387,1884,1387,1919,1378,1919
1432,1884,1441,1884,1441,1919,1432,1919
1396,1936,1464,1936,1464,1973,1396,1973
2821,1938,2821,1942,2803,1942,2803,1938
3759,1934,3813,1934,3813,1947,3759,1947
3817,1934,3846,1934,3846,1947,3817,1947
3852,1934,3893,1934,3893,1947,3852,1947
3898,1934,3901,1934,3901,1947,3898,1947
3908,1934,3911,1934,3911,1947,3908,1947
3912,1934,3915,1934,3915,1947,3912,1947
3916,1934,3930,1934,3930,1947,3916,1947
3940,1934,3949,1934,3949,1947,3940,1947
3955,1934,3968,1934,3968,1947,3955,1947
4150,1931,4152,1931,4152,1941,4150,1941
4158,1931,4178,1931,4178,1941,4158,1941
4183,1931,4195,1931,4195,1941,4183,1941
4199,1931,4234,1931,4234,1941,4199,1941
4241,1931,4255,1931,4255,1941,4241,1941
4261,1931,4263,1931,4263,1941,4261,1941
4271,1931,4273,1931,4273,1941,4271,1941
4275,1931,4277,1931,4277,1941,4275,1941
4279,1931,4294,1931,4294,1941,4279,1941
4302,1931,4312,1931,4312,1941,4302,1941
4317,1931,4330,1931,4330,1941,4317,1941
4334,1931,4336,1931,4336,1941,4334,1941
4149,1943,4151,1943,4151,1954,4149,1954
4154,1943,4156,1943,4156,1954,4154,1954
4157,1943,4173,1943,4173,1954,4157,1954
4181,1943,4203,1943,4203,1954,4181,1954
4207,1943,4219,1943,4219,1954,4207,1954
4224,1943,4261,1943,4261,1954,4224,1954
4539,1934,4569,1934,4569,1946,4539,1946
4575,1934,4597,1934,4597,1946,4575,1946
1789,1956,1819,1956,1819,1969,1789,1969
3675,1912,3675,1890,3706,1890,3706,1912
3675,1954,3675,1931,3706,1931,3706,1954
3675,2000,3675,1972,3706,1972,3706,2000
3675,2039,3675,2031,3706,2031,3706,2039
2821,1978,2821,1982,2803,1982,2803,1978
3758,1978,3812,1978,3812,1990,3758,1990
3818,1978,3837,1978,3837,1990,3818,1990
3844,1978,3873,1978,3873,1990,3844,1990
3879,1978,3920,1978,3920,1990,3879,1990
3927,1978,3929,1978,3929,1990,3927,1990
3937,1978,3939,1978,3939,1990,3937,1990
3941,1978,3943,1978,3943,1990,3941,1990
3944,1978,3960,1978,3960,1990,3944,1990
3967,1978,3978,1978,3978,1990,3967,1990
3983,1978,3997,1978,3997,1990,3983,1990
4148,1983,4170,1983,4170,1994,4148,1994
4176,1983,4186,1983,4186,1994,4176,1994
4191,1983,4226,1983,4226,1994,4191,1994
4231,1983,4266,1983,4266,1994,4231,1994
4537,1984,4577,1984,4577,1997,4537,1997
4584,1984,4587,1984,4587,1997,4584,1997
4592,1984,4626,1984,4626,1997,4592,1997
4631,1984,4651,1984,4651,1997,4631,1997
3758,2018,3812,2018,3812,2030,3758,2030
3816,2018,3838,2018,3838,2030,3816,2030
3844,2018,3853,2018,3853,2030,3844,2030
3859,2018,3867,2018,3867,2030,3859,2030
3871,2018,3894,2018,3894,2030,3871,2030
3900,2018,3902,2018,3902,2030,3900,2030
3910,2018,3912,2018,3912,2030,3910,2030
3914,2018,3916,2018,3916,2030,3914,2030
3917,2018,3933,2018,3933,2030,3917,2030
3940,2018,3951,2018,3951,2030,3940,2030
3956,2018,3970,2018,3970,2030,3956,2030
4147,2018,4171,2018,4171,2031,4147,2031
4177,2018,4187,2018,4187,2031,4177,2031
4189,2018,4192,2018,4192,2031,4189,2031
4192,2018,4204,2018,4204,2031,4192,2031
4207,2018,4210,2018,4210,2031,4207,2031
4212,2018,4229,2018,4229,2031,4212,2031
4235,2018,4238,2018,4238,2031,4235,2031
4243,2018,4246,2018,4246,2031,4243,2031
4249,2018,4252,2018,4252,2031,4249,2031
4253,2018,4267,2018,4267,2031,4253,2031
4276,2018,4285,2018,4285,2031,4276,2031
4293,2018,4306,2018,4306,2031,4293,2031
2812,2052,2813,2047,2832,2050,2831,2055
2813,2046,2814,2041,2833,2044,2832,2049
2815,2036,2816,2031,2835,2034,2834,2039
2817,2027,2818,2022,2837,2025,2836,2030
2836,2059,2836,2040,2857,2040,2857,2059
2836,2027,2836,2011,2857,2011,2857,2027
4538,2027,4565,2027,4565,2037,4538,2037
4567,2027,4619,2027,4619,2037,4567,2037
3758,2062,3812,2062,3812,2075,3758,2075
3817,2062,3838,2062,3838,2075,3817,2075
3844,2062,3853,2062,3853,2075,3844,2075
3858,2062,3919,2062,3919,2075,3858,2075
3926,2062,3940,2062,3940,2075,3926,2075
3946,2062,3986,2062,3986,2075,3946,2075
4149,2061,4170,2061,4170,2073,4149,2073
4175,2061,4197,2061,4197,2073,4175,2073
4205,2061,4207,2061,4207,2073,4205,2073
4213,2061,4215,2061,4215,2073,4213,2073
4218,2061,4220,2061,4220,2073,4218,2073
4221,2061,4236,2061,4236,2073,4221,2073
4246,2061,4254,2061,4254,2073,4246,2073
4263,2061,4274,2061,4274,2073,4263,2073
4537,2064,4592,2064,4592,2078,4537,2078
4597,2064,4638,2064,4638,2078,4597,2078
4642,2064,4659,2064,4659,2078,4642,2078
4663,2064,4707,2064,4707,2078,4663,2078
4711,2064,4721,2064,4721,2078,4711,2078
4727,2064,4769,2064,4769,2078,4727,2078
3757,2102,3806,2102,3806,2115,3757,2115
3810,2102,3813,2102,3813,2115,3810,2115
3814,2102,3834,2102,3834,2115,3814,2115
3839,2102,3866,2102,3866,2115,3839,2115
3873,2102,3892,2102,3892,2115,3873,2115
3898,2102,3920,2102,3920,2115,3898,2115
3924,2102,3937,2102,3937,2115,3924,2115
3941,2102,3987,2102,3987,2115,3941,2115
3990,2102,3993,2102,3993,2115,3990,2115
3758,2115,3810,2115,3810,2126,3758,2126
3814,2115,3828,2115,3828,2126,3814,2126
3833,2115,3855,2115,3855,2126,3833,2126
4147,2108,4171,2108,4171,2121,4147,2121
4175,2108,4199,2108,4199,2121,4175,2121
4204,2108,4207,2108,4207,2121,4204,2121
4214,2108,4217,2108,4217,2121,4214,2121
4218,2108,4221,2108,4221,2121,4218,2121
4222,2108,4236,2108,4236,2121,4222,2121
4246,2108,4255,2108,4255,2121,4246,2121
4262,2108,4274,2108,4274,2121,4262,2121
4538,2104,4557,2104,4557,2118,4538,2118
4562,2104,4610,2104,4610,2118,4562,2118
4614,2104,4617,2104,4617,2118,4614,2118
4618,2104,4621,2104,4621,2118,4618,2118
4621,2104,4665,2104,4665,2118,4621,2118
4670,2104,4680,2104,4680,2118,4670,2118
4684,2104,4723,2104,4723,2118,4684,2118
3757,2150,3796,2150,3796,2163,3757,2163
3800,2150,3812,2150,3812,2163,3800,2163
3817,2150,3846,2150,3846,2163,3817,2163
3850,2150,3856,2150,3856,2163,3850,2163
4148,2144,4171,2144,4171,2157,4148,2157
4174,2144,4186,2144,4186,2157,4174,2157
4190,2144,4227,2144,4227,2157,4190,2157
4232,2144,4247,2144,4247,2157,4232,2157
4253,2144,4302,2144,4302,2157,4253,2157
4307,2144,4330,2144,4330,2157,4307,2157
4538,2151,4573,2151,4573,2163,4538,2163
4578,2151,4622,2151,4622,2163,4578,2163
1428,2162,1482,2162,1482,2196,1428,2196
1540,2175,1570,2175,1570,2190,1540,2190
1542,2162,1576,2162,1576,2196,1542,2196
1611,2162,1620,2162,1620,2196,1611,2196
4148,2184,4171,2184,4171,2197,4148,2197
4174,2184,4186,2184,4186,2197,4174,2197
4190,2184,4227,2184,4227,2197,4190,2197
4232,2184,4247,2184,4247,2197,4232,2197
4253,2184,4302,2184,4302,2197,4253,2197
4308,2184,4328,2184,4328,2197,4308,2197
4335,2184,4374,2184,4374,2197,4335,2197
3757,2192,3780,2192,3780,2206,3757,2206
3785,2192,3823,2192,3823,2206,3785,2206
4534,2189,4580,2189,4580,2201,4534,2201
4585,2189,4631,2189,4631,2201,4585,2201
4635,2189,4687,2189,4687,2201,4635,2201
4690,2189,4702,2189,4702,2201,4690,2201
4706,2189,4733,2189,4733,2201,4706,2201
4535,2203,4606,2203,4606,2214,4535,2214
2231,2238,2231,2208,2247,2208,2247,2238
4148,2225,4171,2225,4171,2238,4148,2238
4174,2225,4186,2225,4186,2238,4174,2238
4190,2225,4227,2225,4227,2238,4190,2238
4232,2225,4247,2225,4247,2238,4232,2238
4253,2225,4302,2225,4302,2238,4253,2238
4308,2225,4328,2225,4328,2238,4308,2238
4336,2225,4358,2225,4358,2238,4336,2238
3757,2234,3790,2234,3790,2247,3757,2247
3793,2234,3829,2234,3829,2247,3793,2247
3833,2234,3842,2234,3842,2247,3833,2247
3849,2234,3888,2234,3888,2247,3849,2247
4467,2229,4487,2229,4487,2241,4467,2241
4537,2234,4566,2234,4566,2248,4537,2248
4571,2234,4611,2234,4611,2248,4571,2248
4617,2234,4661,2234,4661,2248,4617,2248
4091,2273,4104,2273,4104,2290,4091,2290
4148,2271,4172,2271,4172,2286,4148,2286
4177,2271,4193,2271,4193,2286,4177,2286
4198,2271,4229,2271,4229,2286,4198,2286
4234,2271,4245,2271,4245,2286,4234,2286
4249,2271,4284,2271,4284,2286,4249,2286
3757,2282,3790,2282,3790,2295,3757,2295
3793,2282,3829,2282,3829,2295,3793,2295
3833,2282,3845,2282,3845,2295,3833,2295
3849,2282,3882,2282,3882,2295,3849,2295
4439,2276,4482,2276,4482,2295,4439,2295
4519,2276,4524,2276,4524,2295,4519,2295
4538,2276,4585,2276,4585,2295,4538,2295
4108,2315,4134,2315,4134,2322,4108,2322
2805,2346,2805,2340,2828,2342,2828,2348
2806,2336,2806,2330,2829,2332,2829,2338
2806,2329,2806,2323,2829,2325,2829,2331
2807,2316,2807,2310,2830,2312,2830,2318
3758,2325,3803,2325,3803,2336,3758,2336
3808,2325,3830,2325,3830,2336,3808,2336
3834,2325,3859,2325,3859,2336,3834,2336
3864,2325,3919,2325,3919,2336,3864,2336
4148,2325,4163,2325,4163,2338,4148,2338
4172,2325,4181,2325,4181,2338,4172,2338
4189,2325,4218,2325,4218,2338,4189,2338
4223,2325,4243,2325,4243,2338,4223,2338
4247,2325,4313,2325,4313,2338,4247,2338
4316,2325,4338,2325,4338,2338,4316,2338
4343,2325,4353,2325,4353,2338,4343,2338
4358,2325,4400,2325,4400,2338,4358,2338
2833,2377,2833,2354,2854,2354,2854,2377
2833,2342,2833,2318,2854,2318,2854,2342
2353,2351,2362,2351,2361,2385,2352,2385
2406,2352,2415,2352,2414,2386,2405,2386
2462,2354,2471,2354,2470,2388,2461,2388
3759,2366,3781,2366,3781,2379,3759,2379
3786,2366,3795,2366,3795,2379,3786,2379
3802,2366,3837,2366,3837,2379,3802,2379
3841,2366,3856,2366,3856,2379,3841,2379
3862,2366,3865,2366,3865,2379,3862,2379
3870,2366,3873,2366,3873,2379,3870,2379
3876,2366,3879,2366,3879,2379,3876,2379
3879,2366,3895,2366,3895,2379,3879,2379
3903,2366,3912,2366,3912,2379,3903,2379
3919,2366,3932,2366,3932,2379,3919,2379
2586,2370,2586,2380,2550,2380,2550,2370
4148,2365,4162,2365,4162,2377,4148,2377
4170,2365,4191,2365,4191,2377,4170,2377
4197,2365,4262,2365,4262,2377,4197,2377
4265,2365,4302,2365,4302,2377,4265,2377
4307,2365,4334,2365,4334,2377,4307,2377
4341,2365,4346,2365,4346,2377,4341,2377
1763,2372,1795,2372,1795,2387,1763,2387
2802,2389,2802,2383,2825,2385,2825,2391
2079,2400,2087,2401,2084,2430,2076,2429
2133,2405,2141,2406,2138,2435,2130,2434
2799,2430,2799,2424,2822,2426,2822,2432
2586,2426,2586,2436,2550,2436,2550,2426
2715,2468,2715,2436,2732,2436,2732,2468
2797,2468,2797,2462,2820,2464,2820,2470
1446,2475,1446,2472,1460,2472,1460,2475
1835,2501,1835,2473,1849,2473,1849,2501
3682,2458,3738,2458,3738,2490,3682,2490
3753,2458,3789,2458,3789,2490,3753,2490
3802,2458,3913,2458,3913,2490,3802,2490
3930,2458,3959,2458,3959,2490,3930,2490
3975,2458,4112,2458,4112,2490,3975,2490
4117,2458,4185,2458,4185,2490,4117,2490
4196,2458,4204,2458,4204,2490,4196,2490
4203,2458,4211,2458,4211,2490,4203,2490
4209,2458,4343,2458,4343,2490,4209,2490
1303,2450,1308,2456,1283,2475,1278,2468
1313,2463,1318,2469,1293,2488,1288,2481
1332,2489,1337,2495,1312,2514,1307,2507
2586,2481,2586,2491,2550,2491,2550,2481
2794,2509,2794,2503,2817,2505,2817,2511
1445,2516,1445,2513,1459,2513,1459,2516
1278,2531,1278,2529,1289,2529,1289,2531
1356,2522,1361,2528,1336,2547,1331,2540
2791,2550,2791,2544,2814,2546,2814,2552
1445,2556,1445,2553,1459,2553,1459,2556
4132,2548,4185,2548,4185,2553,4132,2553
4136,2556,4198,2556,4198,2561,4136,2561
2309,2543,2468,2540,2469,2581,2310,2584
2493,2540,2504,2540,2505,2580,2494,2580
1278,2570,1278,2568,1289,2568,1289,2570
1379,2554,1384,2560,1359,2579,1354,2572
4244,2581,4250,2581,4250,2589,4244,2589
4251,2581,4252,2581,4252,2589,4251,2589
4254,2581,4259,2581,4259,2589,4254,2589
4262,2581,4272,2581,4272,2589,4262,2589
1444,2591,1444,2588,1458,2588,1458,2591
4347,2579,4346,2617,4338,2617,4339,2579
1278,2606,1278,2604,1289,2604,1289,2606
1403,2587,1408,2593,1383,2612,1378,2605
1933,2654,1934,2667,1887,2669,1886,2656
1339,2684,1343,2684,1342,2701,1338,2701
1379,2686,1383,2686,1382,2703,1378,2703
1663,2667,1677,2667,1676,2716,1662,2716
1837,2671,1984,2674,1983,2724,1836,2721
4320,2724,4327,2727,4323,2737,4315,2734
4308,2737,4313,2737,4313,2745,4308,2745
4316,2737,4317,2737,4317,2745,4316,2745
4317,2737,4322,2737,4322,2745,4317,2745
4326,2738,4334,2738,4334,2746,4326,2746
2344,2747,2403,2747,2403,2764,2344,2764
4130,2784,4127,2748,4136,2747,4139,2783
4307,2865,4319,2865,4319,2873,4307,2873
4301,2875,4307,2875,4307,2882,4301,2882
4308,2875,4309,2875,4309,2882,4308,2882
4311,2875,4316,2875,4316,2882,4311,2882
4319,2875,4327,2875,4327,2882,4319,2882
4071,3000,4174,2996,4174,3005,4071,3009
4125,3014,4146,3015,4146,3026,4125,3025
4184,3016,4194,3016,4194,3027,4184,3027
4176,3030,4182,3030,4182,3036,4176,3036
4183,3030,4184,3030,4184,3036,4183,3036
4186,3030,4191,3030,4191,3036,4186,3036
4195,3030,4196,3030,4196,3036,4195,3036
4355,3029,4365,3028,4366,3040,4356,3041
4347,3040,4353,3040,4353,3048,4347,3048
4354,3040,4355,3040,4355,3048,4354,3048
4357,3040,4362,3040,4362,3048,4357,3048
4365,3040,4375,3040,4375,3048,4365,3048
2436,3080,2439,3080,2439,3095,2436,3095
2367,3088,2367,3093,2346,3093,2346,3088
2476,3080,2479,3080,2479,3095,2476,3095
4486,2988,4486,3173,4461,3173,4461,2988
2516,3080,2519,3080,2519,3095,2516,3095
2599,3087,2602,3088,2599,3102,2596,3102
4077,3103,4092,3102,4092,3110,4078,3111
4079,3110,4087,3110,4087,3119,4079,3119
4494,3074,4496,3142,4488,3142,4486,3074
4074,3121,4075,3121,4075,3127,4074,3127
4077,3121,4078,3121,4078,3127,4077,3127
4080,3121,4086,3121,4086,3127,4080,3127
4088,3121,4098,3121,4098,3127,4088,3127
2515,3126,2518,3126,2519,3140,2516,3140
140,3124,171,3124,171,3158,140,3158
2476,3128,2479,3128,2480,3142,2477,3142
247,3124,256,3124,256,3158,247,3158
261,3124,270,3124,270,3158,261,3158
268,3124,277,3124,277,3158,268,3158
4394,3122,4407,3122,4407,3129,4394,3129
4394,3129,4404,3129,4404,3137,4394,3137
4388,3138,4393,3138,4393,3148,4388,3148
4394,3138,4396,3138,4396,3148,4394,3148
4397,3138,4403,3138,4403,3148,4397,3148
4405,3138,4413,3138,4413,3148,4405,3148
842,3151,842,3146,863,3146,863,3151
1091,3125,1097,3125,1099,3193,1093,3193
4020,3156,4127,3153,4127,3169,4020,3172
842,3180,842,3175,863,3175,863,3180
1866,3178,1957,3181,1956,3216,1865,3213
1975,3182,2095,3186,2094,3221,1974,3217
2164,3159,2244,3159,2244,3188,2164,3188
2147,3188,2270,3192,2269,3226,2146,3222
4039,3173,4162,3173,4162,3181,4039,3181
4026,3182,4162,3182,4162,3189,4026,3189
4181,3181,4413,3181,4413,3189,4181,3189
4084,3189,4439,3190,4439,3199,4084,3198
2397,3191,2458,3191,2458,3222,2397,3222
2469,3191,2560,3191,2560,3222,2469,3222
2739,3194,2834,3194,2834,3217,2739,3217
3005,3191,3065,3191,3065,3222,3005,3222
3074,3191,3082,3191,3082,3222,3074,3222
3084,3191,3170,3191,3170,3222,3084,3222
3347,3175,3439,3175,3439,3206,3347,3206
3270,3209,3373,3209,3373,3241,3270,3241
3385,3209,3446,3209,3446,3241,3385,3241
3462,3209,3503,3209,3503,3241,3462,3241
153,3272,157,3272,157,3290,153,3290
159,3272,218,3272,218,3290,159,3290
151,3294,184,3294,184,3315,151,3315
192,3294,265,3294,265,3315,192,3315
272,3294,364,3294,364,3315,272,3315
373,3294,388,3294,388,3315,373,3315
394,3294,468,3294,468,3315,394,3315
478,3294,560,3294,560,3315,478,3315
571,3294,609,3294,609,3315,571,3315
615,3294,747,3294,747,3315,615,3315
750,3294,755,3294,755,3315,750,3315
760,3294,813,3294,813,3315,760,3315
823,3294,853,3294,853,3315,823,3315
861,3294,934,3294,934,3315,861,3315
946,3294,980,3294,980,3315,946,3315
990,3294,1075,3294,1075,3315,990,3315
1085,3294,1126,3294,1126,3315,1085,3315
1132,3294,1147,3294,1147,3315,1132,3315
1156,3294,1218,3294,1218,3315,1156,3315
1228,3294,1258,3294,1258,3315,1228,3315
1266,3294,1321,3294,1321,3315,1266,3315
1329,3294,1348,3294,1348,3315,1329,3315
1357,3294,1372,3294,1372,3315,1357,3315
1385,3294,1400,3294,1400,3315,1385,3315
1412,3294,1469,3294,1469,3315,1412,3315
1469,3294,1474,3294,1474,3315,1469,3315
1483,3294,1510,3294,1510,3315,1483,3315
1518,3294,1541,3294,1541,3315,1518,3315
1550,3294,1594,3294,1594,3315,1550,3315
1604,3294,1623,3294,1623,3315,1604,3315
1633,3294,1677,3294,1677,3315,1633,3315
1684,3294,1707,3294,1707,3315,1684,3315
1717,3294,1783,3294,1783,3315,1717,3315
1785,3294,1819,3294,1819,3315,1785,3315
1823,3294,1970,3294,1970,3315,1823,3315
1972,3294,1999,3294,1999,3315,1972,3315
2005,3294,2100,3294,2100,3315,2005,3315
2103,3294,2108,3294,2108,3315,2103,3315
2115,3294,2175,3294,2175,3315,2115,3315
2178,3294,2183,3294,2183,3315,2178,3315
2189,3294,2223,3294,2223,3315,2189,3315
2232,3294,2307,3294,2307,3315,2232,3315
2307,3294,2312,3294,2312,3315,2307,3315
2322,3294,2436,3294,2436,3315,2322,3315
2437,3294,2442,3294,2442,3315,2437,3315
2449,3294,2555,3294,2555,3315,2449,3315
2563,3294,2582,3294,2582,3315,2563,3315
2592,3294,2703,3294,2703,3315,2592,3315
2706,3294,2711,3294,2711,3315,2706,3315
2720,3294,2796,3294,2796,3315,2720,3315
2798,3294,2803,3294,2803,3315,2798,3315
2812,3294,2876,3294,2876,3315,2812,3315
2882,3294,2912,3294,2912,3315,2882,3315
2920,3294,3000,3294,3000,3315,2920,3315
3008,3294,3046,3294,3046,3315,3008,3315
3051,3294,3110,3294,3110,3315,3051,3315
3113,3294,3118,3294,3118,3315,3113,3315
3121,3294,3137,3294,3137,3315,3121,3315
3148,3294,3159,3294,3159,3315,3148,3315
3171,3294,3210,3294,3210,3315,3171,3315
3216,3294,3221,3294,3221,3315,3216,3315
3229,3294,3258,3294,3258,3315,3229,3315
3269,3294,3337,3294,3337,3315,3269,3315
3339,3294,3344,3294,3344,3315,3339,3315
3347,3294,3363,3294,3363,3315,3347,3315
3370,3294,3508,3294,3508,3315,3370,3315
152,3314,217,3314,217,3339,152,3339
223,3314,246,3314,246,3339,223,3339
253,3314,281,3314,281,3339,253,3339
289,3314,369,3314,369,3339,289,3339
381,3314,424,3314,424,3339,381,3339
429,3314,527,3314,527,3339,429,3339
537,3314,543,3314,543,3339,537,3339
546,3314,552,3314,552,3339,546,3339
552,3314,615,3314,615,3339,552,3339
625,3314,639,3314,639,3339,625,3339
651,3314,718,3314,718,3339,651,3339
728,3314,757,3314,757,3339,728,3339
765,3314,858,3314,858,3339,765,3339
866,3314,923,3314,923,3339,866,3339
930,3314,953,3314,953,3339,930,3339
960,3314,1053,3314,1053,3339,960,3339
1064,3314,1082,3314,1082,3339,1064,3339
1086,3314,1183,3314,1183,3339,1086,3339
1191,3314,1220,3314,1220,3339,1191,3339
1228,3314,1274,3314,1274,3339,1228,3339
1285,3314,1291,3314,1291,3339,1285,3339
1293,3314,1299,3314,1299,3339,1293,3339
1301,3314,1338,3314,1338,3339,1301,3339
1340,3314,1346,3314,1346,3339,1340,3339
1351,3314,1456,3314,1456,3339,1351,3339
1462,3314,1490,3314,1490,3339,1462,3339
1495,3314,1616,3314,1616,3339,1495,3339
1623,3314,1662,3314,1662,3339,1623,3339
1667,3314,1776,3314,1776,3339,1667,3339
1785,3314,1791,3314,1791,3339,1785,3339
1792,3314,1798,3314,1798,3339,1792,3339
1801,3314,1830,3314,1830,3339,1801,3339
1839,3314,1927,3314,1927,3339,1839,3339
1935,3314,1941,3314,1941,3339,1935,3339
1953,3314,1971,3314,1971,3339,1953,3339
1980,3314,2013,3314,2013,3339,1980,3339
2023,3314,2041,3314,2041,3339,2023,3339
2050,3314,2117,3314,2117,3339,2050,3339
2126,3314,2149,3314,2149,3339,2126,3339
2154,3314,2160,3314,2160,3339,2154,3339
2159,3314,2165,3314,2165,3339,2159,3339
2167,3314,2214,3314,2214,3339,2167,3339
2219,3314,2306,3314,2306,3339,2219,3339
2310,3314,2316,3314,2316,3339,2310,3339
2322,3314,2351,3314,2351,3339,2322,3339
2357,3314,2451,3314,2451,3339,2357,3339
2461,3314,2556,3314,2556,3339,2461,3339
2557,3314,2563,3314,2563,3339,2557,3339
2569,3314,2702,3314,2702,3339,2569,3339
2710,3314,2728,3314,2728,3339,2710,3339
2738,3314,2871,3314,2871,3339,2738,3339
2871,3314,2877,3314,2877,3339,2871,3339
2884,3314,2917,3314,2917,3339,2884,3339
2926,3314,2940,3314,2940,3339,2926,3339
2951,3314,2969,3314,2969,3339,2951,3339
2980,3314,3008,3314,3008,3339,2980,3339
3011,3314,3093,3314,3093,3339,3011,3339
3101,3314,3122,3314,3122,3339,3101,3339
3134,3314,3233,3314,3233,3339,3134,3339
3239,3314,3287,3314,3287,3339,3239,3339
3287,3314,3293,3314,3293,3339,3287,3339
3298,3314,3323,3314,3323,3339,3298,3339
3330,3314,3405,3314,3405,3339,3330,3339
3410,3314,3416,3314,3416,3339,3410,3339
3420,3314,3445,3314,3445,3339,3420,3339
152,3340,220,3340,220,3361,152,3361
224,3340,229,3340,229,3361,224,3361
232,3340,259,3340,259,3361,232,3361
267,3340,312,3340,312,3361,267,3361
317,3340,322,3340,322,3361,317,3361
331,3340,361,3340,361,3361,331,3361
366,3340,391,3340,391,3361,366,3361
401,3340,513,3340,513,3361,401,3361
523,3340,538,3340,538,3361,523,3361
543,3340,576,3340,576,3361,543,3361
583,3340,721,3340,721,3361,583,3361
722,3340,727,3340,727,3361,722,3361
730,3340,753,3340,753,3361,730,3361
759,3340,827,3340,827,3361,759,3361
829,3340,834,3340,834,3361,829,3361
840,3340,845,3340,845,3361,840,3361
844,3340,849,3340,849,3361,844,3361
850,3340,970,3340,970,3361,850,3361
975,3340,994,3340,994,3361,975,3361
996,3340,1019,3340,1019,3361,996,3361
1031,3340,1131,3340,1131,3361,1031,3361
1138,3340,1168,3340,1168,3361,1138,3361
1176,3340,1280,3340,1280,3361,1176,3361
1293,3340,1332,3340,1332,3361,1293,3361
1334,3340,1443,3340,1443,3361,1334,3361
1454,3340,1459,3340,1459,3361,1454,3361
1463,3340,1468,3340,1468,3361,1463,3361
1469,3340,1497,3340,1497,3361,1469,3361
1502,3340,1579,3340,1579,3361,1502,3361
1584,3340,1589,3340,1589,3361,1584,3361
3660,3294,3748,3294,3748,3332,3660,3332
3762,3294,3772,3294,3772,3332,3762,3332
3794,3294,3830,3294,3830,3332,3794,3332
3832,3294,3842,3294,3842,3332,3832,3332
3846,3294,3880,3294,3880,3332,3846,3332
3887,3294,3897,3294,3897,3332,3887,3332
3901,3294,3969,3294,3969,3332,3901,3332
4276,3292,4393,3292,4393,3335,4276,3335
4403,3292,4415,3292,4415,3335,4403,3335
4477,3292,4489,3292,4489,3335,4477,3335
