4014,166,4297,166,4297,228,4014,228
4021,224,4295,224,4295,287,4021,287
4106,372,4112,372,4112,397,4106,397
4121,372,4153,372,4153,397,4121,397
4163,372,4186,372,4186,397,4163,397
4197,372,4242,372,4242,397,4197,397
4256,372,4262,372,4262,397,4256,397
4275,372,4361,372,4361,397,4275,397
4131,405,4192,405,4192,428,4131,428
4205,405,4257,405,4257,428,4205,428
4263,405,4321,405,4321,428,4263,428
301,491,542,321,590,390,349,560
4146,477,4304,477,4304,551,4146,551
1844,601,1847,601,1847,616,1844,616
1640,596,1700,596,1700,647,1640,647
1702,596,1716,596,1716,647,1702,647
1711,596,1762,596,1762,647,1711,647
1650,667,1661,666,1666,705,1655,707
1685,662,1735,656,1740,695,1690,702
1754,652,1862,638,1867,679,1759,693
1975,644,1975,791,1935,791,1935,644
3965,587,4041,587,4041,628,3965,628
4050,587,4187,587,4187,628,4050,628
4202,587,4213,587,4213,628,4202,628
4226,587,4297,587,4297,628,4226,628
4310,587,4376,587,4376,628,4310,628
4386,587,4497,587,4497,628,4386,628
4118,632,4222,632,4222,675,4118,675
4242,632,4352,632,4352,675,4242,675
3956,692,4033,692,4033,730,3956,730
4037,692,4085,692,4085,730,4037,730
4093,692,4103,692,4103,730,4093,730
4262,689,4345,689,4345,729,4262,729
4363,689,4374,689,4374,729,4363,729
3954,746,4036,746,4036,783,3954,783
4249,745,4289,745,4289,782,4249,782
2478,696,2531,696,2531,733,2478,733
3650,690,3840,690,3840,728,3650,728
3850,690,3860,690,3860,728,3850,728
4544,692,4677,692,4677,730,4544,730
4697,692,4707,692,4707,730,4697,730
4543,746,4697,746,4697,782,4543,782
1968,845,1968,840,1987,840,1987,845
1968,837,1968,832,1987,832,1987,837
1968,829,1968,824,1987,824,1987,829
1968,817,1968,812,1987,812,1987,817
1993,863,1992,842,2015,841,2016,861
1991,831,1990,814,2013,812,2014,829
4100,847,4353,847,4353,891,4100,891
1996,897,1996,891,2019,889,2019,895
1902,954,1902,880,1918,880,1918,954
1917,965,1917,927,1934,927,1934,965
1917,923,1917,907,1934,907,1934,923
1917,898,1917,894,1934,894,1934,898
1917,884,1917,875,1934,875,1934,884
2310,955,2310,896,2344,896,2344,955
1998,938,1998,932,2021,930,2021,936
3794,934,3891,934,3891,965,3794,965
3907,934,3915,934,3915,965,3907,965
3928,934,4020,934,4020,965,3928,965
4031,934,4039,934,4039,965,4031,965
4053,934,4141,934,4141,965,4053,965
4563,935,4586,935,4586,966,4563,966
4586,935,4594,935,4594,966,4586,966
4595,935,4618,935,4618,966,4595,966
4623,935,4662,935,4662,966,4623,966
2001,979,2001,973,2024,971,2024,977
2439,988,2604,988,2604,1039,2439,1039
2620,988,2634,988,2634,1039,2620,1039
3798,999,3893,999,3893,1022,3798,1022
4568,1001,4576,1001,4576,1030,4568,1030
4580,1001,4588,1001,4588,1030,4580,1030
4588,1001,4609,1001,4609,1030,4588,1030
4618,1001,4655,1001,4655,1030,4618,1030
1570,1092,1570,1034,1607,1034,1607,1092
3795,1059,3915,1059,3915,1082,3795,1082
3930,1059,3936,1059,3936,1082,3930,1082
4562,1059,4583,1059,4583,1088,4562,1088
4587,1059,4595,1059,4595,1088,4587,1088
4595,1059,4616,1059,4616,1088,4595,1088
4625,1059,4662,1059,4662,1088,4625,1088
3795,1118,3914,1118,3914,1140,3795,1140
3928,1118,3933,1118,3933,1140,3928,1140
4563,1121,4583,1121,4583,1143,4563,1143
4589,1121,4594,1121,4594,1143,4589,1143
4596,1121,4615,1121,4615,1143,4596,1143
4624,1121,4661,1121,4661,1143,4624,1143
1631,1153,1775,1153,1775,1195,1631,1195
2200,1148,2255,1146,2256,1174,2201,1176
2290,1145,2297,1145,2298,1172,2291,1172
3796,1173,3867,1173,3867,1200,3796,1200
3877,1173,3907,1173,3907,1200,3877,1200
3919,1173,3990,1173,3990,1200,3919,1200
4569,1171,4577,1171,4577,1202,4569,1202
4579,1171,4587,1171,4587,1202,4579,1202
4587,1171,4610,1171,4610,1202,4587,1202
4615,1171,4656,1171,4656,1202,4615,1202
3794,1231,3833,1231,3833,1258,3794,1258
4571,1231,4579,1231,4579,1260,4571,1260
4580,1231,4588,1231,4588,1260,4580,1260
4588,1231,4609,1231,4609,1260,4588,1260
4618,1231,4655,1231,4655,1260,4618,1260
663,1269,663,1248,692,1248,692,1269
663,1325,663,1317,692,1317,692,1325
663,1316,663,1308,692,1308,692,1316
703,1367,696,1284,726,1282,733,1364
695,1275,694,1267,723,1265,724,1273
1650,1290,1717,1290,1717,1321,1650,1321
1637,1332,1648,1332,1648,1372,1637,1372
1658,1332,1669,1332,1669,1372,1658,1372
1678,1332,1689,1332,1689,1372,1678,1372
1692,1332,1728,1332,1728,1372,1692,1372
1969,1355,1969,1351,1987,1351,1987,1355
1969,1345,1969,1341,1987,1341,1987,1345
1969,1339,1969,1335,1987,1335,1987,1339
1969,1324,1969,1320,1987,1320,1987,1324
3800,1322,3896,1322,3896,1358,3800,1358
3914,1322,4059,1322,4059,1358,3914,1358
4070,1322,4256,1322,4256,1358,4070,1358
1992,1383,1992,1377,2014,1375,2015,1381
1991,1370,1989,1349,2012,1347,2014,1368
1989,1340,1988,1325,2011,1323,2012,1338
4508,1317,4561,1317,4561,1365,4508,1365
4566,1317,4579,1317,4579,1365,4566,1365
4578,1317,4623,1317,4623,1365,4578,1365
4639,1317,4718,1317,4718,1365,4639,1365
1901,1446,1901,1372,1916,1372,1916,1446
1918,1457,1918,1422,1935,1422,1935,1457
1918,1415,1918,1399,1935,1399,1935,1415
1918,1390,1918,1386,1935,1386,1935,1390
1918,1379,1918,1363,1935,1363,1935,1379
1938,1459,1932,1296,1946,1296,1952,1458
2306,1415,2308,1333,2348,1334,2346,1416
663,1502,663,1441,692,1441,692,1502
663,1436,663,1428,692,1428,692,1436
663,1423,663,1377,692,1377,692,1423
1995,1424,1995,1418,2017,1416,2018,1422
721,1450,723,1416,754,1418,752,1452
3798,1424,3922,1424,3922,1445,3798,1445
2670,1400,2749,1400,2749,1451,2670,1451
2780,1400,2794,1400,2794,1451,2780,1451
2821,1400,2835,1400,2835,1451,2821,1451
2863,1400,2877,1400,2877,1451,2863,1451
2899,1400,2913,1400,2913,1451,2899,1451
2643,1459,2652,1459,2654,1494,2645,1494
2675,1457,2684,1457,2686,1492,2677,1492
2682,1457,2691,1457,2693,1492,2684,1492
2729,1455,2738,1455,2740,1490,2731,1490
4571,1418,4579,1418,4579,1449,4571,1449
4581,1418,4589,1418,4589,1449,4581,1449
4590,1418,4612,1418,4612,1449,4590,1449
4618,1418,4657,1418,4657,1449,4618,1449
1998,1462,1998,1456,2020,1454,2021,1460
1238,1450,1296,1446,1298,1477,1240,1481
2305,1479,2305,1468,2345,1469,2345,1480
2896,1485,2896,1477,2925,1476,2925,1484
2368,1502,2368,1471,2382,1471,2382,1502
2001,1505,2001,1499,2023,1497,2024,1503
2353,1533,2354,1524,2389,1527,2388,1536
2354,1518,2355,1509,2390,1512,2389,1521
2355,1500,2358,1465,2394,1468,2391,1503
2682,1370,2706,1621,2657,1625,2633,1375
2897,1524,2897,1516,2926,1515,2926,1523
3798,1510,3893,1510,3893,1544,3798,1544
3912,1510,4052,1510,4052,1544,3912,1544
4067,1510,4227,1510,4227,1544,4067,1544
4505,1513,4562,1513,4562,1557,4505,1557
4566,1513,4578,1513,4578,1557,4566,1557
4581,1513,4621,1513,4621,1557,4581,1557
4641,1513,4714,1513,4714,1557,4641,1557
856,1542,929,1542,929,1558,856,1558
845,1559,880,1559,880,1574,845,1574
885,1559,901,1559,901,1574,885,1574
910,1559,913,1559,913,1574,910,1574
921,1559,935,1559,935,1574,921,1574
1594,1541,1668,1541,1668,1558,1594,1558
1581,1558,1617,1558,1617,1575,1581,1575
1623,1558,1639,1558,1639,1575,1623,1575
1648,1558,1652,1558,1652,1575,1648,1575
1659,1558,1675,1558,1675,1575,1659,1575
2899,1608,2899,1600,2928,1599,2928,1607
964,1606,969,1606,968,1625,963,1625
972,1606,977,1606,976,1625,971,1625
979,1606,984,1606,983,1625,978,1625
992,1607,997,1607,996,1626,991,1626
1805,1606,1809,1606,1809,1624,1805,1624
1813,1606,1817,1606,1817,1624,1813,1624
1820,1606,1824,1606,1824,1624,1820,1624
1834,1606,1838,1606,1838,1624,1834,1624
946,1628,965,1628,965,1649,946,1649
978,1628,993,1628,993,1649,978,1649
994,1628,999,1628,999,1649,994,1649
830,1635,838,1635,838,1665,830,1665
870,1635,878,1635,878,1665,870,1665
910,1635,918,1635,918,1665,910,1665
1665,1641,1669,1641,1670,1659,1666,1659
1705,1639,1709,1639,1710,1657,1706,1657
1745,1636,1749,1636,1750,1654,1746,1654
1776,1633,1799,1631,1800,1649,1777,1651
1810,1630,1834,1628,1835,1647,1811,1649
2635,1682,2636,1673,2670,1676,2669,1685
2693,1709,2695,1656,2729,1657,2727,1710
2630,1744,2631,1735,2665,1738,2664,1747
3105,1761,3105,1765,3089,1765,3089,1761
1008,1834,1009,1820,1058,1824,1057,1838
1012,1784,1013,1770,1062,1774,1061,1788
1017,1729,1018,1715,1067,1719,1066,1733
3105,1783,3105,1787,3089,1787,3089,1783
2625,1793,2626,1784,2660,1787,2659,1796
2689,1795,2689,1786,2723,1787,2723,1796
2013,1862,2132,1862,2132,1902,2013,1902
2856,1852,2914,1850,2915,1884,2857,1886
2979,1849,2988,1849,2989,1883,2980,1883
3758,1893,3814,1893,3814,1910,3758,1910
3819,1892,3839,1892,3839,1909,3819,1909
3846,1892,3873,1892,3873,1909,3846,1909
3879,1892,3921,1892,3921,1909,3879,1909
3926,1892,3930,1892,3930,1909,3926,1909
3936,1891,3940,1891,3940,1908,3936,1908
3940,1891,3944,1891,3944,1908,3940,1908
3944,1891,3960,1891,3960,1908,3944,1908
3966,1891,3978,1891,3978,1908,3966,1908
3983,1891,3997,1891,3997,1908,3983,1908
4150,1891,4152,1891,4152,1902,4150,1902
4158,1891,4180,1891,4180,1902,4158,1902
4183,1891,4195,1891,4195,1902,4183,1902
4201,1891,4236,1891,4236,1902,4201,1902
4239,1891,4255,1891,4255,1902,4239,1902
4261,1891,4263,1891,4263,1902,4261,1902
4271,1891,4273,1891,4273,1902,4271,1902
4275,1891,4277,1891,4277,1902,4275,1902
4278,1891,4294,1891,4294,1902,4278,1902
4302,1891,4312,1891,4312,1902,4302,1902
4317,1891,4330,1891,4330,1902,4317,1902
2675,1924,2675,1894,2690,1894,2690,1924
4101,1883,4121,1883,4121,1913,4101,1913
4538,1892,4594,1892,4594,1903,4538,1903
2767,1932,2797,1932,2797,1953,2767,1953
3759,1934,3813,1934,3813,1947,3759,1947
3817,1934,3846,1934,3846,1947,3817,1947
3852,1934,3893,1934,3893,1947,3852,1947
3898,1934,3901,1934,3901,1947,3898,1947
3908,1934,3911,1934,3911,1947,3908,1947
3912,1934,3915,1934,3915,1947,3912,1947
3916,1934,3930,1934,3930,1947,3916,1947
3940,1934,3949,1934,3949,1947,3940,1947
3955,1934,3968,1934,3968,1947,3955,1947
4150,1931,4152,1931,4152,1941,4150,1941
4158,1931,4178,1931,4178,1941,4158,1941
4183,1931,4195,1931,4195,1941,4183,1941
4199,1931,4234,1931,4234,1941,4199,1941
4241,1931,4255,1931,4255,1941,4241,1941
4261,1931,4263,1931,4263,1941,4261,1941
4271,1931,4273,1931,4273,1941,4271,1941
4275,1931,4277,1931,4277,1941,4275,1941
4279,1931,4294,1931,4294,1941,4279,1941
4302,1931,4312,1931,4312,1941,4302,1941
4317,1931,4330,1931,4330,1941,4317,1941
4334,1931,4336,1931,4336,1941,4334,1941
4149,1943,4151,1943,4151,1954,4149,1954
4154,1943,4156,1943,4156,1954,4154,1954
4157,1943,4173,1943,4173,1954,4157,1954
4181,1943,4203,1943,4203,1954,4181,1954
4207,1943,4219,1943,4219,1954,4207,1954
4224,1943,4261,1943,4261,1954,4224,1954
4539,1934,4569,1934,4569,1946,4539,1946
4575,1934,4597,1934,4597,1946,4575,1946
1011,1930,1064,1930,1064,1992,1011,1992
1199,1930,1216,1930,1216,1992,1199,1992
1255,1930,1272,1930,1272,1992,1255,1992
3675,1912,3675,1890,3706,1890,3706,1912
3675,1954,3675,1931,3706,1931,3706,1954
3675,2000,3675,1972,3706,1972,3706,2000
3675,2039,3675,2031,3706,2031,3706,2039
3758,1978,3812,1978,3812,1990,3758,1990
3818,1978,3837,1978,3837,1990,3818,1990
3844,1978,3873,1978,3873,1990,3844,1990
3879,1978,3920,1978,3920,1990,3879,1990
3927,1978,3929,1978,3929,1990,3927,1990
3937,1978,3939,1978,3939,1990,3937,1990
3941,1978,3943,1978,3943,1990,3941,1990
3944,1978,3960,1978,3960,1990,3944,1990
3967,1978,3978,1978,3978,1990,3967,1990
3983,1978,3997,1978,3997,1990,3983,1990
4148,1983,4170,1983,4170,1994,4148,1994
4176,1983,4186,1983,4186,1994,4176,1994
4191,1983,4226,1983,4226,1994,4191,1994
4231,1983,4266,1983,4266,1994,4231,1994
4537,1984,4577,1984,4577,1997,4537,1997
4584,1984,4587,1984,4587,1997,4584,1997
4592,1984,4626,1984,4626,1997,4592,1997
4631,1984,4651,1984,4651,1997,4631,1997
3758,2018,3812,2018,3812,2030,3758,2030
3816,2018,3838,2018,3838,2030,3816,2030
3844,2018,3853,2018,3853,2030,3844,2030
3859,2018,3867,2018,3867,2030,3859,2030
3871,2018,3894,2018,3894,2030,3871,2030
3900,2018,3902,2018,3902,2030,3900,2030
3910,2018,3912,2018,3912,2030,3910,2030
3914,2018,3916,2018,3916,2030,3914,2030
3917,2018,3933,2018,3933,2030,3917,2030
3940,2018,3951,2018,3951,2030,3940,2030
3956,2018,3970,2018,3970,2030,3956,2030
4147,2018,4171,2018,4171,2031,4147,2031
4177,2018,4187,2018,4187,2031,4177,2031
4189,2018,4192,2018,4192,2031,4189,2031
4192,2018,4204,2018,4204,2031,4192,2031
4207,2018,4210,2018,4210,2031,4207,2031
4212,2018,4229,2018,4229,2031,4212,2031
4235,2018,4238,2018,4238,2031,4235,2031
4243,2018,4246,2018,4246,2031,4243,2031
4249,2018,4252,2018,4252,2031,4249,2031
4253,2018,4267,2018,4267,2031,4253,2031
4276,2018,4285,2018,4285,2031,4276,2031
4293,2018,4306,2018,4306,2031,4293,2031
4538,2027,4565,2027,4565,2037,4538,2037
4567,2027,4619,2027,4619,2037,4567,2037
2974,1996,3026,1998,3024,2045,2972,2043
3027,1997,3040,1997,3038,2044,3025,2044
2984,2055,2995,2055,2996,2095,2985,2095
3758,2062,3812,2062,3812,2075,3758,2075
3817,2062,3838,2062,3838,2075,3817,2075
3844,2062,3853,2062,3853,2075,3844,2075
3858,2062,3919,2062,3919,2075,3858,2075
3926,2062,3940,2062,3940,2075,3926,2075
3946,2062,3986,2062,3986,2075,3946,2075
4149,2061,4170,2061,4170,2073,4149,2073
4175,2061,4197,2061,4197,2073,4175,2073
4205,2061,4207,2061,4207,2073,4205,2073
4213,2061,4215,2061,4215,2073,4213,2073
4218,2061,4220,2061,4220,2073,4218,2073
4221,2061,4236,2061,4236,2073,4221,2073
4246,2061,4254,2061,4254,2073,4246,2073
4263,2061,4274,2061,4274,2073,4263,2073
1248,2110,1248,2052,1285,2052,1285,2110
4537,2064,4592,2064,4592,2078,4537,2078
4597,2064,4638,2064,4638,2078,4597,2078
4642,2064,4659,2064,4659,2078,4642,2078
4663,2064,4707,2064,4707,2078,4663,2078
4711,2064,4721,2064,4721,2078,4711,2078
4727,2064,4769,2064,4769,2078,4727,2078
1500,2110,1500,2052,1537,2052,1537,2110
2851,2057,2908,2056,2909,2097,2852,2098
1978,2060,2037,2060,2037,2097,1978,2097
1353,2112,1374,2110,1375,2124,1354,2126
3757,2102,3806,2102,3806,2115,3757,2115
3810,2102,3813,2102,3813,2115,3810,2115
3814,2102,3834,2102,3834,2115,3814,2115
3839,2102,3866,2102,3866,2115,3839,2115
3873,2102,3892,2102,3892,2115,3873,2115
3898,2102,3920,2102,3920,2115,3898,2115
3924,2102,3937,2102,3937,2115,3924,2115
3941,2102,3987,2102,3987,2115,3941,2115
3990,2102,3993,2102,3993,2115,3990,2115
3758,2115,3810,2115,3810,2126,3758,2126
3814,2115,3828,2115,3828,2126,3814,2126
3833,2115,3855,2115,3855,2126,3833,2126
4538,2104,4557,2104,4557,2118,4538,2118
4562,2104,4610,2104,4610,2118,4562,2118
4614,2104,4617,2104,4617,2118,4614,2118
4618,2104,4621,2104,4621,2118,4618,2118
4621,2104,4665,2104,4665,2118,4621,2118
4670,2104,4680,2104,4680,2118,4670,2118
4684,2104,4723,2104,4723,2118,4684,2118
4147,2108,4171,2108,4171,2121,4147,2121
4175,2108,4199,2108,4199,2121,4175,2121
4204,2108,4207,2108,4207,2121,4204,2121
4214,2108,4217,2108,4217,2121,4214,2121
4218,2108,4221,2108,4221,2121,4218,2121
4222,2108,4236,2108,4236,2121,4222,2121
4246,2108,4255,2108,4255,2121,4246,2121
4262,2108,4274,2108,4274,2121,4262,2121
844,2121,1005,2121,1005,2165,844,2165
1028,2121,1040,2121,1040,2165,1028,2165
2991,2099,3004,2100,2999,2147,2987,2146
3020,2102,3033,2103,3028,2150,3016,2149
1458,1824,1457,1887,1399,1886,1400,1823
1457,1902,1457,1933,1399,1932,1399,1901
1381,1774,1381,1790,1323,1791,1323,1775
1383,1848,1384,1922,1325,1923,1324,1849
1383,1981,1383,1997,1325,1998,1325,1982
1384,2046,1384,2062,1326,2063,1326,2047
1385,2164,1385,2180,1327,2181,1327,2165
1386,2205,1386,2221,1328,2222,1328,2206
1386,2264,1386,2280,1328,2281,1328,2265
1387,2305,1387,2321,1329,2322,1329,2306
1453,2237,1453,2253,1395,2252,1395,2236
1453,2308,1453,2324,1395,2323,1395,2307
1452,2359,1450,2517,1392,2516,1394,2358
1388,2429,1388,2445,1330,2446,1330,2430
1098,2153,1098,2142,1138,2142,1138,2153
3757,2150,3796,2150,3796,2163,3757,2163
3800,2150,3812,2150,3812,2163,3800,2163
3817,2150,3846,2150,3846,2163,3817,2163
3850,2150,3856,2150,3856,2163,3850,2163
4148,2144,4171,2144,4171,2157,4148,2157
4174,2144,4186,2144,4186,2157,4174,2157
4190,2144,4227,2144,4227,2157,4190,2157
4232,2144,4247,2144,4247,2157,4232,2157
4253,2144,4302,2144,4302,2157,4253,2157
4307,2144,4330,2144,4330,2157,4307,2157
4538,2151,4573,2151,4573,2163,4538,2163
4578,2151,4622,2151,4622,2163,4578,2163
1766,2141,1835,2141,1835,2181,1766,2181
1762,2187,1773,2187,1773,2227,1762,2227
1783,2187,1794,2187,1794,2227,1783,2227
1796,2187,1834,2187,1834,2227,1796,2227
2793,2151,2926,2153,2925,2193,2792,2191
3103,2157,3114,2157,3113,2197,3102,2197
4148,2184,4171,2184,4171,2197,4148,2197
4174,2184,4186,2184,4186,2197,4174,2197
4190,2184,4227,2184,4227,2197,4190,2197
4232,2184,4247,2184,4247,2197,4232,2197
4253,2184,4302,2184,4302,2197,4253,2197
4308,2184,4328,2184,4328,2197,4308,2197
4335,2184,4374,2184,4374,2197,4335,2197
1098,2206,1098,2195,1138,2195,1138,2206
2044,2196,2050,2196,2051,2221,2045,2221
2098,2194,2104,2194,2105,2219,2099,2219
2153,2193,2159,2193,2160,2218,2154,2218
3757,2192,3780,2192,3780,2206,3757,2206
3785,2192,3823,2192,3823,2206,3785,2206
2025,2205,2025,2220,1971,2220,1971,2205
2207,2192,2213,2192,2214,2217,2208,2217
2262,2191,2268,2191,2269,2216,2263,2216
2317,2190,2323,2190,2324,2215,2318,2215
2988,2155,2999,2155,2998,2195,2987,2195
3020,2155,3059,2156,3058,2196,3019,2195
2998,2210,3054,2210,3054,2266,2998,2266
3056,2210,3072,2210,3072,2266,3056,2266
4534,2189,4580,2189,4580,2201,4534,2201
4585,2189,4631,2189,4631,2201,4585,2201
4635,2189,4687,2189,4687,2201,4635,2201
4690,2189,4702,2189,4702,2201,4690,2201
4706,2189,4733,2189,4733,2201,4706,2201
4535,2203,4606,2203,4606,2214,4535,2214
4148,2225,4171,2225,4171,2238,4148,2238
4174,2225,4186,2225,4186,2238,4174,2238
4190,2225,4227,2225,4227,2238,4190,2238
4232,2225,4247,2225,4247,2238,4232,2238
4253,2225,4302,2225,4302,2238,4253,2238
4308,2225,4328,2225,4328,2238,4308,2238
4336,2225,4358,2225,4358,2238,4336,2238
3757,2234,3790,2234,3790,2247,3757,2247
3793,2234,3829,2234,3829,2247,3793,2247
3833,2234,3842,2234,3842,2247,3833,2247
3849,2234,3888,2234,3888,2247,3849,2247
4467,2229,4487,2229,4487,2241,4467,2241
4537,2234,4566,2234,4566,2248,4537,2248
4571,2234,4611,2234,4611,2248,4571,2248
4617,2234,4661,2234,4661,2248,4617,2248
836,2254,844,2254,845,2283,837,2283
890,2252,898,2252,899,2281,891,2281
1098,2268,1098,2257,1138,2257,1138,2268
947,2250,1006,2248,1007,2277,948,2279
2150,2270,2179,2268,2180,2283,2151,2285
2603,2287,2603,2256,2617,2256,2617,2287
3016,2270,3019,2270,3020,2284,3017,2284
3028,2269,3031,2269,3032,2283,3029,2283
3035,2268,3051,2267,3052,2282,3036,2283
4148,2271,4172,2271,4172,2286,4148,2286
4177,2271,4193,2271,4193,2286,4177,2286
4198,2271,4229,2271,4229,2286,4198,2286
4234,2271,4245,2271,4245,2286,4234,2286
4249,2271,4284,2271,4284,2286,4249,2286
4091,2273,4104,2273,4104,2290,4091,2290
3757,2282,3790,2282,3790,2295,3757,2295
3793,2282,3829,2282,3829,2295,3793,2295
3833,2282,3845,2282,3845,2295,3833,2295
3849,2282,3882,2282,3882,2295,3849,2295
3077,2286,3101,2286,3101,2301,3077,2301
4439,2276,4482,2276,4482,2295,4439,2295
4519,2276,4524,2276,4524,2295,4519,2295
4538,2276,4585,2276,4585,2295,4538,2295
2025,2271,2025,2286,1971,2286,1971,2271
2025,2326,2025,2341,1971,2341,1971,2326
4108,2315,4134,2315,4134,2322,4108,2322
3017,2326,3019,2326,3019,2337,3017,2337
3023,2326,3025,2326,3025,2337,3023,2337
3029,2326,3031,2326,3031,2337,3029,2337
3035,2326,3037,2326,3037,2337,3035,2337
3039,2326,3041,2326,3041,2337,3039,2337
3017,2319,3025,2319,3026,2348,3018,2348
3020,2319,3028,2319,3029,2348,3021,2348
3026,2318,3034,2318,3035,2347,3027,2347
3032,2318,3040,2318,3041,2347,3033,2347
3038,2318,3046,2318,3047,2347,3039,2347
3116,2315,3124,2315,3125,2344,3117,2344
3758,2325,3803,2325,3803,2336,3758,2336
3808,2325,3830,2325,3830,2336,3808,2336
3834,2325,3859,2325,3859,2336,3834,2336
3864,2325,3919,2325,3919,2336,3864,2336
4148,2325,4163,2325,4163,2338,4148,2338
4172,2325,4181,2325,4181,2338,4172,2338
4189,2325,4218,2325,4218,2338,4189,2338
4223,2325,4243,2325,4243,2338,4223,2338
4247,2325,4313,2325,4313,2338,4247,2338
4316,2325,4338,2325,4338,2338,4316,2338
4343,2325,4353,2325,4353,2338,4343,2338
4358,2325,4400,2325,4400,2338,4358,2338
2746,2336,2756,2336,2757,2374,2747,2374
2801,2335,2811,2335,2812,2373,2802,2373
2848,2335,2858,2335,2859,2373,2849,2373
2855,2335,2865,2335,2866,2373,2856,2373
2891,2334,2901,2334,2902,2372,2892,2372
2910,2334,2920,2334,2921,2372,2911,2372
2933,2333,2943,2333,2944,2371,2934,2371
2961,2333,2971,2333,2972,2371,2962,2371
3759,2366,3781,2366,3781,2379,3759,2379
3786,2366,3795,2366,3795,2379,3786,2379
3802,2366,3837,2366,3837,2379,3802,2379
3841,2366,3856,2366,3856,2379,3841,2379
3862,2366,3865,2366,3865,2379,3862,2379
3870,2366,3873,2366,3873,2379,3870,2379
3876,2366,3879,2366,3879,2379,3876,2379
3879,2366,3895,2366,3895,2379,3879,2379
3903,2366,3912,2366,3912,2379,3903,2379
3919,2366,3932,2366,3932,2379,3919,2379
4148,2365,4162,2365,4162,2377,4148,2377
4170,2365,4191,2365,4191,2377,4170,2377
4197,2365,4262,2365,4262,2377,4197,2377
4265,2365,4302,2365,4302,2377,4265,2377
4307,2365,4334,2365,4334,2377,4307,2377
4341,2365,4346,2365,4346,2377,4341,2377
2991,2335,2991,2430,2951,2430,2951,2335
1433,2384,1433,2492,1409,2492,1409,2384
2245,2462,2245,2431,2259,2431,2259,2462
2856,2409,2856,2413,2839,2413,2839,2409
2855,2431,2855,2435,2838,2435,2838,2431
2855,2452,2855,2456,2838,2456,2838,2452
2855,2474,2855,2478,2838,2478,2838,2474
2854,2485,2853,2510,2836,2510,2837,2485
3682,2458,3738,2458,3738,2490,3682,2490
3753,2458,3789,2458,3789,2490,3753,2490
3802,2458,3913,2458,3913,2490,3802,2490
3930,2458,3959,2458,3959,2490,3930,2490
3975,2458,4112,2458,4112,2490,3975,2490
4117,2458,4185,2458,4185,2490,4117,2490
4196,2458,4204,2458,4204,2490,4196,2490
4203,2458,4211,2458,4211,2490,4203,2490
4209,2458,4343,2458,4343,2490,4209,2490
1916,2522,1939,2522,1939,2539,1916,2539
4132,2548,4191,2548,4191,2553,4132,2553
4148,2556,4198,2556,4198,2561,4148,2561
4244,2581,4250,2581,4250,2590,4244,2590
4251,2581,4253,2581,4253,2590,4251,2590
4254,2581,4259,2581,4259,2590,4254,2590
4262,2581,4272,2581,4272,2590,4262,2590
4347,2563,4345,2625,4338,2625,4340,2563
4132,2601,4133,2601,4133,2609,4132,2609
4360,2646,4364,2566,4373,2567,4369,2646
4349,2690,4349,2682,4378,2681,4378,2689
4316,2725,4326,2726,4324,2737,4314,2736
4308,2737,4313,2737,4313,2745,4308,2745
4315,2737,4316,2737,4316,2745,4315,2745
4317,2737,4322,2737,4322,2746,4317,2746
4326,2738,4334,2738,4334,2746,4326,2746
4352,2896,4351,2829,4381,2828,4382,2895
4351,2804,4350,2772,4379,2771,4380,2803
4309,2865,4317,2865,4317,2873,4309,2873
4301,2875,4307,2875,4307,2882,4301,2882
4308,2875,4309,2875,4309,2882,4308,2882
4311,2875,4316,2875,4316,2882,4311,2882
4319,2875,4327,2875,4327,2882,4319,2882
4330,2921,4330,2919,4342,2919,4342,2921
4102,3002,4155,2997,4156,3006,4103,3011
4176,3030,4182,3030,4182,3037,4176,3037
4183,3030,4184,3030,4184,3037,4183,3037
4186,3030,4191,3030,4191,3037,4186,3037
4195,3030,4196,3030,4196,3037,4195,3037
4354,3029,4367,3028,4368,3040,4355,3041
4347,3040,4353,3040,4353,3048,4347,3048
4354,3040,4355,3040,4355,3048,4354,3048
4357,3040,4362,3040,4362,3048,4357,3048
4365,3040,4375,3040,4375,3048,4365,3048
2395,3078,2398,3078,2398,3092,2395,3092
2434,3079,2437,3079,2437,3093,2434,3093
2475,3080,2478,3080,2478,3094,2475,3094
2343,3094,2343,3088,2368,3088,2368,3094
4486,2988,4486,3173,4461,3173,4461,2988
2515,3081,2518,3081,2518,3095,2515,3095
4077,3103,4092,3102,4092,3110,4078,3111
4078,3109,4088,3109,4088,3119,4078,3119
4074,3121,4075,3121,4075,3127,4074,3127
4077,3121,4078,3121,4078,3127,4077,3127
4080,3121,4086,3121,4086,3127,4080,3127
4088,3121,4098,3121,4098,3127,4088,3127
2343,3136,2343,3130,2368,3130,2368,3136
140,3124,171,3124,171,3158,140,3158
2353,3122,2359,3122,2360,3146,2354,3146
247,3124,256,3124,256,3158,247,3158
261,3124,270,3124,270,3158,261,3158
268,3124,277,3124,277,3158,268,3158
2395,3121,2401,3121,2402,3145,2396,3145
2438,3120,2444,3120,2445,3144,2439,3144
2598,3116,2604,3116,2605,3140,2599,3140
2475,3119,2481,3119,2482,3143,2476,3143
2518,3118,2524,3118,2525,3142,2519,3142
2558,3117,2564,3117,2565,3141,2559,3141
4394,3122,4407,3122,4407,3129,4394,3129
4394,3129,4404,3129,4404,3137,4394,3137
4388,3138,4393,3138,4393,3148,4388,3148
4394,3138,4396,3138,4396,3148,4394,3148
4397,3138,4403,3138,4403,3148,4397,3148
4405,3138,4413,3138,4413,3148,4405,3148
4488,3164,4488,3108,4497,3108,4497,3164
4494,3169,4493,3089,4502,3089,4503,3169
1091,3125,1097,3125,1099,3193,1093,3193
842,3151,842,3146,863,3146,863,3151
4020,3156,4127,3153,4127,3169,4020,3172
842,3180,842,3175,863,3175,863,3180
3959,3181,3965,3181,3965,3189,3959,3189
2164,3159,2244,3159,2244,3188,2164,3188
2147,3188,2270,3192,2269,3227,2146,3223
4227,3168,4228,3168,4228,3176,4227,3176
4028,3173,4161,3173,4161,3181,4028,3181
4170,3181,4178,3181,4178,3189,4170,3189
4216,3181,4415,3181,4415,3189,4216,3189
4025,3190,4430,3190,4430,3197,4025,3197
1866,3180,1960,3183,1959,3218,1865,3215
1975,3183,2095,3186,2094,3221,1974,3218
2398,3191,2462,3191,2462,3223,2398,3223
2469,3191,2562,3191,2562,3223,2469,3223
2739,3194,2834,3194,2834,3217,2739,3217
3005,3191,3065,3191,3065,3222,3005,3222
3074,3191,3082,3191,3082,3222,3074,3222
3084,3191,3170,3191,3170,3222,3084,3222
3347,3175,3439,3175,3439,3206,3347,3206
3270,3209,3373,3209,3373,3241,3270,3241
3385,3209,3446,3209,3446,3241,3385,3241
3462,3209,3503,3209,3503,3241,3462,3241
153,3272,157,3272,157,3290,153,3290
159,3272,218,3272,218,3290,159,3290
151,3294,184,3294,184,3315,151,3315
192,3294,265,3294,265,3315,192,3315
272,3294,364,3294,364,3315,272,3315
373,3294,388,3294,388,3315,373,3315
394,3294,468,3294,468,3315,394,3315
478,3294,560,3294,560,3315,478,3315
571,3294,609,3294,609,3315,571,3315
615,3294,747,3294,747,3315,615,3315
750,3294,755,3294,755,3315,750,3315
760,3294,813,3294,813,3315,760,3315
823,3294,853,3294,853,3315,823,3315
861,3294,934,3294,934,3315,861,3315
946,3294,980,3294,980,3315,946,3315
990,3294,1075,3294,1075,3315,990,3315
1085,3294,1126,3294,1126,3315,1085,3315
1132,3294,1147,3294,1147,3315,1132,3315
1156,3294,1218,3294,1218,3315,1156,3315
1228,3294,1258,3294,1258,3315,1228,3315
1266,3294,1321,3294,1321,3315,1266,3315
1329,3294,1348,3294,1348,3315,1329,3315
1357,3294,1372,3294,1372,3315,1357,3315
1385,3294,1400,3294,1400,3315,1385,3315
1412,3294,1469,3294,1469,3315,1412,3315
1469,3294,1474,3294,1474,3315,1469,3315
1483,3294,1510,3294,1510,3315,1483,3315
1518,3294,1541,3294,1541,3315,1518,3315
1550,3294,1594,3294,1594,3315,1550,3315
1604,3294,1623,3294,1623,3315,1604,3315
1633,3294,1677,3294,1677,3315,1633,3315
1684,3294,1707,3294,1707,3315,1684,3315
1717,3294,1783,3294,1783,3315,1717,3315
1785,3294,1819,3294,1819,3315,1785,3315
1823,3294,1970,3294,1970,3315,1823,3315
1972,3294,1999,3294,1999,3315,1972,3315
2005,3294,2100,3294,2100,3315,2005,3315
2103,3294,2108,3294,2108,3315,2103,3315
2115,3294,2175,3294,2175,3315,2115,3315
2178,3294,2183,3294,2183,3315,2178,3315
2189,3294,2223,3294,2223,3315,2189,3315
2232,3294,2307,3294,2307,3315,2232,3315
2307,3294,2312,3294,2312,3315,2307,3315
2322,3294,2436,3294,2436,3315,2322,3315
2437,3294,2442,3294,2442,3315,2437,3315
2449,3294,2555,3294,2555,3315,2449,3315
2563,3294,2582,3294,2582,3315,2563,3315
2592,3294,2703,3294,2703,3315,2592,3315
2706,3294,2711,3294,2711,3315,2706,3315
2720,3294,2796,3294,2796,3315,2720,3315
2798,3294,2803,3294,2803,3315,2798,3315
2812,3294,2876,3294,2876,3315,2812,3315
2882,3294,2912,3294,2912,3315,2882,3315
2920,3294,3000,3294,3000,3315,2920,3315
3008,3294,3046,3294,3046,3315,3008,3315
3051,3294,3110,3294,3110,3315,3051,3315
3113,3294,3118,3294,3118,3315,3113,3315
3121,3294,3137,3294,3137,3315,3121,3315
3148,3294,3159,3294,3159,3315,3148,3315
3171,3294,3210,3294,3210,3315,3171,3315
3216,3294,3221,3294,3221,3315,3216,3315
3229,3294,3258,3294,3258,3315,3229,3315
3269,3294,3337,3294,3337,3315,3269,3315
3339,3294,3344,3294,3344,3315,3339,3315
3347,3294,3363,3294,3363,3315,3347,3315
3370,3294,3508,3294,3508,3315,3370,3315
152,3314,217,3314,217,3339,152,3339
223,3314,246,3314,246,3339,223,3339
253,3314,281,3314,281,3339,253,3339
289,3314,369,3314,369,3339,289,3339
381,3314,424,3314,424,3339,381,3339
429,3314,527,3314,527,3339,429,3339
537,3314,543,3314,543,3339,537,3339
546,3314,552,3314,552,3339,546,3339
552,3314,615,3314,615,3339,552,3339
625,3314,639,3314,639,3339,625,3339
651,3314,718,3314,718,3339,651,3339
728,3314,757,3314,757,3339,728,3339
765,3314,858,3314,858,3339,765,3339
866,3314,923,3314,923,3339,866,3339
930,3314,953,3314,953,3339,930,3339
960,3314,1053,3314,1053,3339,960,3339
1064,3314,1082,3314,1082,3339,1064,3339
1086,3314,1183,3314,1183,3339,1086,3339
1191,3314,1220,3314,1220,3339,1191,3339
1228,3314,1274,3314,1274,3339,1228,3339
1285,3314,1291,3314,1291,3339,1285,3339
1293,3314,1299,3314,1299,3339,1293,3339
1301,3314,1338,3314,1338,3339,1301,3339
1340,3314,1346,3314,1346,3339,1340,3339
1351,3314,1456,3314,1456,3339,1351,3339
1462,3314,1490,3314,1490,3339,1462,3339
1495,3314,1616,3314,1616,3339,1495,3339
1623,3314,1662,3314,1662,3339,1623,3339
1667,3314,1776,3314,1776,3339,1667,3339
1785,3314,1791,3314,1791,3339,1785,3339
1792,3314,1798,3314,1798,3339,1792,3339
1801,3314,1830,3314,1830,3339,1801,3339
1839,3314,1927,3314,1927,3339,1839,3339
1935,3314,1941,3314,1941,3339,1935,3339
1953,3314,1971,3314,1971,3339,1953,3339
1980,3314,2013,3314,2013,3339,1980,3339
2023,3314,2041,3314,2041,3339,2023,3339
2050,3314,2117,3314,2117,3339,2050,3339
2126,3314,2149,3314,2149,3339,2126,3339
2154,3314,2160,3314,2160,3339,2154,3339
2159,3314,2165,3314,2165,3339,2159,3339
2167,3314,2214,3314,2214,3339,2167,3339
2219,3314,2306,3314,2306,3339,2219,3339
2310,3314,2316,3314,2316,3339,2310,3339
2322,3314,2351,3314,2351,3339,2322,3339
2357,3314,2451,3314,2451,3339,2357,3339
2461,3314,2556,3314,2556,3339,2461,3339
2557,3314,2563,3314,2563,3339,2557,3339
2569,3314,2702,3314,2702,3339,2569,3339
2710,3314,2728,3314,2728,3339,2710,3339
2738,3314,2871,3314,2871,3339,2738,3339
2871,3314,2877,3314,2877,3339,2871,3339
2884,3314,2917,3314,2917,3339,2884,3339
2926,3314,2940,3314,2940,3339,2926,3339
2951,3314,2969,3314,2969,3339,2951,3339
2980,3314,3008,3314,3008,3339,2980,3339
3011,3314,3093,3314,3093,3339,3011,3339
3101,3314,3122,3314,3122,3339,3101,3339
3134,3314,3233,3314,3233,3339,3134,3339
3239,3314,3287,3314,3287,3339,3239,3339
3287,3314,3293,3314,3293,3339,3287,3339
3298,3314,3323,3314,3323,3339,3298,3339
3330,3314,3405,3314,3405,3339,3330,3339
3410,3314,3416,3314,3416,3339,3410,3339
3420,3314,3445,3314,3445,3339,3420,3339
152,3340,220,3340,220,3361,152,3361
224,3340,229,3340,229,3361,224,3361
232,3340,259,3340,259,3361,232,3361
267,3340,312,3340,312,3361,267,3361
317,3340,322,3340,322,3361,317,3361
331,3340,361,3340,361,3361,331,3361
366,3340,391,3340,391,3361,366,3361
401,3340,513,3340,513,3361,401,3361
523,3340,538,3340,538,3361,523,3361
543,3340,576,3340,576,3361,543,3361
583,3340,721,3340,721,3361,583,3361
722,3340,727,3340,727,3361,722,3361
730,3340,753,3340,753,3361,730,3361
759,3340,827,3340,827,3361,759,3361
829,3340,834,3340,834,3361,829,3361
840,3340,845,3340,845,3361,840,3361
844,3340,849,3340,849,3361,844,3361
850,3340,970,3340,970,3361,850,3361
975,3340,994,3340,994,3361,975,3361
996,3340,1019,3340,1019,3361,996,3361
1031,3340,1131,3340,1131,3361,1031,3361
1138,3340,1168,3340,1168,3361,1138,3361
1176,3340,1280,3340,1280,3361,1176,3361
1293,3340,1332,3340,1332,3361,1293,3361
1334,3340,1443,3340,1443,3361,1334,3361
1454,3340,1459,3340,1459,3361,1454,3361
1463,3340,1468,3340,1468,3361,1463,3361
1469,3340,1497,3340,1497,3361,1469,3361
1502,3340,1579,3340,1579,3361,1502,3361
1584,3340,1589,3340,1589,3361,1584,3361
3660,3292,3748,3292,3748,3332,3660,3332
3764,3292,3775,3292,3775,3332,3764,3332
3796,3292,3825,3292,3825,3332,3796,3332
3834,3292,3845,3292,3845,3332,3834,3332
3849,3292,3878,3292,3878,3332,3849,3332
3887,3292,3898,3292,3898,3332,3887,3332
3896,3292,3967,3292,3967,3332,3896,3332
4276,3292,4393,3292,4393,3335,4276,3335
4403,3292,4415,3292,4415,3335,4403,3335
4477,3292,4489,3292,4489,3335,4477,3335
