4014,166,4297,166,4297,228,4014,228
4021,224,4295,224,4295,287,4021,287
1424,270,1426,284,1418,285,1416,271
2175,260,2232,260,2232,283,2175,283
2078,390,2087,390,2088,425,2079,425
2130,388,2291,383,2292,419,2131,424
2316,382,2325,382,2326,417,2317,417
4106,372,4112,372,4112,397,4106,397
4121,372,4153,372,4153,397,4121,397
4163,372,4186,372,4186,397,4163,397
4197,372,4242,372,4242,397,4197,397
4256,372,4262,372,4262,397,4256,397
4275,372,4361,372,4361,397,4275,397
4131,405,4192,405,4192,428,4131,428
4205,405,4257,405,4257,428,4205,428
4263,405,4321,405,4321,428,4263,428
2791,481,2791,485,2773,485,2773,481
2791,491,2791,495,2773,495,2773,491
2791,499,2791,503,2773,503,2773,499
2791,507,2791,511,2773,511,2773,507
2672,565,2672,435,2696,435,2696,565
301,491,542,321,590,390,349,560
4146,477,4304,477,4304,551,4146,551
2566,540,2566,597,2536,597,2536,540
1663,574,1667,574,1667,592,1663,592
1675,574,1693,574,1693,592,1675,592
1452,572,1556,572,1556,597,1452,597
1594,572,1600,572,1600,597,1594,597
1393,609,1451,609,1451,640,1393,640
2142,625,2150,625,2150,656,2142,656
2196,625,2204,625,2204,656,2196,656
2667,419,2666,435,2608,432,2609,416
2664,483,2663,499,2605,496,2606,480
2662,537,2661,553,2603,550,2604,534
2659,590,2658,606,2600,603,2601,587
2657,643,2656,659,2598,656,2599,640
2654,696,2653,712,2595,709,2596,693
2652,748,2651,764,2593,761,2594,745
2649,807,2648,823,2590,820,2591,804
2646,860,2645,876,2587,873,2588,857
3806,655,3848,660,3838,736,3796,730
3851,661,3873,664,3863,739,3841,736
3965,587,4041,587,4041,628,3965,628
4050,587,4187,587,4187,628,4050,628
4202,587,4213,587,4213,628,4202,628
4226,587,4297,587,4297,628,4226,628
4310,587,4376,587,4376,628,4310,628
4386,587,4497,587,4497,628,4386,628
4118,632,4222,632,4222,675,4118,675
4242,632,4352,632,4352,675,4242,675
4262,689,4345,689,4345,729,4262,729
4363,689,4374,689,4374,729,4363,729
3955,744,4036,744,4036,787,3955,787
4250,746,4287,746,4287,779,4250,779
2750,703,2750,708,2728,707,2728,702
2749,722,2749,727,2727,726,2727,721
2748,731,2748,736,2726,735,2726,730
3651,694,3835,694,3835,725,3651,725
3849,694,3857,694,3857,725,3849,725
1882,707,1882,718,1840,718,1840,707
1882,750,1882,761,1840,761,1840,750
3966,676,4040,686,4031,761,3956,751
4039,686,4095,693,4085,769,4029,761
4094,693,4116,696,4106,771,4084,768
4113,695,4135,698,4125,773,4103,770
4546,689,4679,689,4679,731,4546,731
4693,689,4704,689,4704,731,4693,731
4547,746,4583,746,4583,784,4547,784
4597,746,4717,746,4717,784,4597,784
1882,802,1882,813,1840,813,1840,802
1882,858,1882,869,1840,869,1840,858
4108,845,4358,849,4357,891,4107,887
1911,869,1927,871,1920,929,1904,927
1963,876,1979,878,1972,936,1956,934
1987,879,2003,881,1996,939,1980,937
2040,885,2056,887,2049,945,2033,943
2098,893,2114,895,2107,953,2091,951
2133,897,2149,899,2142,957,2126,955
1963,860,1977,861,1973,910,1959,909
2183,897,2201,893,2204,907,2186,911
2185,878,2199,879,2195,928,2181,927
2312,889,2326,890,2322,939,2308,938
2366,894,2380,895,2376,944,2362,943
2421,899,2435,900,2431,949,2417,948
2471,903,2485,904,2481,953,2467,952
3804,931,3899,931,3899,962,3804,962
4576,937,4584,937,4584,966,4576,966
4588,937,4596,937,4596,966,4588,966
4596,937,4617,937,4617,966,4596,966
4621,937,4664,937,4664,966,4621,966
2830,975,2836,977,2827,999,2821,996
2865,989,2871,991,2862,1013,2856,1010
2662,995,2662,1020,2643,1020,2643,995
2662,1030,2662,1044,2643,1044,2643,1030
2748,1000,2748,1005,2727,1005,2727,1000
2748,1018,2748,1023,2727,1023,2727,1018
2748,1027,2748,1032,2727,1032,2727,1027
3805,993,3894,993,3894,1024,3805,1024
4571,999,4590,999,4590,1026,4571,1026
4593,999,4600,999,4600,1026,4593,1026
4600,999,4625,999,4625,1026,4600,1026
4630,999,4671,999,4671,1026,4630,1026
2911,1066,2908,1061,2929,1049,2932,1054
3803,1058,3897,1058,3897,1079,3803,1079
4573,1061,4578,1061,4578,1082,4573,1082
4586,1061,4591,1061,4591,1082,4586,1082
4592,1061,4615,1061,4615,1082,4592,1082
4622,1061,4661,1061,4661,1082,4622,1082
1218,1077,1250,1077,1250,1090,1218,1090
2930,1101,2927,1096,2948,1084,2951,1089
1095,1166,1095,1054,1148,1054,1148,1166
2950,1131,2950,1125,2975,1125,2975,1131
2090,1113,2251,1118,2250,1157,2089,1152
2275,1119,2285,1119,2284,1157,2274,1157
3802,1113,3921,1113,3921,1142,3802,1142
3934,1113,3942,1113,3942,1142,3934,1142
4572,1111,4592,1112,4591,1147,4571,1146
4594,1111,4603,1111,4602,1146,4593,1146
4605,1112,4624,1113,4623,1148,4604,1147
4633,1113,4671,1114,4670,1149,4632,1148
2950,1136,2947,1131,2968,1119,2971,1124
2950,1170,2950,1164,2975,1164,2975,1170
3804,1171,3923,1171,3923,1202,3804,1202
3934,1171,3942,1171,3942,1202,3934,1202
4573,1178,4589,1178,4589,1200,4573,1200
4592,1178,4597,1178,4597,1200,4592,1200
4598,1178,4622,1178,4622,1200,4598,1200
4630,1178,4667,1178,4667,1200,4630,1200
2950,1211,2950,1205,2975,1205,2975,1211
1196,1213,1310,1213,1310,1249,1196,1249
2950,1250,2950,1244,2975,1244,2975,1250
3805,1227,3875,1227,3875,1258,3805,1258
3883,1227,3917,1227,3917,1258,3883,1258
3927,1227,3997,1227,3997,1258,3927,1258
4572,1226,4581,1226,4581,1259,4572,1259
4586,1226,4595,1226,4595,1259,4586,1259
4591,1226,4616,1226,4616,1259,4591,1259
4621,1226,4664,1226,4664,1259,4621,1259
2565,1235,2565,1293,2538,1293,2538,1235
2177,1280,2239,1280,2239,1323,2177,1323
3797,1289,3843,1289,3843,1314,3797,1314
4576,1287,4584,1287,4584,1316,4576,1316
4585,1287,4593,1287,4593,1316,4585,1316
4593,1287,4614,1287,4614,1316,4593,1316
4623,1287,4660,1287,4660,1316,4623,1316
1095,1374,1095,1359,1148,1359,1148,1374
3806,1380,3902,1380,3902,1414,3806,1414
3918,1380,4068,1380,4068,1414,3918,1414
4080,1380,4259,1380,4259,1414,4080,1414
4511,1370,4567,1370,4567,1421,4511,1421
4569,1370,4583,1370,4583,1421,4569,1421
4586,1370,4633,1370,4633,1421,4586,1421
4647,1370,4723,1370,4723,1421,4647,1421
3804,1479,3896,1479,3896,1510,3804,1510
4574,1483,4580,1483,4580,1506,4574,1506
4586,1483,4592,1483,4592,1506,4586,1506
4594,1483,4615,1483,4615,1506,4594,1506
4624,1483,4662,1483,4662,1506,4624,1506
1071,1511,1072,1497,1121,1500,1120,1514
3810,1566,3899,1566,3899,1600,3810,1600
3918,1566,4058,1566,4058,1600,3918,1600
4073,1566,4233,1566,4233,1600,4073,1600
4515,1567,4557,1567,4557,1613,4515,1613
4569,1567,4582,1567,4582,1613,4569,1613
4585,1567,4627,1567,4627,1613,4585,1613
4644,1567,4720,1567,4720,1613,4644,1613
2650,1604,2650,1608,2633,1607,2633,1603
2648,1626,2648,1630,2631,1629,2631,1625
2135,1595,2135,1600,2116,1600,2116,1595
2135,1617,2135,1622,2116,1622,2116,1617
2135,1639,2135,1644,2116,1644,2116,1639
2135,1661,2135,1666,2116,1666,2116,1661
2135,1674,2135,1691,2116,1691,2116,1674
2164,1579,2163,1621,2142,1620,2143,1578
2162,1651,2162,1656,2142,1656,2142,1651
2400,1624,2400,1627,2386,1627,2386,1624
2400,1630,2400,1633,2386,1633,2386,1630
2400,1634,2400,1637,2386,1637,2386,1634
2400,1642,2400,1645,2386,1645,2386,1642
2647,1647,2647,1651,2630,1650,2630,1646
2071,1644,2072,1648,2055,1650,2054,1646
2072,1651,2073,1655,2056,1657,2055,1653
2073,1657,2074,1661,2057,1663,2056,1659
1988,1649,1999,1651,1993,1690,1982,1688
2033,1656,2044,1658,2038,1697,2027,1695
2438,1684,2441,1644,2472,1646,2469,1686
2443,1684,2445,1647,2457,1648,2455,1685
2646,1669,2646,1673,2629,1672,2629,1668
2082,1664,2093,1666,2087,1705,2076,1703
2275,1659,2332,1654,2336,1696,2279,1701
2331,1654,2342,1653,2346,1694,2335,1695
2208,1665,2219,1664,2223,1705,2212,1706
2644,1692,2644,1696,2627,1695,2627,1691
1058,1749,1062,1677,1111,1680,1107,1752
1860,1688,1963,1683,1965,1717,1862,1722
2642,1721,2642,1725,2625,1724,2625,1720
2435,1739,2436,1731,2466,1733,2466,1741
2360,1686,2369,1686,2369,1721,2360,1721
2378,1686,2387,1686,2387,1721,2378,1721
2414,1686,2423,1686,2423,1721,2414,1721
2455,1686,2541,1686,2541,1721,2455,1721
2290,1724,2296,1724,2296,1747,2290,1747
2343,1723,2349,1723,2349,1746,2343,1746
2395,1721,2401,1721,2401,1744,2395,1744
2448,1720,2454,1720,2454,1743,2448,1743
2194,1774,2344,1768,2345,1803,2195,1809
1854,1799,1854,1771,1870,1771,1870,1799
2194,1818,2289,1813,2292,1871,2197,1876
2323,1810,2458,1802,2461,1861,2326,1869
2449,1804,2617,1794,2620,1852,2452,1862
3758,1893,3814,1893,3814,1910,3758,1910
3819,1892,3839,1892,3839,1909,3819,1909
3846,1892,3873,1892,3873,1909,3846,1909
3879,1892,3921,1892,3921,1909,3879,1909
3926,1892,3930,1892,3930,1909,3926,1909
3936,1891,3940,1891,3940,1908,3936,1908
3940,1891,3944,1891,3944,1908,3940,1908
3944,1891,3960,1891,3960,1908,3944,1908
3966,1891,3978,1891,3978,1908,3966,1908
3983,1891,3997,1891,3997,1908,3983,1908
4101,1883,4121,1883,4121,1913,4101,1913
4150,1891,4152,1891,4152,1902,4150,1902
4158,1891,4180,1891,4180,1902,4158,1902
4183,1891,4195,1891,4195,1902,4183,1902
4201,1891,4236,1891,4236,1902,4201,1902
4239,1891,4255,1891,4255,1902,4239,1902
4261,1891,4263,1891,4263,1902,4261,1902
4271,1891,4273,1891,4273,1902,4271,1902
4275,1891,4277,1891,4277,1902,4275,1902
4278,1891,4294,1891,4294,1902,4278,1902
4302,1891,4312,1891,4312,1902,4302,1902
4317,1891,4330,1891,4330,1902,4317,1902
4538,1892,4594,1892,4594,1903,4538,1903
3759,1934,3813,1934,3813,1947,3759,1947
3817,1934,3846,1934,3846,1947,3817,1947
3852,1934,3893,1934,3893,1947,3852,1947
3898,1934,3901,1934,3901,1947,3898,1947
3908,1934,3911,1934,3911,1947,3908,1947
3912,1934,3915,1934,3915,1947,3912,1947
3916,1934,3930,1934,3930,1947,3916,1947
3940,1934,3949,1934,3949,1947,3940,1947
3955,1934,3968,1934,3968,1947,3955,1947
4150,1931,4152,1931,4152,1941,4150,1941
4158,1931,4178,1931,4178,1941,4158,1941
4183,1931,4195,1931,4195,1941,4183,1941
4199,1931,4234,1931,4234,1941,4199,1941
4241,1931,4255,1931,4255,1941,4241,1941
4261,1931,4263,1931,4263,1941,4261,1941
4271,1931,4273,1931,4273,1941,4271,1941
4275,1931,4277,1931,4277,1941,4275,1941
4279,1931,4294,1931,4294,1941,4279,1941
4302,1931,4312,1931,4312,1941,4302,1941
4317,1931,4330,1931,4330,1941,4317,1941
4334,1931,4336,1931,4336,1941,4334,1941
4149,1943,4151,1943,4151,1954,4149,1954
4154,1943,4156,1943,4156,1954,4154,1954
4157,1943,4173,1943,4173,1954,4157,1954
4181,1943,4203,1943,4203,1954,4181,1954
4207,1943,4219,1943,4219,1954,4207,1954
4224,1943,4261,1943,4261,1954,4224,1954
4539,1934,4569,1934,4569,1946,4539,1946
4575,1934,4597,1934,4597,1946,4575,1946
3675,1912,3675,1890,3706,1890,3706,1912
3675,1954,3675,1931,3706,1931,3706,1954
3675,2000,3675,1972,3706,1972,3706,2000
3675,2039,3675,2031,3706,2031,3706,2039
3758,1978,3812,1978,3812,1990,3758,1990
3818,1978,3837,1978,3837,1990,3818,1990
3844,1978,3873,1978,3873,1990,3844,1990
3879,1978,3920,1978,3920,1990,3879,1990
3927,1978,3929,1978,3929,1990,3927,1990
3937,1978,3939,1978,3939,1990,3937,1990
3941,1978,3943,1978,3943,1990,3941,1990
3944,1978,3960,1978,3960,1990,3944,1990
3967,1978,3978,1978,3978,1990,3967,1990
3983,1978,3997,1978,3997,1990,3983,1990
1458,1967,1573,1967,1573,2017,1458,2017
4148,1983,4170,1983,4170,1994,4148,1994
4176,1983,4186,1983,4186,1994,4176,1994
4191,1983,4226,1983,4226,1994,4191,1994
4231,1983,4266,1983,4266,1994,4231,1994
4537,1984,4577,1984,4577,1997,4537,1997
4584,1984,4587,1984,4587,1997,4584,1997
4592,1984,4626,1984,4626,1997,4592,1997
4631,1984,4651,1984,4651,1997,4631,1997
3758,2018,3812,2018,3812,2030,3758,2030
3816,2018,3838,2018,3838,2030,3816,2030
3844,2018,3853,2018,3853,2030,3844,2030
3859,2018,3867,2018,3867,2030,3859,2030
3871,2018,3894,2018,3894,2030,3871,2030
3900,2018,3902,2018,3902,2030,3900,2030
3910,2018,3912,2018,3912,2030,3910,2030
3914,2018,3916,2018,3916,2030,3914,2030
3917,2018,3933,2018,3933,2030,3917,2030
3940,2018,3951,2018,3951,2030,3940,2030
3956,2018,3970,2018,3970,2030,3956,2030
4147,2018,4171,2018,4171,2031,4147,2031
4177,2018,4187,2018,4187,2031,4177,2031
4189,2018,4192,2018,4192,2031,4189,2031
4192,2018,4204,2018,4204,2031,4192,2031
4207,2018,4210,2018,4210,2031,4207,2031
4212,2018,4229,2018,4229,2031,4212,2031
4235,2018,4238,2018,4238,2031,4235,2031
4243,2018,4246,2018,4246,2031,4243,2031
4249,2018,4252,2018,4252,2031,4249,2031
4253,2018,4267,2018,4267,2031,4253,2031
4276,2018,4285,2018,4285,2031,4276,2031
4293,2018,4306,2018,4306,2031,4293,2031
4538,2027,4565,2027,4565,2037,4538,2037
4567,2027,4619,2027,4619,2037,4567,2037
2207,2040,2245,2039,2246,2057,2208,2058
2298,2037,2302,2037,2303,2054,2299,2054
2338,2036,2342,2036,2343,2053,2339,2053
2214,2065,2237,2066,2236,2082,2213,2081
2246,2066,2262,2067,2261,2083,2245,2082
3758,2062,3812,2062,3812,2075,3758,2075
3817,2062,3838,2062,3838,2075,3817,2075
3844,2062,3853,2062,3853,2075,3844,2075
3858,2062,3919,2062,3919,2075,3858,2075
3926,2062,3940,2062,3940,2075,3926,2075
3946,2062,3986,2062,3986,2075,3946,2075
4149,2061,4170,2061,4170,2073,4149,2073
4175,2061,4197,2061,4197,2073,4175,2073
4205,2061,4207,2061,4207,2073,4205,2073
4213,2061,4215,2061,4215,2073,4213,2073
4218,2061,4220,2061,4220,2073,4218,2073
4221,2061,4236,2061,4236,2073,4221,2073
4246,2061,4254,2061,4254,2073,4246,2073
4263,2061,4274,2061,4274,2073,4263,2073
4537,2064,4592,2064,4592,2078,4537,2078
4597,2064,4638,2064,4638,2078,4597,2078
4642,2064,4659,2064,4659,2078,4642,2078
4663,2064,4707,2064,4707,2078,4663,2078
4711,2064,4721,2064,4721,2078,4711,2078
4727,2064,4769,2064,4769,2078,4727,2078
1038,2136,1041,2080,1090,2083,1087,2139
3757,2102,3806,2102,3806,2115,3757,2115
3810,2102,3813,2102,3813,2115,3810,2115
3814,2102,3834,2102,3834,2115,3814,2115
3839,2102,3866,2102,3866,2115,3839,2115
3873,2102,3892,2102,3892,2115,3873,2115
3898,2102,3920,2102,3920,2115,3898,2115
3924,2102,3937,2102,3937,2115,3924,2115
3941,2102,3987,2102,3987,2115,3941,2115
3990,2102,3993,2102,3993,2115,3990,2115
3758,2115,3810,2115,3810,2126,3758,2126
3814,2115,3828,2115,3828,2126,3814,2126
3833,2115,3855,2115,3855,2126,3833,2126
4147,2108,4171,2108,4171,2121,4147,2121
4175,2108,4199,2108,4199,2121,4175,2121
4204,2108,4207,2108,4207,2121,4204,2121
4214,2108,4217,2108,4217,2121,4214,2121
4218,2108,4221,2108,4221,2121,4218,2121
4222,2108,4236,2108,4236,2121,4222,2121
4246,2108,4255,2108,4255,2121,4246,2121
4262,2108,4274,2108,4274,2121,4262,2121
4538,2104,4557,2104,4557,2118,4538,2118
4562,2104,4610,2104,4610,2118,4562,2118
4614,2104,4617,2104,4617,2118,4614,2118
4618,2104,4621,2104,4621,2118,4618,2118
4621,2104,4665,2104,4665,2118,4621,2118
4670,2104,4680,2104,4680,2118,4670,2118
4684,2104,4723,2104,4723,2118,4684,2118
2278,2118,2349,2122,2348,2140,2277,2136
2266,2134,2301,2136,2300,2154,2265,2152
2305,2136,2321,2137,2320,2155,2304,2154
2331,2138,2335,2138,2334,2155,2330,2155
2344,2139,2356,2140,2355,2158,2343,2157
3757,2150,3796,2150,3796,2163,3757,2163
3800,2150,3812,2150,3812,2163,3800,2163
3817,2150,3846,2150,3846,2163,3817,2163
3850,2150,3856,2150,3856,2163,3850,2163
4148,2144,4171,2144,4171,2157,4148,2157
4174,2144,4186,2144,4186,2157,4174,2157
4190,2144,4227,2144,4227,2157,4190,2157
4232,2144,4247,2144,4247,2157,4232,2157
4253,2144,4302,2144,4302,2157,4253,2157
4307,2144,4330,2144,4330,2157,4307,2157
4538,2151,4573,2151,4573,2163,4538,2163
4578,2151,4622,2151,4622,2163,4578,2163
1972,2210,1973,2205,1992,2208,1992,2213
1973,2200,1974,2195,1993,2198,1993,2203
1974,2193,1975,2188,1994,2191,1994,2196
1976,2181,1977,2176,1996,2179,1996,2184
4148,2184,4171,2184,4171,2197,4148,2197
4174,2184,4186,2184,4186,2197,4174,2197
4190,2184,4227,2184,4227,2197,4190,2197
4232,2184,4247,2184,4247,2197,4232,2197
4253,2184,4302,2184,4302,2197,4253,2197
4308,2184,4328,2184,4328,2197,4308,2197
4335,2184,4374,2184,4374,2197,4335,2197
3757,2192,3780,2192,3780,2206,3757,2206
3785,2192,3823,2192,3823,2206,3785,2206
2358,2184,2411,2184,2411,2215,2358,2215
1993,2240,1994,2219,2014,2220,2013,2241
1995,2207,1996,2181,2016,2182,2015,2208
4534,2189,4580,2189,4580,2201,4534,2201
4585,2189,4631,2189,4631,2201,4585,2201
4635,2189,4687,2189,4687,2201,4635,2201
4690,2189,4702,2189,4702,2201,4690,2201
4706,2189,4733,2189,4733,2201,4706,2201
4535,2203,4606,2203,4606,2214,4535,2214
4148,2225,4171,2225,4171,2238,4148,2238
4174,2225,4186,2225,4186,2238,4174,2238
4190,2225,4227,2225,4227,2238,4190,2238
4232,2225,4247,2225,4247,2238,4232,2238
4253,2225,4302,2225,4302,2238,4253,2238
4308,2225,4328,2225,4328,2238,4308,2238
4336,2225,4358,2225,4358,2238,4336,2238
3757,2234,3790,2234,3790,2247,3757,2247
3793,2234,3829,2234,3829,2247,3793,2247
3833,2234,3842,2234,3842,2247,3833,2247
3849,2234,3888,2234,3888,2247,3849,2247
4467,2229,4487,2229,4487,2241,4467,2241
4537,2234,4566,2234,4566,2248,4537,2248
4571,2234,4611,2234,4611,2248,4571,2248
4617,2234,4661,2234,4661,2248,4617,2248
1463,2218,1527,2218,1527,2255,1463,2255
1461,2262,1472,2262,1472,2302,1461,2302
1482,2262,1493,2262,1493,2302,1482,2302
1495,2262,1533,2262,1533,2302,1495,2302
2299,2265,2367,2265,2367,2305,2299,2305
3757,2282,3790,2282,3790,2295,3757,2295
3793,2282,3829,2282,3829,2295,3793,2295
3833,2282,3845,2282,3845,2295,3833,2295
3849,2282,3882,2282,3882,2295,3849,2295
4148,2271,4172,2271,4172,2286,4148,2286
4177,2271,4193,2271,4193,2286,4177,2286
4198,2271,4229,2271,4229,2286,4198,2286
4234,2271,4245,2271,4245,2286,4234,2286
4249,2271,4284,2271,4284,2286,4249,2286
4091,2273,4104,2273,4104,2290,4091,2290
4439,2276,4482,2276,4482,2295,4439,2295
4519,2276,4524,2276,4524,2295,4519,2295
4538,2276,4585,2276,4585,2295,4538,2295
1977,2296,1977,2299,1963,2298,1963,2295
4108,2315,4134,2315,4134,2322,4108,2322
2298,2307,2308,2308,2306,2346,2296,2345
2318,2308,2328,2309,2326,2347,2316,2346
2330,2309,2366,2311,2364,2349,2328,2347
3758,2325,3803,2325,3803,2336,3758,2336
3808,2325,3830,2325,3830,2336,3808,2336
3834,2325,3859,2325,3859,2336,3834,2336
3864,2325,3919,2325,3919,2336,3864,2336
4148,2325,4163,2325,4163,2338,4148,2338
4172,2325,4181,2325,4181,2338,4172,2338
4189,2325,4218,2325,4218,2338,4189,2338
4223,2325,4243,2325,4243,2338,4223,2338
4247,2325,4313,2325,4313,2338,4247,2338
4316,2325,4338,2325,4338,2338,4316,2338
4343,2325,4353,2325,4353,2338,4343,2338
4358,2325,4400,2325,4400,2338,4358,2338
1974,2336,1974,2339,1960,2338,1960,2335
3759,2366,3781,2366,3781,2379,3759,2379
3786,2366,3795,2366,3795,2379,3786,2379
3802,2366,3837,2366,3837,2379,3802,2379
3841,2366,3856,2366,3856,2379,3841,2379
3862,2366,3865,2366,3865,2379,3862,2379
3870,2366,3873,2366,3873,2379,3870,2379
3876,2366,3879,2366,3879,2379,3876,2379
3879,2366,3895,2366,3895,2379,3879,2379
3903,2366,3912,2366,3912,2379,3903,2379
3919,2366,3932,2366,3932,2379,3919,2379
4148,2365,4162,2365,4162,2377,4148,2377
4170,2365,4191,2365,4191,2377,4170,2377
4197,2365,4262,2365,4262,2377,4197,2377
4265,2365,4302,2365,4302,2377,4265,2377
4307,2365,4334,2365,4334,2377,4307,2377
4341,2365,4346,2365,4346,2377,4341,2377
1972,2377,1972,2380,1958,2379,1958,2376
2248,2393,2366,2393,2366,2435,2248,2435
1969,2416,1969,2419,1955,2418,1955,2415
1008,2689,1019,2471,1070,2474,1059,2692
1021,2464,1022,2450,1071,2453,1070,2467
1022,2440,1026,2359,1075,2362,1071,2443
1027,2346,1031,2265,1080,2268,1076,2349
2030,2489,2033,2415,2051,2416,2048,2490
2046,2502,2048,2467,2065,2468,2063,2503
2048,2461,2049,2443,2066,2444,2065,2462
2049,2436,2049,2432,2065,2433,2065,2437
2050,2426,2051,2410,2067,2411,2066,2427
1967,2456,1967,2459,1953,2458,1953,2455
2090,2511,2090,2502,2125,2502,2125,2511
2090,2491,2090,2435,2125,2435,2125,2491
3682,2458,3738,2458,3738,2490,3682,2490
3753,2458,3789,2458,3789,2490,3753,2490
3802,2458,3913,2458,3913,2490,3802,2490
3930,2458,3959,2458,3959,2490,3930,2490
3975,2458,4112,2458,4112,2490,3975,2490
4117,2458,4185,2458,4185,2490,4117,2490
4196,2458,4204,2458,4204,2490,4196,2490
4203,2458,4211,2458,4211,2490,4203,2490
4209,2458,4343,2458,4343,2490,4209,2490
1964,2497,1964,2500,1950,2499,1950,2496
1961,2535,1961,2538,1947,2537,1947,2534
1959,2575,1959,2578,1945,2577,1945,2574
4393,2579,4413,2579,4413,2589,4393,2589
4392,2591,4406,2586,4410,2597,4395,2601
4383,2606,4391,2606,4391,2616,4383,2616
4394,2606,4396,2606,4396,2616,4394,2616
4397,2606,4405,2606,4405,2616,4397,2616
4409,2606,4424,2606,4424,2616,4409,2616
1956,2616,1956,2619,1942,2618,1942,2615
1469,2618,1527,2618,1527,2637,1469,2637
1971,2646,1971,2614,1989,2614,1989,2646
1954,2656,1954,2659,1940,2658,1940,2655
1951,2695,1951,2698,1937,2697,1937,2694
1604,2698,1656,2699,1655,2734,1603,2733
1661,2699,1670,2699,1669,2733,1660,2733
1804,2703,1887,2705,1886,2739,1803,2737
4244,2738,4265,2739,4265,2750,4244,2749
4245,2747,4261,2747,4261,2761,4245,2761
4233,2765,4242,2765,4242,2775,4233,2775
4244,2765,4246,2765,4246,2775,4244,2775
4247,2765,4255,2765,4255,2775,4247,2775
4260,2765,4275,2765,4275,2775,4260,2775
1465,2791,1473,2791,1473,2822,1465,2822
1615,2791,1624,2791,1622,2825,1613,2825
1632,2792,1641,2792,1639,2826,1630,2826
1643,2792,1652,2792,1650,2826,1641,2826
1660,2793,1669,2793,1667,2827,1658,2827
1706,2795,1715,2795,1713,2829,1704,2829
1800,2800,1809,2800,1807,2834,1798,2834
1849,2802,1858,2802,1856,2836,1847,2836
4436,2821,4436,2820,4444,2824,4443,2824
1898,2804,1907,2804,1905,2838,1896,2838
1937,2806,1946,2806,1944,2840,1935,2840
4432,2831,4442,2831,4442,2842,4432,2842
4444,2831,4446,2831,4446,2842,4444,2842
4446,2831,4454,2831,4454,2842,4446,2842
4458,2831,4474,2831,4474,2842,4458,2842
4163,2943,4184,2943,4184,2953,4163,2953
4166,2953,4182,2953,4182,2967,4166,2967
4155,2968,4165,2968,4165,2980,4155,2980
4166,2968,4168,2968,4168,2980,4166,2980
4169,2968,4177,2968,4177,2980,4169,2980
4181,2968,4196,2968,4196,2980,4181,2980
4284,3010,4284,3015,4273,3015,4273,3010
3924,3014,3945,3014,3945,3024,3924,3024
3927,3022,3943,3022,3943,3037,3927,3037
3916,3041,3926,3041,3926,3052,3916,3052
3928,3041,3930,3041,3930,3052,3928,3052
3930,3041,3938,3041,3938,3052,3930,3052
3942,3041,3958,3041,3958,3052,3942,3052
4452,3041,4473,3041,4473,3051,4452,3051
4453,3052,4470,3052,4470,3065,4453,3065
4444,3067,4452,3067,4452,3077,4444,3077
4454,3067,4456,3067,4456,3077,4454,3077
4457,3067,4465,3067,4465,3077,4457,3077
4470,3067,4485,3067,4485,3077,4470,3077
2395,3078,2398,3078,2398,3092,2395,3092
2434,3079,2437,3079,2437,3093,2434,3093
2343,3094,2343,3088,2368,3088,2368,3094
2475,3080,2478,3080,2478,3094,2475,3094
2515,3081,2518,3081,2518,3095,2515,3095
4203,3097,4223,3097,4223,3109,4203,3109
4203,3108,4220,3107,4221,3121,4204,3122
2343,3136,2343,3130,2368,3130,2368,3136
140,3124,171,3124,171,3158,140,3158
2353,3120,2359,3120,2359,3144,2353,3144
247,3124,256,3124,256,3158,247,3158
261,3124,270,3124,270,3158,261,3158
268,3124,277,3124,277,3158,268,3158
2395,3119,2401,3119,2401,3143,2395,3143
2438,3119,2444,3119,2444,3143,2438,3143
2478,3118,2484,3118,2484,3142,2478,3142
2598,3116,2604,3116,2604,3140,2598,3140
2518,3117,2524,3117,2524,3141,2518,3141
4194,3124,4202,3124,4202,3136,4194,3136
4205,3124,4207,3124,4207,3136,4205,3136
4206,3124,4216,3124,4216,3136,4206,3136
4220,3124,4235,3124,4235,3136,4220,3136
2558,3117,2564,3117,2564,3141,2558,3141
842,3151,842,3146,863,3146,863,3151
1091,3125,1097,3125,1099,3193,1093,3193
842,3180,842,3175,863,3175,863,3180
1866,3180,1960,3183,1959,3218,1865,3215
1975,3183,2095,3186,2094,3221,1974,3218
2164,3159,2244,3159,2244,3188,2164,3188
2147,3188,2270,3192,2269,3227,2146,3223
3872,3166,4095,3169,4094,3211,3871,3208
4102,3170,4273,3173,4272,3215,4101,3212
4290,3173,4301,3173,4300,3214,4289,3214
2398,3191,2462,3191,2462,3223,2398,3223
2469,3191,2562,3191,2562,3223,2469,3223
2739,3194,2834,3194,2834,3217,2739,3217
3347,3175,3439,3175,3439,3206,3347,3206
3270,3209,3373,3209,3373,3241,3270,3241
3385,3209,3446,3209,3446,3241,3385,3241
3462,3209,3503,3209,3503,3241,3462,3241
3005,3191,3065,3191,3065,3222,3005,3222
3074,3191,3082,3191,3082,3222,3074,3222
3084,3191,3170,3191,3170,3222,3084,3222
153,3272,157,3272,157,3290,153,3290
159,3272,218,3272,218,3290,159,3290
151,3294,184,3294,184,3315,151,3315
192,3294,265,3294,265,3315,192,3315
272,3294,364,3294,364,3315,272,3315
373,3294,388,3294,388,3315,373,3315
394,3294,468,3294,468,3315,394,3315
478,3294,560,3294,560,3315,478,3315
571,3294,609,3294,609,3315,571,3315
615,3294,747,3294,747,3315,615,3315
750,3294,755,3294,755,3315,750,3315
760,3294,813,3294,813,3315,760,3315
823,3294,853,3294,853,3315,823,3315
861,3294,934,3294,934,3315,861,3315
946,3294,980,3294,980,3315,946,3315
990,3294,1075,3294,1075,3315,990,3315
1085,3294,1126,3294,1126,3315,1085,3315
1132,3294,1147,3294,1147,3315,1132,3315
1156,3294,1218,3294,1218,3315,1156,3315
1228,3294,1258,3294,1258,3315,1228,3315
1266,3294,1321,3294,1321,3315,1266,3315
1329,3294,1348,3294,1348,3315,1329,3315
1357,3294,1372,3294,1372,3315,1357,3315
1385,3294,1400,3294,1400,3315,1385,3315
1412,3294,1469,3294,1469,3315,1412,3315
1469,3294,1474,3294,1474,3315,1469,3315
1483,3294,1510,3294,1510,3315,1483,3315
1518,3294,1541,3294,1541,3315,1518,3315
1550,3294,1594,3294,1594,3315,1550,3315
1604,3294,1623,3294,1623,3315,1604,3315
1633,3294,1677,3294,1677,3315,1633,3315
1684,3294,1707,3294,1707,3315,1684,3315
1717,3294,1783,3294,1783,3315,1717,3315
1785,3294,1819,3294,1819,3315,1785,3315
1823,3294,1970,3294,1970,3315,1823,3315
1972,3294,1999,3294,1999,3315,1972,3315
2005,3294,2100,3294,2100,3315,2005,3315
2103,3294,2108,3294,2108,3315,2103,3315
2115,3294,2175,3294,2175,3315,2115,3315
2178,3294,2183,3294,2183,3315,2178,3315
2189,3294,2223,3294,2223,3315,2189,3315
2232,3294,2307,3294,2307,3315,2232,3315
2307,3294,2312,3294,2312,3315,2307,3315
2322,3294,2436,3294,2436,3315,2322,3315
2437,3294,2442,3294,2442,3315,2437,3315
2449,3294,2555,3294,2555,3315,2449,3315
2563,3294,2582,3294,2582,3315,2563,3315
2592,3294,2703,3294,2703,3315,2592,3315
2706,3294,2711,3294,2711,3315,2706,3315
2720,3294,2796,3294,2796,3315,2720,3315
2798,3294,2803,3294,2803,3315,2798,3315
2812,3294,2876,3294,2876,3315,2812,3315
2882,3294,2912,3294,2912,3315,2882,3315
2920,3294,3000,3294,3000,3315,2920,3315
3008,3294,3046,3294,3046,3315,3008,3315
3051,3294,3110,3294,3110,3315,3051,3315
3113,3294,3118,3294,3118,3315,3113,3315
3121,3294,3137,3294,3137,3315,3121,3315
3148,3294,3159,3294,3159,3315,3148,3315
3171,3294,3210,3294,3210,3315,3171,3315
3216,3294,3221,3294,3221,3315,3216,3315
3229,3294,3258,3294,3258,3315,3229,3315
3269,3294,3337,3294,3337,3315,3269,3315
3339,3294,3344,3294,3344,3315,3339,3315
3347,3294,3363,3294,3363,3315,3347,3315
3370,3294,3508,3294,3508,3315,3370,3315
152,3314,217,3314,217,3339,152,3339
223,3314,246,3314,246,3339,223,3339
253,3314,281,3314,281,3339,253,3339
289,3314,369,3314,369,3339,289,3339
381,3314,424,3314,424,3339,381,3339
429,3314,527,3314,527,3339,429,3339
537,3314,543,3314,543,3339,537,3339
546,3314,552,3314,552,3339,546,3339
552,3314,615,3314,615,3339,552,3339
625,3314,639,3314,639,3339,625,3339
651,3314,718,3314,718,3339,651,3339
728,3314,757,3314,757,3339,728,3339
765,3314,858,3314,858,3339,765,3339
866,3314,923,3314,923,3339,866,3339
930,3314,953,3314,953,3339,930,3339
960,3314,1053,3314,1053,3339,960,3339
1064,3314,1082,3314,1082,3339,1064,3339
1086,3314,1183,3314,1183,3339,1086,3339
1191,3314,1220,3314,1220,3339,1191,3339
1228,3314,1274,3314,1274,3339,1228,3339
1285,3314,1291,3314,1291,3339,1285,3339
1293,3314,1299,3314,1299,3339,1293,3339
1301,3314,1338,3314,1338,3339,1301,3339
1340,3314,1346,3314,1346,3339,1340,3339
1351,3314,1456,3314,1456,3339,1351,3339
1462,3314,1490,3314,1490,3339,1462,3339
1495,3314,1616,3314,1616,3339,1495,3339
1623,3314,1662,3314,1662,3339,1623,3339
1667,3314,1776,3314,1776,3339,1667,3339
1785,3314,1791,3314,1791,3339,1785,3339
1792,3314,1798,3314,1798,3339,1792,3339
1801,3314,1830,3314,1830,3339,1801,3339
1839,3314,1927,3314,1927,3339,1839,3339
1935,3314,1941,3314,1941,3339,1935,3339
1953,3314,1971,3314,1971,3339,1953,3339
1980,3314,2013,3314,2013,3339,1980,3339
2023,3314,2041,3314,2041,3339,2023,3339
2050,3314,2117,3314,2117,3339,2050,3339
2126,3314,2149,3314,2149,3339,2126,3339
2154,3314,2160,3314,2160,3339,2154,3339
2159,3314,2165,3314,2165,3339,2159,3339
2167,3314,2214,3314,2214,3339,2167,3339
2219,3314,2306,3314,2306,3339,2219,3339
2310,3314,2316,3314,2316,3339,2310,3339
2322,3314,2351,3314,2351,3339,2322,3339
2357,3314,2451,3314,2451,3339,2357,3339
2461,3314,2556,3314,2556,3339,2461,3339
2557,3314,2563,3314,2563,3339,2557,3339
2569,3314,2702,3314,2702,3339,2569,3339
2710,3314,2728,3314,2728,3339,2710,3339
2738,3314,2871,3314,2871,3339,2738,3339
2871,3314,2877,3314,2877,3339,2871,3339
2884,3314,2917,3314,2917,3339,2884,3339
2926,3314,2940,3314,2940,3339,2926,3339
2951,3314,2969,3314,2969,3339,2951,3339
2980,3314,3008,3314,3008,3339,2980,3339
3011,3314,3093,3314,3093,3339,3011,3339
3101,3314,3122,3314,3122,3339,3101,3339
3134,3314,3233,3314,3233,3339,3134,3339
3239,3314,3287,3314,3287,3339,3239,3339
3287,3314,3293,3314,3293,3339,3287,3339
3298,3314,3323,3314,3323,3339,3298,3339
3330,3314,3405,3314,3405,3339,3330,3339
3410,3314,3416,3314,3416,3339,3410,3339
3420,3314,3445,3314,3445,3339,3420,3339
152,3340,220,3340,220,3361,152,3361
224,3340,229,3340,229,3361,224,3361
232,3340,259,3340,259,3361,232,3361
267,3340,312,3340,312,3361,267,3361
317,3340,322,3340,322,3361,317,3361
331,3340,361,3340,361,3361,331,3361
366,3340,391,3340,391,3361,366,3361
401,3340,513,3340,513,3361,401,3361
523,3340,538,3340,538,3361,523,3361
543,3340,576,3340,576,3361,543,3361
583,3340,721,3340,721,3361,583,3361
722,3340,727,3340,727,3361,722,3361
730,3340,753,3340,753,3361,730,3361
759,3340,827,3340,827,3361,759,3361
829,3340,834,3340,834,3361,829,3361
840,3340,845,3340,845,3361,840,3361
844,3340,849,3340,849,3361,844,3361
850,3340,970,3340,970,3361,850,3361
975,3340,994,3340,994,3361,975,3361
996,3340,1019,3340,1019,3361,996,3361
1031,3340,1131,3340,1131,3361,1031,3361
1138,3340,1168,3340,1168,3361,1138,3361
1176,3340,1280,3340,1280,3361,1176,3361
1293,3340,1332,3340,1332,3361,1293,3361
1334,3340,1443,3340,1443,3361,1334,3361
1454,3340,1459,3340,1459,3361,1454,3361
1463,3340,1468,3340,1468,3361,1463,3361
1469,3340,1497,3340,1497,3361,1469,3361
1502,3340,1579,3340,1579,3361,1502,3361
1584,3340,1589,3340,1589,3361,1584,3361
3660,3294,3748,3294,3748,3332,3660,3332
3762,3294,3772,3294,3772,3332,3762,3332
3796,3294,3825,3294,3825,3332,3796,3332
3832,3294,3842,3294,3842,3332,3832,3332
3851,3294,3878,3294,3878,3332,3851,3332
3887,3294,3897,3294,3897,3332,3887,3332
3901,3294,3969,3294,3969,3332,3901,3332
4275,3292,4389,3292,4389,3332,4275,3332
4403,3292,4414,3292,4414,3332,4403,3332
4476,3292,4487,3292,4487,3332,4476,3332
