4015,170,4299,170,4299,228,4015,228
4019,226,4297,226,4297,284,4019,284
4106,374,4112,374,4112,398,4106,398
4120,374,4155,374,4155,398,4120,398
4164,374,4186,374,4186,398,4164,398
4196,374,4243,374,4243,398,4196,398
4256,374,4262,374,4262,398,4256,398
4273,374,4361,374,4361,398,4273,398
4130,406,4189,406,4189,429,4130,429
4204,406,4256,406,4256,429,4204,429
4262,406,4319,406,4319,429,4262,429
302,486,649,247,699,321,352,559
4156,472,4302,472,4302,551,4156,551
3967,588,4042,588,4042,631,3967,631
4051,588,4191,588,4191,631,4051,631
4205,588,4217,588,4217,631,4205,631
4221,588,4295,588,4295,631,4221,631
4313,588,4374,588,4374,631,4313,631
4392,588,4497,588,4497,631,4392,631
4112,632,4221,632,4221,679,4112,679
4238,632,4353,632,4353,679,4238,679
3956,690,4033,690,4033,728,3956,728
4037,690,4085,690,4085,728,4037,728
4093,690,4103,690,4103,728,4093,728
4259,687,4347,687,4347,729,4259,729
4361,687,4372,687,4372,729,4361,729
3952,746,4038,746,4038,783,3952,783
4231,746,4241,746,4241,784,4231,784
4246,746,4289,746,4289,784,4246,784
3651,694,3835,694,3835,725,3651,725
3849,694,3857,694,3857,725,3849,725
4547,692,4675,692,4675,730,4547,730
4695,692,4705,692,4705,730,4695,730
4543,747,4616,744,4618,779,4545,782
1831,802,1831,760,1853,760,1853,802
1926,756,1979,756,1979,793,1926,793
2181,796,2185,761,2218,765,2214,800
2308,773,2397,773,2397,797,2308,797
1923,833,1966,833,1966,858,1923,858
4107,847,4356,847,4356,893,4107,893
1728,866,1728,935,1681,935,1681,866
2163,943,2164,935,2196,939,2195,947
1517,948,1563,948,1563,969,1517,969
3801,935,3898,935,3898,962,3801,962
4575,937,4582,937,4582,964,4575,964
4586,937,4593,937,4593,964,4586,964
4594,937,4614,937,4614,964,4594,964
4624,937,4660,937,4660,964,4624,964
2160,1039,2160,999,2181,999,2181,1039
3804,993,3898,993,3898,1022,3804,1022
3911,993,3919,993,3919,1022,3911,1022
3930,993,4021,993,4021,1022,3930,1022
4567,997,4590,997,4590,1028,4567,1028
4593,997,4601,997,4601,1028,4593,1028
4602,997,4625,997,4625,1028,4602,1028
4630,997,4670,997,4670,1028,4630,1028
2958,1035,3012,1035,3012,1066,2958,1066
2938,1068,2970,1068,2970,1103,2938,1103
2973,1068,2982,1068,2982,1103,2973,1103
2981,1068,3013,1068,3013,1103,2981,1103
3802,1051,3921,1051,3921,1082,3802,1082
3935,1051,3943,1051,3943,1082,3935,1082
4569,1061,4588,1061,4588,1082,4569,1082
4593,1061,4598,1061,4598,1082,4593,1082
4600,1061,4619,1061,4619,1082,4600,1082
4629,1061,4668,1061,4668,1082,4629,1082
3340,1119,3340,1076,3363,1076,3363,1119
3802,1117,3918,1117,3918,1144,3802,1144
3934,1117,3941,1117,3941,1144,3934,1144
4568,1117,4589,1117,4589,1146,4568,1146
4593,1117,4601,1117,4601,1146,4593,1146
4601,1117,4622,1117,4622,1146,4601,1146
4631,1117,4668,1117,4668,1146,4631,1146
2874,1134,2962,1134,2962,1170,2874,1170
2974,1134,2984,1134,2984,1170,2974,1170
2989,1134,3095,1134,3095,1170,2989,1170
3804,1175,3873,1175,3873,1195,3804,1195
3881,1175,3915,1175,3915,1195,3881,1195
3924,1175,3995,1175,3995,1195,3924,1195
1790,1175,1798,1176,1794,1205,1786,1204
1326,1176,1340,1176,1340,1227,1326,1227
1373,1176,1387,1176,1387,1227,1373,1227
1417,1176,1431,1176,1431,1227,1417,1227
1456,1176,1470,1176,1470,1227,1456,1227
1497,1176,1511,1176,1511,1227,1497,1227
1539,1176,1553,1176,1553,1227,1539,1227
1586,1176,1600,1176,1600,1227,1586,1227
4572,1174,4578,1174,4578,1197,4572,1197
4584,1174,4590,1174,4590,1197,4584,1197
4592,1174,4613,1174,4613,1197,4592,1197
4622,1174,4660,1174,4660,1197,4622,1197
1835,1181,1843,1182,1839,1211,1831,1210
1871,1187,1879,1188,1875,1217,1867,1216
2483,1211,2526,1211,2526,1238,2483,1238
2416,1211,2455,1211,2455,1238,2416,1238
2890,1242,2935,1242,2935,1263,2890,1263
3800,1229,3839,1229,3839,1256,3800,1256
4575,1231,4580,1231,4580,1253,4575,1253
4586,1231,4591,1231,4591,1253,4586,1253
4590,1231,4614,1231,4614,1253,4590,1253
4623,1231,4659,1231,4659,1253,4623,1253
2420,1280,2454,1280,2454,1298,2420,1298
2491,1280,2511,1280,2511,1298,2491,1298
3803,1284,3854,1284,3854,1314,3803,1314
4574,1283,4582,1283,4582,1314,4574,1314
4585,1283,4593,1283,4593,1314,4585,1314
4592,1283,4615,1283,4615,1314,4592,1314
4620,1283,4660,1283,4660,1314,4620,1314
2416,1306,2422,1307,2417,1330,2411,1328
2435,1310,2441,1311,2436,1334,2430,1332
2451,1314,2457,1315,2452,1338,2446,1336
2462,1316,2522,1329,2517,1351,2457,1338
2625,1301,2633,1301,2631,1333,2623,1333
2658,1303,2666,1303,2664,1335,2656,1335
2701,1306,2709,1306,2707,1338,2699,1338
2740,1308,2748,1308,2746,1340,2738,1340
2790,1311,2798,1311,2796,1343,2788,1343
2443,1328,2530,1328,2530,1351,2443,1351
2428,1355,2428,1359,2411,1360,2411,1356
1403,1338,1416,1338,1415,1385,1402,1385
1436,1339,1449,1339,1448,1386,1435,1386
1484,1340,1497,1340,1496,1387,1483,1387
1528,1341,1541,1341,1540,1388,1527,1388
1566,1342,1579,1342,1578,1389,1565,1389
1609,1343,1622,1343,1621,1390,1608,1390
1652,1344,1665,1344,1664,1391,1651,1391
2430,1391,2430,1395,2413,1396,2413,1392
3807,1372,3900,1372,3900,1415,3807,1415
3922,1372,4065,1372,4065,1415,3922,1415
4076,1372,4256,1372,4256,1415,4076,1415
4507,1371,4568,1371,4568,1419,4507,1419
4567,1371,4580,1371,4580,1419,4567,1419
4584,1371,4629,1371,4629,1419,4584,1419
4645,1371,4724,1371,4724,1419,4645,1419
2415,1400,2424,1400,2424,1434,2415,1434
2425,1400,2434,1400,2434,1434,2425,1434
2442,1400,2476,1400,2476,1434,2442,1434
1407,1481,1407,1434,1430,1434,1430,1481
1546,1449,1670,1449,1670,1489,1546,1489
1689,1449,1700,1449,1700,1489,1689,1489
2090,1451,2214,1451,2214,1487,2090,1487
2228,1451,2238,1451,2238,1487,2228,1487
2988,1475,2992,1475,2992,1492,2988,1492
2988,1483,2992,1483,2993,1499,2989,1499
1900,1427,1900,1438,1858,1438,1858,1427
1900,1462,1900,1473,1858,1473,1858,1462
1900,1505,1900,1516,1858,1516,1858,1505
1900,1548,1900,1559,1858,1559,1858,1548
3018,1475,3022,1475,3022,1492,3018,1492
3019,1482,3023,1482,3024,1498,3020,1498
3049,1475,3053,1475,3053,1492,3049,1492
3079,1476,3083,1476,3083,1493,3079,1493
3110,1476,3114,1476,3114,1493,3110,1493
3142,1476,3146,1476,3146,1493,3142,1493
3173,1476,3177,1476,3177,1493,3173,1493
3234,1476,3238,1476,3238,1493,3234,1493
3265,1476,3269,1476,3269,1493,3265,1493
3295,1477,3299,1477,3299,1494,3295,1494
3326,1477,3330,1477,3330,1494,3326,1494
3358,1477,3362,1477,3362,1494,3358,1494
2926,1486,2938,1486,2939,1502,2927,1502
2941,1485,2945,1485,2946,1501,2942,1501
2946,1485,2950,1485,2951,1501,2947,1501
2956,1485,2960,1485,2961,1501,2957,1501
2933,1504,2948,1504,2948,1518,2933,1518
2957,1504,2977,1504,2977,1518,2957,1518
4574,1480,4580,1480,4580,1503,4574,1503
4586,1480,4592,1480,4592,1503,4586,1503
4591,1480,4617,1480,4617,1503,4591,1503
4622,1480,4660,1480,4660,1503,4622,1503
3279,1506,3305,1506,3305,1519,3279,1519
2420,1502,2464,1499,2468,1549,2424,1553
2456,1500,2470,1499,2474,1550,2460,1551
3807,1473,3930,1473,3930,1511,3807,1511
3805,1533,3882,1533,3882,1562,3805,1562
4565,1537,4586,1537,4586,1560,4565,1560
4590,1537,4596,1537,4596,1560,4590,1560
4598,1537,4619,1537,4619,1560,4598,1560
4628,1537,4666,1537,4666,1560,4628,1560
1605,1550,1646,1540,1654,1571,1613,1581
1661,1537,1669,1535,1676,1565,1669,1567
3116,1534,3163,1535,3163,1544,3116,1543
3120,1545,3176,1545,3176,1557,3120,1557
3110,1558,3138,1558,3138,1570,3110,1570
3142,1558,3155,1558,3155,1570,3142,1570
3162,1558,3164,1558,3164,1570,3162,1570
3170,1558,3182,1558,3182,1570,3170,1570
3099,1571,3212,1569,3212,1580,3099,1582
2155,1543,2193,1539,2197,1578,2159,1582
1371,1610,1376,1610,1376,1631,1371,1631
1413,1610,1418,1610,1418,1631,1413,1631
1454,1601,1465,1600,1470,1641,1459,1643
1493,1596,1504,1595,1509,1636,1498,1638
1535,1591,1546,1590,1551,1631,1540,1633
1574,1587,1585,1586,1590,1627,1579,1629
2893,1608,2940,1606,2941,1626,2894,1628
3339,1599,3389,1599,3389,1628,3339,1628
2513,1642,2513,1639,2526,1639,2526,1642
3805,1624,3899,1624,3899,1658,3805,1658
3913,1624,4058,1624,4058,1658,3913,1658
4073,1624,4233,1624,4233,1658,4073,1658
4513,1604,4585,1606,4582,1678,4511,1676
4585,1607,4605,1608,4603,1680,4583,1679
4607,1607,4647,1608,4644,1680,4605,1679
4657,1609,4737,1612,4734,1684,4655,1681
2769,1650,2769,1646,2786,1645,2786,1649
2513,1659,2513,1656,2526,1656,2526,1659
2513,1676,2513,1673,2526,1673,2526,1676
2771,1681,2771,1677,2788,1676,2788,1680
2513,1693,2513,1690,2526,1690,2526,1693
2835,1724,2836,1669,2848,1669,2847,1724
2850,1735,2850,1707,2863,1707,2863,1735
2850,1704,2850,1689,2863,1689,2863,1704
2850,1685,2850,1682,2863,1682,2863,1685
2850,1674,2850,1665,2863,1665,2863,1674
2773,1711,2773,1707,2790,1706,2790,1710
3089,1691,3198,1696,3196,1726,3088,1721
2434,1708,2436,1708,2436,1720,2434,1720
2451,1708,2453,1708,2453,1720,2451,1720
2466,1708,2468,1708,2468,1720,2466,1720
2483,1708,2485,1708,2485,1720,2483,1720
2500,1708,2502,1708,2502,1720,2500,1720
3259,1674,3306,1674,3306,1704,3259,1704
3238,1706,3248,1706,3248,1743,3238,1743
3253,1706,3263,1706,3263,1743,3253,1743
3269,1706,3279,1706,3279,1743,3269,1743
3278,1706,3312,1706,3312,1743,3278,1743
2513,1716,2513,1713,2526,1713,2526,1716
3368,1735,3368,1693,3387,1693,3387,1735
2579,1756,2583,1756,2584,1773,2580,1773
2584,1756,2588,1756,2589,1773,2585,1773
2595,1755,2599,1755,2600,1772,2596,1772
2604,1754,2608,1754,2609,1771,2605,1771
2635,1752,2639,1752,2640,1769,2636,1769
2798,1773,2798,1756,2814,1756,2814,1773
2798,1749,2798,1733,2814,1733,2814,1749
2778,1776,2777,1767,2794,1766,2795,1775
2777,1763,2777,1759,2794,1758,2794,1762
2777,1758,2777,1754,2794,1753,2794,1757
2776,1747,2776,1743,2793,1742,2793,1746
1341,1774,1347,1774,1347,1797,1341,1797
1373,1773,1379,1773,1379,1796,1373,1796
1454,1772,1460,1772,1460,1795,1454,1795
1497,1772,1503,1772,1503,1795,1497,1795
1538,1771,1544,1771,1544,1794,1538,1794
1579,1770,1585,1770,1585,1793,1579,1793
1652,1769,1669,1769,1669,1792,1652,1792
1677,1769,1690,1769,1690,1792,1677,1792
1705,1768,1711,1768,1711,1791,1705,1791
1740,1768,1746,1768,1746,1791,1740,1791
1991,1759,1994,1759,1994,1774,1991,1774
1998,1759,2001,1759,2001,1774,1998,1774
2003,1759,2006,1759,2006,1774,2003,1774
2014,1759,2017,1759,2017,1774,2014,1774
1988,1778,2006,1778,2006,1792,1988,1792
2014,1778,2035,1778,2035,1792,2014,1792
2573,1777,2576,1777,2576,1792,2573,1792
2585,1777,2599,1777,2599,1792,2585,1792
3122,1776,3166,1776,3166,1799,3122,1799
1846,1798,1918,1798,1918,1817,1846,1817
1950,1804,1998,1796,2000,1804,1951,1812
2334,1979,2342,1979,2342,2008,2334,2008
2365,1979,2407,1979,2407,2008,2365,2008
2256,2107,2343,2107,2343,2149,2256,2149
3226,2195,3226,2187,3255,2188,3255,2196
1331,2287,1331,2174,1362,2174,1362,2287
3375,2284,3375,2176,3396,2176,3396,2284
2077,2281,2219,2172,2230,2187,2089,2296
3222,2329,3223,2287,3253,2288,3252,2330
350,2499,350,2418,388,2418,388,2499
350,2408,350,2372,388,2372,388,2408
350,2360,350,2229,388,2229,388,2360
1032,2464,1032,2278,1083,2278,1083,2464
1077,2433,1077,2423,1115,2423,1115,2433
1077,2417,1077,2407,1115,2407,1115,2417
1077,2405,1077,2395,1115,2395,1115,2405
1077,2390,1077,2380,1115,2380,1115,2390
1077,2379,1077,2352,1115,2352,1115,2379
1520,2345,1528,2345,1526,2376,1518,2376
442,2578,442,2492,478,2492,478,2578
442,2481,442,2471,478,2471,478,2481
442,2458,442,2346,478,2346,478,2458
442,2340,442,2191,478,2191,478,2340
1586,2348,1696,2355,1694,2386,1584,2380
1700,2352,1864,2352,1864,2389,1700,2389
1859,2352,2037,2352,2037,2389,1859,2389
2086,2352,2291,2352,2291,2389,2086,2389
2319,2352,2383,2352,2383,2389,2319,2389
2394,2352,2523,2352,2523,2389,2394,2389
2602,2353,2611,2353,2611,2388,2602,2388
2623,2353,2632,2353,2632,2388,2623,2388
2645,2353,2683,2353,2683,2388,2645,2388
2692,2353,2701,2353,2701,2388,2692,2388
2717,2353,2726,2353,2726,2388,2717,2388
2738,2353,2747,2353,2747,2388,2738,2388
2760,2353,2769,2353,2769,2388,2760,2388
2801,2353,2846,2353,2846,2388,2801,2388
2854,2353,2863,2353,2863,2388,2854,2388
2870,2353,3139,2353,3139,2388,2870,2388
505,2601,495,2527,530,2522,540,2596
491,2495,489,2479,523,2475,525,2491
489,2476,488,2467,522,2463,523,2472
488,2472,487,2463,521,2459,522,2468
482,2427,481,2418,515,2414,516,2423
480,2408,471,2338,506,2333,515,2403
2020,2428,2525,2320,2547,2423,2042,2531
3680,2454,3737,2454,3737,2490,3680,2490
3753,2454,3787,2454,3787,2490,3753,2490
3805,2454,3911,2454,3911,2490,3805,2490
3927,2454,3961,2454,3961,2490,3927,2490
3975,2454,4112,2454,4112,2490,3975,2490
4116,2454,4187,2454,4187,2490,4116,2490
4192,2454,4202,2454,4202,2490,4192,2490
4199,2454,4209,2454,4209,2490,4199,2490
4213,2454,4347,2454,4347,2490,4213,2490
784,2484,885,2484,885,2507,784,2507
166,2556,225,2556,225,2607,166,2607
236,2556,344,2556,344,2607,236,2607
4375,2555,4393,2555,4393,2565,4375,2565
4376,2562,4391,2562,4391,2574,4376,2574
4366,2579,4374,2579,4374,2588,4366,2588
4376,2579,4378,2579,4378,2588,4376,2588
4380,2579,4386,2579,4386,2588,4380,2588
4390,2579,4404,2579,4404,2588,4390,2588
3420,2639,3420,2641,3409,2641,3409,2639
3420,2668,3420,2670,3409,2670,3409,2668
4232,2655,4253,2654,4253,2662,4232,2663
4234,2662,4249,2662,4249,2675,4234,2675
4226,2678,4232,2678,4232,2686,4226,2686
4236,2678,4237,2678,4237,2686,4236,2686
4236,2677,4246,2677,4246,2686,4236,2686
4248,2677,4262,2677,4262,2685,4248,2685
3420,2702,3420,2704,3409,2704,3409,2702
1941,2699,1949,2699,1949,2730,1941,2730
1956,2699,2009,2699,2009,2730,1956,2730
2024,2699,2032,2699,2032,2730,2024,2730
2044,2699,2120,2699,2120,2730,2044,2730
2133,2699,2141,2699,2141,2730,2133,2730
2153,2699,2229,2699,2229,2730,2153,2730
454,2724,543,2639,555,2652,466,2737
3420,2738,3420,2740,3409,2740,3409,2738
4280,2727,4312,2726,4312,2737,4280,2738
4284,2742,4307,2741,4307,2752,4284,2753
3420,2756,3420,2758,3409,2758,3409,2756
280,2762,420,2762,420,2816,280,2816
434,2762,484,2762,484,2816,434,2816
502,2762,690,2762,690,2816,502,2816
706,2762,776,2762,776,2816,706,2816
807,2762,928,2762,928,2816,807,2816
4411,2767,4433,2767,4433,2777,4411,2777
4415,2777,4428,2777,4428,2791,4415,2791
4404,2790,4413,2790,4413,2802,4404,2802
4414,2790,4416,2790,4416,2802,4414,2802
4417,2790,4426,2790,4426,2802,4417,2802
4428,2790,4442,2790,4442,2802,4428,2802
4231,2853,4252,2854,4252,2863,4231,2862
4219,2865,4264,2866,4264,2873,4219,2872
4096,2910,4105,2910,4105,2922,4096,2922
4106,2910,4108,2910,4108,2922,4106,2922
4109,2910,4118,2910,4118,2922,4109,2922
4120,2910,4134,2910,4134,2922,4120,2922
3947,2978,3966,2978,3966,2988,3947,2988
3947,2986,3962,2986,3962,2999,3947,2999
3937,3002,3946,3002,3946,3012,3937,3012
3948,3002,3950,3002,3950,3012,3948,3012
3952,3002,3958,3002,3958,3012,3952,3012
3962,3002,3977,3002,3977,3012,3962,3012
4383,3030,4413,2998,4420,3005,4390,3037
4155,3054,4165,3054,4165,3065,4155,3065
4165,3054,4167,3054,4167,3065,4165,3065
4168,3054,4176,3054,4176,3065,4168,3065
4179,3054,4194,3054,4194,3065,4179,3065
2344,3092,2344,3087,2364,3086,2364,3091
2395,3078,2398,3078,2398,3093,2395,3093
2435,3079,2438,3079,2438,3094,2435,3094
2475,3079,2478,3079,2478,3094,2475,3094
2515,3080,2518,3080,2518,3095,2515,3095
2555,3080,2558,3080,2558,3095,2555,3095
2596,3081,2599,3081,2599,3096,2596,3096
144,3119,165,3119,165,3148,144,3148
223,3119,231,3119,231,3148,223,3148
232,3119,240,3119,240,3148,232,3148
241,3119,249,3119,249,3148,241,3148
325,3119,333,3119,333,3148,325,3148
2353,3122,2359,3122,2360,3146,2354,3146
2396,3121,2402,3121,2403,3145,2397,3145
2436,3120,2442,3120,2443,3144,2437,3144
2476,3119,2482,3119,2483,3143,2477,3143
2516,3118,2522,3118,2523,3142,2517,3142
2556,3117,2562,3117,2563,3141,2557,3141
2598,3116,2604,3116,2605,3140,2599,3140
1866,3180,1962,3183,1961,3218,1865,3215
1975,3183,2095,3186,2094,3221,1974,3218
2167,3159,2245,3159,2245,3188,2167,3188
2147,3188,2270,3192,2269,3227,2146,3223
2395,3194,2461,3194,2461,3217,2395,3217
2467,3194,2560,3194,2560,3217,2467,3217
2740,3192,2835,3192,2835,3221,2740,3221
3003,3190,3070,3190,3070,3223,3003,3223
3073,3190,3082,3190,3082,3223,3073,3223
3084,3190,3167,3190,3167,3223,3084,3223
3345,3173,3436,3173,3436,3204,3345,3204
3269,3209,3373,3209,3373,3239,3269,3239
3384,3209,3450,3209,3450,3239,3384,3239
3457,3209,3500,3209,3500,3239,3457,3239
154,3274,160,3274,160,3297,154,3297
159,3274,232,3274,232,3297,159,3297
153,3303,192,3303,192,3325,153,3325
204,3303,291,3303,291,3325,204,3325
299,3303,399,3303,399,3325,299,3325
413,3303,459,3303,459,3325,413,3325
461,3303,623,3303,623,3325,461,3325
632,3303,637,3303,637,3325,632,3325
646,3303,706,3303,706,3325,646,3325
714,3303,752,3303,752,3325,714,3325
761,3303,852,3303,852,3325,761,3325
860,3303,906,3303,906,3325,860,3325
913,3303,1021,3303,1021,3325,913,3325
1031,3303,1080,3303,1080,3325,1031,3325
1090,3303,1102,3303,1102,3325,1090,3325
1116,3303,1192,3303,1192,3325,1116,3325
1200,3303,1238,3303,1238,3325,1200,3325
1247,3303,1317,3303,1317,3325,1247,3325
1325,3303,1345,3303,1345,3325,1325,3325
1357,3303,1376,3303,1376,3325,1357,3325
1389,3303,1409,3303,1409,3325,1389,3325
1423,3303,1494,3303,1494,3325,1423,3325
1493,3303,1498,3303,1498,3325,1493,3325
1505,3303,1547,3303,1547,3325,1505,3325
1551,3303,1694,3303,1694,3325,1551,3325
1704,3303,1750,3303,1750,3325,1704,3325
1757,3303,1888,3303,1888,3325,1757,3325
1900,3303,1905,3303,1905,3325,1900,3325
1909,3303,1914,3303,1914,3325,1909,3325
1916,3303,1952,3303,1952,3325,1916,3325
1964,3303,2068,3303,2068,3325,1964,3325
2079,3303,2084,3303,2084,3325,2079,3325
2100,3303,2121,3303,2121,3325,2100,3325
2130,3303,2171,3303,2171,3325,2130,3325
2185,3303,2206,3303,2206,3325,2185,3325
2219,3303,2295,3303,2295,3325,2219,3325
2308,3303,2332,3303,2332,3325,2308,3325
2343,3303,2348,3303,2348,3325,2343,3325
2348,3303,2353,3303,2353,3325,2348,3325
2353,3303,2411,3303,2411,3325,2353,3325
2422,3303,2527,3303,2527,3325,2422,3325
2527,3303,2532,3303,2532,3325,2527,3325
2541,3303,2578,3303,2578,3325,2541,3325
2586,3303,2700,3303,2700,3325,2586,3325
2708,3303,2825,3303,2825,3325,2708,3325
2826,3303,2831,3303,2831,3325,2826,3325
2838,3303,2999,3303,2999,3325,2838,3325
3008,3303,3028,3303,3028,3325,3008,3325
3040,3303,3202,3303,3202,3325,3040,3325
3204,3303,3209,3303,3209,3325,3204,3325
3217,3303,3260,3303,3260,3325,3217,3325
3264,3303,3284,3303,3284,3325,3264,3325
3298,3303,3318,3303,3318,3325,3298,3325
3329,3303,3364,3303,3364,3325,3329,3325
3370,3303,3467,3303,3467,3325,3370,3325
3474,3303,3505,3303,3505,3325,3474,3325
156,3330,278,3330,278,3355,156,3355
286,3330,339,3330,339,3355,286,3355
342,3330,348,3330,348,3355,342,3355
354,3330,386,3330,386,3355,354,3355
392,3330,474,3330,474,3355,392,3355
485,3330,521,3330,521,3355,485,3355
533,3330,589,3330,589,3355,533,3355
600,3330,636,3330,636,3355,600,3355
646,3330,675,3330,675,3355,646,3355
685,3330,818,3330,818,3355,685,3355
823,3330,829,3330,829,3355,823,3355
836,3330,875,3330,875,3355,836,3355
882,3330,994,3330,994,3355,882,3355
1005,3330,1028,3330,1028,3355,1005,3355
1036,3330,1103,3330,1103,3355,1036,3355
1106,3330,1112,3330,1112,3355,1106,3355
1125,3330,1195,3330,1195,3355,1125,3355
1197,3330,1203,3330,1203,3355,1197,3355
1210,3330,1252,3330,1252,3355,1210,3355
1264,3330,1353,3330,1353,3355,1264,3355
1363,3330,1411,3330,1411,3355,1363,3355
1419,3330,1455,3330,1455,3355,1419,3355
1465,3330,1471,3330,1471,3355,1465,3355
1470,3330,1476,3330,1476,3355,1470,3355
1476,3330,1624,3330,1624,3355,1476,3355
1629,3330,1665,3330,1665,3355,1629,3355
1676,3330,1809,3330,1809,3355,1676,3355
1823,3330,1869,3330,1869,3355,1823,3355
1874,3330,1943,3330,1943,3355,1874,3355
1954,3330,1960,3330,1960,3355,1954,3355
1972,3330,2010,3330,2010,3355,1972,3355
2019,3330,2103,3330,2103,3355,2019,3355
2102,3330,2108,3330,2108,3355,2102,3355
2115,3330,2129,3330,2129,3355,2115,3355
2141,3330,2218,3330,2218,3355,2141,3355
2224,3330,2230,3330,2230,3355,2224,3355
2237,3330,2243,3330,2243,3355,2237,3355
2242,3330,2248,3330,2248,3355,2242,3355
2249,3330,2393,3330,2393,3355,2249,3355
2399,3330,2422,3330,2422,3355,2399,3355
2427,3330,2456,3330,2456,3355,2427,3355
2465,3330,2587,3330,2587,3355,2465,3355
2594,3330,2630,3330,2630,3355,2594,3355
2642,3330,2766,3330,2766,3355,2642,3355
2780,3330,2825,3330,2825,3355,2780,3355
2832,3330,2963,3330,2963,3355,2832,3355
2973,3330,2979,3330,2979,3355,2973,3355
2983,3330,2989,3330,2989,3355,2983,3355
2990,3330,3027,3330,3027,3355,2990,3355
3033,3330,3126,3330,3126,3355,3033,3355
3657,3283,3747,3283,3747,3332,3657,3332
3762,3283,3776,3283,3776,3332,3762,3332
3798,3283,3825,3283,3825,3332,3798,3332
3832,3283,3846,3283,3846,3332,3832,3332
3846,3283,3882,3283,3882,3332,3846,3332
3882,3283,3896,3283,3896,3332,3882,3332
3896,3283,3970,3283,3970,3332,3896,3332
4277,3293,4391,3293,4391,3329,4277,3329
4405,3293,4415,3293,4415,3329,4405,3329
