1939,201,1997,198,2000,265,1942,268
2295,183,2428,176,2431,244,2298,251
4014,166,4297,166,4297,228,4014,228
4021,224,4295,224,4295,287,4021,287
1326,352,1326,348,1344,348,1344,352
1326,344,1326,340,1344,340,1344,344
1326,336,1326,332,1344,332,1344,336
1326,323,1326,319,1344,319,1344,323
1350,404,1350,396,1379,395,1379,403
1348,368,1347,347,1376,346,1377,367
1346,337,1345,321,1374,320,1375,336
1921,346,2087,346,2087,404,1921,404
2107,346,2123,346,2123,404,2107,404
4106,372,4112,372,4112,397,4106,397
4121,372,4153,372,4153,397,4121,397
4163,372,4186,372,4186,397,4163,397
4197,372,4242,372,4242,397,4197,397
4256,372,4262,372,4262,397,4256,397
4275,372,4361,372,4361,397,4275,397
4131,405,4192,405,4192,428,4131,428
4205,405,4257,405,4257,428,4205,428
4263,405,4321,405,4321,428,4263,428
1352,446,1352,438,1381,437,1381,445
1528,491,1528,438,1562,438,1562,491
2641,494,2641,440,2670,440,2670,494
1354,485,1354,477,1383,476,1383,484
1241,518,1241,513,1261,513,1261,518
1241,499,1241,494,1261,494,1261,499
1241,491,1241,486,1261,486,1261,491
1356,527,1356,519,1385,518,1385,526
301,491,542,321,590,390,349,560
4146,477,4304,477,4304,551,4146,551
2719,569,2785,572,2783,610,2717,607
1256,675,1252,761,1205,759,1209,673
3965,587,4041,587,4041,628,3965,628
4050,587,4187,587,4187,628,4050,628
4202,587,4213,587,4213,628,4202,628
4226,587,4297,587,4297,628,4226,628
4310,587,4376,587,4376,628,4310,628
4386,587,4497,587,4497,628,4386,628
4118,632,4222,632,4222,675,4118,675
4242,632,4352,632,4352,675,4242,675
3955,688,4029,688,4029,731,3955,731
4039,688,4086,688,4086,731,4039,731
4091,688,4103,688,4103,731,4091,731
4260,689,4347,689,4347,729,4260,729
4361,689,4372,689,4372,729,4361,729
3955,744,4042,744,4042,787,3955,787
4248,741,4287,741,4287,783,4248,783
2682,699,2712,702,2710,724,2680,721
3652,693,3839,693,3839,727,3652,727
3850,693,3859,693,3859,727,3850,727
4547,687,4676,690,4675,731,4546,728
4695,691,4706,691,4705,731,4694,731
4547,746,4583,746,4583,784,4547,784
4597,746,4717,746,4717,784,4597,784
2476,770,2490,770,2490,804,2476,804
2610,770,2783,770,2783,804,2610,804
2801,770,2810,770,2810,804,2801,804
1045,785,1096,775,1107,834,1056,844
1144,765,1204,753,1215,813,1156,825
1224,750,1241,747,1252,806,1235,809
4104,845,4358,845,4358,891,4104,891
1358,888,1358,882,1383,882,1383,888
2520,901,2527,901,2527,927,2520,927
2574,901,2581,901,2581,927,2574,927
2630,901,2638,901,2638,932,2630,932
1358,929,1358,923,1383,923,1383,929
2712,908,2960,912,2959,947,2711,943
1326,962,1328,930,1345,931,1343,963
2489,916,2488,925,2454,922,2455,913
2485,954,2484,963,2450,960,2451,951
3804,931,3899,931,3899,962,3804,962
4576,937,4584,937,4584,966,4576,966
4588,937,4596,937,4596,966,4588,966
4592,937,4619,937,4619,966,4592,966
4621,937,4664,937,4664,966,4621,966
1358,968,1358,962,1383,962,1383,968
2113,952,2168,952,2168,984,2113,984
1358,1010,1358,1004,1383,1004,1383,1010
2481,1003,2480,1012,2446,1009,2447,1000
3803,997,3897,997,3897,1026,3803,1026
3910,997,3918,997,3918,1026,3910,1026
3932,997,4023,997,4023,1026,3932,1026
2867,1017,2866,1029,2799,1025,2800,1013
4567,999,4590,999,4590,1030,4567,1030
4593,999,4601,999,4601,1030,4593,1030
4602,999,4625,999,4625,1030,4602,1030
4630,999,4670,999,4670,1030,4630,1030
2850,1026,2878,1026,2878,1041,2850,1041
1358,1049,1358,1043,1383,1043,1383,1049
2477,1058,2476,1067,2442,1064,2443,1055
3804,1055,3922,1055,3922,1084,3804,1084
3935,1055,3943,1055,3943,1084,3935,1084
2814,1071,2819,1071,2819,1091,2814,1091
1358,1088,1358,1082,1383,1082,1383,1088
4571,1061,4590,1061,4590,1088,4571,1088
4591,1061,4598,1061,4598,1088,4591,1088
4602,1061,4621,1061,4621,1088,4602,1088
4631,1061,4667,1061,4667,1088,4631,1088
2854,1071,2859,1071,2859,1091,2854,1091
2871,1071,2876,1071,2876,1091,2871,1091
2888,1071,2893,1071,2893,1091,2888,1091
2904,1071,2909,1071,2909,1091,2904,1091
2921,1071,2926,1071,2926,1091,2921,1091
1358,1129,1358,1123,1383,1123,1383,1129
2474,1118,2475,1126,2446,1128,2445,1120
2875,1116,2880,1116,2880,1137,2875,1137
2882,1116,2887,1116,2887,1137,2882,1137
2885,1116,2912,1116,2912,1137,2885,1137
3801,1117,3922,1117,3922,1144,3801,1144
3933,1117,3940,1117,3940,1144,3933,1144
4573,1119,4587,1119,4587,1146,4573,1146
4594,1119,4601,1119,4601,1146,4594,1146
4602,1119,4622,1119,4622,1146,4602,1146
4628,1119,4669,1119,4669,1146,4628,1146
1283,1118,1283,1155,1267,1155,1267,1118
1283,1156,1283,1177,1267,1177,1267,1156
1283,1185,1283,1189,1267,1189,1267,1185
1283,1195,1283,1210,1267,1210,1267,1195
1300,1130,1300,1201,1284,1201,1284,1130
1358,1168,1358,1162,1383,1162,1383,1168
2477,1166,2478,1174,2449,1176,2448,1168
1530,1215,1530,1160,1562,1160,1562,1215
3801,1173,3922,1173,3922,1200,3801,1200
3933,1173,3940,1173,3940,1200,3933,1200
4566,1173,4591,1173,4591,1200,4566,1200
4593,1173,4600,1173,4600,1200,4593,1200
4602,1173,4621,1173,4621,1200,4602,1200
4628,1173,4668,1173,4668,1200,4628,1200
1358,1210,1358,1204,1383,1204,1383,1210
1884,1188,1996,1188,1996,1232,1884,1232
2010,1188,2022,1188,2022,1232,2010,1232
2032,1188,2166,1188,2166,1232,2032,1232
2860,1143,2856,1209,2788,1205,2792,1139
2855,1222,2854,1241,2787,1237,2788,1218
2854,1237,2853,1256,2786,1252,2787,1233
2852,1268,2851,1287,2784,1283,2785,1264
2482,1220,2483,1228,2454,1230,2453,1222
1358,1249,1358,1243,1383,1243,1383,1249
2858,1237,2862,1237,2862,1253,2858,1253
2870,1237,2874,1237,2874,1253,2870,1253
2878,1237,2893,1237,2893,1253,2878,1253
3803,1230,3875,1228,3876,1258,3804,1260
3883,1229,3915,1228,3916,1257,3884,1258
3926,1228,3975,1227,3976,1256,3927,1257
4574,1227,4583,1227,4583,1262,4574,1262
4585,1227,4594,1227,4594,1262,4585,1262
4596,1227,4615,1227,4615,1262,4596,1262
4624,1227,4663,1227,4663,1262,4624,1262
2464,1244,2476,1244,2476,1287,2464,1287
2521,1244,2533,1244,2533,1287,2521,1287
2579,1244,2591,1244,2591,1287,2579,1287
2631,1244,2643,1244,2643,1287,2631,1287
2684,1244,2696,1244,2696,1287,2684,1287
2831,1261,2893,1255,2896,1284,2834,1291
2908,1254,2928,1252,2931,1281,2911,1283
1961,1273,1972,1273,1972,1315,1961,1315
1986,1273,2059,1273,2059,1315,1986,1315
1959,1321,2004,1321,2004,1361,1959,1361
2005,1321,2016,1321,2016,1361,2005,1361
2019,1321,2055,1321,2055,1361,2019,1361
2829,1294,2829,1298,2811,1299,2811,1295
2830,1313,2830,1317,2812,1318,2812,1314
3803,1287,3876,1287,3876,1319,3803,1319
3889,1287,3897,1287,3897,1319,3889,1319
3902,1287,3910,1287,3910,1319,3902,1319
3910,1287,3950,1287,3950,1319,3910,1319
996,1278,1060,1278,1060,1316,996,1316
1000,1321,1011,1321,1011,1363,1000,1363
1022,1321,1033,1321,1033,1363,1022,1363
1032,1321,1070,1321,1070,1363,1032,1363
4573,1288,4581,1288,4581,1320,4573,1320
4586,1288,4594,1288,4594,1320,4586,1320
4596,1288,4614,1288,4614,1320,4596,1320
4621,1288,4662,1288,4662,1320,4621,1320
2868,1305,2872,1305,2872,1323,2868,1323
2874,1305,2878,1305,2878,1323,2874,1323
2880,1305,2884,1305,2884,1323,2880,1323
2886,1305,2890,1305,2890,1323,2886,1323
2891,1305,2895,1305,2895,1323,2891,1323
1358,1330,1358,1324,1383,1324,1383,1330
2831,1345,2831,1349,2813,1350,2813,1346
1358,1369,1358,1363,1383,1363,1383,1369
3798,1352,3839,1352,3839,1374,3798,1374
4573,1349,4581,1349,4581,1379,4573,1379
4586,1349,4594,1349,4594,1379,4586,1379
4594,1349,4616,1349,4616,1379,4594,1379
4621,1349,4660,1349,4660,1379,4621,1379
2833,1372,2833,1376,2815,1377,2815,1373
2834,1394,2834,1398,2816,1399,2816,1395
1358,1410,1358,1404,1383,1404,1383,1410
2854,1406,2890,1403,2891,1424,2856,1427
2893,1403,2898,1403,2900,1424,2895,1424
3802,1404,3855,1404,3855,1437,3802,1437
4574,1411,4579,1411,4579,1433,4574,1433
4586,1411,4591,1411,4591,1433,4586,1433
4593,1411,4613,1411,4613,1433,4593,1433
4621,1411,4662,1411,4662,1433,4621,1433
966,1442,1086,1442,1086,1504,966,1504
1323,1482,1323,1478,1341,1477,1341,1481
1323,1474,1323,1470,1341,1469,1341,1473
1322,1467,1322,1463,1340,1462,1340,1466
1322,1454,1322,1450,1340,1449,1340,1453
1339,1482,1338,1463,1372,1462,1373,1481
1338,1454,1337,1425,1371,1424,1372,1453
3808,1500,3901,1500,3901,1532,3808,1532
3920,1500,4067,1500,4067,1532,3920,1532
4078,1500,4257,1500,4257,1532,4078,1532
4515,1496,4563,1496,4563,1539,4515,1539
4570,1496,4582,1496,4582,1539,4570,1539
4581,1496,4629,1496,4629,1539,4581,1539
4644,1496,4723,1496,4723,1539,4644,1539
1429,1560,1578,1571,1575,1607,1426,1596
1582,1572,1591,1573,1588,1608,1579,1607
2679,1575,2708,1575,2708,1592,2679,1592
2343,1583,2351,1583,2351,1615,2343,1615
2366,1583,2374,1583,2374,1615,2366,1615
2369,1583,2377,1583,2377,1615,2369,1615
2389,1583,2417,1583,2417,1615,2389,1615
905,1603,905,1608,886,1608,886,1603
3800,1595,3898,1595,3898,1626,3800,1626
4574,1594,4582,1594,4582,1626,4574,1626
4588,1594,4596,1594,4596,1626,4588,1626
4593,1594,4617,1594,4617,1626,4593,1626
4622,1594,4663,1594,4663,1626,4622,1626
905,1649,905,1654,886,1654,886,1649
2643,1651,2675,1649,2679,1707,2647,1709
2720,1646,2736,1645,2740,1703,2724,1704
905,1695,905,1700,886,1700,886,1695
3807,1686,3903,1686,3903,1720,3807,1720
3915,1686,4061,1686,4061,1720,3915,1720
4075,1686,4232,1686,4232,1720,4075,1720
4517,1687,4560,1687,4560,1735,4517,1735
4573,1687,4586,1687,4586,1735,4573,1735
4585,1687,4630,1687,4630,1735,4585,1735
4648,1687,4718,1687,4718,1735,4648,1735
905,1739,905,1744,886,1744,886,1739
905,1785,905,1790,886,1790,886,1785
1794,1789,1851,1789,1851,1822,1794,1822
2521,1832,2629,1832,2629,1875,2521,1875
3758,1893,3814,1893,3814,1910,3758,1910
3819,1892,3839,1892,3839,1909,3819,1909
3846,1892,3873,1892,3873,1909,3846,1909
3879,1892,3921,1892,3921,1909,3879,1909
3926,1892,3930,1892,3930,1909,3926,1909
3936,1891,3940,1891,3940,1908,3936,1908
3940,1891,3944,1891,3944,1908,3940,1908
3944,1891,3960,1891,3960,1908,3944,1908
3966,1891,3978,1891,3978,1908,3966,1908
3983,1891,3997,1891,3997,1908,3983,1908
4101,1883,4121,1883,4121,1913,4101,1913
4150,1891,4152,1891,4152,1902,4150,1902
4158,1891,4180,1891,4180,1902,4158,1902
4183,1891,4195,1891,4195,1902,4183,1902
4201,1891,4236,1891,4236,1902,4201,1902
4239,1891,4255,1891,4255,1902,4239,1902
4261,1891,4263,1891,4263,1902,4261,1902
4271,1891,4273,1891,4273,1902,4271,1902
4275,1891,4277,1891,4277,1902,4275,1902
4278,1891,4294,1891,4294,1902,4278,1902
4302,1891,4312,1891,4312,1902,4302,1902
4317,1891,4330,1891,4330,1902,4317,1902
4538,1892,4594,1892,4594,1903,4538,1903
1325,1950,1325,1947,1340,1947,1340,1950
1325,1941,1325,1938,1340,1938,1340,1941
1325,1934,1325,1931,1340,1931,1340,1934
1325,1921,1325,1918,1340,1918,1340,1921
1353,1970,1352,1945,1371,1944,1372,1969
1353,1933,1353,1929,1371,1928,1371,1932
1352,1920,1352,1916,1370,1915,1370,1919
1528,1953,1528,1898,1563,1898,1563,1953
3759,1934,3813,1934,3813,1947,3759,1947
3817,1934,3846,1934,3846,1947,3817,1947
3852,1934,3893,1934,3893,1947,3852,1947
3898,1934,3901,1934,3901,1947,3898,1947
3908,1934,3911,1934,3911,1947,3908,1947
3912,1934,3915,1934,3915,1947,3912,1947
3916,1934,3930,1934,3930,1947,3916,1947
3940,1934,3949,1934,3949,1947,3940,1947
3955,1934,3968,1934,3968,1947,3955,1947
4150,1931,4152,1931,4152,1941,4150,1941
4158,1931,4178,1931,4178,1941,4158,1941
4183,1931,4195,1931,4195,1941,4183,1941
4199,1931,4234,1931,4234,1941,4199,1941
4241,1931,4255,1931,4255,1941,4241,1941
4261,1931,4263,1931,4263,1941,4261,1941
4271,1931,4273,1931,4273,1941,4271,1941
4275,1931,4277,1931,4277,1941,4275,1941
4279,1931,4294,1931,4294,1941,4279,1941
4302,1931,4312,1931,4312,1941,4302,1941
4317,1931,4330,1931,4330,1941,4317,1941
4334,1931,4336,1931,4336,1941,4334,1941
4149,1943,4151,1943,4151,1954,4149,1954
4154,1943,4156,1943,4156,1954,4154,1954
4157,1943,4173,1943,4173,1954,4157,1954
4181,1943,4203,1943,4203,1954,4181,1954
4207,1943,4219,1943,4219,1954,4207,1954
4224,1943,4261,1943,4261,1954,4224,1954
4539,1934,4569,1934,4569,1946,4539,1946
4575,1934,4597,1934,4597,1946,4575,1946
3675,1912,3675,1890,3706,1890,3706,1912
3675,1954,3675,1931,3706,1931,3706,1954
3675,2000,3675,1972,3706,1972,3706,2000
3675,2039,3675,2031,3706,2031,3706,2039
3758,1978,3812,1978,3812,1990,3758,1990
3818,1978,3837,1978,3837,1990,3818,1990
3844,1978,3873,1978,3873,1990,3844,1990
3879,1978,3920,1978,3920,1990,3879,1990
3927,1978,3929,1978,3929,1990,3927,1990
3937,1978,3939,1978,3939,1990,3937,1990
3941,1978,3943,1978,3943,1990,3941,1990
3944,1978,3960,1978,3960,1990,3944,1990
3967,1978,3978,1978,3978,1990,3967,1990
3983,1978,3997,1978,3997,1990,3983,1990
1711,1968,1873,1968,1873,2015,1711,2015
1891,1968,1904,1968,1904,2015,1891,2015
4148,1983,4170,1983,4170,1994,4148,1994
4176,1983,4186,1983,4186,1994,4176,1994
4191,1983,4226,1983,4226,1994,4191,1994
4231,1983,4266,1983,4266,1994,4231,1994
4537,1984,4577,1984,4577,1997,4537,1997
4584,1984,4587,1984,4587,1997,4584,1997
4592,1984,4626,1984,4626,1997,4592,1997
4631,1984,4651,1984,4651,1997,4631,1997
1355,2002,1355,1998,1373,1997,1373,2001
1260,2059,1260,1985,1276,1985,1276,2059
1277,2069,1277,2033,1293,2033,1293,2069
1277,2030,1277,2010,1293,2010,1293,2030
1277,2003,1277,1999,1293,1999,1293,2003
1277,1989,1277,1978,1293,1978,1293,1989
3758,2018,3812,2018,3812,2030,3758,2030
3816,2018,3838,2018,3838,2030,3816,2030
3844,2018,3853,2018,3853,2030,3844,2030
3859,2018,3867,2018,3867,2030,3859,2030
3871,2018,3894,2018,3894,2030,3871,2030
3900,2018,3902,2018,3902,2030,3900,2030
3910,2018,3912,2018,3912,2030,3910,2030
3914,2018,3916,2018,3916,2030,3914,2030
3917,2018,3933,2018,3933,2030,3917,2030
3940,2018,3951,2018,3951,2030,3940,2030
3956,2018,3970,2018,3970,2030,3956,2030
4147,2018,4171,2018,4171,2031,4147,2031
4177,2018,4187,2018,4187,2031,4177,2031
4189,2018,4192,2018,4192,2031,4189,2031
4192,2018,4204,2018,4204,2031,4192,2031
4207,2018,4210,2018,4210,2031,4207,2031
4212,2018,4229,2018,4229,2031,4212,2031
4235,2018,4238,2018,4238,2031,4235,2031
4243,2018,4246,2018,4246,2031,4243,2031
4249,2018,4252,2018,4252,2031,4249,2031
4253,2018,4267,2018,4267,2031,4253,2031
4276,2018,4285,2018,4285,2031,4276,2031
4293,2018,4306,2018,4306,2031,4293,2031
4538,2027,4565,2027,4565,2037,4538,2037
4567,2027,4619,2027,4619,2037,4567,2037
1356,2042,1356,2038,1374,2037,1374,2041
2386,2052,2417,2052,2417,2065,2386,2065
2736,2045,2789,2045,2789,2068,2736,2068
3758,2062,3812,2062,3812,2075,3758,2075
3817,2062,3838,2062,3838,2075,3817,2075
3844,2062,3853,2062,3853,2075,3844,2075
3858,2062,3919,2062,3919,2075,3858,2075
3926,2062,3940,2062,3940,2075,3926,2075
3946,2062,3986,2062,3986,2075,3946,2075
4149,2061,4170,2061,4170,2073,4149,2073
4175,2061,4197,2061,4197,2073,4175,2073
4205,2061,4207,2061,4207,2073,4205,2073
4213,2061,4215,2061,4215,2073,4213,2073
4218,2061,4220,2061,4220,2073,4218,2073
4221,2061,4236,2061,4236,2073,4221,2073
4246,2061,4254,2061,4254,2073,4246,2073
4263,2061,4274,2061,4274,2073,4263,2073
4537,2064,4592,2064,4592,2078,4537,2078
4597,2064,4638,2064,4638,2078,4597,2078
4642,2064,4659,2064,4659,2078,4642,2078
4663,2064,4707,2064,4707,2078,4663,2078
4711,2064,4721,2064,4721,2078,4711,2078
4727,2064,4769,2064,4769,2078,4727,2078
1357,2082,1357,2078,1375,2077,1375,2081
3757,2102,3806,2102,3806,2115,3757,2115
3810,2102,3813,2102,3813,2115,3810,2115
3814,2102,3834,2102,3834,2115,3814,2115
3839,2102,3866,2102,3866,2115,3839,2115
3873,2102,3892,2102,3892,2115,3873,2115
3898,2102,3920,2102,3920,2115,3898,2115
3924,2102,3937,2102,3937,2115,3924,2115
3941,2102,3987,2102,3987,2115,3941,2115
3990,2102,3993,2102,3993,2115,3990,2115
3758,2115,3810,2115,3810,2126,3758,2126
3814,2115,3828,2115,3828,2126,3814,2126
3833,2115,3855,2115,3855,2126,3833,2126
4147,2108,4171,2108,4171,2121,4147,2121
4175,2108,4199,2108,4199,2121,4175,2121
4204,2108,4207,2108,4207,2121,4204,2121
4214,2108,4217,2108,4217,2121,4214,2121
4218,2108,4221,2108,4221,2121,4218,2121
4222,2108,4236,2108,4236,2121,4222,2121
4246,2108,4255,2108,4255,2121,4246,2121
4262,2108,4274,2108,4274,2121,4262,2121
4538,2104,4557,2104,4557,2118,4538,2118
4562,2104,4610,2104,4610,2118,4562,2118
4614,2104,4617,2104,4617,2118,4614,2118
4618,2104,4621,2104,4621,2118,4618,2118
4621,2104,4665,2104,4665,2118,4621,2118
4670,2104,4680,2104,4680,2118,4670,2118
4684,2104,4723,2104,4723,2118,4684,2118
1359,2125,1359,2121,1377,2120,1377,2124
833,2102,906,2099,907,2126,834,2129
842,2139,945,2132,947,2167,844,2174
933,2133,942,2132,944,2166,935,2167
940,2133,949,2132,951,2166,942,2167
3757,2150,3796,2150,3796,2163,3757,2163
3800,2150,3812,2150,3812,2163,3800,2163
3817,2150,3846,2150,3846,2163,3817,2163
3850,2150,3856,2150,3856,2163,3850,2163
4148,2144,4171,2144,4171,2157,4148,2157
4174,2144,4186,2144,4186,2157,4174,2157
4190,2144,4227,2144,4227,2157,4190,2157
4232,2144,4247,2144,4247,2157,4232,2157
4253,2144,4302,2144,4302,2157,4253,2157
4307,2144,4330,2144,4330,2157,4307,2157
4538,2151,4573,2151,4573,2163,4538,2163
4578,2151,4622,2151,4622,2163,4578,2163
4148,2184,4171,2184,4171,2197,4148,2197
4174,2184,4186,2184,4186,2197,4174,2197
4190,2184,4227,2184,4227,2197,4190,2197
4232,2184,4247,2184,4247,2197,4232,2197
4253,2184,4302,2184,4302,2197,4253,2197
4308,2184,4328,2184,4328,2197,4308,2197
4335,2184,4374,2184,4374,2197,4335,2197
3757,2192,3780,2192,3780,2206,3757,2206
3785,2192,3823,2192,3823,2206,3785,2206
4534,2189,4580,2189,4580,2201,4534,2201
4585,2189,4631,2189,4631,2201,4585,2201
4635,2189,4687,2189,4687,2201,4635,2201
4690,2189,4702,2189,4702,2201,4690,2201
4706,2189,4733,2189,4733,2201,4706,2201
4535,2203,4606,2203,4606,2214,4535,2214
4148,2225,4171,2225,4171,2238,4148,2238
4174,2225,4186,2225,4186,2238,4174,2238
4190,2225,4227,2225,4227,2238,4190,2238
4232,2225,4247,2225,4247,2238,4232,2238
4253,2225,4302,2225,4302,2238,4253,2238
4308,2225,4328,2225,4328,2238,4308,2238
4336,2225,4358,2225,4358,2238,4336,2238
3757,2234,3790,2234,3790,2247,3757,2247
3793,2234,3829,2234,3829,2247,3793,2247
3833,2234,3842,2234,3842,2247,3833,2247
3849,2234,3888,2234,3888,2247,3849,2247
4467,2229,4487,2229,4487,2241,4467,2241
4537,2234,4566,2234,4566,2248,4537,2248
4571,2234,4611,2234,4611,2248,4571,2248
4617,2234,4661,2234,4661,2248,4617,2248
4148,2271,4172,2271,4172,2286,4148,2286
4177,2271,4193,2271,4193,2286,4177,2286
4198,2271,4229,2271,4229,2286,4198,2286
4234,2271,4245,2271,4245,2286,4234,2286
4249,2271,4284,2271,4284,2286,4249,2286
3757,2282,3790,2282,3790,2295,3757,2295
3793,2282,3829,2282,3829,2295,3793,2295
3833,2282,3845,2282,3845,2295,3833,2295
3849,2282,3882,2282,3882,2295,3849,2295
4091,2273,4104,2273,4104,2290,4091,2290
4439,2276,4482,2276,4482,2295,4439,2295
4519,2276,4524,2276,4524,2295,4519,2295
4538,2276,4585,2276,4585,2295,4538,2295
1363,2301,1363,2295,1386,2297,1386,2303
2368,2294,2410,2271,2433,2315,2391,2337
2432,2259,2488,2229,2511,2274,2455,2303
4108,2315,4134,2315,4134,2322,4108,2322
3758,2325,3803,2325,3803,2336,3758,2336
3808,2325,3830,2325,3830,2336,3808,2336
3834,2325,3859,2325,3859,2336,3834,2336
3864,2325,3919,2325,3919,2336,3864,2336
4148,2325,4163,2325,4163,2338,4148,2338
4172,2325,4181,2325,4181,2338,4172,2338
4189,2325,4218,2325,4218,2338,4189,2338
4223,2325,4243,2325,4243,2338,4223,2338
4247,2325,4313,2325,4313,2338,4247,2338
4316,2325,4338,2325,4338,2338,4316,2338
4343,2325,4353,2325,4353,2338,4343,2338
4358,2325,4400,2325,4400,2338,4358,2338
1360,2342,1360,2336,1383,2338,1383,2344
3759,2366,3781,2366,3781,2379,3759,2379
3786,2366,3795,2366,3795,2379,3786,2379
3802,2366,3837,2366,3837,2379,3802,2379
3841,2366,3856,2366,3856,2379,3841,2379
3862,2366,3865,2366,3865,2379,3862,2379
3870,2366,3873,2366,3873,2379,3870,2379
3876,2366,3879,2366,3879,2379,3876,2379
3879,2366,3895,2366,3895,2379,3879,2379
3903,2366,3912,2366,3912,2379,3903,2379
3919,2366,3932,2366,3932,2379,3919,2379
4148,2365,4162,2365,4162,2377,4148,2377
4170,2365,4191,2365,4191,2377,4170,2377
4197,2365,4262,2365,4262,2377,4197,2377
4265,2365,4302,2365,4302,2377,4265,2377
4307,2365,4334,2365,4334,2377,4307,2377
4341,2365,4346,2365,4346,2377,4341,2377
1356,2383,1356,2377,1379,2379,1379,2385
1353,2420,1353,2414,1376,2416,1376,2422
1702,2437,1710,2437,1710,2468,1702,2468
1753,2437,1761,2437,1761,2468,1753,2468
1808,2437,1816,2437,1816,2468,1808,2468
1862,2437,1870,2437,1870,2468,1862,2468
1686,2481,1846,2481,1846,2523,1686,2523
1872,2481,1883,2481,1883,2523,1872,2523
2483,2463,2587,2459,2588,2490,2484,2494
2608,2459,2616,2459,2617,2490,2609,2490
3683,2456,3737,2456,3737,2490,3683,2490
3756,2456,3787,2456,3787,2490,3756,2490
3805,2456,3912,2456,3912,2490,3805,2490
3931,2456,3962,2456,3962,2490,3931,2490
3976,2456,4109,2456,4109,2490,3976,2490
4117,2456,4183,2456,4183,2490,4117,2490
4196,2456,4205,2456,4205,2490,4196,2490
4203,2456,4212,2456,4212,2490,4203,2490
4212,2456,4346,2456,4346,2490,4212,2490
2187,2484,2217,2484,2217,2499,2187,2499
2354,2483,2385,2483,2385,2494,2354,2494
1236,2533,1236,2524,1270,2524,1270,2533
1236,2519,1236,2510,1270,2510,1270,2519
1236,2509,1236,2500,1270,2500,1270,2509
1324,2534,1324,2529,1343,2530,1343,2535
1324,2526,1324,2521,1343,2522,1343,2527
1324,2520,1324,2515,1343,2516,1343,2521
1325,2508,1325,2503,1344,2504,1344,2509
1344,2537,1346,2516,1369,2518,1367,2539
1346,2505,1348,2479,1372,2481,1370,2507
1592,2564,1593,2555,1627,2557,1627,2566
1528,2602,1528,2547,1563,2547,1563,2602
2155,2554,2430,2506,2439,2556,2164,2604
2409,2510,2423,2508,2432,2558,2418,2560
2525,2489,2699,2458,2708,2508,2534,2539
4292,2576,4302,2576,4302,2585,4292,2585
4285,2587,4291,2587,4291,2593,4285,2593
4293,2587,4294,2587,4294,2593,4293,2593
4295,2587,4300,2587,4300,2593,4295,2593
4303,2587,4311,2587,4311,2593,4303,2593
2206,2579,2325,2570,2328,2619,2210,2628
2389,2565,2403,2564,2407,2613,2393,2614
2456,2561,2519,2556,2523,2605,2460,2610
2559,2552,2573,2551,2577,2600,2563,2601
1589,2618,1590,2609,1624,2611,1624,2620
2684,2677,2676,2623,2700,2619,2708,2674
1586,2672,1587,2663,1621,2665,1621,2674
2355,2652,2355,2679,2338,2679,2338,2652
4175,2657,4185,2657,4185,2665,4175,2665
4169,2667,4174,2667,4174,2675,4169,2675
4176,2667,4177,2667,4177,2675,4176,2675
4178,2667,4183,2667,4183,2676,4178,2676
4186,2668,4196,2668,4196,2676,4186,2676
1782,2693,1840,2693,1840,2716,1782,2716
2220,2683,2241,2683,2241,2757,2220,2757
2303,2683,2324,2683,2324,2757,2303,2757
2612,2683,2675,2683,2675,2757,2612,2757
4385,2574,4385,2622,4356,2622,4356,2574
4385,2643,4385,2872,4356,2872,4356,2643
4310,2725,4320,2724,4321,2733,4311,2734
4303,2733,4309,2733,4309,2741,4303,2741
4310,2733,4311,2733,4311,2741,4310,2741
4313,2733,4318,2733,4318,2741,4313,2741
4322,2733,4323,2733,4323,2741,4322,2741
2338,2795,2341,2795,2341,2809,2338,2809
2360,2796,2363,2796,2363,2810,2360,2810
2381,2796,2384,2796,2384,2810,2381,2810
2404,2797,2407,2797,2407,2811,2404,2811
2425,2797,2428,2797,2428,2811,2425,2811
2309,2801,2565,2786,2567,2828,2311,2843
4174,2831,4188,2831,4188,2838,4174,2838
4175,2838,4185,2837,4185,2846,4175,2847
4168,2849,4174,2849,4174,2855,4168,2855
4176,2849,4177,2849,4177,2855,4176,2855
4178,2849,4183,2849,4183,2855,4178,2855
4186,2849,4196,2849,4196,2855,4186,2855
2656,2866,2658,2850,2672,2852,2670,2868
1718,2824,1747,2824,1747,2926,1718,2926
1760,2824,1789,2824,1789,2926,1760,2926
1812,2824,1841,2824,1841,2926,1812,2926
1957,2824,1986,2824,1986,2926,1957,2926
2004,2824,2033,2824,2033,2926,2004,2926
2092,2824,2121,2824,2121,2926,2092,2926
2144,2824,2173,2824,2173,2926,2144,2926
2207,2824,2236,2824,2236,2926,2207,2926
4303,2873,4309,2873,4309,2880,4303,2880
4310,2873,4311,2873,4311,2880,4310,2880
4312,2873,4318,2873,4318,2880,4312,2880
4321,2873,4329,2873,4329,2880,4321,2880
1306,2914,1381,2914,1381,2938,1306,2938
1389,2911,1841,2911,1841,2940,1389,2940
1919,2911,2284,2911,2284,2940,1919,2940
4174,3024,4188,3022,4189,3031,4175,3033
4175,3031,4187,3030,4187,3039,4175,3040
2352,3079,2359,3079,2359,3105,2352,3105
2353,3122,2359,3122,2360,3146,2354,3146
2392,3079,2399,3079,2399,3105,2392,3105
2395,3121,2401,3121,2402,3145,2396,3145
2432,3079,2439,3079,2439,3105,2432,3105
2435,3120,2441,3120,2442,3144,2436,3144
2473,3079,2480,3079,2480,3105,2473,3105
2475,3119,2481,3119,2482,3143,2476,3143
2514,3079,2521,3079,2521,3105,2514,3105
2515,3118,2521,3118,2522,3142,2516,3142
2554,3079,2561,3079,2561,3105,2554,3105
2555,3117,2561,3117,2562,3141,2556,3141
2595,3079,2602,3079,2602,3105,2595,3105
2598,3116,2604,3116,2605,3140,2599,3140
4093,3121,4101,3121,4101,3129,4093,3129
4084,3131,4090,3131,4090,3138,4084,3138
4093,3131,4094,3131,4094,3138,4093,3138
4094,3130,4100,3130,4100,3138,4094,3138
4102,3130,4112,3130,4112,3137,4102,3137
4342,3128,4354,3128,4354,3135,4342,3135
140,3124,171,3124,171,3158,140,3158
247,3124,256,3124,256,3158,247,3158
261,3124,270,3124,270,3158,261,3158
268,3124,277,3124,277,3158,268,3158
4344,3137,4352,3137,4352,3144,4344,3145
842,3151,842,3146,863,3146,863,3151
4336,3146,4341,3146,4341,3153,4336,3153
4342,3146,4343,3146,4343,3153,4342,3153
4346,3146,4351,3146,4351,3153,4346,3153
4353,3146,4363,3146,4363,3153,4353,3153
1091,3125,1097,3125,1099,3193,1093,3193
842,3180,842,3175,863,3175,863,3180
2164,3159,2244,3159,2244,3188,2164,3188
2147,3188,2270,3192,2269,3227,2146,3223
4023,3182,4143,3182,4143,3189,4023,3189
4022,3190,4129,3190,4129,3197,4022,3197
1866,3180,1960,3183,1959,3218,1865,3215
1975,3183,2095,3186,2094,3221,1974,3218
4412,3190,4413,3190,4413,3198,4412,3198
4466,3182,4531,3182,4531,3189,4466,3189
4457,3189,4520,3188,4520,3197,4457,3198
4263,3199,4338,3199,4338,3205,4263,3205
4338,3199,4339,3199,4339,3205,4338,3205
2398,3191,2462,3191,2462,3223,2398,3223
2469,3191,2562,3191,2562,3223,2469,3223
2739,3194,2834,3194,2834,3217,2739,3217
3005,3191,3065,3191,3065,3222,3005,3222
3074,3191,3082,3191,3082,3222,3074,3222
3084,3191,3170,3191,3170,3222,3084,3222
3347,3175,3439,3175,3439,3206,3347,3206
3270,3209,3373,3209,3373,3241,3270,3241
3385,3209,3446,3209,3446,3241,3385,3241
3462,3209,3503,3209,3503,3241,3462,3241
4118,3213,4201,3215,4201,3222,4118,3220
153,3272,157,3272,157,3290,153,3290
159,3272,218,3272,218,3290,159,3290
151,3294,184,3294,184,3315,151,3315
192,3294,265,3294,265,3315,192,3315
272,3294,364,3294,364,3315,272,3315
373,3294,388,3294,388,3315,373,3315
394,3294,468,3294,468,3315,394,3315
478,3294,560,3294,560,3315,478,3315
571,3294,609,3294,609,3315,571,3315
615,3294,747,3294,747,3315,615,3315
750,3294,755,3294,755,3315,750,3315
760,3294,813,3294,813,3315,760,3315
823,3294,853,3294,853,3315,823,3315
861,3294,934,3294,934,3315,861,3315
946,3294,980,3294,980,3315,946,3315
990,3294,1075,3294,1075,3315,990,3315
1085,3294,1126,3294,1126,3315,1085,3315
1132,3294,1147,3294,1147,3315,1132,3315
1156,3294,1218,3294,1218,3315,1156,3315
1228,3294,1258,3294,1258,3315,1228,3315
1266,3294,1321,3294,1321,3315,1266,3315
1329,3294,1348,3294,1348,3315,1329,3315
1357,3294,1372,3294,1372,3315,1357,3315
1385,3294,1400,3294,1400,3315,1385,3315
1412,3294,1469,3294,1469,3315,1412,3315
1469,3294,1474,3294,1474,3315,1469,3315
1483,3294,1510,3294,1510,3315,1483,3315
1518,3294,1541,3294,1541,3315,1518,3315
1550,3294,1594,3294,1594,3315,1550,3315
1604,3294,1623,3294,1623,3315,1604,3315
1633,3294,1677,3294,1677,3315,1633,3315
1684,3294,1707,3294,1707,3315,1684,3315
1717,3294,1783,3294,1783,3315,1717,3315
1785,3294,1819,3294,1819,3315,1785,3315
1823,3294,1970,3294,1970,3315,1823,3315
1972,3294,1999,3294,1999,3315,1972,3315
2005,3294,2100,3294,2100,3315,2005,3315
2103,3294,2108,3294,2108,3315,2103,3315
2115,3294,2175,3294,2175,3315,2115,3315
2178,3294,2183,3294,2183,3315,2178,3315
2189,3294,2223,3294,2223,3315,2189,3315
2232,3294,2307,3294,2307,3315,2232,3315
2307,3294,2312,3294,2312,3315,2307,3315
2322,3294,2436,3294,2436,3315,2322,3315
2437,3294,2442,3294,2442,3315,2437,3315
2449,3294,2555,3294,2555,3315,2449,3315
2563,3294,2582,3294,2582,3315,2563,3315
2592,3294,2703,3294,2703,3315,2592,3315
2706,3294,2711,3294,2711,3315,2706,3315
2720,3294,2796,3294,2796,3315,2720,3315
2798,3294,2803,3294,2803,3315,2798,3315
2812,3294,2876,3294,2876,3315,2812,3315
2882,3294,2912,3294,2912,3315,2882,3315
2920,3294,3000,3294,3000,3315,2920,3315
3008,3294,3046,3294,3046,3315,3008,3315
3051,3294,3110,3294,3110,3315,3051,3315
3113,3294,3118,3294,3118,3315,3113,3315
3121,3294,3137,3294,3137,3315,3121,3315
3148,3294,3159,3294,3159,3315,3148,3315
3171,3294,3210,3294,3210,3315,3171,3315
3216,3294,3221,3294,3221,3315,3216,3315
3229,3294,3258,3294,3258,3315,3229,3315
3269,3294,3337,3294,3337,3315,3269,3315
3339,3294,3344,3294,3344,3315,3339,3315
3347,3294,3363,3294,3363,3315,3347,3315
3370,3294,3508,3294,3508,3315,3370,3315
152,3314,217,3314,217,3339,152,3339
223,3314,246,3314,246,3339,223,3339
253,3314,281,3314,281,3339,253,3339
289,3314,369,3314,369,3339,289,3339
381,3314,424,3314,424,3339,381,3339
429,3314,527,3314,527,3339,429,3339
537,3314,543,3314,543,3339,537,3339
546,3314,552,3314,552,3339,546,3339
552,3314,615,3314,615,3339,552,3339
625,3314,639,3314,639,3339,625,3339
651,3314,718,3314,718,3339,651,3339
728,3314,757,3314,757,3339,728,3339
765,3314,858,3314,858,3339,765,3339
866,3314,923,3314,923,3339,866,3339
930,3314,953,3314,953,3339,930,3339
960,3314,1053,3314,1053,3339,960,3339
1064,3314,1082,3314,1082,3339,1064,3339
1086,3314,1183,3314,1183,3339,1086,3339
1191,3314,1220,3314,1220,3339,1191,3339
1228,3314,1274,3314,1274,3339,1228,3339
1285,3314,1291,3314,1291,3339,1285,3339
1293,3314,1299,3314,1299,3339,1293,3339
1301,3314,1338,3314,1338,3339,1301,3339
1340,3314,1346,3314,1346,3339,1340,3339
1351,3314,1456,3314,1456,3339,1351,3339
1462,3314,1490,3314,1490,3339,1462,3339
1495,3314,1616,3314,1616,3339,1495,3339
1623,3314,1662,3314,1662,3339,1623,3339
1667,3314,1776,3314,1776,3339,1667,3339
1785,3314,1791,3314,1791,3339,1785,3339
1792,3314,1798,3314,1798,3339,1792,3339
1801,3314,1830,3314,1830,3339,1801,3339
1839,3314,1927,3314,1927,3339,1839,3339
1935,3314,1941,3314,1941,3339,1935,3339
1953,3314,1971,3314,1971,3339,1953,3339
1980,3314,2013,3314,2013,3339,1980,3339
2023,3314,2041,3314,2041,3339,2023,3339
2050,3314,2117,3314,2117,3339,2050,3339
2126,3314,2149,3314,2149,3339,2126,3339
2154,3314,2160,3314,2160,3339,2154,3339
2159,3314,2165,3314,2165,3339,2159,3339
2167,3314,2214,3314,2214,3339,2167,3339
2219,3314,2306,3314,2306,3339,2219,3339
2310,3314,2316,3314,2316,3339,2310,3339
2322,3314,2351,3314,2351,3339,2322,3339
2357,3314,2451,3314,2451,3339,2357,3339
2461,3314,2556,3314,2556,3339,2461,3339
2557,3314,2563,3314,2563,3339,2557,3339
2569,3314,2702,3314,2702,3339,2569,3339
2710,3314,2728,3314,2728,3339,2710,3339
2738,3314,2871,3314,2871,3339,2738,3339
2871,3314,2877,3314,2877,3339,2871,3339
2884,3314,2917,3314,2917,3339,2884,3339
2926,3314,2940,3314,2940,3339,2926,3339
2951,3314,2969,3314,2969,3339,2951,3339
2980,3314,3008,3314,3008,3339,2980,3339
3011,3314,3093,3314,3093,3339,3011,3339
3101,3314,3122,3314,3122,3339,3101,3339
3134,3314,3233,3314,3233,3339,3134,3339
3239,3314,3287,3314,3287,3339,3239,3339
3287,3314,3293,3314,3293,3339,3287,3339
3298,3314,3323,3314,3323,3339,3298,3339
3330,3314,3405,3314,3405,3339,3330,3339
3410,3314,3416,3314,3416,3339,3410,3339
3420,3314,3445,3314,3445,3339,3420,3339
152,3340,220,3340,220,3361,152,3361
224,3340,229,3340,229,3361,224,3361
232,3340,259,3340,259,3361,232,3361
267,3340,312,3340,312,3361,267,3361
317,3340,322,3340,322,3361,317,3361
331,3340,361,3340,361,3361,331,3361
366,3340,391,3340,391,3361,366,3361
401,3340,513,3340,513,3361,401,3361
523,3340,538,3340,538,3361,523,3361
543,3340,576,3340,576,3361,543,3361
583,3340,721,3340,721,3361,583,3361
722,3340,727,3340,727,3361,722,3361
730,3340,753,3340,753,3361,730,3361
759,3340,827,3340,827,3361,759,3361
829,3340,834,3340,834,3361,829,3361
840,3340,845,3340,845,3361,840,3361
844,3340,849,3340,849,3361,844,3361
850,3340,970,3340,970,3361,850,3361
975,3340,994,3340,994,3361,975,3361
996,3340,1019,3340,1019,3361,996,3361
1031,3340,1131,3340,1131,3361,1031,3361
1138,3340,1168,3340,1168,3361,1138,3361
1176,3340,1280,3340,1280,3361,1176,3361
1293,3340,1332,3340,1332,3361,1293,3361
1334,3340,1443,3340,1443,3361,1334,3361
1454,3340,1459,3340,1459,3361,1454,3361
1463,3340,1468,3340,1468,3361,1463,3361
1469,3340,1497,3340,1497,3361,1469,3361
1502,3340,1579,3340,1579,3361,1502,3361
1584,3340,1589,3340,1589,3361,1584,3361
3660,3292,3748,3292,3748,3332,3660,3332
3764,3292,3775,3292,3775,3332,3764,3332
3796,3292,3825,3292,3825,3332,3796,3332
3834,3292,3845,3292,3845,3332,3834,3332
3849,3292,3878,3292,3878,3332,3849,3332
3887,3292,3898,3292,3898,3332,3887,3332
3896,3292,3967,3292,3967,3332,3896,3332
4273,3287,4394,3287,4394,3336,4273,3336
4402,3287,4416,3287,4416,3336,4402,3336
4477,3287,4491,3287,4491,3336,4477,3336
