4015,170,4299,170,4299,228,4015,228
4019,226,4297,226,4297,284,4019,284
4106,374,4112,374,4112,398,4106,398
4120,374,4155,374,4155,398,4120,398
4164,374,4186,374,4186,398,4164,398
4196,374,4243,374,4243,398,4196,398
4256,374,4262,374,4262,398,4256,398
4273,374,4361,374,4361,398,4273,398
4130,406,4189,406,4189,429,4130,429
4204,406,4256,406,4256,429,4204,429
4262,406,4319,406,4319,429,4262,429
299,478,639,237,708,334,368,575
4156,472,4302,472,4302,551,4156,551
3967,588,4042,588,4042,631,3967,631
4051,588,4191,588,4191,631,4051,631
4205,588,4217,588,4217,631,4205,631
4221,588,4295,588,4295,631,4221,631
4313,588,4374,588,4374,631,4313,631
4392,588,4497,588,4497,631,4392,631
4112,632,4221,632,4221,679,4112,679
4238,632,4353,632,4353,679,4238,679
3955,689,4029,689,4029,729,3955,729
4041,689,4084,689,4084,729,4041,729
4094,689,4105,689,4105,729,4094,729
4259,690,4348,690,4348,728,4259,728
4364,690,4374,690,4374,728,4364,728
3951,749,4036,749,4036,785,3951,785
4245,744,4287,744,4287,782,4245,782
3651,694,3835,694,3835,725,3651,725
3849,694,3857,694,3857,725,3849,725
4547,692,4675,692,4675,730,4547,730
4695,692,4705,692,4705,730,4695,730
4543,747,4616,744,4618,779,4545,782
4107,847,4356,847,4356,893,4107,893
511,881,563,881,563,910,511,910
570,881,578,881,578,910,570,910
580,881,626,881,626,910,580,910
1824,927,1824,929,1813,929,1813,927
1825,948,1825,950,1814,950,1814,948
542,939,591,939,591,970,542,970
2909,942,2959,943,2958,979,2908,978
3466,984,3445,918,3461,913,3482,979
3801,935,3898,935,3898,962,3801,962
1349,951,1399,955,1396,990,1346,986
1404,956,1429,958,1426,993,1401,991
4574,939,4580,939,4580,962,4574,962
4586,939,4592,939,4592,962,4586,962
4595,939,4612,939,4612,962,4595,962
4622,939,4660,939,4660,962,4622,962
1825,968,1825,970,1814,970,1814,968
2389,988,2389,1025,2360,1025,2360,988
1826,1008,1826,1010,1815,1010,1815,1008
3359,1038,3363,987,3385,989,3381,1040
3804,993,3898,993,3898,1022,3804,1022
3911,993,3919,993,3919,1022,3911,1022
3930,993,4021,993,4021,1022,3930,1022
4569,1001,4586,1001,4586,1024,4569,1024
4592,1001,4598,1001,4598,1024,4592,1024
4603,1001,4620,1001,4620,1024,4603,1024
4629,1001,4667,1001,4667,1024,4629,1024
2293,1009,2293,1052,2254,1052,2254,1009
1827,1027,1827,1029,1816,1029,1816,1027
2008,1034,2008,1040,1983,1040,1983,1034
2008,1042,2008,1048,1983,1048,1983,1042
814,1037,814,1058,796,1058,796,1037
814,1067,814,1093,796,1093,796,1067
846,1095,846,1101,821,1101,821,1095
3802,1057,3919,1057,3919,1079,3802,1079
3935,1057,3940,1057,3940,1079,3935,1079
4569,1057,4590,1057,4590,1086,4569,1086
4591,1057,4599,1057,4599,1086,4591,1086
4598,1057,4625,1057,4625,1086,4598,1086
4627,1057,4670,1057,4670,1086,4627,1086
2008,1076,2008,1082,1983,1082,1983,1076
1564,1083,1568,1083,1568,1100,1564,1100
1598,1082,1602,1082,1602,1099,1598,1099
1648,1081,1652,1081,1652,1098,1648,1098
1518,1094,1517,1102,1489,1100,1489,1092
3331,1097,3331,1105,3303,1107,3302,1099
2154,1113,2154,1115,2142,1115,2142,1113
2008,1115,2008,1121,1983,1121,1983,1115
3802,1115,3918,1115,3918,1142,3802,1142
3934,1115,3941,1115,3941,1142,3934,1142
846,1131,846,1137,821,1137,821,1131
2293,1141,2293,1152,2254,1152,2254,1141
2154,1149,2154,1151,2142,1151,2142,1149
1514,1152,1513,1160,1485,1158,1485,1150
2008,1151,2008,1157,1983,1157,1983,1151
2472,1143,2472,1193,2449,1193,2449,1143
846,1167,846,1173,821,1173,821,1167
2818,1152,2962,1152,2962,1188,2818,1188
2984,1152,2994,1152,2994,1188,2984,1188
3241,1141,3241,1193,3219,1193,3219,1141
3333,1139,3333,1147,3305,1149,3304,1141
3334,1154,3334,1162,3306,1164,3305,1156
3335,1169,3335,1177,3307,1179,3306,1171
4570,1116,4586,1116,4586,1145,4570,1145
4591,1116,4599,1116,4599,1145,4591,1145
4598,1116,4625,1116,4625,1145,4598,1145
4627,1116,4670,1116,4670,1145,4627,1145
4574,1164,4583,1164,4583,1197,4574,1197
4584,1164,4593,1164,4593,1197,4584,1197
4595,1164,4614,1164,4614,1197,4595,1197
4621,1164,4663,1164,4663,1197,4621,1197
3804,1165,3919,1165,3919,1194,3804,1194
3932,1165,3940,1165,3940,1194,3932,1194
2154,1186,2154,1188,2142,1188,2142,1186
846,1204,846,1210,821,1210,821,1204
1511,1203,1510,1211,1482,1209,1482,1201
2154,1222,2154,1224,2142,1224,2142,1222
2328,1218,2337,1218,2338,1253,2329,1253
2079,1226,2088,1226,2089,1261,2080,1261
2121,1225,2130,1225,2131,1260,2122,1260
2133,1224,2142,1224,2143,1259,2134,1259
2155,1223,2164,1223,2165,1258,2156,1258
2173,1223,2182,1223,2183,1258,2174,1258
2206,1222,2256,1220,2257,1255,2207,1257
2045,1237,2045,1240,2030,1240,2030,1237
2045,1248,2045,1251,2030,1251,2030,1248
2045,1253,2045,1256,2030,1256,2030,1253
3806,1218,3874,1218,3874,1253,3806,1253
3883,1218,3915,1218,3915,1253,3883,1253
3927,1218,3972,1218,3972,1253,3927,1253
846,1240,846,1246,821,1246,821,1240
3337,1205,3337,1213,3309,1215,3308,1207
3338,1217,3339,1238,3310,1240,3309,1219
3339,1238,3339,1246,3311,1248,3310,1240
3340,1248,3341,1273,3312,1275,3310,1250
4574,1221,4582,1221,4582,1252,4574,1252
4583,1221,4591,1221,4591,1252,4583,1252
4592,1221,4615,1221,4615,1252,4592,1252
4620,1221,4660,1221,4660,1252,4620,1252
1508,1251,1507,1259,1479,1257,1479,1249
3217,1266,3217,1259,3243,1259,3243,1266
3355,1243,3355,1247,3339,1247,3339,1243
3355,1250,3355,1254,3339,1254,3339,1250
3355,1259,3355,1263,3339,1263,3339,1259
3355,1269,3355,1273,3339,1273,3339,1269
846,1277,846,1283,821,1283,821,1277
1819,1289,1824,1289,1824,1310,1819,1310
1850,1289,1855,1289,1855,1310,1850,1310
1865,1289,1870,1289,1870,1310,1865,1310
1880,1289,1885,1289,1885,1310,1880,1310
1896,1289,1901,1289,1901,1310,1896,1310
1911,1289,1916,1289,1916,1310,1911,1310
3806,1281,3875,1281,3875,1312,3806,1312
3887,1281,3895,1281,3895,1312,3887,1312
3900,1281,3908,1281,3908,1312,3900,1312
3907,1281,3952,1281,3952,1312,3907,1312
4574,1284,4580,1284,4580,1307,4574,1307
4584,1284,4590,1284,4590,1307,4584,1307
4592,1284,4613,1284,4613,1307,4592,1307
4622,1284,4660,1284,4660,1307,4622,1307
846,1313,846,1319,821,1319,821,1313
750,1284,750,1318,735,1318,735,1284
750,1321,750,1337,735,1337,735,1321
750,1345,750,1348,735,1348,735,1345
750,1358,750,1366,735,1366,735,1358
765,1295,765,1361,751,1361,751,1295
846,1349,846,1355,821,1355,821,1349
484,1342,484,1393,462,1393,462,1342
4572,1345,4577,1345,4577,1366,4572,1366
4585,1345,4590,1345,4590,1366,4585,1366
4592,1345,4611,1345,4611,1366,4592,1366
4621,1345,4660,1345,4660,1366,4621,1366
3804,1338,3852,1338,3852,1369,3804,1369
1848,1375,1852,1375,1852,1392,1848,1392
1864,1375,1868,1375,1868,1392,1864,1392
1879,1375,1883,1375,1883,1392,1879,1392
1895,1375,1899,1375,1899,1392,1895,1392
1911,1375,1915,1375,1915,1392,1911,1392
846,1386,846,1392,821,1392,821,1386
577,1332,577,1460,543,1460,543,1332
956,1386,956,1437,931,1437,931,1386
1193,1383,1302,1384,1302,1425,1193,1424
1312,1384,1323,1384,1323,1424,1312,1424
1333,1384,1449,1385,1449,1426,1333,1425
1493,1386,1504,1386,1504,1426,1493,1426
1554,1386,1565,1386,1565,1426,1554,1426
1603,1387,1614,1387,1614,1427,1603,1427
1653,1387,1664,1387,1664,1427,1653,1427
1820,1377,1861,1380,1858,1416,1818,1413
3810,1433,3902,1432,3902,1468,3810,1469
3920,1433,4064,1432,4064,1467,3920,1468
4079,1431,4259,1429,4259,1465,4079,1467
846,1459,846,1465,821,1465,821,1459
3587,1435,3587,1485,3564,1485,3564,1435
284,1563,284,1449,335,1449,335,1563
284,1415,284,1401,335,1401,335,1415
4515,1424,4562,1424,4562,1475,4515,1475
4571,1424,4585,1424,4585,1475,4571,1475
4583,1424,4630,1424,4630,1475,4583,1475
4642,1424,4727,1424,4727,1475,4642,1475
1844,1462,1853,1462,1853,1496,1844,1496
4197,1447,4256,1439,4261,1474,4202,1482
1945,1462,1954,1462,1954,1496,1945,1496
1907,1462,1916,1462,1916,1496,1907,1496
3471,1566,3471,1451,3523,1451,3523,1566
3471,1420,3471,1406,3523,1406,3523,1420
846,1495,846,1501,821,1501,821,1495
809,1514,809,1542,795,1542,795,1514
846,1531,846,1537,821,1537,821,1531
535,1521,598,1521,598,1552,535,1552
533,1562,542,1562,542,1597,533,1597
551,1562,560,1562,560,1597,551,1597
563,1562,595,1562,595,1597,563,1597
4573,1533,4579,1533,4579,1556,4573,1556
4585,1533,4591,1533,4591,1556,4585,1556
4594,1533,4615,1533,4615,1556,4594,1556
4623,1533,4661,1533,4661,1556,4623,1556
1304,1517,1366,1517,1366,1553,1304,1553
1302,1560,1312,1560,1312,1598,1302,1598
1322,1560,1332,1560,1332,1598,1322,1598
1332,1560,1366,1560,1366,1598,1332,1598
3800,1531,3898,1531,3898,1560,3800,1560
846,1568,846,1574,821,1574,821,1568
3804,1589,3881,1589,3881,1618,3804,1618
3901,1589,3909,1589,3909,1618,3901,1618
4568,1589,4591,1589,4591,1620,4568,1620
4591,1589,4599,1589,4599,1620,4591,1620
4600,1589,4623,1589,4623,1620,4600,1620
4628,1589,4668,1589,4668,1620,4628,1620
846,1607,846,1613,821,1613,821,1607
3338,1621,3337,1642,3313,1641,3314,1620
3336,1651,3335,1668,3312,1667,3313,1650
3357,1623,3357,1626,3342,1626,3342,1623
3357,1633,3357,1636,3342,1636,3342,1633
3357,1637,3357,1640,3342,1640,3342,1637
3357,1650,3357,1653,3342,1653,3342,1650
3806,1647,3879,1647,3879,1678,3806,1678
3899,1647,3907,1647,3907,1678,3899,1678
4563,1649,4590,1649,4590,1678,4563,1678
4592,1649,4600,1649,4600,1678,4592,1678
4600,1649,4621,1649,4621,1678,4600,1678
4630,1649,4667,1649,4667,1678,4630,1678
2303,1672,2367,1672,2367,1709,2303,1709
3333,1695,3333,1701,3310,1700,3310,1694
251,1697,251,1751,220,1751,220,1697
2221,1706,2221,1753,2198,1753,2198,1706
2853,1704,2995,1704,2995,1742,2853,1742
3020,1704,3030,1704,3030,1742,3020,1742
3243,1694,3243,1744,3218,1744,3218,1694
3331,1731,3331,1737,3308,1736,3308,1730
3808,1748,3896,1748,3896,1780,3808,1780
3917,1748,4060,1748,4060,1780,3917,1780
4073,1748,4231,1748,4231,1780,4073,1780
3329,1767,3329,1773,3306,1772,3306,1766
4507,1747,4579,1747,4579,1793,4507,1793
4585,1747,4598,1747,4598,1793,4585,1793
4595,1747,4645,1747,4645,1793,4595,1793
4653,1747,4738,1747,4738,1793,4653,1793
689,1790,689,1845,667,1845,667,1790
2305,1872,2347,1872,2347,1893,2305,1893
2906,1925,2956,1925,2956,1952,2906,1952
3596,2030,3598,2062,3586,2063,3584,2031
1896,2048,1900,2048,1900,2066,1896,2066
1944,2049,1948,2049,1948,2067,1944,2067
1984,2050,1988,2050,1988,2068,1984,2068
3600,2113,3600,2115,3588,2116,3588,2114
752,2132,751,2140,720,2137,721,2129
490,2160,490,2178,473,2178,473,2160
490,2190,490,2214,473,2214,473,2190
516,2160,516,2166,493,2167,493,2161
517,2168,517,2174,494,2175,494,2169
517,2175,517,2181,494,2182,494,2176
517,2187,517,2193,494,2194,494,2188
519,2220,519,2226,496,2227,496,2221
747,2193,746,2201,715,2198,716,2190
661,2215,661,2261,638,2261,638,2215
742,2244,741,2252,710,2249,711,2241
520,2256,520,2262,497,2263,497,2257
849,2254,997,2254,997,2294,849,2294
1018,2254,1029,2254,1029,2294,1018,2294
1268,2282,1268,2276,1291,2277,1291,2283
1897,2256,2002,2256,2002,2299,1897,2299
738,2291,737,2299,706,2296,707,2288
1266,2330,1266,2324,1289,2325,1289,2331
522,2328,522,2334,499,2335,499,2329
1460,2332,1460,2381,1436,2381,1436,2332
1888,2326,1888,2372,1865,2372,1865,2326
524,2364,524,2370,501,2371,501,2365
1264,2373,1264,2367,1287,2368,1287,2374
1520,2356,1569,2356,1569,2377,1520,2377
525,2400,525,2406,502,2407,502,2401
882,2431,936,2431,936,2454,882,2454
1955,2440,2000,2440,2000,2461,1955,2461
3680,2454,3737,2454,3737,2490,3680,2490
3753,2454,3787,2454,3787,2490,3753,2490
3805,2454,3911,2454,3911,2490,3805,2490
3927,2454,3961,2454,3961,2490,3927,2490
3975,2454,4112,2454,4112,2490,3975,2490
4116,2454,4187,2454,4187,2490,4116,2490
4192,2454,4202,2454,4202,2490,4192,2490
4199,2454,4209,2454,4209,2490,4199,2490
4213,2454,4347,2454,4347,2490,4213,2490
4375,2555,4393,2555,4393,2565,4375,2565
4376,2562,4391,2562,4391,2574,4376,2574
4366,2579,4374,2579,4374,2588,4366,2588
4376,2579,4378,2579,4378,2588,4376,2588
4380,2579,4386,2579,4386,2588,4380,2588
4390,2579,4404,2579,4404,2588,4390,2588
4336,2590,4335,2623,4277,2621,4278,2588
4232,2655,4253,2654,4253,2662,4232,2663
4234,2662,4249,2662,4249,2675,4234,2675
4226,2678,4232,2678,4232,2686,4226,2686
4236,2678,4237,2678,4237,2686,4236,2686
4236,2677,4246,2677,4246,2686,4236,2686
4248,2677,4262,2677,4262,2685,4248,2685
4280,2727,4312,2726,4312,2737,4280,2738
4284,2742,4307,2741,4307,2752,4284,2753
4411,2767,4433,2767,4433,2777,4411,2777
4415,2777,4428,2777,4428,2791,4415,2791
4404,2790,4413,2790,4413,2802,4404,2802
4414,2790,4416,2790,4416,2802,4414,2802
4417,2790,4426,2790,4426,2802,4417,2802
4428,2790,4442,2790,4442,2802,4428,2802
4231,2853,4252,2854,4252,2863,4231,2862
4219,2865,4264,2866,4264,2873,4219,2872
4096,2910,4105,2910,4105,2922,4096,2922
4106,2910,4108,2910,4108,2922,4106,2922
4109,2910,4118,2910,4118,2922,4109,2922
4120,2910,4134,2910,4134,2922,4120,2922
4325,2912,4321,3030,4263,3028,4267,2910
3947,2978,3965,2978,3965,2987,3947,2987
3948,2985,3964,2985,3964,2999,3948,2999
3937,3002,3946,3002,3946,3012,3937,3012
3948,3002,3950,3002,3950,3012,3948,3012
3952,3002,3958,3002,3958,3012,3952,3012
3962,3002,3977,3002,3977,3012,3962,3012
4383,3030,4413,2998,4420,3005,4390,3037
4156,3054,4165,3054,4165,3064,4156,3064
4166,3054,4168,3054,4168,3064,4166,3064
4170,3054,4176,3054,4176,3065,4170,3065
4181,3055,4194,3055,4194,3065,4181,3065
2344,3092,2344,3087,2364,3086,2364,3091
2395,3078,2398,3078,2398,3093,2395,3093
2435,3079,2438,3079,2438,3094,2435,3094
2475,3079,2478,3079,2478,3094,2475,3094
2515,3080,2518,3080,2518,3095,2515,3095
2555,3080,2558,3080,2558,3095,2555,3095
2596,3081,2599,3081,2599,3096,2596,3096
150,3123,177,3123,177,3152,150,3152
245,3123,253,3123,253,3152,245,3152
257,3123,265,3123,265,3152,257,3152
266,3123,274,3123,274,3152,266,3152
2353,3122,2359,3122,2360,3146,2354,3146
2396,3121,2402,3121,2403,3145,2397,3145
2436,3120,2442,3120,2443,3144,2437,3144
2476,3119,2482,3119,2483,3143,2477,3143
2516,3118,2522,3118,2523,3142,2517,3142
2556,3117,2562,3117,2563,3141,2557,3141
2598,3116,2604,3116,2605,3140,2599,3140
1866,3180,1962,3183,1961,3218,1865,3215
1975,3183,2095,3186,2094,3221,1974,3218
2167,3159,2245,3159,2245,3188,2167,3188
2147,3188,2270,3192,2269,3227,2146,3223
2397,3193,2460,3193,2460,3217,2397,3217
2469,3193,2560,3193,2560,3217,2469,3217
2740,3192,2835,3192,2835,3221,2740,3221
3003,3190,3070,3190,3070,3223,3003,3223
3073,3190,3082,3190,3082,3223,3073,3223
3084,3190,3167,3190,3167,3223,3084,3223
3345,3173,3436,3173,3436,3204,3345,3204
3269,3209,3373,3209,3373,3239,3269,3239
3384,3209,3450,3209,3450,3239,3384,3239
3457,3209,3500,3209,3500,3239,3457,3239
156,3275,161,3275,161,3297,156,3297
160,3275,233,3275,233,3297,160,3297
153,3303,192,3303,192,3325,153,3325
204,3303,291,3303,291,3325,204,3325
299,3303,399,3303,399,3325,299,3325
413,3303,459,3303,459,3325,413,3325
461,3303,623,3303,623,3325,461,3325
632,3303,637,3303,637,3325,632,3325
646,3303,706,3303,706,3325,646,3325
714,3303,752,3303,752,3325,714,3325
761,3303,852,3303,852,3325,761,3325
860,3303,906,3303,906,3325,860,3325
913,3303,1021,3303,1021,3325,913,3325
1031,3303,1080,3303,1080,3325,1031,3325
1090,3303,1102,3303,1102,3325,1090,3325
1116,3303,1192,3303,1192,3325,1116,3325
1200,3303,1238,3303,1238,3325,1200,3325
1247,3303,1317,3303,1317,3325,1247,3325
1325,3303,1345,3303,1345,3325,1325,3325
1357,3303,1376,3303,1376,3325,1357,3325
1389,3303,1409,3303,1409,3325,1389,3325
1423,3303,1494,3303,1494,3325,1423,3325
1493,3303,1498,3303,1498,3325,1493,3325
1505,3303,1547,3303,1547,3325,1505,3325
1551,3303,1694,3303,1694,3325,1551,3325
1704,3303,1750,3303,1750,3325,1704,3325
1757,3303,1888,3303,1888,3325,1757,3325
1900,3303,1905,3303,1905,3325,1900,3325
1909,3303,1914,3303,1914,3325,1909,3325
1916,3303,1952,3303,1952,3325,1916,3325
1964,3303,2068,3303,2068,3325,1964,3325
2079,3303,2084,3303,2084,3325,2079,3325
2100,3303,2121,3303,2121,3325,2100,3325
2130,3303,2171,3303,2171,3325,2130,3325
2185,3303,2206,3303,2206,3325,2185,3325
2219,3303,2295,3303,2295,3325,2219,3325
2308,3303,2332,3303,2332,3325,2308,3325
2343,3303,2348,3303,2348,3325,2343,3325
2348,3303,2353,3303,2353,3325,2348,3325
2353,3303,2411,3303,2411,3325,2353,3325
2422,3303,2527,3303,2527,3325,2422,3325
2527,3303,2532,3303,2532,3325,2527,3325
2541,3303,2578,3303,2578,3325,2541,3325
2586,3303,2700,3303,2700,3325,2586,3325
2708,3303,2825,3303,2825,3325,2708,3325
2826,3303,2831,3303,2831,3325,2826,3325
2838,3303,2999,3303,2999,3325,2838,3325
3008,3303,3028,3303,3028,3325,3008,3325
3040,3303,3202,3303,3202,3325,3040,3325
3204,3303,3209,3303,3209,3325,3204,3325
3217,3303,3260,3303,3260,3325,3217,3325
3264,3303,3284,3303,3284,3325,3264,3325
3298,3303,3318,3303,3318,3325,3298,3325
3329,3303,3364,3303,3364,3325,3329,3325
3370,3303,3467,3303,3467,3325,3370,3325
3474,3303,3505,3303,3505,3325,3474,3325
156,3330,278,3330,278,3355,156,3355
286,3330,339,3330,339,3355,286,3355
342,3330,348,3330,348,3355,342,3355
354,3330,386,3330,386,3355,354,3355
392,3330,474,3330,474,3355,392,3355
485,3330,521,3330,521,3355,485,3355
533,3330,589,3330,589,3355,533,3355
600,3330,636,3330,636,3355,600,3355
646,3330,675,3330,675,3355,646,3355
685,3330,818,3330,818,3355,685,3355
823,3330,829,3330,829,3355,823,3355
836,3330,875,3330,875,3355,836,3355
882,3330,994,3330,994,3355,882,3355
1005,3330,1028,3330,1028,3355,1005,3355
1036,3330,1103,3330,1103,3355,1036,3355
1106,3330,1112,3330,1112,3355,1106,3355
1125,3330,1195,3330,1195,3355,1125,3355
1197,3330,1203,3330,1203,3355,1197,3355
1210,3330,1252,3330,1252,3355,1210,3355
1264,3330,1353,3330,1353,3355,1264,3355
1363,3330,1411,3330,1411,3355,1363,3355
1419,3330,1455,3330,1455,3355,1419,3355
1465,3330,1471,3330,1471,3355,1465,3355
1470,3330,1476,3330,1476,3355,1470,3355
1476,3330,1624,3330,1624,3355,1476,3355
1629,3330,1665,3330,1665,3355,1629,3355
1676,3330,1809,3330,1809,3355,1676,3355
1823,3330,1869,3330,1869,3355,1823,3355
1874,3330,1943,3330,1943,3355,1874,3355
1954,3330,1960,3330,1960,3355,1954,3355
1972,3330,2010,3330,2010,3355,1972,3355
2019,3330,2103,3330,2103,3355,2019,3355
2102,3330,2108,3330,2108,3355,2102,3355
2115,3330,2129,3330,2129,3355,2115,3355
2141,3330,2218,3330,2218,3355,2141,3355
2224,3330,2230,3330,2230,3355,2224,3355
2237,3330,2243,3330,2243,3355,2237,3355
2242,3330,2248,3330,2248,3355,2242,3355
2249,3330,2393,3330,2393,3355,2249,3355
2399,3330,2422,3330,2422,3355,2399,3355
2427,3330,2456,3330,2456,3355,2427,3355
2465,3330,2587,3330,2587,3355,2465,3355
2594,3330,2630,3330,2630,3355,2594,3355
2642,3330,2766,3330,2766,3355,2642,3355
2780,3330,2825,3330,2825,3355,2780,3355
2832,3330,2963,3330,2963,3355,2832,3355
2973,3330,2979,3330,2979,3355,2973,3355
2983,3330,2989,3330,2989,3355,2983,3355
2990,3330,3027,3330,3027,3355,2990,3355
3033,3330,3126,3330,3126,3355,3033,3355
3657,3283,3747,3283,3747,3332,3657,3332
3762,3283,3776,3283,3776,3332,3762,3332
3798,3283,3825,3283,3825,3332,3798,3332
3832,3283,3846,3283,3846,3332,3832,3332
3846,3283,3882,3283,3882,3332,3846,3332
3882,3283,3896,3283,3896,3332,3882,3332
3896,3283,3970,3283,3970,3332,3896,3332
4277,3293,4391,3293,4391,3329,4277,3329
4405,3293,4415,3293,4415,3329,4405,3329
