837,314,837,259,866,259,866,314
837,248,837,227,866,227,866,248
837,218,837,135,866,135,866,218
4015,170,4299,170,4299,228,4015,228
4019,226,4297,226,4297,284,4019,284
4106,374,4112,374,4112,398,4106,398
4120,374,4155,374,4155,398,4120,398
4164,374,4186,374,4186,398,4164,398
4196,374,4243,374,4243,398,4196,398
4256,374,4262,374,4262,398,4256,398
4273,374,4361,374,4361,398,4273,398
4130,406,4189,406,4189,429,4130,429
4204,406,4256,406,4256,429,4204,429
4262,406,4319,406,4319,429,4262,429
890,531,890,468,910,468,910,531
890,453,890,408,910,408,910,453
890,393,890,388,910,388,910,393
890,380,890,336,910,336,910,380
1233,453,1301,453,1301,473,1233,473
1555,448,1676,448,1676,471,1555,471
1584,478,1589,478,1589,497,1584,497
1594,478,1599,478,1599,497,1594,497
1602,478,1607,478,1607,497,1602,497
1612,478,1617,478,1617,497,1612,497
1618,478,1639,478,1639,497,1618,497
304,483,656,244,706,318,354,557
4156,472,4302,472,4302,551,4156,551
763,536,837,536,837,557,763,557
780,562,785,562,786,583,781,583
791,561,796,561,797,582,792,582
798,561,803,561,804,582,799,582
808,560,827,559,828,581,809,582
977,659,1069,659,1069,690,977,690
1079,659,1114,659,1114,690,1079,690
1126,659,1248,659,1248,690,1126,690
1265,659,1309,659,1309,690,1265,690
1329,659,1410,659,1410,690,1329,690
3967,588,4042,588,4042,631,3967,631
4051,588,4191,588,4191,631,4051,631
4205,588,4217,588,4217,631,4205,631
4221,588,4295,588,4295,631,4221,631
4313,588,4374,588,4374,631,4313,631
4392,588,4497,588,4497,631,4392,631
4115,632,4217,632,4217,679,4115,679
4233,632,4348,632,4348,679,4233,679
3959,687,4031,687,4031,729,3959,729
4039,687,4086,687,4086,729,4039,729
4091,687,4102,687,4102,729,4091,729
4259,690,4348,690,4348,728,4259,728
4364,690,4374,690,4374,728,4364,728
3955,748,4034,748,4034,786,3955,786
4245,744,4287,744,4287,782,4245,782
3650,692,3840,692,3840,730,3650,730
3846,692,3856,692,3856,730,3846,730
1504,728,1507,728,1507,742,1504,742
1550,728,1579,728,1579,742,1550,742
4547,692,4675,692,4675,730,4547,730
4695,692,4705,692,4705,730,4695,730
4543,747,4616,744,4618,779,4545,782
1046,748,1154,748,1154,780,1046,780
1745,755,1791,755,1791,776,1745,776
1796,755,1801,755,1801,776,1796,776
1804,755,1841,755,1841,776,1804,776
2512,797,2557,797,2557,818,2512,818
2041,880,2041,877,2055,878,2055,881
2041,872,2041,869,2055,870,2055,873
2042,866,2042,863,2056,864,2056,867
2043,857,2043,854,2057,855,2057,858
2061,923,2061,918,2082,917,2082,922
2059,895,2058,876,2080,875,2081,894
2058,871,2057,855,2078,854,2079,870
4107,847,4356,847,4356,893,4107,893
1993,966,1993,910,2004,910,2004,966
2006,977,2006,948,2018,948,2018,977
2006,946,2006,933,2018,933,2018,946
2006,924,2006,922,2018,922,2018,924
2006,915,2006,906,2018,906,2018,915
2063,953,2063,948,2084,947,2084,952
2504,934,2628,934,2628,970,2504,970
2642,934,2652,934,2652,970,2642,970
3801,935,3898,935,3898,962,3801,962
4575,939,4582,939,4582,966,4575,966
4586,939,4593,939,4593,966,4586,966
4594,939,4614,939,4614,966,4594,966
4624,939,4660,939,4660,966,4624,966
2203,993,2203,951,2222,951,2222,993
3050,989,3049,951,3079,950,3080,988
2065,984,2065,979,2086,978,2086,983
3804,995,3896,995,3896,1026,3804,1026
3911,995,3919,995,3919,1026,3911,1026
3933,995,4022,995,4022,1026,3933,1026
4567,1003,4588,1003,4588,1026,4567,1026
4592,1003,4598,1003,4598,1026,4592,1026
4601,1003,4622,1003,4622,1026,4601,1026
4627,1003,4670,1003,4670,1026,4627,1026
3115,1036,3167,1036,3167,1060,3115,1060
3804,1055,3919,1055,3919,1084,3804,1084
3935,1055,3943,1055,3943,1084,3935,1084
4571,1061,4588,1061,4588,1084,4571,1084
4591,1061,4597,1061,4597,1084,4591,1084
4599,1061,4620,1061,4620,1084,4599,1084
4629,1061,4667,1061,4667,1084,4629,1084
3138,1115,3177,1115,3177,1134,3138,1134
3802,1117,3918,1117,3918,1144,3802,1144
3934,1117,3941,1117,3941,1144,3934,1144
4569,1119,4588,1119,4588,1146,4569,1146
4591,1119,4598,1119,4598,1146,4591,1146
4602,1119,4622,1119,4622,1146,4602,1146
4628,1119,4669,1119,4669,1146,4628,1146
954,1187,929,1222,910,1209,934,1173
3801,1173,3918,1173,3918,1200,3801,1200
3933,1173,3940,1173,3940,1200,3933,1200
4569,1173,4588,1173,4588,1200,4569,1200
4591,1173,4598,1173,4598,1200,4591,1200
4598,1173,4623,1173,4623,1200,4598,1200
4628,1173,4669,1173,4669,1200,4628,1200
1902,1203,1950,1198,1953,1229,1905,1234
1966,1196,1974,1195,1977,1226,1969,1227
3802,1235,3874,1235,3874,1256,3802,1256
3885,1235,3913,1235,3913,1256,3885,1256
3923,1235,3970,1235,3970,1256,3923,1256
4572,1233,4578,1233,4578,1256,4572,1256
4584,1233,4590,1233,4590,1256,4584,1256
4592,1233,4613,1233,4613,1256,4592,1256
4622,1233,4660,1233,4660,1256,4622,1256
1658,1303,1658,1261,1679,1261,1679,1303
2069,1296,2069,1293,2084,1293,2084,1296
1767,1283,1877,1283,1877,1312,1767,1312
2921,1300,2929,1300,2928,1329,2920,1329
2963,1301,2971,1301,2970,1330,2962,1330
3005,1302,3013,1302,3012,1331,3004,1331
3047,1303,3055,1303,3054,1332,3046,1332
3089,1304,3097,1304,3096,1333,3088,1333
3804,1288,3876,1288,3876,1322,3804,1322
3889,1288,3898,1288,3898,1322,3889,1322
3900,1288,3909,1288,3909,1322,3900,1322
3909,1288,3953,1288,3953,1322,3909,1322
4575,1285,4585,1285,4585,1323,4575,1323
4586,1285,4596,1285,4596,1323,4586,1323
4595,1285,4616,1285,4616,1323,4595,1323
4621,1285,4664,1285,4664,1323,4621,1323
3131,1305,3139,1305,3138,1334,3130,1334
2069,1327,2069,1324,2084,1324,2084,1327
2043,1353,2043,1329,2058,1329,2058,1353
2069,1357,2069,1354,2084,1354,2084,1357
2647,1343,2693,1343,2693,1364,2647,1364
3799,1351,3838,1351,3838,1372,3799,1372
4574,1348,4582,1348,4582,1379,4574,1379
4585,1348,4593,1348,4593,1379,4585,1379
4592,1348,4615,1348,4615,1379,4592,1379
4620,1348,4660,1348,4660,1379,4620,1379
2069,1388,2069,1385,2084,1385,2084,1388
2069,1419,2069,1416,2084,1416,2084,1419
3189,1415,3218,1415,3218,1432,3189,1432
3229,1414,3233,1414,3233,1431,3229,1431
3246,1414,3250,1414,3250,1431,3246,1431
3262,1414,3266,1414,3266,1431,3262,1431
3280,1414,3284,1414,3284,1431,3280,1431
3289,1413,3293,1413,3293,1430,3289,1430
3801,1413,3852,1413,3852,1433,3801,1433
4575,1410,4581,1410,4581,1433,4575,1433
4584,1410,4590,1410,4590,1433,4584,1433
4593,1410,4614,1410,4614,1433,4593,1433
4622,1410,4660,1410,4660,1433,4622,1433
700,1351,710,1511,667,1513,657,1354
1795,1420,1845,1420,1845,1441,1795,1441
1796,1455,1801,1455,1801,1476,1796,1476
1811,1455,1816,1455,1816,1476,1811,1476
1819,1455,1846,1455,1846,1476,1819,1476
2069,1450,2069,1447,2084,1447,2084,1450
2069,1480,2069,1477,2084,1477,2084,1480
2011,1473,2011,1499,1998,1499,1998,1473
2011,1504,2011,1516,1998,1516,1998,1504
2011,1523,2011,1526,1998,1526,1998,1523
2011,1532,2011,1544,1998,1544,1998,1532
2029,1481,2026,1538,2008,1537,2011,1480
2069,1512,2069,1509,2084,1509,2084,1512
2201,1549,2201,1506,2222,1506,2222,1549
3806,1500,3902,1500,3902,1532,3806,1532
3916,1500,4065,1500,4065,1532,3916,1532
4076,1500,4260,1500,4260,1532,4076,1532
4517,1496,4556,1496,4556,1539,4517,1539
4568,1496,4580,1496,4580,1539,4568,1539
4581,1496,4629,1496,4629,1539,4581,1539
4644,1496,4723,1496,4723,1539,4644,1539
2069,1543,2069,1540,2084,1540,2084,1543
2472,1523,2558,1523,2558,1559,2472,1559
2570,1523,2580,1523,2580,1559,2570,1559
2585,1523,2685,1523,2685,1559,2585,1559
3250,1537,3299,1537,3299,1568,3250,1568
3295,1537,3303,1537,3303,1568,3295,1568
2069,1573,2069,1570,2084,1570,2084,1573
548,1492,552,1603,517,1604,513,1493
553,1616,553,1625,519,1626,519,1617
554,1635,556,1683,521,1684,519,1636
2961,1579,2965,1579,2965,1596,2961,1596
3001,1578,3005,1578,3005,1595,3001,1595
3044,1577,3048,1577,3048,1594,3044,1594
2069,1603,2069,1600,2084,1600,2084,1603
3806,1595,3929,1595,3929,1626,3806,1626
2551,1595,2605,1595,2605,1626,2551,1626
2549,1629,2557,1629,2557,1660,2549,1660
2565,1629,2573,1629,2573,1660,2565,1660
2576,1629,2604,1629,2604,1660,2576,1660
4568,1598,4591,1598,4591,1629,4568,1629
4591,1598,4599,1598,4599,1629,4591,1629
4600,1598,4623,1598,4623,1629,4600,1629
4628,1598,4668,1598,4668,1629,4628,1629
2061,1634,2061,1629,2080,1630,2080,1635
2069,1635,2069,1632,2084,1632,2084,1635
3193,1639,3195,1639,3195,1650,3193,1650
3212,1640,3214,1640,3214,1651,3212,1651
3229,1640,3231,1640,3231,1651,3229,1651
3245,1641,3247,1641,3247,1652,3245,1652
3262,1641,3264,1641,3264,1652,3262,1652
3279,1642,3281,1642,3281,1653,3279,1653
2060,1666,2060,1661,2079,1662,2079,1667
2069,1666,2069,1663,2084,1663,2084,1666
3184,1687,3184,1683,3202,1683,3202,1687
3184,1669,3184,1665,3202,1665,3202,1669
3805,1660,3877,1660,3877,1681,3805,1681
4565,1657,4590,1657,4590,1684,4565,1684
4592,1657,4599,1657,4599,1684,4592,1684
4600,1657,4620,1657,4620,1684,4600,1684
4626,1657,4667,1657,4667,1684,4626,1684
3217,1699,3219,1699,3219,1710,3217,1710
3233,1699,3235,1699,3235,1710,3233,1710
3250,1700,3252,1700,3252,1711,3250,1711
1144,1697,1234,1694,1235,1730,1145,1733
1522,1764,1522,1756,1553,1756,1553,1764
1522,1737,1522,1697,1553,1697,1553,1737
1781,1709,1823,1709,1823,1730,1781,1730
2069,1696,2069,1693,2084,1693,2084,1696
2057,1755,2058,1738,2078,1739,2077,1756
2058,1730,2059,1708,2079,1709,2078,1731
2059,1696,2059,1691,2078,1692,2078,1697
2039,1754,2039,1750,2057,1750,2057,1754
2039,1747,2039,1743,2057,1743,2057,1747
2039,1741,2039,1737,2057,1737,2057,1741
2039,1732,2039,1728,2057,1728,2057,1732
3188,1728,3188,1726,3197,1726,3197,1728
3187,1745,3187,1743,3196,1743,3196,1745
3187,1761,3187,1759,3196,1759,3196,1761
3810,1742,3898,1743,3898,1779,3810,1778
3916,1743,4063,1744,4063,1780,3916,1779
4073,1744,4234,1745,4234,1781,4073,1780
4511,1743,4580,1743,4580,1796,4511,1796
4581,1743,4596,1743,4596,1796,4581,1796
4601,1743,4640,1743,4640,1796,4601,1796
4658,1743,4735,1743,4735,1796,4658,1796
3186,1777,3186,1775,3195,1775,3195,1777
3186,1794,3186,1792,3195,1792,3195,1794
2946,1880,2960,1880,2960,1931,2946,1931
2988,1880,3002,1880,3002,1931,2988,1931
3041,1880,3084,1880,3084,1931,3041,1931
3113,1880,3127,1880,3127,1931,3113,1931
713,1561,714,1572,672,1575,671,1564
714,1583,715,1594,673,1597,672,1586
716,1603,717,1614,675,1617,674,1606
717,1629,718,1640,676,1643,675,1632
720,1676,721,1687,679,1690,678,1679
722,1698,723,1709,681,1712,680,1701
723,1719,724,1730,682,1733,681,1722
725,1745,726,1756,684,1759,683,1748
726,1767,727,1778,685,1781,684,1770
727,1788,728,1799,686,1802,685,1791
729,1814,730,1825,688,1828,687,1817
730,1835,731,1846,689,1849,688,1838
732,1861,733,1872,691,1875,690,1864
733,1883,734,1894,692,1897,691,1886
734,1904,735,1915,693,1918,692,1907
736,1930,737,1941,695,1944,694,1933
737,1952,738,1963,696,1966,695,1955
739,1973,740,1984,698,1987,697,1976
743,1995,743,2009,693,2011,692,1997
743,2021,743,2035,693,2037,692,2023
744,2042,744,2056,694,2058,693,2044
745,2068,745,2082,695,2084,694,2070
746,2088,746,2102,696,2104,695,2090
747,2106,755,2317,703,2319,695,2108
2399,1995,2445,1995,2445,2022,2399,2022
3012,1981,3102,1984,3101,2020,3011,2017
3177,1987,3186,1987,3185,2022,3176,2022
2040,2112,2040,2108,2057,2108,2057,2112
2040,2105,2040,2101,2057,2101,2057,2105
2040,2099,2040,2095,2057,2095,2057,2099
2040,2088,2040,2084,2057,2084,2057,2088
2040,2083,2040,2079,2057,2079,2057,2083
2200,2116,2198,2075,2221,2074,2223,2115
2336,2074,2456,2074,2456,2106,2336,2106
2473,2074,2481,2074,2481,2106,2473,2106
2061,2152,2061,2147,2082,2146,2082,2150
2059,2124,2058,2108,2079,2107,2080,2122
2057,2100,2056,2084,2077,2083,2078,2098
2063,2182,2063,2177,2084,2176,2084,2180
2065,2213,2065,2208,2086,2207,2086,2211
1151,2188,1149,2287,1127,2287,1129,2188
2839,2156,3257,2145,3259,2214,2841,2225
2935,2263,2949,2262,2952,2313,2938,2314
3090,2253,3147,2249,3150,2300,3093,2304
2067,2246,2067,2241,2088,2240,2088,2244
3090,2269,3143,2269,3143,2291,3090,2291
762,2287,761,2299,729,2297,730,2285
2762,2307,2756,2346,2742,2343,2747,2305
2767,2345,2767,2305,2787,2305,2787,2345
756,2401,752,2471,720,2469,724,2399
3680,2454,3739,2454,3739,2488,3680,2488
3753,2454,3790,2454,3790,2488,3753,2488
3801,2454,3914,2454,3914,2488,3801,2488
3929,2454,3960,2454,3960,2488,3929,2488
3974,2454,4110,2454,4110,2488,3974,2488
4118,2454,4186,2454,4186,2488,4118,2488
4194,2454,4203,2454,4203,2488,4194,2488
4201,2454,4210,2454,4210,2488,4201,2488
4208,2454,4343,2454,4343,2488,4208,2488
1261,2486,1304,2486,1304,2507,1261,2507
2374,2484,2384,2484,2383,2520,2373,2520
2415,2486,2425,2486,2424,2522,2414,2522
2456,2487,2466,2487,2465,2523,2455,2523
3131,2504,3177,2504,3177,2529,3131,2529
2069,2546,2069,2542,2086,2543,2086,2547
3028,2548,3074,2542,3077,2571,3032,2577
3101,2538,3109,2537,3113,2566,3105,2567
3138,2533,3154,2531,3157,2560,3142,2562
2067,2578,2067,2574,2084,2575,2084,2579
2202,2563,2213,2563,2215,2602,2204,2603
2337,2557,2454,2552,2456,2593,2339,2598
2473,2552,2484,2552,2486,2591,2475,2592
3118,2602,3118,2594,3149,2594,3149,2602
2064,2607,2064,2603,2081,2604,2081,2608
4124,2632,4124,2588,4158,2588,4158,2632
2977,2617,3024,2617,3024,2647,2977,2647
2057,2699,2058,2680,2076,2681,2075,2700
2059,2673,2061,2652,2079,2653,2077,2674
2062,2639,2062,2635,2079,2636,2079,2640
2039,2696,2039,2692,2056,2694,2056,2698
2040,2689,2040,2685,2057,2687,2057,2691
2040,2683,2040,2679,2057,2681,2057,2685
2042,2673,2042,2669,2059,2671,2059,2675
3092,2674,3087,2629,3109,2627,3114,2672
1226,2681,1335,2681,1335,2710,1226,2710
4013,2815,3996,2563,4011,2562,4028,2814
4308,2706,4320,2705,4321,2714,4309,2715
4302,2713,4308,2713,4308,2721,4302,2721
4309,2713,4310,2713,4310,2721,4309,2721
4311,2713,4316,2713,4316,2721,4311,2721
4321,2713,4327,2713,4327,2721,4321,2721
791,2713,795,2713,795,2730,791,2730
815,2713,819,2713,819,2730,815,2730
841,2714,845,2714,845,2731,841,2731
851,2714,855,2714,855,2731,851,2731
886,2714,890,2714,890,2731,886,2731
904,2714,908,2714,908,2731,904,2731
920,2714,924,2714,924,2731,920,2731
940,2714,944,2714,944,2731,940,2731
956,2715,960,2715,960,2732,956,2732
1026,2715,1030,2715,1030,2732,1026,2732
1062,2716,1066,2716,1066,2733,1062,2733
1098,2716,1102,2716,1102,2733,1098,2733
1132,2716,1136,2716,1136,2733,1132,2733
1168,2717,1172,2717,1172,2734,1168,2734
1204,2717,1208,2717,1208,2734,1204,2734
4111,2822,4111,2661,4119,2661,4119,2822
4124,2758,4124,2721,4158,2721,4158,2758
4376,2633,4380,2872,4345,2873,4341,2634
2854,2762,2855,2762,2855,2769,2854,2769
2870,2762,2871,2762,2871,2769,2870,2769
2886,2762,2887,2762,2887,2769,2886,2769
2395,2769,2435,2769,2435,2790,2395,2790
2800,2771,2835,2771,2835,2794,2800,2794
4178,2826,4179,2826,4179,2833,4178,2833
4184,2826,4185,2826,4185,2833,4184,2833
4190,2827,4191,2827,4191,2834,4190,2834
4193,2827,4203,2827,4203,2834,4193,2834
4233,2839,4236,2839,4236,2854,4233,2854
4311,2839,4318,2839,4318,2854,4311,2854
4307,2852,4330,2854,4329,2862,4306,2860
4124,2872,4124,2863,4158,2863,4158,2872
4267,2937,4275,2937,4274,2966,4266,2966
4327,2940,4491,2948,4489,2977,4326,2969
4303,2996,4308,2996,4308,3004,4303,3004
4308,2996,4309,2996,4309,3004,4308,3004
4311,2996,4317,2996,4317,3004,4311,3004
4319,2996,4327,2996,4327,3004,4319,3004
4177,3008,4182,3008,4182,3016,4177,3016
4184,3008,4185,3008,4185,3016,4184,3016
4186,3007,4191,3007,4191,3016,4186,3016
4193,3007,4203,3007,4203,3015,4193,3015
4415,3033,4420,3033,4420,3040,4415,3040
4421,3033,4422,3033,4422,3040,4421,3040
4424,3033,4429,3033,4429,3040,4424,3040
4432,3033,4438,3033,4438,3040,4432,3040
2344,3092,2344,3087,2364,3086,2364,3091
2394,3079,2397,3079,2397,3094,2394,3094
2434,3080,2437,3080,2437,3095,2434,3095
2474,3080,2477,3080,2477,3095,2474,3095
2514,3080,2517,3080,2517,3095,2514,3095
2554,3081,2557,3081,2557,3096,2554,3096
4103,3078,4110,3078,4110,3089,4103,3089
4095,3091,4100,3091,4100,3098,4095,3098
4102,3091,4103,3091,4103,3098,4102,3098
4104,3090,4109,3090,4109,3098,4104,3098
4111,3090,4121,3090,4121,3097,4111,3097
4334,3099,4342,3098,4343,3107,4335,3108
4326,3108,4332,3108,4332,3115,4326,3115
4333,3108,4334,3108,4334,3115,4333,3115
4335,3107,4354,3106,4354,3114,4335,3115
4102,3112,4104,3112,4104,3123,4102,3123
142,3117,164,3117,164,3148,142,3148
223,3117,231,3117,231,3148,223,3148
233,3117,241,3117,241,3148,233,3148
243,3117,251,3117,251,3148,243,3148
326,3117,334,3117,334,3148,326,3148
2353,3122,2359,3122,2360,3146,2354,3146
2396,3121,2402,3121,2403,3145,2397,3145
2436,3120,2442,3120,2443,3144,2437,3144
2476,3119,2482,3119,2483,3143,2477,3143
2516,3118,2522,3118,2523,3142,2517,3142
2556,3117,2562,3117,2563,3141,2557,3141
2598,3116,2604,3116,2605,3140,2599,3140
4022,3128,4118,3131,4118,3140,4022,3137
4451,3112,4463,3112,4463,3155,4451,3155
4031,3146,4132,3145,4132,3153,4031,3154
4142,3141,4193,3141,4193,3156,4142,3156
1866,3180,1962,3183,1961,3218,1865,3215
1975,3183,2095,3186,2094,3221,1974,3218
2167,3159,2245,3159,2245,3188,2167,3188
2147,3188,2270,3192,2269,3227,2146,3223
2397,3193,2460,3193,2460,3217,2397,3217
2469,3193,2560,3193,2560,3217,2469,3217
2740,3192,2835,3192,2835,3221,2740,3221
3003,3190,3070,3190,3070,3223,3003,3223
3073,3190,3082,3190,3082,3223,3073,3223
3084,3190,3167,3190,3167,3223,3084,3223
3345,3173,3436,3173,3436,3204,3345,3204
3269,3209,3373,3209,3373,3239,3269,3239
3384,3209,3450,3209,3450,3239,3384,3239
3457,3209,3500,3209,3500,3239,3457,3239
154,3274,160,3274,160,3297,154,3297
159,3274,232,3274,232,3297,159,3297
153,3303,192,3303,192,3325,153,3325
204,3303,291,3303,291,3325,204,3325
299,3303,399,3303,399,3325,299,3325
413,3303,459,3303,459,3325,413,3325
461,3303,623,3303,623,3325,461,3325
632,3303,637,3303,637,3325,632,3325
646,3303,706,3303,706,3325,646,3325
714,3303,752,3303,752,3325,714,3325
761,3303,852,3303,852,3325,761,3325
860,3303,906,3303,906,3325,860,3325
913,3303,1021,3303,1021,3325,913,3325
1031,3303,1080,3303,1080,3325,1031,3325
1090,3303,1102,3303,1102,3325,1090,3325
1116,3303,1192,3303,1192,3325,1116,3325
1200,3303,1238,3303,1238,3325,1200,3325
1247,3303,1317,3303,1317,3325,1247,3325
1325,3303,1345,3303,1345,3325,1325,3325
1357,3303,1376,3303,1376,3325,1357,3325
1389,3303,1409,3303,1409,3325,1389,3325
1423,3303,1494,3303,1494,3325,1423,3325
1493,3303,1498,3303,1498,3325,1493,3325
1505,3303,1547,3303,1547,3325,1505,3325
1551,3303,1694,3303,1694,3325,1551,3325
1704,3303,1750,3303,1750,3325,1704,3325
1757,3303,1888,3303,1888,3325,1757,3325
1900,3303,1905,3303,1905,3325,1900,3325
1909,3303,1914,3303,1914,3325,1909,3325
1916,3303,1952,3303,1952,3325,1916,3325
1964,3303,2068,3303,2068,3325,1964,3325
2079,3303,2084,3303,2084,3325,2079,3325
2100,3303,2121,3303,2121,3325,2100,3325
2130,3303,2171,3303,2171,3325,2130,3325
2185,3303,2206,3303,2206,3325,2185,3325
2219,3303,2295,3303,2295,3325,2219,3325
2308,3303,2332,3303,2332,3325,2308,3325
2343,3303,2348,3303,2348,3325,2343,3325
2348,3303,2353,3303,2353,3325,2348,3325
2353,3303,2411,3303,2411,3325,2353,3325
2422,3303,2527,3303,2527,3325,2422,3325
2527,3303,2532,3303,2532,3325,2527,3325
2541,3303,2578,3303,2578,3325,2541,3325
2586,3303,2700,3303,2700,3325,2586,3325
2708,3303,2825,3303,2825,3325,2708,3325
2826,3303,2831,3303,2831,3325,2826,3325
2838,3303,2999,3303,2999,3325,2838,3325
3008,3303,3028,3303,3028,3325,3008,3325
3040,3303,3202,3303,3202,3325,3040,3325
3204,3303,3209,3303,3209,3325,3204,3325
3217,3303,3260,3303,3260,3325,3217,3325
3264,3303,3284,3303,3284,3325,3264,3325
3298,3303,3318,3303,3318,3325,3298,3325
3329,3303,3364,3303,3364,3325,3329,3325
3370,3303,3467,3303,3467,3325,3370,3325
3474,3303,3505,3303,3505,3325,3474,3325
156,3330,278,3330,278,3355,156,3355
286,3330,339,3330,339,3355,286,3355
342,3330,348,3330,348,3355,342,3355
354,3330,386,3330,386,3355,354,3355
392,3330,474,3330,474,3355,392,3355
485,3330,521,3330,521,3355,485,3355
533,3330,589,3330,589,3355,533,3355
600,3330,636,3330,636,3355,600,3355
646,3330,675,3330,675,3355,646,3355
685,3330,818,3330,818,3355,685,3355
823,3330,829,3330,829,3355,823,3355
836,3330,875,3330,875,3355,836,3355
882,3330,994,3330,994,3355,882,3355
1005,3330,1028,3330,1028,3355,1005,3355
1036,3330,1103,3330,1103,3355,1036,3355
1106,3330,1112,3330,1112,3355,1106,3355
1125,3330,1195,3330,1195,3355,1125,3355
1197,3330,1203,3330,1203,3355,1197,3355
1210,3330,1252,3330,1252,3355,1210,3355
1264,3330,1353,3330,1353,3355,1264,3355
1363,3330,1411,3330,1411,3355,1363,3355
1419,3330,1455,3330,1455,3355,1419,3355
1465,3330,1471,3330,1471,3355,1465,3355
1470,3330,1476,3330,1476,3355,1470,3355
1476,3330,1624,3330,1624,3355,1476,3355
1629,3330,1665,3330,1665,3355,1629,3355
1676,3330,1809,3330,1809,3355,1676,3355
1823,3330,1869,3330,1869,3355,1823,3355
1874,3330,1943,3330,1943,3355,1874,3355
1954,3330,1960,3330,1960,3355,1954,3355
1972,3330,2010,3330,2010,3355,1972,3355
2019,3330,2103,3330,2103,3355,2019,3355
2102,3330,2108,3330,2108,3355,2102,3355
2115,3330,2129,3330,2129,3355,2115,3355
2141,3330,2218,3330,2218,3355,2141,3355
2224,3330,2230,3330,2230,3355,2224,3355
2237,3330,2243,3330,2243,3355,2237,3355
2242,3330,2248,3330,2248,3355,2242,3355
2249,3330,2393,3330,2393,3355,2249,3355
2399,3330,2422,3330,2422,3355,2399,3355
2427,3330,2456,3330,2456,3355,2427,3355
2465,3330,2587,3330,2587,3355,2465,3355
2594,3330,2630,3330,2630,3355,2594,3355
2642,3330,2766,3330,2766,3355,2642,3355
2780,3330,2825,3330,2825,3355,2780,3355
2832,3330,2963,3330,2963,3355,2832,3355
2973,3330,2979,3330,2979,3355,2973,3355
2983,3330,2989,3330,2989,3355,2983,3355
2990,3330,3027,3330,3027,3355,2990,3355
3033,3330,3126,3330,3126,3355,3033,3355
3659,3284,3751,3284,3751,3335,3659,3335
3762,3284,3776,3284,3776,3335,3762,3335
3793,3284,3822,3284,3822,3335,3793,3335
3835,3284,3849,3284,3849,3335,3835,3335
3843,3284,3881,3284,3881,3335,3843,3335
3887,3284,3901,3284,3901,3335,3887,3335
3902,3284,3973,3284,3973,3335,3902,3335
4276,3292,4393,3292,4393,3335,4276,3335
4403,3292,4415,3292,4415,3335,4403,3335
