4015,170,4299,170,4299,228,4015,228
4019,226,4297,226,4297,284,4019,284
4106,374,4112,374,4112,398,4106,398
4120,374,4155,374,4155,398,4120,398
4164,374,4186,374,4186,398,4164,398
4196,374,4243,374,4243,398,4196,398
4256,374,4262,374,4262,398,4256,398
4273,374,4361,374,4361,398,4273,398
4130,406,4189,406,4189,429,4130,429
4204,406,4256,406,4256,429,4204,429
4262,406,4319,406,4319,429,4262,429
303,485,653,245,704,320,354,559
4145,481,4302,481,4302,551,4145,551
3967,588,4042,588,4042,631,3967,631
4051,588,4191,588,4191,631,4051,631
4205,588,4217,588,4217,631,4205,631
4221,588,4295,588,4295,631,4221,631
4313,588,4374,588,4374,631,4313,631
4392,588,4497,588,4497,631,4392,631
4112,632,4221,632,4221,679,4112,679
4238,632,4353,632,4353,679,4238,679
3957,689,4031,689,4031,729,3957,729
4037,689,4087,689,4087,729,4037,729
4092,689,4103,689,4103,729,4092,729
4259,687,4347,687,4347,729,4259,729
4361,687,4372,687,4372,729,4361,729
3954,743,4036,743,4036,788,3954,788
3650,692,3840,692,3840,730,3650,730
3846,692,3856,692,3856,730,3846,730
4547,692,4675,692,4675,730,4547,730
4695,692,4705,692,4705,730,4695,730
4543,746,4615,746,4615,782,4543,782
1260,745,1306,742,1308,778,1262,781
4253,743,4284,746,4280,781,4249,778
1463,782,1463,790,1434,790,1434,782
2250,783,2254,783,2254,799,2250,799
2289,783,2293,783,2293,799,2289,799
2326,783,2330,783,2330,799,2326,799
2364,783,2368,783,2368,799,2364,799
2403,783,2407,783,2407,799,2403,799
2440,783,2444,783,2444,799,2440,799
2479,784,2483,784,2483,800,2479,800
2517,784,2521,784,2521,800,2517,800
2554,784,2558,784,2558,800,2554,800
2593,784,2597,784,2597,800,2593,800
2632,784,2636,784,2636,800,2632,800
2670,784,2674,784,2674,800,2670,800
2709,784,2713,784,2713,800,2709,800
2746,784,2750,784,2750,800,2746,800
2785,784,2789,784,2789,800,2785,800
2822,784,2826,784,2826,800,2822,800
2860,784,2864,784,2864,800,2860,800
2899,784,2903,784,2903,800,2899,800
2936,784,2940,784,2940,800,2936,800
2976,785,2980,785,2980,801,2976,801
3013,785,3017,785,3017,801,3013,801
3032,785,3036,785,3036,801,3032,801
3042,785,3046,785,3046,801,3042,801
3051,785,3055,785,3055,801,3051,801
3083,785,3087,785,3087,801,3083,801
3089,785,3093,785,3093,801,3089,801
3129,785,3133,785,3133,801,3129,801
3147,785,3151,785,3151,801,3147,801
3166,785,3170,785,3170,801,3166,801
3180,785,3205,785,3205,801,3180,801
3493,788,3497,788,3497,806,3493,806
3509,788,3513,788,3513,806,3509,806
3546,788,3550,788,3550,806,3546,806
754,806,754,807,746,807,746,806
754,824,754,825,746,825,746,824
453,819,545,827,541,865,450,857
586,831,596,832,593,870,583,869
831,818,861,818,861,850,831,850
903,818,911,818,911,850,903,850
1463,830,1463,838,1434,838,1434,830
2734,820,2852,820,2852,852,2734,852
808,842,810,842,810,853,808,853
826,842,828,842,828,853,826,853
844,842,846,842,846,853,844,853
4107,847,4356,847,4356,893,4107,893
1463,875,1463,883,1434,883,1434,875
2626,879,2672,879,2672,908,2626,908
1463,920,1463,928,1434,928,1434,920
494,921,539,916,542,948,497,953
759,951,757,908,778,907,780,950
3801,935,3898,935,3898,962,3801,962
4573,937,4581,937,4581,966,4573,966
4585,937,4593,937,4593,966,4585,966
4593,937,4614,937,4614,966,4593,966
4623,937,4660,937,4660,966,4623,966
1463,965,1463,973,1434,973,1434,965
1228,981,1366,984,1365,1025,1227,1022
1383,985,1394,985,1393,1025,1382,1025
3804,993,3898,993,3898,1022,3804,1022
3911,993,3919,993,3919,1022,3911,1022
3930,993,4021,993,4021,1022,3930,1022
1499,1047,1497,1002,1533,1001,1535,1046
4569,1001,4590,1001,4590,1024,4569,1024
4592,1001,4598,1001,4598,1024,4592,1024
4600,1001,4621,1001,4621,1024,4600,1024
4630,1001,4668,1001,4668,1024,4630,1024
974,1050,982,1050,983,1079,975,1079
1013,1049,1021,1049,1022,1078,1014,1078
1058,1047,1066,1047,1067,1076,1059,1076
3804,1053,3919,1053,3919,1082,3804,1082
3935,1053,3943,1053,3943,1082,3935,1082
4568,1060,4589,1060,4589,1083,4568,1083
4593,1060,4599,1060,4599,1083,4593,1083
4603,1060,4620,1060,4620,1083,4603,1083
4629,1060,4667,1060,4667,1083,4629,1083
1634,1093,1634,1089,1651,1088,1651,1092
1177,1082,1185,1082,1184,1111,1176,1111
1231,1084,1239,1084,1238,1113,1230,1113
1276,1086,1284,1086,1283,1115,1275,1115
1321,1088,1329,1088,1328,1117,1320,1117
3800,1111,3921,1111,3921,1142,3800,1142
3932,1111,3940,1111,3940,1142,3932,1142
4574,1118,4580,1118,4580,1141,4574,1141
4586,1118,4592,1118,4592,1141,4586,1141
4596,1118,4613,1118,4613,1141,4596,1141
4622,1118,4660,1118,4660,1141,4622,1141
1637,1157,1637,1153,1654,1152,1654,1156
3804,1172,3872,1172,3872,1194,3804,1194
3884,1172,3912,1172,3912,1194,3884,1194
3925,1172,3996,1172,3996,1194,3925,1194
4572,1172,4577,1172,4577,1194,4572,1194
4586,1172,4591,1172,4591,1194,4586,1194
4590,1172,4615,1172,4615,1194,4590,1194
4622,1172,4658,1172,4658,1194,4622,1194
1639,1192,1639,1188,1656,1187,1656,1191
1664,1249,1664,1233,1682,1233,1682,1249
1664,1223,1664,1199,1682,1199,1682,1223
1642,1255,1641,1229,1658,1228,1660,1254
3361,1261,3361,1214,3388,1214,3388,1261
3540,1240,3540,1237,3555,1237,3555,1240
3800,1229,3839,1229,3839,1256,3800,1256
4575,1231,4580,1231,4580,1253,4575,1253
4586,1231,4591,1231,4591,1253,4586,1253
4594,1231,4613,1231,4613,1253,4594,1253
4623,1231,4659,1231,4659,1253,4623,1253
3540,1261,3540,1258,3555,1258,3555,1261
1079,1266,1088,1266,1088,1300,1079,1300
1128,1266,1137,1266,1137,1300,1128,1300
1174,1266,1183,1266,1183,1300,1174,1300
1219,1266,1228,1266,1228,1300,1219,1300
1265,1266,1274,1266,1274,1300,1265,1300
1310,1266,1319,1266,1319,1300,1310,1300
1356,1266,1365,1266,1365,1300,1356,1300
1401,1266,1410,1266,1410,1300,1401,1300
1447,1266,1456,1266,1456,1300,1447,1300
1492,1266,1501,1266,1501,1300,1492,1300
1534,1266,1543,1266,1543,1300,1534,1300
3504,1340,3504,1218,3540,1218,3540,1340
3540,1293,3540,1290,3555,1290,3555,1293
3540,1278,3540,1275,3555,1275,3555,1278
2701,1294,2794,1294,2794,1332,2701,1332
3800,1289,3854,1289,3854,1316,3800,1316
846,1350,846,1308,867,1308,867,1350
4573,1287,4581,1287,4581,1316,4573,1316
4585,1287,4593,1287,4593,1316,4585,1316
4593,1287,4614,1287,4614,1316,4593,1316
4623,1287,4660,1287,4660,1316,4623,1316
596,1395,596,1351,619,1351,619,1395
461,1358,511,1353,514,1387,464,1392
772,1328,830,1328,830,1379,772,1379
3806,1380,3902,1380,3902,1414,3806,1414
3918,1380,4068,1380,4068,1414,3918,1414
4076,1380,4259,1380,4259,1414,4076,1414
1646,1428,1646,1423,1665,1424,1665,1429
1646,1422,1646,1417,1665,1418,1665,1423
1647,1416,1647,1411,1666,1412,1666,1417
1647,1404,1647,1399,1666,1400,1666,1405
4515,1372,4562,1372,4562,1423,4515,1423
4571,1372,4585,1372,4585,1423,4571,1423
4583,1372,4630,1372,4630,1423,4583,1423
4644,1372,4720,1372,4720,1423,4644,1423
1668,1444,1668,1427,1684,1427,1684,1444
1668,1417,1668,1406,1684,1406,1684,1417
3538,1431,3538,1427,3555,1427,3555,1431
596,1438,596,1432,619,1432,619,1438
1654,1437,1654,1439,1642,1439,1642,1437
484,1439,533,1439,533,1460,484,1460
770,1437,815,1441,813,1466,768,1462
3537,1467,3537,1463,3554,1463,3554,1467
1654,1470,1654,1472,1642,1472,1642,1470
3537,1507,3537,1503,3554,1503,3554,1507
3537,1489,3537,1485,3554,1485,3554,1489
3805,1474,3928,1474,3928,1509,3805,1509
4574,1480,4580,1480,4580,1503,4574,1503
4584,1480,4590,1480,4590,1503,4584,1503
4591,1480,4617,1480,4617,1503,4591,1503
4622,1480,4660,1480,4660,1503,4622,1503
1654,1503,1654,1505,1642,1505,1642,1503
1654,1537,1654,1539,1642,1539,1642,1537
3537,1544,3537,1540,3554,1540,3554,1544
1230,1528,1362,1528,1362,1562,1230,1562
1380,1528,1389,1528,1389,1562,1380,1562
3804,1541,3878,1541,3878,1562,3804,1562
4563,1535,4590,1535,4590,1564,4563,1564
4592,1535,4600,1535,4600,1564,4592,1564
4600,1535,4621,1535,4621,1564,4600,1564
4625,1535,4668,1535,4668,1564,4625,1564
1654,1566,1654,1568,1642,1568,1642,1566
606,1562,651,1562,651,1594,606,1594
1505,1595,1505,1551,1533,1551,1533,1595
3537,1582,3537,1578,3554,1578,3554,1582
3536,1620,3536,1616,3553,1616,3553,1620
2811,1627,2935,1627,2935,1658,2811,1658
552,1644,651,1644,651,1676,552,1676
3806,1624,3900,1624,3900,1667,3806,1667
3916,1624,4060,1624,4060,1667,3916,1667
4073,1624,4230,1624,4230,1667,4073,1667
4513,1602,4578,1604,4575,1680,4510,1678
4581,1604,4603,1605,4600,1681,4578,1680
4605,1605,4647,1606,4644,1682,4602,1681
4658,1606,4742,1609,4739,1685,4655,1682
3319,1670,3323,1670,3323,1687,3319,1687
3371,1670,3375,1670,3375,1687,3371,1687
3389,1670,3393,1670,3393,1687,3389,1687
3412,1670,3416,1670,3416,1687,3412,1687
3445,1669,3492,1669,3492,1686,3445,1686
3536,1683,3536,1679,3553,1679,3553,1683
1281,1707,1324,1707,1324,1734,1281,1734
391,1793,391,1782,433,1782,433,1793
391,1749,391,1707,433,1707,433,1749
451,1776,457,1776,457,1799,451,1799
494,1776,500,1776,500,1799,494,1799
540,1776,546,1776,546,1799,540,1799
586,1776,592,1776,592,1799,586,1799
629,1776,635,1776,635,1799,629,1799
674,1776,680,1776,680,1799,674,1799
720,1776,726,1776,726,1799,720,1799
1392,1897,1445,1894,1446,1913,1393,1916
1541,1951,1586,1948,1588,1970,1543,1973
1262,2030,1262,2024,1285,2024,1285,2030
1262,2024,1262,2018,1285,2018,1285,2024
1262,2018,1262,2012,1285,2012,1285,2018
1262,2009,1262,2003,1285,2003,1285,2009
1285,2056,1285,2037,1303,2037,1303,2056
1285,2029,1285,2006,1303,2006,1303,2029
1262,2071,1262,2065,1285,2065,1285,2071
1273,2099,1273,2103,1256,2103,1256,2099
419,2103,467,2102,468,2131,420,2132
521,2101,529,2101,530,2130,522,2130
566,2099,574,2099,575,2128,567,2128
611,2099,620,2098,624,2131,615,2132
656,2103,664,2103,664,2132,656,2132
698,2103,706,2103,706,2132,698,2132
1274,2134,1274,2138,1257,2138,1257,2134
2005,2172,2005,2122,2032,2122,2032,2172
2100,2231,2100,2111,2123,2111,2123,2231
374,2175,504,2175,504,2223,374,2223
1274,2200,1274,2204,1257,2204,1257,2200
460,2220,463,2220,463,2233,460,2233
1275,2234,1275,2238,1258,2238,1258,2234
387,2221,390,2221,390,2234,387,2234
405,2221,408,2221,408,2234,405,2234
424,2221,427,2221,427,2234,424,2234
440,2220,443,2220,443,2233,440,2233
375,2239,379,2239,379,2257,375,2257
390,2239,394,2239,394,2257,390,2257
403,2239,407,2239,407,2257,403,2257
418,2239,422,2239,422,2257,418,2257
432,2239,436,2239,436,2257,432,2257
1077,2262,1077,2217,1101,2217,1101,2262
1687,2262,1687,2220,1716,2220,1716,2262
1275,2267,1275,2271,1258,2271,1258,2267
694,2251,792,2251,792,2293,694,2293
801,2251,812,2251,812,2293,801,2293
819,2251,931,2251,931,2293,819,2293
1332,2304,1332,2241,1343,2241,1343,2304
1344,2311,1344,2281,1358,2281,1358,2311
1344,2278,1344,2262,1358,2262,1358,2278
1344,2257,1344,2254,1358,2254,1358,2257
1344,2245,1344,2235,1358,2235,1358,2245
1498,2258,1620,2258,1620,2289,1498,2289
1275,2301,1275,2305,1258,2305,1258,2301
371,2318,438,2318,438,2339,371,2339
1275,2333,1275,2337,1258,2337,1258,2333
412,2344,466,2344,466,2391,412,2391
458,2344,471,2344,471,2391,458,2391
1514,2325,1523,2325,1523,2360,1514,2360
1536,2325,1596,2325,1596,2360,1536,2360
1527,2364,1536,2364,1536,2397,1527,2397
1544,2364,1553,2364,1553,2397,1544,2397
1561,2364,1570,2364,1570,2397,1561,2397
1572,2364,1602,2364,1602,2397,1572,2397
1276,2368,1276,2372,1259,2372,1259,2368
519,2396,527,2396,528,2425,520,2425
567,2394,575,2394,576,2423,568,2423
609,2392,617,2392,618,2421,610,2421
654,2390,662,2390,663,2419,655,2419
701,2388,709,2388,710,2417,702,2417
1938,2381,1984,2381,1984,2410,1938,2410
1276,2402,1276,2406,1259,2406,1259,2402
783,2384,791,2384,792,2413,784,2413
812,2383,870,2381,871,2409,813,2412
811,2417,821,2417,821,2455,811,2455
826,2417,836,2417,836,2455,826,2455
841,2417,868,2417,868,2455,841,2455
1276,2434,1276,2438,1259,2438,1259,2434
1288,2462,1288,2434,1302,2434,1302,2462
1276,2468,1276,2472,1259,2472,1259,2468
1795,2457,2050,2457,2050,2488,1795,2488
3680,2454,3739,2454,3739,2488,3680,2488
3753,2454,3790,2454,3790,2488,3753,2488
3801,2454,3914,2454,3914,2488,3801,2488
3929,2454,3960,2454,3960,2488,3929,2488
3974,2454,4110,2454,4110,2488,3974,2488
4118,2454,4186,2454,4186,2488,4118,2488
4194,2454,4203,2454,4203,2488,4194,2488
4201,2454,4210,2454,4210,2488,4201,2488
4208,2454,4343,2454,4343,2488,4208,2488
1277,2501,1277,2505,1260,2505,1260,2501
2155,2385,2162,2634,2120,2635,2113,2386
1848,2529,1969,2529,1969,2567,1848,2567
1983,2529,1993,2529,1993,2567,1983,2567
1991,2529,2057,2529,2057,2567,1991,2567
2096,2529,2106,2529,2106,2567,2096,2567
2145,2529,2155,2529,2155,2567,2145,2567
803,2559,851,2559,851,2581,803,2581
1476,2555,1525,2555,1525,2576,1476,2576
1534,2555,1539,2555,1539,2576,1534,2576
1540,2555,1583,2555,1583,2576,1540,2576
1771,2599,1777,2599,1778,2623,1772,2623
1809,2598,1815,2598,1816,2622,1810,2622
4013,2555,4034,2864,4018,2865,3997,2556
4308,2706,4320,2705,4321,2714,4309,2715
4302,2713,4308,2713,4308,2721,4302,2721
4309,2713,4310,2713,4310,2721,4309,2721
4311,2713,4316,2713,4316,2721,4311,2721
4321,2713,4327,2713,4327,2721,4321,2721
4120,2652,4120,2820,4112,2820,4112,2652
4127,2644,4127,2830,4119,2830,4119,2644
4124,2873,4124,2585,4158,2585,4158,2873
4374,2653,4374,2661,4345,2662,4345,2654
4377,2720,4381,2848,4351,2849,4347,2721
4185,2817,4193,2816,4194,2825,4186,2826
4178,2826,4179,2826,4179,2833,4178,2833
4184,2826,4185,2826,4185,2833,4184,2833
4190,2827,4191,2827,4191,2834,4190,2834
4193,2827,4203,2827,4203,2834,4193,2834
4268,2930,4279,2931,4277,2971,4266,2970
4317,2932,4489,2942,4486,2983,4315,2973
4303,2996,4308,2996,4308,3004,4303,3004
4308,2996,4309,2996,4309,3004,4308,3004
4311,2996,4317,2996,4317,3004,4311,3004
4319,2996,4327,2996,4327,3004,4319,3004
4177,3008,4182,3008,4182,3016,4177,3016
4184,3008,4185,3008,4185,3016,4184,3016
4186,3007,4191,3007,4191,3016,4186,3016
4193,3007,4203,3007,4203,3015,4193,3015
4415,3033,4420,3033,4420,3040,4415,3040
4421,3033,4422,3033,4422,3040,4421,3040
4424,3033,4429,3033,4429,3040,4424,3040
4432,3033,4438,3033,4438,3040,4432,3040
2344,3092,2344,3087,2364,3086,2364,3091
2395,3078,2398,3078,2398,3093,2395,3093
2435,3079,2438,3079,2438,3094,2435,3094
2475,3079,2478,3079,2478,3094,2475,3094
2515,3080,2518,3080,2518,3095,2515,3095
2555,3080,2558,3080,2558,3095,2555,3095
2596,3081,2599,3081,2599,3096,2596,3096
4103,3078,4110,3078,4110,3089,4103,3089
4095,3091,4100,3091,4100,3098,4095,3098
4102,3091,4103,3091,4103,3098,4102,3098
4104,3090,4109,3090,4109,3098,4104,3098
4111,3090,4121,3090,4121,3097,4111,3097
4334,3099,4342,3098,4343,3107,4335,3108
4326,3108,4332,3108,4332,3115,4326,3115
4333,3108,4334,3108,4334,3115,4333,3115
4335,3107,4354,3106,4354,3114,4335,3115
4102,3112,4104,3112,4104,3123,4102,3123
145,3118,169,3118,169,3150,145,3150
229,3118,237,3118,237,3150,229,3150
242,3118,250,3118,250,3150,242,3150
249,3118,257,3118,257,3150,249,3150
341,3118,349,3118,349,3150,341,3150
2353,3122,2359,3122,2360,3146,2354,3146
2396,3121,2402,3121,2403,3145,2397,3145
2436,3120,2442,3120,2443,3144,2437,3144
2476,3119,2482,3119,2483,3143,2477,3143
2516,3118,2522,3118,2523,3142,2517,3142
2556,3117,2562,3117,2563,3141,2557,3141
2598,3116,2604,3116,2605,3140,2599,3140
4022,3128,4118,3131,4118,3140,4022,3137
4031,3146,4132,3145,4132,3153,4031,3154
4142,3141,4193,3141,4193,3156,4142,3156
1866,3180,1962,3183,1961,3218,1865,3215
1975,3183,2095,3186,2094,3221,1974,3218
2167,3159,2245,3159,2245,3188,2167,3188
2147,3188,2270,3192,2269,3227,2146,3223
2395,3194,2461,3194,2461,3217,2395,3217
2467,3194,2560,3194,2560,3217,2467,3217
2740,3192,2835,3192,2835,3221,2740,3221
3003,3190,3070,3190,3070,3223,3003,3223
3073,3190,3082,3190,3082,3223,3073,3223
3084,3190,3167,3190,3167,3223,3084,3223
3345,3173,3436,3173,3436,3204,3345,3204
3269,3209,3373,3209,3373,3239,3269,3239
3384,3209,3450,3209,3450,3239,3384,3239
3457,3209,3500,3209,3500,3239,3457,3239
156,3275,161,3275,161,3297,156,3297
160,3275,233,3275,233,3297,160,3297
153,3303,192,3303,192,3325,153,3325
204,3303,291,3303,291,3325,204,3325
299,3303,399,3303,399,3325,299,3325
413,3303,459,3303,459,3325,413,3325
461,3303,623,3303,623,3325,461,3325
632,3303,637,3303,637,3325,632,3325
646,3303,706,3303,706,3325,646,3325
714,3303,752,3303,752,3325,714,3325
761,3303,852,3303,852,3325,761,3325
860,3303,906,3303,906,3325,860,3325
913,3303,1021,3303,1021,3325,913,3325
1031,3303,1080,3303,1080,3325,1031,3325
1090,3303,1102,3303,1102,3325,1090,3325
1116,3303,1192,3303,1192,3325,1116,3325
1200,3303,1238,3303,1238,3325,1200,3325
1247,3303,1317,3303,1317,3325,1247,3325
1325,3303,1345,3303,1345,3325,1325,3325
1357,3303,1376,3303,1376,3325,1357,3325
1389,3303,1409,3303,1409,3325,1389,3325
1423,3303,1494,3303,1494,3325,1423,3325
1493,3303,1498,3303,1498,3325,1493,3325
1505,3303,1547,3303,1547,3325,1505,3325
1551,3303,1694,3303,1694,3325,1551,3325
1704,3303,1750,3303,1750,3325,1704,3325
1757,3303,1888,3303,1888,3325,1757,3325
1900,3303,1905,3303,1905,3325,1900,3325
1909,3303,1914,3303,1914,3325,1909,3325
1916,3303,1952,3303,1952,3325,1916,3325
1964,3303,2068,3303,2068,3325,1964,3325
2079,3303,2084,3303,2084,3325,2079,3325
2100,3303,2121,3303,2121,3325,2100,3325
2130,3303,2171,3303,2171,3325,2130,3325
2185,3303,2206,3303,2206,3325,2185,3325
2219,3303,2295,3303,2295,3325,2219,3325
2308,3303,2332,3303,2332,3325,2308,3325
2343,3303,2348,3303,2348,3325,2343,3325
2348,3303,2353,3303,2353,3325,2348,3325
2353,3303,2411,3303,2411,3325,2353,3325
2422,3303,2527,3303,2527,3325,2422,3325
2527,3303,2532,3303,2532,3325,2527,3325
2541,3303,2578,3303,2578,3325,2541,3325
2586,3303,2700,3303,2700,3325,2586,3325
2708,3303,2825,3303,2825,3325,2708,3325
2826,3303,2831,3303,2831,3325,2826,3325
2838,3303,2999,3303,2999,3325,2838,3325
3008,3303,3028,3303,3028,3325,3008,3325
3040,3303,3202,3303,3202,3325,3040,3325
3204,3303,3209,3303,3209,3325,3204,3325
3217,3303,3260,3303,3260,3325,3217,3325
3264,3303,3284,3303,3284,3325,3264,3325
3298,3303,3318,3303,3318,3325,3298,3325
3329,3303,3364,3303,3364,3325,3329,3325
3370,3303,3467,3303,3467,3325,3370,3325
3474,3303,3505,3303,3505,3325,3474,3325
156,3330,278,3330,278,3355,156,3355
286,3330,339,3330,339,3355,286,3355
342,3330,348,3330,348,3355,342,3355
354,3330,386,3330,386,3355,354,3355
392,3330,474,3330,474,3355,392,3355
485,3330,521,3330,521,3355,485,3355
533,3330,589,3330,589,3355,533,3355
600,3330,636,3330,636,3355,600,3355
646,3330,675,3330,675,3355,646,3355
685,3330,818,3330,818,3355,685,3355
823,3330,829,3330,829,3355,823,3355
836,3330,875,3330,875,3355,836,3355
882,3330,994,3330,994,3355,882,3355
1005,3330,1028,3330,1028,3355,1005,3355
1036,3330,1103,3330,1103,3355,1036,3355
1106,3330,1112,3330,1112,3355,1106,3355
1125,3330,1195,3330,1195,3355,1125,3355
1197,3330,1203,3330,1203,3355,1197,3355
1210,3330,1252,3330,1252,3355,1210,3355
1264,3330,1353,3330,1353,3355,1264,3355
1363,3330,1411,3330,1411,3355,1363,3355
1419,3330,1455,3330,1455,3355,1419,3355
1465,3330,1471,3330,1471,3355,1465,3355
1470,3330,1476,3330,1476,3355,1470,3355
1476,3330,1624,3330,1624,3355,1476,3355
1629,3330,1665,3330,1665,3355,1629,3355
1676,3330,1809,3330,1809,3355,1676,3355
1823,3330,1869,3330,1869,3355,1823,3355
1874,3330,1943,3330,1943,3355,1874,3355
1954,3330,1960,3330,1960,3355,1954,3355
1972,3330,2010,3330,2010,3355,1972,3355
2019,3330,2103,3330,2103,3355,2019,3355
2102,3330,2108,3330,2108,3355,2102,3355
2115,3330,2129,3330,2129,3355,2115,3355
2141,3330,2218,3330,2218,3355,2141,3355
2224,3330,2230,3330,2230,3355,2224,3355
2237,3330,2243,3330,2243,3355,2237,3355
2242,3330,2248,3330,2248,3355,2242,3355
2249,3330,2393,3330,2393,3355,2249,3355
2399,3330,2422,3330,2422,3355,2399,3355
2427,3330,2456,3330,2456,3355,2427,3355
2465,3330,2587,3330,2587,3355,2465,3355
2594,3330,2630,3330,2630,3355,2594,3355
2642,3330,2766,3330,2766,3355,2642,3355
2780,3330,2825,3330,2825,3355,2780,3355
2832,3330,2963,3330,2963,3355,2832,3355
2973,3330,2979,3330,2979,3355,2973,3355
2983,3330,2989,3330,2989,3355,2983,3355
2990,3330,3027,3330,3027,3355,2990,3355
3033,3330,3126,3330,3126,3355,3033,3355
3659,3284,3751,3284,3751,3335,3659,3335
3762,3284,3776,3284,3776,3335,3762,3335
3793,3284,3822,3284,3822,3335,3793,3335
3835,3284,3849,3284,3849,3335,3835,3335
3843,3284,3881,3284,3881,3335,3843,3335
3887,3284,3901,3284,3901,3335,3887,3335
3902,3284,3973,3284,3973,3335,3902,3335
4276,3292,4393,3292,4393,3335,4276,3335
4403,3292,4415,3292,4415,3335,4403,3335
