4015,170,4299,170,4299,228,4015,228
4019,226,4297,226,4297,284,4019,284
4106,374,4112,374,4112,398,4106,398
4120,374,4155,374,4155,398,4120,398
4164,374,4186,374,4186,398,4164,398
4196,374,4243,374,4243,398,4196,398
4256,374,4262,374,4262,398,4256,398
4273,374,4361,374,4361,398,4273,398
4130,406,4189,406,4189,429,4130,429
4204,406,4256,406,4256,429,4204,429
4262,406,4319,406,4319,429,4262,429
302,486,649,247,699,321,352,559
4156,472,4302,472,4302,551,4156,551
3967,588,4042,588,4042,631,3967,631
4051,588,4191,588,4191,631,4051,631
4205,588,4217,588,4217,631,4205,631
4221,588,4295,588,4295,631,4221,631
4313,588,4374,588,4374,631,4313,631
4392,588,4497,588,4497,631,4392,631
4115,632,4217,632,4217,679,4115,679
4233,632,4348,632,4348,679,4233,679
3957,689,4031,689,4031,729,3957,729
4037,689,4087,689,4087,729,4037,729
4092,689,4103,689,4103,729,4092,729
4259,690,4348,690,4348,728,4259,728
4364,690,4374,690,4374,728,4364,728
3953,744,4036,744,4036,787,3953,787
4245,744,4287,744,4287,782,4245,782
725,703,730,703,730,723,725,723
754,703,759,703,759,723,754,723
785,703,790,703,790,723,785,723
792,703,797,703,797,723,792,723
821,703,826,703,826,723,821,723
832,703,837,703,837,723,832,723
851,703,856,703,856,723,851,723
868,703,873,703,873,723,868,723
886,703,891,703,891,723,886,723
907,703,912,703,912,723,907,723
945,703,950,703,950,723,945,723
968,703,973,703,973,723,968,723
983,703,988,703,988,723,983,723
1023,703,1028,703,1028,723,1023,723
1040,703,1045,703,1045,723,1040,723
1048,703,1053,703,1053,723,1048,723
1079,703,1084,703,1084,723,1079,723
1098,703,1103,703,1103,723,1098,723
1113,703,1118,703,1118,723,1113,723
1136,703,1141,703,1141,723,1136,723
1149,703,1154,703,1154,723,1149,723
1164,703,1169,703,1169,723,1164,723
1173,703,1178,703,1178,723,1173,723
1183,703,1188,703,1188,723,1183,723
1189,703,1194,703,1194,723,1189,723
1197,703,1202,703,1202,723,1197,723
1231,703,1236,703,1236,723,1231,723
1280,703,1285,703,1285,723,1280,723
1289,703,1294,703,1294,723,1289,723
1327,703,1332,703,1332,723,1327,723
1365,703,1370,703,1370,723,1365,723
1403,703,1408,703,1408,723,1403,723
1430,703,1435,703,1435,723,1430,723
1462,703,1467,703,1467,723,1462,723
1478,703,1483,703,1483,723,1478,723
1518,703,1523,703,1523,723,1518,723
1698,703,1701,703,1701,718,1698,718
1709,703,1712,703,1712,718,1709,718
1720,703,1723,703,1723,718,1720,718
1747,703,1750,703,1750,718,1747,718
1775,703,1778,703,1778,718,1775,718
1786,703,1789,703,1789,718,1786,718
1808,703,1811,703,1811,718,1808,718
1824,703,1827,703,1827,718,1824,718
1839,703,1842,703,1842,718,1839,718
1863,703,1866,703,1866,718,1863,718
1874,703,1877,703,1877,718,1874,718
3650,692,3840,692,3840,730,3650,730
3846,692,3856,692,3856,730,3846,730
1093,734,1103,734,1103,770,1093,770
1158,734,1280,734,1280,770,1158,770
1293,734,1303,734,1303,770,1293,770
1306,734,1356,734,1356,770,1306,770
1382,734,1392,734,1392,770,1382,770
4547,692,4675,692,4675,730,4547,730
4695,692,4705,692,4705,730,4695,730
4543,747,4616,744,4618,779,4545,782
1238,779,1286,779,1286,800,1238,800
4107,847,4356,847,4356,893,4107,893
3804,933,3897,933,3897,962,3804,962
3911,933,3919,933,3919,962,3911,962
3930,933,4021,933,4021,962,3930,962
4565,940,4588,940,4588,961,4565,961
4592,940,4597,940,4597,961,4592,961
4598,940,4621,940,4621,961,4598,961
4628,940,4667,940,4667,961,4628,961
2170,965,2182,964,2187,1005,2175,1007
2200,960,2240,955,2245,999,2205,1004
2326,945,2414,934,2420,977,2331,988
2203,972,2243,972,2243,992,2203,992
562,874,568,960,533,962,527,876
568,973,569,982,535,984,534,975
570,995,578,1112,543,1114,535,997
2902,962,2944,962,2944,987,2902,987
3802,993,3896,993,3896,1020,3802,1020
4574,998,4580,998,4580,1021,4574,1021
4586,998,4592,998,4592,1021,4586,1021
4596,998,4613,998,4613,1021,4596,1021
4622,998,4660,998,4660,1021,4622,1021
3804,1051,3919,1051,3919,1080,3804,1080
3935,1051,3943,1051,3943,1080,3935,1080
4568,1057,4589,1057,4589,1080,4568,1080
4593,1057,4599,1057,4599,1080,4593,1080
4599,1057,4620,1057,4620,1080,4599,1080
4629,1057,4667,1057,4667,1080,4629,1080
697,1122,697,1076,724,1076,724,1122
2475,1108,2475,1104,2493,1104,2493,1108
2475,1100,2475,1096,2493,1096,2493,1100
2475,1094,2475,1090,2493,1090,2493,1094
2475,1085,2475,1081,2493,1081,2493,1085
2475,1077,2475,1073,2493,1073,2493,1077
2496,1122,2495,1105,2514,1103,2515,1120
2494,1095,2493,1083,2512,1081,2513,1093
2493,1080,2493,1075,2512,1073,2512,1078
3801,1111,3918,1111,3918,1138,3801,1138
3933,1111,3940,1111,3940,1138,3933,1138
4569,1115,4590,1115,4590,1138,4569,1138
4592,1115,4598,1115,4598,1138,4592,1138
4600,1115,4621,1115,4621,1138,4600,1138
4630,1115,4668,1115,4668,1138,4630,1138
2499,1153,2499,1148,2518,1146,2518,1151
1408,1147,1508,1144,1509,1185,1409,1188
2419,1198,2421,1138,2436,1138,2434,1198
2438,1210,2438,1179,2451,1179,2451,1210
2438,1176,2438,1161,2451,1161,2451,1176
2438,1155,2438,1152,2451,1152,2451,1155
2438,1145,2438,1133,2451,1133,2451,1145
2453,1209,2453,1132,2463,1132,2463,1209
2502,1185,2502,1180,2521,1178,2521,1183
3805,1164,3923,1161,3924,1196,3806,1199
3932,1161,3941,1161,3942,1195,3933,1195
4576,1169,4581,1169,4581,1191,4576,1191
4585,1169,4590,1169,4590,1191,4585,1191
4592,1169,4612,1169,4612,1191,4592,1191
4620,1169,4661,1169,4661,1191,4620,1191
2865,1188,3003,1188,3003,1220,2865,1220
3019,1188,3027,1188,3027,1220,3019,1220
2504,1219,2504,1214,2523,1212,2523,1217
4573,1228,4578,1228,4578,1249,4573,1249
4584,1228,4589,1228,4589,1249,4584,1249
4590,1228,4613,1228,4613,1249,4590,1249
4623,1228,4658,1228,4658,1249,4623,1249
3806,1225,3875,1225,3875,1256,3806,1256
3885,1225,3913,1225,3913,1256,3885,1256
3927,1225,3974,1225,3974,1256,3927,1256
3265,1274,3265,1228,3292,1228,3292,1274
2063,1313,2068,1267,2096,1270,2091,1316
3805,1283,3876,1283,3876,1315,3805,1315
3889,1283,3897,1283,3897,1315,3889,1315
3902,1283,3910,1283,3910,1315,3902,1315
3907,1283,3952,1283,3952,1315,3907,1315
4573,1285,4581,1285,4581,1315,4573,1315
4586,1285,4594,1285,4594,1315,4586,1315
4591,1285,4612,1285,4612,1315,4591,1315
4621,1285,4660,1285,4660,1315,4621,1315
2157,1352,2280,1356,2279,1387,2156,1383
3802,1348,3853,1348,3853,1369,3802,1369
4573,1343,4581,1343,4581,1373,4573,1373
4586,1343,4594,1343,4594,1373,4586,1373
4594,1343,4616,1343,4616,1373,4594,1373
4621,1343,4660,1343,4660,1373,4621,1373
614,1424,664,1421,666,1451,616,1454
2171,1431,2180,1431,2179,1465,2170,1465
2193,1432,2252,1435,2250,1469,2192,1466
2177,1472,2185,1472,2185,1503,2177,1503
2193,1472,2201,1472,2201,1503,2193,1503
2210,1472,2218,1472,2218,1503,2210,1503
2217,1472,2252,1472,2252,1503,2217,1503
3807,1432,3900,1432,3900,1475,3807,1475
3922,1432,4065,1432,4065,1475,3922,1475
4076,1432,4256,1432,4256,1475,4076,1475
4515,1432,4563,1432,4563,1475,4515,1475
4568,1432,4580,1432,4580,1475,4568,1475
4581,1432,4629,1432,4629,1475,4581,1475
4644,1432,4723,1432,4723,1475,4644,1475
552,1461,570,1461,570,1478,552,1478
2475,1535,2475,1531,2493,1531,2493,1535
2475,1527,2475,1523,2493,1523,2493,1527
2475,1521,2475,1517,2493,1517,2493,1521
2475,1512,2475,1508,2493,1508,2493,1512
2497,1550,2495,1534,2512,1532,2514,1548
2494,1525,2492,1509,2509,1507,2511,1523
3804,1537,3928,1537,3928,1559,3804,1559
4575,1537,4580,1537,4580,1558,4575,1558
4586,1537,4591,1537,4591,1558,4586,1558
4593,1537,4612,1537,4612,1558,4593,1558
4622,1537,4661,1537,4661,1558,4622,1558
792,1550,795,1550,795,1563,792,1563
799,1550,802,1550,802,1563,799,1563
804,1550,807,1550,807,1563,804,1563
815,1550,818,1550,818,1563,815,1563
790,1566,806,1566,806,1583,790,1583
818,1566,837,1566,837,1583,818,1583
1504,1548,1508,1548,1507,1564,1503,1564
1511,1548,1515,1548,1514,1564,1510,1564
1518,1548,1522,1548,1521,1564,1517,1564
1528,1549,1532,1549,1531,1565,1527,1565
1503,1566,1519,1567,1518,1584,1502,1583
1530,1568,1543,1569,1542,1586,1529,1585
1566,1571,1570,1571,1569,1588,1565,1588
1601,1574,1605,1574,1604,1591,1600,1591
1631,1576,1635,1576,1634,1593,1630,1593
2422,1614,2422,1552,2437,1552,2437,1614
2438,1624,2438,1593,2451,1593,2451,1624
2438,1589,2438,1575,2451,1575,2451,1589
2438,1568,2438,1565,2451,1565,2451,1568
2438,1558,2438,1549,2451,1549,2451,1558
2502,1592,2502,1588,2518,1586,2519,1590
3099,1568,3112,1568,3112,1615,3099,1615
3132,1568,3145,1568,3145,1615,3132,1615
3175,1568,3188,1568,3188,1615,3175,1615
3219,1568,3232,1568,3232,1615,3219,1615
3147,1595,3164,1595,3162,1655,3145,1655
3184,1596,3260,1598,3258,1658,3182,1656
3416,1568,3447,1568,3447,1615,3416,1615
3806,1596,3879,1596,3879,1618,3806,1618
2931,1589,3061,1593,3059,1654,2929,1650
2505,1624,2505,1620,2521,1618,2522,1622
4566,1593,4587,1593,4587,1621,4566,1621
4591,1593,4598,1593,4598,1621,4591,1621
4601,1593,4622,1593,4622,1621,4601,1621
4626,1593,4667,1593,4667,1621,4626,1621
904,1666,947,1666,947,1691,904,1691
1492,1666,1538,1666,1538,1691,1492,1691
2087,1687,2148,1687,2148,1702,2087,1702
2078,1702,2108,1702,2108,1716,2078,1716
2111,1702,2126,1702,2126,1716,2111,1716
2132,1702,2135,1702,2135,1716,2132,1716
2143,1702,2153,1702,2153,1716,2143,1716
3810,1678,3898,1679,3898,1715,3810,1714
3916,1679,4063,1680,4063,1716,3916,1715
4073,1680,4234,1681,4234,1717,4073,1716
4507,1668,4579,1668,4579,1740,4507,1740
4582,1668,4602,1668,4602,1740,4582,1740
4594,1668,4648,1668,4648,1740,4594,1740
4654,1668,4734,1668,4734,1740,4654,1740
3036,1707,3047,1707,3048,1746,3037,1746
3168,1702,3315,1698,3316,1738,3169,1742
2346,1747,2349,1747,2349,1760,2346,1760
2353,1747,2356,1747,2356,1760,2353,1760
2360,1747,2363,1747,2363,1760,2360,1760
2370,1747,2373,1747,2373,1760,2370,1760
818,1751,824,1750,827,1773,821,1774
1912,1762,1939,1762,1939,1780,1912,1780
2314,1760,2320,1760,2320,1785,2314,1785
2324,1760,2342,1760,2342,1785,2324,1785
2350,1760,2372,1760,2372,1785,2350,1785
1981,1774,1983,1774,1983,1785,1981,1785
2014,1774,2016,1774,2016,1785,2014,1785
2049,1774,2051,1774,2051,1785,2049,1785
2082,1774,2084,1774,2084,1785,2082,1785
2116,1774,2118,1774,2118,1785,2116,1785
1013,1913,1013,1868,1035,1868,1035,1913
854,1912,986,1912,986,1947,854,1947
1009,1912,1018,1912,1018,1947,1009,1947
1323,1967,1323,1923,1345,1923,1345,1967
1439,1914,1572,1911,1573,1946,1440,1949
1590,1911,1599,1911,1600,1945,1591,1945
1207,1943,1207,1937,1232,1935,1232,1941
1209,1982,1209,1976,1234,1974,1234,1980
2330,1983,2376,1983,2376,2010,2330,2010
1212,2029,1212,2023,1237,2021,1237,2027
3158,2004,3168,2004,3168,2040,3158,2040
3172,2004,3182,2004,3182,2040,3172,2040
3206,2004,3216,2004,3216,2040,3206,2040
3239,2004,3249,2004,3249,2040,3239,2040
672,2041,677,2041,677,2062,672,2062
717,2032,723,2032,724,2055,718,2055
763,2029,769,2029,770,2052,764,2052
808,2026,814,2026,815,2049,809,2049
1215,2073,1215,2067,1240,2065,1240,2071
3011,2081,3023,2080,3025,2114,3013,2115
3155,2074,3219,2071,3220,2105,3157,2108
1218,2117,1218,2111,1243,2109,1243,2115
1824,2156,1832,2112,1866,2118,1858,2162
2358,2095,2456,2095,2456,2137,2358,2137
1220,2156,1220,2150,1245,2148,1245,2154
910,2179,918,2179,918,2210,910,2210
1003,2179,1011,2179,1011,2210,1003,2210
1041,2179,1049,2179,1049,2210,1041,2210
1092,2179,1100,2179,1100,2210,1092,2210
1137,2179,1145,2179,1145,2210,1137,2210
3017,2302,3017,2257,3056,2257,3056,2302
3017,2249,3017,2238,3056,2238,3056,2249
3017,2205,3017,2194,3056,2194,3056,2205
3017,2157,3017,2146,3056,2146,3056,2157
3017,2113,3017,2102,3056,2102,3056,2113
3017,2073,3017,2062,3056,2062,3056,2073
2350,2184,2358,2184,2358,2215,2350,2215
2374,2184,2428,2184,2428,2215,2374,2215
2354,2218,2387,2218,2387,2254,2354,2254
2393,2218,2403,2218,2403,2254,2393,2254
2402,2218,2434,2218,2434,2254,2402,2254
3106,2202,3213,2202,3213,2236,3106,2236
2546,2229,2554,2229,2554,2258,2546,2258
2591,2229,2599,2229,2599,2258,2591,2258
2636,2229,2644,2229,2644,2258,2636,2258
2681,2229,2689,2229,2689,2258,2681,2258
2726,2229,2734,2229,2734,2258,2726,2258
2771,2229,2779,2229,2779,2258,2771,2258
2816,2229,2824,2229,2824,2258,2816,2258
2503,2243,2504,2252,2470,2256,2469,2247
656,2262,664,2262,664,2293,656,2293
748,2260,756,2260,756,2291,748,2291
3328,2252,3336,2253,3331,2282,3323,2281
3335,2254,3388,2263,3383,2292,3330,2283
3387,2262,3395,2263,3390,2292,3382,2291
837,2258,882,2257,883,2289,838,2290
862,2298,921,2298,921,2335,862,2335
2509,2296,2510,2305,2476,2309,2475,2300
2514,2340,2515,2349,2481,2353,2480,2344
3017,2353,3017,2342,3056,2342,3056,2353
969,2410,969,2365,991,2365,991,2410
1659,2362,1668,2362,1668,2396,1659,2396
2519,2386,2520,2395,2486,2399,2485,2390
1557,2362,1566,2362,1566,2396,1557,2396
1584,2362,1623,2362,1623,2396,1584,2396
1570,2417,1629,2417,1629,2446,1570,2446
3168,2361,3174,2361,3175,2386,3169,2386
3183,2360,3189,2360,3190,2385,3184,2385
3248,2359,3254,2359,3255,2384,3249,2384
3261,2359,3267,2359,3268,2384,3262,2384
3182,2402,3249,2399,3250,2434,3183,2437
3281,2398,3290,2398,3291,2432,3282,2432
3329,2412,3329,2418,3304,2417,3304,2411
3329,2420,3329,2426,3304,2425,3304,2419
3161,2410,3161,2414,3145,2414,3145,2410
3161,2425,3161,2429,3145,2429,3145,2425
3161,2439,3161,2443,3145,2443,3145,2439
3161,2454,3161,2458,3145,2458,3145,2454
3161,2468,3161,2472,3145,2472,3145,2468
3199,2407,3199,2446,3184,2446,3184,2407
3221,2367,3221,2380,3204,2380,3204,2367
3220,2391,3220,2395,3203,2395,3203,2391
3220,2412,3220,2416,3203,2416,3203,2412
3219,2430,3219,2434,3202,2434,3202,2430
3219,2448,3219,2452,3202,2452,3202,2448
3238,2410,3238,2414,3222,2414,3222,2410
3238,2425,3238,2429,3222,2429,3222,2425
3238,2438,3238,2442,3222,2442,3222,2438
3238,2454,3238,2458,3222,2458,3222,2454
3238,2467,3238,2471,3222,2471,3222,2467
3327,2461,3327,2467,3302,2466,3302,2460
3680,2454,3739,2454,3739,2488,3680,2488
3753,2454,3790,2454,3790,2488,3753,2488
3801,2454,3914,2454,3914,2488,3801,2488
3929,2454,3960,2454,3960,2488,3929,2488
3974,2454,4110,2454,4110,2488,3974,2488
4118,2454,4186,2454,4186,2488,4118,2488
4194,2454,4203,2454,4203,2488,4194,2488
4201,2454,4210,2454,4210,2488,4201,2488
4208,2454,4343,2454,4343,2488,4208,2488
4013,2559,4014,2567,3999,2568,3998,2560
4308,2706,4320,2705,4321,2714,4309,2715
4302,2713,4308,2713,4308,2721,4302,2721
4309,2713,4310,2713,4310,2721,4309,2721
4311,2713,4316,2713,4316,2721,4311,2721
4321,2713,4327,2713,4327,2721,4321,2721
4020,2654,4034,2864,4017,2865,4003,2655
4120,2652,4120,2820,4112,2820,4112,2652
4127,2644,4127,2830,4119,2830,4119,2644
4124,3001,4124,2478,4158,2478,4158,3001
4178,2826,4179,2826,4179,2833,4178,2833
4184,2826,4185,2826,4185,2833,4184,2833
4190,2827,4191,2827,4191,2834,4190,2834
4193,2827,4203,2827,4203,2834,4193,2834
4267,2936,4275,2936,4273,2966,4265,2966
4327,2939,4492,2947,4490,2977,4325,2969
4303,2996,4308,2996,4308,3004,4303,3004
4308,2996,4309,2996,4309,3004,4308,3004
4311,2996,4317,2996,4317,3004,4311,3004
4319,2996,4327,2996,4327,3004,4319,3004
4177,3008,4182,3008,4182,3016,4177,3016
4184,3008,4185,3008,4185,3016,4184,3016
4186,3007,4191,3007,4191,3016,4186,3016
4193,3007,4203,3007,4203,3015,4193,3015
4415,3033,4420,3033,4420,3040,4415,3040
4421,3033,4422,3033,4422,3040,4421,3040
4424,3033,4429,3033,4429,3040,4424,3040
4432,3033,4438,3033,4438,3040,4432,3040
2344,3092,2344,3087,2364,3086,2364,3091
2394,3079,2397,3079,2397,3094,2394,3094
2434,3079,2437,3079,2437,3094,2434,3094
2474,3079,2477,3079,2477,3094,2474,3094
2514,3079,2517,3079,2517,3094,2514,3094
2554,3079,2557,3079,2557,3094,2554,3094
4103,3078,4110,3078,4110,3089,4103,3089
4095,3091,4100,3091,4100,3098,4095,3098
4102,3091,4103,3091,4103,3098,4102,3098
4104,3090,4109,3090,4109,3098,4104,3098
4111,3090,4121,3090,4121,3097,4111,3097
4334,3099,4342,3098,4343,3107,4335,3108
4326,3108,4332,3108,4332,3115,4326,3115
4333,3108,4334,3108,4334,3115,4333,3115
4335,3107,4354,3106,4354,3114,4335,3115
4102,3112,4104,3112,4104,3123,4102,3123
142,3119,164,3119,164,3150,142,3150
230,3119,238,3119,238,3150,230,3150
243,3119,251,3119,251,3150,243,3150
249,3119,257,3119,257,3150,249,3150
342,3119,350,3119,350,3150,342,3150
2353,3122,2359,3122,2360,3146,2354,3146
2396,3121,2402,3121,2403,3145,2397,3145
2436,3120,2442,3120,2443,3144,2437,3144
2476,3119,2482,3119,2483,3143,2477,3143
2516,3118,2522,3118,2523,3142,2517,3142
2556,3117,2562,3117,2563,3141,2557,3141
2598,3116,2604,3116,2605,3140,2599,3140
4022,3128,4118,3131,4118,3140,4022,3137
4031,3146,4132,3145,4132,3153,4031,3154
4142,3141,4193,3141,4193,3156,4142,3156
1866,3180,1962,3183,1961,3218,1865,3215
1975,3183,2095,3186,2094,3221,1974,3218
2167,3159,2245,3159,2245,3188,2167,3188
2147,3188,2270,3192,2269,3227,2146,3223
2395,3194,2461,3194,2461,3217,2395,3217
2467,3194,2560,3194,2560,3217,2467,3217
2740,3192,2835,3192,2835,3221,2740,3221
3003,3190,3070,3190,3070,3223,3003,3223
3073,3190,3082,3190,3082,3223,3073,3223
3084,3190,3167,3190,3167,3223,3084,3223
3345,3173,3436,3173,3436,3204,3345,3204
3269,3209,3373,3209,3373,3239,3269,3239
3384,3209,3450,3209,3450,3239,3384,3239
3457,3209,3500,3209,3500,3239,3457,3239
154,3274,160,3274,160,3297,154,3297
159,3274,232,3274,232,3297,159,3297
153,3303,192,3303,192,3325,153,3325
204,3303,291,3303,291,3325,204,3325
299,3303,399,3303,399,3325,299,3325
413,3303,459,3303,459,3325,413,3325
461,3303,623,3303,623,3325,461,3325
632,3303,637,3303,637,3325,632,3325
646,3303,706,3303,706,3325,646,3325
714,3303,752,3303,752,3325,714,3325
761,3303,852,3303,852,3325,761,3325
860,3303,906,3303,906,3325,860,3325
913,3303,1021,3303,1021,3325,913,3325
1031,3303,1080,3303,1080,3325,1031,3325
1090,3303,1102,3303,1102,3325,1090,3325
1116,3303,1192,3303,1192,3325,1116,3325
1200,3303,1238,3303,1238,3325,1200,3325
1247,3303,1317,3303,1317,3325,1247,3325
1325,3303,1345,3303,1345,3325,1325,3325
1357,3303,1376,3303,1376,3325,1357,3325
1389,3303,1409,3303,1409,3325,1389,3325
1423,3303,1494,3303,1494,3325,1423,3325
1493,3303,1498,3303,1498,3325,1493,3325
1505,3303,1547,3303,1547,3325,1505,3325
1551,3303,1694,3303,1694,3325,1551,3325
1704,3303,1750,3303,1750,3325,1704,3325
1757,3303,1888,3303,1888,3325,1757,3325
1900,3303,1905,3303,1905,3325,1900,3325
1909,3303,1914,3303,1914,3325,1909,3325
1916,3303,1952,3303,1952,3325,1916,3325
1964,3303,2068,3303,2068,3325,1964,3325
2079,3303,2084,3303,2084,3325,2079,3325
2100,3303,2121,3303,2121,3325,2100,3325
2130,3303,2171,3303,2171,3325,2130,3325
2185,3303,2206,3303,2206,3325,2185,3325
2219,3303,2295,3303,2295,3325,2219,3325
2308,3303,2332,3303,2332,3325,2308,3325
2343,3303,2348,3303,2348,3325,2343,3325
2348,3303,2353,3303,2353,3325,2348,3325
2353,3303,2411,3303,2411,3325,2353,3325
2422,3303,2527,3303,2527,3325,2422,3325
2527,3303,2532,3303,2532,3325,2527,3325
2541,3303,2578,3303,2578,3325,2541,3325
2586,3303,2700,3303,2700,3325,2586,3325
2708,3303,2825,3303,2825,3325,2708,3325
2826,3303,2831,3303,2831,3325,2826,3325
2838,3303,2999,3303,2999,3325,2838,3325
3008,3303,3028,3303,3028,3325,3008,3325
3040,3303,3202,3303,3202,3325,3040,3325
3204,3303,3209,3303,3209,3325,3204,3325
3217,3303,3260,3303,3260,3325,3217,3325
3264,3303,3284,3303,3284,3325,3264,3325
3298,3303,3318,3303,3318,3325,3298,3325
3329,3303,3364,3303,3364,3325,3329,3325
3370,3303,3467,3303,3467,3325,3370,3325
3474,3303,3505,3303,3505,3325,3474,3325
156,3330,278,3330,278,3355,156,3355
286,3330,339,3330,339,3355,286,3355
342,3330,348,3330,348,3355,342,3355
354,3330,386,3330,386,3355,354,3355
392,3330,474,3330,474,3355,392,3355
485,3330,521,3330,521,3355,485,3355
533,3330,589,3330,589,3355,533,3355
600,3330,636,3330,636,3355,600,3355
646,3330,675,3330,675,3355,646,3355
685,3330,818,3330,818,3355,685,3355
823,3330,829,3330,829,3355,823,3355
836,3330,875,3330,875,3355,836,3355
882,3330,994,3330,994,3355,882,3355
1005,3330,1028,3330,1028,3355,1005,3355
1036,3330,1103,3330,1103,3355,1036,3355
1106,3330,1112,3330,1112,3355,1106,3355
1125,3330,1195,3330,1195,3355,1125,3355
1197,3330,1203,3330,1203,3355,1197,3355
1210,3330,1252,3330,1252,3355,1210,3355
1264,3330,1353,3330,1353,3355,1264,3355
1363,3330,1411,3330,1411,3355,1363,3355
1419,3330,1455,3330,1455,3355,1419,3355
1465,3330,1471,3330,1471,3355,1465,3355
1470,3330,1476,3330,1476,3355,1470,3355
1476,3330,1624,3330,1624,3355,1476,3355
1629,3330,1665,3330,1665,3355,1629,3355
1676,3330,1809,3330,1809,3355,1676,3355
1823,3330,1869,3330,1869,3355,1823,3355
1874,3330,1943,3330,1943,3355,1874,3355
1954,3330,1960,3330,1960,3355,1954,3355
1972,3330,2010,3330,2010,3355,1972,3355
2019,3330,2103,3330,2103,3355,2019,3355
2102,3330,2108,3330,2108,3355,2102,3355
2115,3330,2129,3330,2129,3355,2115,3355
2141,3330,2218,3330,2218,3355,2141,3355
2224,3330,2230,3330,2230,3355,2224,3355
2237,3330,2243,3330,2243,3355,2237,3355
2242,3330,2248,3330,2248,3355,2242,3355
2249,3330,2393,3330,2393,3355,2249,3355
2399,3330,2422,3330,2422,3355,2399,3355
2427,3330,2456,3330,2456,3355,2427,3355
2465,3330,2587,3330,2587,3355,2465,3355
2594,3330,2630,3330,2630,3355,2594,3355
2642,3330,2766,3330,2766,3355,2642,3355
2780,3330,2825,3330,2825,3355,2780,3355
2832,3330,2963,3330,2963,3355,2832,3355
2973,3330,2979,3330,2979,3355,2973,3355
2983,3330,2989,3330,2989,3355,2983,3355
2990,3330,3027,3330,3027,3355,2990,3355
3033,3330,3126,3330,3126,3355,3033,3355
3659,3284,3751,3284,3751,3335,3659,3335
3762,3284,3776,3284,3776,3335,3762,3335
3793,3284,3822,3284,3822,3335,3793,3335
3835,3284,3849,3284,3849,3335,3835,3335
3843,3284,3881,3284,3881,3335,3843,3335
3887,3284,3901,3284,3901,3335,3887,3335
3902,3284,3973,3284,3973,3335,3902,3335
4276,3292,4393,3292,4393,3335,4276,3335
4403,3292,4415,3292,4415,3335,4403,3335
