4015,170,4299,170,4299,228,4015,228
4019,226,4297,226,4297,284,4019,284
4106,374,4112,374,4112,398,4106,398
4120,374,4155,374,4155,398,4120,398
4164,374,4186,374,4186,398,4164,398
4196,374,4243,374,4243,398,4196,398
4256,374,4262,374,4262,398,4256,398
4273,374,4361,374,4361,398,4273,398
4130,406,4189,406,4189,429,4130,429
4204,406,4256,406,4256,429,4204,429
4262,406,4319,406,4319,429,4262,429
302,486,649,247,699,321,352,559
4145,481,4302,481,4302,551,4145,551
3967,588,4042,588,4042,631,3967,631
4051,588,4191,588,4191,631,4051,631
4205,588,4217,588,4217,631,4205,631
4221,588,4295,588,4295,631,4221,631
4313,588,4374,588,4374,631,4313,631
4392,588,4497,588,4497,631,4392,631
4115,632,4217,632,4217,679,4115,679
4233,632,4348,632,4348,679,4233,679
3957,689,4031,689,4031,729,3957,729
4037,689,4087,689,4087,729,4037,729
4092,689,4103,689,4103,729,4092,729
4259,687,4347,687,4347,729,4259,729
4361,687,4372,687,4372,729,4361,729
3954,748,4027,748,4027,784,3954,784
4231,746,4241,746,4241,784,4231,784
4246,746,4289,746,4289,784,4246,784
3650,692,3840,692,3840,730,3650,730
3846,692,3856,692,3856,730,3846,730
4547,692,4675,692,4675,730,4547,730
4695,692,4705,692,4705,730,4695,730
4543,747,4616,744,4618,779,4545,782
1987,765,1990,765,1990,780,1987,780
2023,765,2026,765,2026,780,2023,780
2058,765,2061,765,2061,780,2058,780
2091,765,2094,765,2094,780,2091,780
2127,764,2130,764,2130,779,2127,779
2163,764,2166,764,2166,779,2163,779
2234,764,2237,764,2237,779,2234,779
2269,764,2272,764,2272,779,2269,779
2287,764,2290,764,2290,779,2287,779
2304,764,2307,764,2307,779,2304,779
2339,764,2342,764,2342,779,2339,779
2376,764,2379,764,2379,779,2376,779
2410,764,2413,764,2413,779,2410,779
2445,763,2448,763,2448,778,2445,778
2482,763,2485,763,2485,778,2482,778
2515,763,2518,763,2518,778,2515,778
2544,763,2547,763,2547,778,2544,778
2551,763,2554,763,2554,778,2551,778
2647,765,2650,765,2650,779,2647,779
2683,765,2686,765,2686,779,2683,779
2728,765,2731,765,2731,779,2728,779
2749,765,2752,765,2752,779,2749,779
2764,765,2767,765,2767,779,2764,779
2787,765,2790,765,2790,779,2787,779
2798,765,2801,765,2801,779,2798,779
2818,765,2821,765,2821,779,2818,779
2833,765,2836,765,2836,779,2833,779
2867,765,2870,765,2870,779,2867,779
2894,765,2897,765,2897,779,2894,779
2972,765,2975,765,2975,779,2972,779
3396,766,3398,766,3398,778,3396,778
3432,765,3434,765,3434,777,3432,777
3468,764,3470,764,3470,776,3468,776
3545,771,3545,773,3533,773,3533,771
3094,759,3137,762,3135,801,3092,799
3545,790,3545,792,3533,792,3533,790
1531,798,1577,796,1578,825,1532,827
1589,795,1639,793,1640,822,1590,824
1642,793,1650,793,1651,822,1643,822
1651,792,1688,790,1689,820,1652,822
2398,789,2509,789,2509,816,2398,816
3545,825,3545,827,3533,827,3533,825
3545,862,3545,864,3533,864,3533,862
4107,847,4356,847,4356,893,4107,893
3545,897,3545,899,3533,899,3533,897
1437,911,1437,913,1426,913,1426,911
3545,932,3545,934,3533,934,3533,932
1426,941,1426,936,1445,936,1445,941
1426,935,1426,930,1445,930,1445,935
1427,929,1427,924,1446,924,1446,929
1427,919,1427,914,1446,914,1446,919
1447,963,1447,946,1465,946,1465,963
1447,940,1447,916,1465,916,1465,940
1425,977,1425,972,1444,972,1444,977
3801,935,3898,935,3898,962,3801,962
4573,939,4580,939,4580,966,4573,966
4587,939,4594,939,4594,966,4587,966
4594,939,4614,939,4614,966,4594,966
4621,939,4661,939,4661,966,4621,966
3545,967,3545,969,3533,969,3533,967
391,970,397,970,397,995,391,995
432,970,438,970,438,995,432,995
474,970,480,970,480,995,474,995
516,970,522,970,522,995,516,995
3545,1002,3545,1004,3533,1004,3533,1002
1437,1006,1437,1008,1426,1008,1426,1006
625,984,625,994,589,994,589,984
625,1028,625,1038,589,1038,589,1028
3804,993,3898,993,3898,1022,3804,1022
3911,993,3919,993,3919,1022,3911,1022
3930,993,4021,993,4021,1022,3930,1022
4567,1001,4587,1001,4587,1023,4567,1023
4593,1001,4598,1001,4598,1023,4593,1023
4599,1001,4624,1001,4624,1023,4599,1023
4627,1001,4668,1001,4668,1023,4627,1023
1437,1036,1437,1038,1426,1038,1426,1036
1638,1032,1689,1034,1688,1060,1637,1058
1618,1063,1646,1064,1644,1103,1617,1102
1651,1065,1661,1065,1660,1103,1650,1103
1660,1065,1689,1066,1688,1104,1659,1103
3804,1053,3919,1053,3919,1082,3804,1082
3935,1053,3943,1053,3943,1082,3935,1082
4569,1057,4588,1057,4588,1084,4569,1084
4591,1057,4598,1057,4598,1084,4591,1084
4602,1057,4622,1057,4622,1084,4602,1084
4628,1057,4669,1057,4669,1084,4628,1084
625,1073,625,1083,589,1083,589,1073
1437,1098,1437,1100,1426,1100,1426,1098
3506,1112,3506,1120,3477,1121,3477,1113
3800,1111,3921,1111,3921,1142,3800,1142
3932,1111,3940,1111,3940,1142,3932,1142
1437,1128,1437,1130,1426,1130,1426,1128
246,1130,251,1130,251,1149,246,1149
257,1130,262,1130,262,1149,257,1149
269,1130,274,1130,274,1149,269,1149
283,1130,288,1130,288,1149,283,1149
297,1130,302,1130,302,1149,297,1149
309,1130,314,1130,314,1149,309,1149
777,1120,866,1120,866,1163,777,1163
872,1120,884,1120,884,1163,872,1163
892,1120,997,1120,997,1163,892,1163
4576,1114,4584,1114,4584,1145,4576,1145
4586,1114,4594,1114,4594,1145,4586,1145
4594,1114,4616,1114,4616,1145,4594,1145
4622,1114,4662,1114,4662,1145,4622,1145
1489,1191,1489,1135,1501,1135,1501,1191
1502,1200,1502,1172,1516,1172,1516,1200
1502,1168,1502,1155,1516,1155,1516,1168
1502,1149,1502,1146,1516,1146,1516,1149
1502,1141,1502,1128,1516,1128,1516,1141
1437,1159,1437,1161,1426,1161,1426,1159
1751,1165,1751,1123,1772,1123,1772,1165
1600,1143,1710,1143,1710,1174,1600,1174
3509,1178,3509,1186,3480,1187,3480,1179
3804,1172,3872,1172,3872,1194,3804,1194
3884,1172,3912,1172,3912,1194,3884,1194
3925,1172,3970,1172,3970,1194,3925,1194
4572,1172,4577,1172,4577,1194,4572,1194
4586,1172,4591,1172,4591,1194,4586,1194
4590,1172,4615,1172,4615,1194,4590,1194
4622,1172,4658,1172,4658,1194,4622,1194
1437,1191,1437,1193,1426,1193,1426,1191
1437,1221,1437,1223,1426,1223,1426,1221
4574,1231,4579,1231,4579,1253,4574,1253
4585,1231,4590,1231,4590,1253,4585,1253
4589,1231,4613,1231,4613,1253,4589,1253
4622,1231,4658,1231,4658,1253,4622,1253
3800,1229,3839,1229,3839,1256,3800,1256
3542,1248,3542,1249,3534,1249,3534,1248
241,1237,316,1237,316,1272,241,1272
325,1237,334,1237,334,1272,325,1272
350,1237,359,1237,359,1272,350,1272
394,1237,403,1237,403,1272,394,1272
433,1237,442,1237,442,1272,433,1272
476,1237,485,1237,485,1272,476,1272
516,1237,525,1237,525,1272,516,1272
625,1247,625,1257,589,1257,589,1247
1437,1252,1437,1254,1426,1254,1426,1252
932,1243,982,1243,982,1272,932,1272
936,1277,944,1277,944,1308,936,1308
949,1277,957,1277,957,1308,949,1308
960,1277,988,1277,988,1308,960,1308
1437,1282,1437,1284,1426,1284,1426,1282
3542,1284,3542,1285,3534,1285,3534,1284
3800,1289,3854,1289,3854,1316,3800,1316
4574,1286,4582,1286,4582,1317,4574,1317
4587,1286,4595,1286,4595,1317,4587,1317
4592,1286,4615,1286,4615,1317,4592,1317
4620,1286,4660,1286,4660,1317,4620,1317
1437,1313,1437,1315,1426,1315,1426,1313
1450,1339,1450,1313,1463,1313,1463,1339
3487,1303,3498,1300,3509,1340,3499,1343
3512,1296,3523,1293,3534,1333,3524,1336
3528,1291,3539,1288,3550,1328,3540,1331
3537,1289,3548,1286,3559,1326,3549,1329
1437,1343,1437,1345,1426,1345,1426,1343
3542,1354,3542,1355,3534,1355,3534,1354
1437,1374,1437,1376,1426,1376,1426,1374
3542,1389,3542,1390,3534,1390,3534,1389
3806,1380,3902,1380,3902,1414,3806,1414
3918,1380,4068,1380,4068,1414,3918,1414
4076,1380,4259,1380,4259,1414,4076,1414
4514,1372,4561,1372,4561,1423,4514,1423
4570,1372,4584,1372,4584,1423,4570,1423
4582,1372,4629,1372,4629,1423,4582,1423
4641,1372,4726,1372,4726,1423,4641,1423
3542,1425,3542,1426,3534,1426,3534,1425
1641,1446,1681,1446,1681,1467,1641,1467
3284,1455,3286,1456,3282,1466,3280,1465
3542,1460,3542,1461,3534,1461,3534,1460
3805,1474,3928,1474,3928,1509,3805,1509
4571,1475,4579,1475,4579,1507,4571,1507
4584,1475,4592,1475,4592,1507,4584,1507
4593,1475,4617,1475,4617,1507,4593,1507
4622,1475,4663,1475,4663,1507,4622,1507
3542,1495,3542,1496,3534,1496,3534,1495
411,1497,417,1497,417,1520,411,1520
452,1497,458,1497,458,1520,452,1520
493,1497,499,1497,499,1520,493,1520
536,1497,542,1497,542,1520,536,1520
577,1497,583,1497,583,1520,577,1520
1103,1501,1143,1501,1143,1521,1103,1521
3542,1531,3542,1532,3534,1532,3534,1531
642,1544,643,1553,609,1555,608,1546
3804,1541,3878,1541,3878,1562,3804,1562
2404,1546,2493,1546,2493,1582,2404,1582
4563,1535,4597,1535,4597,1564,4563,1564
4599,1535,4607,1535,4607,1564,4599,1564
4607,1535,4628,1535,4628,1564,4607,1564
4637,1535,4674,1535,4674,1564,4637,1564
3542,1566,3542,1567,3534,1567,3534,1566
645,1586,646,1595,612,1597,611,1588
423,1588,509,1588,509,1622,423,1622
480,1641,520,1641,520,1672,480,1672
3449,1736,3448,1661,3483,1661,3484,1736
3449,1647,3449,1638,3483,1638,3483,1647
3448,1627,3447,1521,3482,1521,3483,1627
3447,1507,3447,1498,3481,1498,3481,1507
3446,1495,3445,1442,3480,1442,3481,1495
3542,1601,3542,1602,3534,1602,3534,1601
648,1628,649,1637,615,1639,614,1630
3542,1636,3542,1637,3534,1637,3534,1636
2912,1687,2912,1647,2943,1647,2943,1687
3806,1624,3900,1624,3900,1667,3806,1667
3916,1624,4060,1624,4060,1667,3916,1667
4073,1624,4230,1624,4230,1667,4073,1667
4511,1612,4584,1612,4584,1684,4511,1684
4583,1612,4603,1612,4603,1684,4583,1684
4596,1612,4649,1612,4649,1684,4596,1684
4655,1612,4735,1612,4735,1684,4655,1684
3542,1671,3542,1672,3534,1672,3534,1671
1254,1698,1254,1659,1275,1659,1275,1698
650,1670,651,1679,617,1681,616,1672
3542,1707,3542,1708,3534,1708,3534,1707
1042,1694,1167,1694,1167,1730,1042,1730
1183,1694,1193,1694,1193,1730,1183,1730
1436,1727,1436,1730,1422,1731,1422,1728
3542,1742,3542,1743,3534,1743,3534,1742
1438,1757,1438,1760,1424,1761,1424,1758
285,1752,291,1752,291,1777,285,1777
327,1752,333,1752,333,1777,327,1777
368,1752,374,1752,374,1777,368,1777
410,1752,416,1752,416,1777,410,1777
3542,1777,3542,1778,3534,1778,3534,1777
1439,1789,1439,1792,1425,1793,1425,1790
1441,1819,1441,1822,1427,1823,1427,1820
3542,1848,3542,1849,3534,1849,3534,1848
1442,1850,1442,1853,1428,1854,1428,1851
373,1836,420,1830,424,1867,377,1873
1451,1884,1451,1867,1466,1867,1466,1884
1451,1859,1451,1848,1466,1848,1466,1859
3542,1883,3542,1884,3534,1884,3534,1883
252,1903,254,1919,237,1921,235,1905
547,1915,560,1913,565,1960,553,1962
635,1887,687,1885,688,1926,637,1928
644,1946,684,1946,684,2001,644,2001
257,1948,257,1952,241,1954,240,1950
364,1945,406,1945,406,1963,364,1963
365,1935,406,1930,411,1978,371,1983
415,1930,428,1928,433,1975,421,1977
3542,1954,3542,1955,3534,1955,3534,1954
1075,1948,1079,1948,1079,1966,1075,1966
1117,1948,1121,1948,1121,1966,1117,1966
507,1946,522,1946,522,2001,507,2001
3542,1989,3542,1990,3534,1990,3534,1989
3542,2024,3542,2025,3534,2025,3534,2024
3506,1910,3506,2201,3480,2201,3480,1910
3542,2059,3542,2060,3534,2060,3534,2059
1426,2103,1426,2099,1443,2100,1443,2104
1426,2096,1426,2092,1443,2093,1443,2097
1427,2090,1427,2086,1444,2087,1444,2091
1428,2080,1428,2076,1445,2077,1445,2081
3542,2094,3542,2095,3534,2095,3534,2094
1448,2128,1448,2111,1464,2111,1464,2128
1448,2101,1448,2083,1464,2083,1464,2101
1423,2139,1423,2135,1440,2136,1440,2140
852,2137,861,2138,856,2173,847,2172
890,2143,899,2144,894,2179,885,2178
997,2159,1006,2160,1001,2195,992,2194
1417,2200,1417,2196,1434,2197,1434,2201
1253,2212,1256,2169,1274,2170,1271,2213
1044,2184,1172,2184,1172,2235,1044,2235
1185,2184,1199,2184,1199,2235,1185,2235
410,2262,408,2218,428,2217,430,2261
519,2195,560,2200,554,2249,513,2245
781,2225,795,2227,789,2275,775,2274
2500,2292,2506,2292,2506,2317,2500,2317
2529,2292,2568,2292,2568,2317,2529,2317
623,2351,625,2351,625,2362,623,2362
639,2350,641,2350,641,2361,639,2361
656,2350,658,2350,658,2361,656,2361
673,2350,675,2350,675,2361,673,2361
690,2349,692,2349,692,2360,690,2360
707,2349,709,2349,709,2360,707,2360
452,2408,492,2408,492,2431,452,2431
917,2421,926,2420,929,2455,920,2456
964,2417,971,2416,974,2451,967,2452
1059,2408,1116,2403,1119,2439,1062,2444
1124,2403,1134,2402,1137,2437,1127,2438
3682,2454,3737,2454,3737,2488,3682,2488
3756,2454,3787,2454,3787,2488,3756,2488
3804,2454,3912,2454,3912,2488,3804,2488
3932,2454,3957,2454,3957,2488,3932,2488
3977,2454,4109,2454,4109,2488,3977,2488
4116,2454,4182,2454,4182,2488,4116,2488
4196,2454,4205,2454,4205,2488,4196,2488
4203,2454,4212,2454,4212,2488,4203,2488
4212,2454,4346,2454,4346,2488,4212,2488
2396,2497,2505,2497,2505,2519,2396,2519
2522,2497,2527,2497,2527,2519,2522,2519
2529,2497,2578,2497,2578,2519,2529,2519
1525,2551,1529,2551,1529,2567,1525,2567
1564,2551,1568,2551,1568,2567,1564,2567
1599,2551,1603,2551,1603,2567,1599,2567
1633,2551,1637,2551,1637,2567,1633,2567
1669,2551,1673,2551,1673,2567,1669,2567
1774,2551,1778,2551,1778,2567,1774,2567
2021,2551,2025,2551,2025,2567,2021,2567
2057,2551,2061,2551,2061,2567,2057,2567
2162,2551,2166,2551,2166,2567,2162,2567
2198,2551,2202,2551,2202,2567,2198,2567
2233,2551,2237,2551,2237,2567,2233,2567
2266,2551,2270,2551,2270,2567,2266,2567
2269,2551,2273,2551,2273,2567,2269,2567
2303,2551,2307,2551,2307,2567,2303,2567
2339,2551,2343,2551,2343,2567,2339,2567
2374,2551,2378,2551,2378,2567,2374,2567
2408,2551,2412,2551,2412,2567,2408,2567
2444,2551,2448,2551,2448,2567,2444,2567
2480,2551,2484,2551,2484,2567,2480,2567
2516,2551,2520,2551,2520,2567,2516,2567
2550,2551,2554,2551,2554,2567,2550,2567
2585,2551,2589,2551,2589,2567,2585,2567
2657,2551,2661,2551,2661,2567,2657,2567
2691,2551,2695,2551,2695,2567,2691,2567
2725,2551,2729,2551,2729,2567,2725,2567
2762,2551,2766,2551,2766,2567,2762,2567
2796,2551,2800,2551,2800,2567,2796,2567
2832,2551,2836,2551,2836,2567,2832,2567
2867,2551,2871,2551,2871,2567,2867,2567
2903,2551,2907,2551,2907,2567,2903,2567
2973,2551,2977,2551,2977,2567,2973,2567
3009,2551,3013,2551,3013,2567,3009,2567
3078,2551,3082,2551,3082,2567,3078,2567
3114,2551,3118,2551,3118,2567,3114,2567
3150,2551,3154,2551,3154,2567,3150,2567
3219,2551,3223,2551,3223,2567,3219,2567
3255,2551,3259,2551,3259,2567,3255,2567
3326,2551,3330,2551,3330,2567,3326,2567
3360,2551,3364,2551,3364,2567,3360,2567
3394,2551,3398,2551,3398,2567,3394,2567
3466,2551,3470,2551,3470,2567,3466,2567
4124,2580,4124,2571,4158,2571,4158,2580
4124,2629,4124,2620,4158,2620,4158,2629
4013,2555,4034,2864,4018,2865,3997,2556
4308,2706,4320,2705,4321,2714,4309,2715
4302,2713,4308,2713,4308,2721,4302,2721
4309,2713,4310,2713,4310,2721,4309,2721
4311,2713,4316,2713,4316,2721,4311,2721
4321,2713,4327,2713,4327,2721,4321,2721
4120,2652,4120,2820,4112,2820,4112,2652
4127,2644,4127,2830,4119,2830,4119,2644
4124,2762,4124,2753,4158,2753,4158,2762
4178,2826,4179,2826,4179,2833,4178,2833
4184,2826,4185,2826,4185,2833,4184,2833
4190,2827,4191,2827,4191,2834,4190,2834
4193,2827,4203,2827,4203,2834,4193,2834
4226,2828,4281,2828,4281,2865,4226,2865
4124,2863,4124,2854,4158,2854,4158,2863
4268,2935,4276,2935,4274,2966,4266,2966
4317,2937,4488,2947,4486,2979,4315,2969
4303,2996,4308,2996,4308,3004,4303,3004
4308,2996,4309,2996,4309,3004,4308,3004
4311,2996,4317,2996,4317,3004,4311,3004
4319,2996,4327,2996,4327,3004,4319,3004
4177,3008,4182,3008,4182,3016,4177,3016
4184,3008,4185,3008,4185,3016,4184,3016
4186,3007,4191,3007,4191,3016,4186,3016
4193,3007,4203,3007,4203,3015,4193,3015
4415,3033,4420,3033,4420,3040,4415,3040
4421,3033,4422,3033,4422,3040,4421,3040
4424,3033,4429,3033,4429,3040,4424,3040
4432,3033,4438,3033,4438,3040,4432,3040
2344,3092,2344,3087,2364,3086,2364,3091
2394,3079,2397,3079,2397,3094,2394,3094
2434,3080,2437,3080,2437,3095,2434,3095
2474,3080,2477,3080,2477,3095,2474,3095
2514,3080,2517,3080,2517,3095,2514,3095
2554,3081,2557,3081,2557,3096,2554,3096
4103,3078,4110,3078,4110,3089,4103,3089
4095,3091,4100,3091,4100,3098,4095,3098
4102,3091,4103,3091,4103,3098,4102,3098
4104,3090,4109,3090,4109,3098,4104,3098
4111,3090,4121,3090,4121,3097,4111,3097
4334,3099,4342,3098,4343,3107,4335,3108
4326,3108,4332,3108,4332,3115,4326,3115
4333,3108,4334,3108,4334,3115,4333,3115
4335,3107,4354,3106,4354,3114,4335,3115
4102,3112,4104,3112,4104,3123,4102,3123
142,3117,164,3117,164,3148,142,3148
223,3117,231,3117,231,3148,223,3148
233,3117,241,3117,241,3148,233,3148
243,3117,251,3117,251,3148,243,3148
326,3117,334,3117,334,3148,326,3148
2353,3122,2359,3122,2360,3146,2354,3146
2396,3121,2402,3121,2403,3145,2397,3145
2436,3120,2442,3120,2443,3144,2437,3144
2476,3119,2482,3119,2483,3143,2477,3143
2516,3118,2522,3118,2523,3142,2517,3142
2556,3117,2562,3117,2563,3141,2557,3141
2598,3116,2604,3116,2605,3140,2599,3140
4022,3128,4118,3131,4118,3140,4022,3137
4451,3112,4463,3112,4463,3155,4451,3155
4031,3146,4132,3145,4132,3153,4031,3154
4142,3141,4193,3141,4193,3156,4142,3156
1866,3180,1962,3183,1961,3218,1865,3215
1975,3183,2095,3186,2094,3221,1974,3218
2167,3159,2245,3159,2245,3188,2167,3188
2147,3188,2270,3192,2269,3227,2146,3223
2397,3193,2460,3193,2460,3217,2397,3217
2469,3193,2560,3193,2560,3217,2469,3217
2740,3192,2835,3192,2835,3221,2740,3221
3003,3190,3070,3190,3070,3223,3003,3223
3073,3190,3082,3190,3082,3223,3073,3223
3084,3190,3167,3190,3167,3223,3084,3223
3345,3173,3436,3173,3436,3204,3345,3204
3269,3209,3373,3209,3373,3239,3269,3239
3384,3209,3450,3209,3450,3239,3384,3239
3457,3209,3500,3209,3500,3239,3457,3239
154,3274,160,3274,160,3297,154,3297
159,3274,232,3274,232,3297,159,3297
153,3303,192,3303,192,3325,153,3325
204,3303,291,3303,291,3325,204,3325
299,3303,399,3303,399,3325,299,3325
413,3303,459,3303,459,3325,413,3325
461,3303,623,3303,623,3325,461,3325
632,3303,637,3303,637,3325,632,3325
646,3303,706,3303,706,3325,646,3325
714,3303,752,3303,752,3325,714,3325
761,3303,852,3303,852,3325,761,3325
860,3303,906,3303,906,3325,860,3325
913,3303,1021,3303,1021,3325,913,3325
1031,3303,1080,3303,1080,3325,1031,3325
1090,3303,1102,3303,1102,3325,1090,3325
1116,3303,1192,3303,1192,3325,1116,3325
1200,3303,1238,3303,1238,3325,1200,3325
1247,3303,1317,3303,1317,3325,1247,3325
1325,3303,1345,3303,1345,3325,1325,3325
1357,3303,1376,3303,1376,3325,1357,3325
1389,3303,1409,3303,1409,3325,1389,3325
1423,3303,1494,3303,1494,3325,1423,3325
1493,3303,1498,3303,1498,3325,1493,3325
1505,3303,1547,3303,1547,3325,1505,3325
1551,3303,1694,3303,1694,3325,1551,3325
1704,3303,1750,3303,1750,3325,1704,3325
1757,3303,1888,3303,1888,3325,1757,3325
1900,3303,1905,3303,1905,3325,1900,3325
1909,3303,1914,3303,1914,3325,1909,3325
1916,3303,1952,3303,1952,3325,1916,3325
1964,3303,2068,3303,2068,3325,1964,3325
2079,3303,2084,3303,2084,3325,2079,3325
2100,3303,2121,3303,2121,3325,2100,3325
2130,3303,2171,3303,2171,3325,2130,3325
2185,3303,2206,3303,2206,3325,2185,3325
2219,3303,2295,3303,2295,3325,2219,3325
2308,3303,2332,3303,2332,3325,2308,3325
2343,3303,2348,3303,2348,3325,2343,3325
2348,3303,2353,3303,2353,3325,2348,3325
2353,3303,2411,3303,2411,3325,2353,3325
2422,3303,2527,3303,2527,3325,2422,3325
2527,3303,2532,3303,2532,3325,2527,3325
2541,3303,2578,3303,2578,3325,2541,3325
2586,3303,2700,3303,2700,3325,2586,3325
2708,3303,2825,3303,2825,3325,2708,3325
2826,3303,2831,3303,2831,3325,2826,3325
2838,3303,2999,3303,2999,3325,2838,3325
3008,3303,3028,3303,3028,3325,3008,3325
3040,3303,3202,3303,3202,3325,3040,3325
3204,3303,3209,3303,3209,3325,3204,3325
3217,3303,3260,3303,3260,3325,3217,3325
3264,3303,3284,3303,3284,3325,3264,3325
3298,3303,3318,3303,3318,3325,3298,3325
3329,3303,3364,3303,3364,3325,3329,3325
3370,3303,3467,3303,3467,3325,3370,3325
3474,3303,3505,3303,3505,3325,3474,3325
156,3330,278,3330,278,3355,156,3355
286,3330,339,3330,339,3355,286,3355
342,3330,348,3330,348,3355,342,3355
354,3330,386,3330,386,3355,354,3355
392,3330,474,3330,474,3355,392,3355
485,3330,521,3330,521,3355,485,3355
533,3330,589,3330,589,3355,533,3355
600,3330,636,3330,636,3355,600,3355
646,3330,675,3330,675,3355,646,3355
685,3330,818,3330,818,3355,685,3355
823,3330,829,3330,829,3355,823,3355
836,3330,875,3330,875,3355,836,3355
882,3330,994,3330,994,3355,882,3355
1005,3330,1028,3330,1028,3355,1005,3355
1036,3330,1103,3330,1103,3355,1036,3355
1106,3330,1112,3330,1112,3355,1106,3355
1125,3330,1195,3330,1195,3355,1125,3355
1197,3330,1203,3330,1203,3355,1197,3355
1210,3330,1252,3330,1252,3355,1210,3355
1264,3330,1353,3330,1353,3355,1264,3355
1363,3330,1411,3330,1411,3355,1363,3355
1419,3330,1455,3330,1455,3355,1419,3355
1465,3330,1471,3330,1471,3355,1465,3355
1470,3330,1476,3330,1476,3355,1470,3355
1476,3330,1624,3330,1624,3355,1476,3355
1629,3330,1665,3330,1665,3355,1629,3355
1676,3330,1809,3330,1809,3355,1676,3355
1823,3330,1869,3330,1869,3355,1823,3355
1874,3330,1943,3330,1943,3355,1874,3355
1954,3330,1960,3330,1960,3355,1954,3355
1972,3330,2010,3330,2010,3355,1972,3355
2019,3330,2103,3330,2103,3355,2019,3355
2102,3330,2108,3330,2108,3355,2102,3355
2115,3330,2129,3330,2129,3355,2115,3355
2141,3330,2218,3330,2218,3355,2141,3355
2224,3330,2230,3330,2230,3355,2224,3355
2237,3330,2243,3330,2243,3355,2237,3355
2242,3330,2248,3330,2248,3355,2242,3355
2249,3330,2393,3330,2393,3355,2249,3355
2399,3330,2422,3330,2422,3355,2399,3355
2427,3330,2456,3330,2456,3355,2427,3355
2465,3330,2587,3330,2587,3355,2465,3355
2594,3330,2630,3330,2630,3355,2594,3355
2642,3330,2766,3330,2766,3355,2642,3355
2780,3330,2825,3330,2825,3355,2780,3355
2832,3330,2963,3330,2963,3355,2832,3355
2973,3330,2979,3330,2979,3355,2973,3355
2983,3330,2989,3330,2989,3355,2983,3355
2990,3330,3027,3330,3027,3355,2990,3355
3033,3330,3126,3330,3126,3355,3033,3355
3659,3284,3751,3284,3751,3335,3659,3335
3762,3284,3776,3284,3776,3335,3762,3335
3793,3284,3822,3284,3822,3335,3793,3335
3835,3284,3849,3284,3849,3335,3835,3335
3843,3284,3881,3284,3881,3335,3843,3335
3887,3284,3901,3284,3901,3335,3887,3335
3902,3284,3973,3284,3973,3335,3902,3335
4276,3292,4393,3292,4393,3335,4276,3335
4403,3292,4415,3292,4415,3335,4403,3335
