4015,170,4299,170,4299,228,4015,228
4019,226,4297,226,4297,284,4019,284
4106,374,4112,374,4112,398,4106,398
4120,374,4155,374,4155,398,4120,398
4164,374,4186,374,4186,398,4164,398
4196,374,4243,374,4243,398,4196,398
4256,374,4262,374,4262,398,4256,398
4273,374,4361,374,4361,398,4273,398
4130,406,4189,406,4189,429,4130,429
4204,406,4256,406,4256,429,4204,429
4262,406,4319,406,4319,429,4262,429
302,486,649,247,699,321,352,559
4156,472,4302,472,4302,551,4156,551
1054,541,1107,541,1107,564,1054,564
1110,541,1116,541,1116,564,1110,564
1120,541,1159,541,1159,564,1120,564
1352,567,1356,567,1356,584,1352,584
1379,567,1383,567,1383,584,1379,584
1418,567,1422,567,1422,584,1418,584
1458,567,1462,567,1462,584,1458,584
1497,566,1501,566,1501,583,1497,583
1575,566,1579,566,1579,583,1575,583
1614,566,1618,566,1618,583,1614,583
1694,566,1698,566,1698,583,1694,583
1731,566,1735,566,1735,583,1731,583
1920,565,1924,565,1924,582,1920,582
1933,565,1937,565,1937,582,1933,582
1942,565,1946,565,1946,582,1942,582
2099,566,2103,566,2103,584,2099,584
2128,566,2132,566,2132,584,2128,584
2166,566,2170,566,2170,584,2166,584
2205,565,2209,565,2209,583,2205,583
2245,565,2249,565,2249,583,2245,583
2285,565,2289,565,2289,583,2285,583
2323,565,2327,565,2327,583,2323,583
2363,565,2367,565,2367,583,2363,583
2472,564,2474,564,2474,582,2472,582
2504,564,2506,564,2506,582,2504,582
2530,564,2534,564,2534,582,2530,582
2538,564,2542,564,2542,582,2538,582
1048,603,1052,603,1052,620,1048,620
1085,604,1089,604,1089,621,1085,621
1123,604,1127,604,1127,621,1123,621
1163,605,1167,605,1167,622,1163,622
1004,618,1004,621,989,621,989,618
2061,638,2065,638,2065,654,2061,654
2068,638,2072,638,2072,654,2068,654
2075,638,2079,638,2079,654,2075,654
2085,638,2089,638,2089,654,2085,654
2658,638,2662,638,2662,655,2658,655
2665,638,2669,638,2669,655,2665,655
2670,638,2674,638,2674,655,2670,655
2681,638,2685,638,2685,655,2681,655
2644,657,2661,657,2661,676,2644,676
2670,657,2684,657,2684,676,2670,676
1915,666,1919,666,1920,684,1916,684
1951,664,1955,664,1956,682,1952,682
1985,662,1989,662,1990,680,1986,680
2018,661,2022,661,2023,679,2019,679
2048,659,2064,658,2065,676,2049,677
2074,657,2086,656,2087,675,2075,676
2088,657,2092,657,2093,675,2089,675
1004,674,1004,677,989,677,989,674
2582,667,2585,667,2586,681,2583,681
2615,665,2618,665,2619,679,2616,679
1103,686,1145,686,1145,707,1103,707
1567,683,1613,683,1613,704,1567,704
2154,682,2199,682,2199,704,2154,704
2711,683,2754,683,2754,704,2711,704
3967,588,4042,588,4042,631,3967,631
4051,588,4191,588,4191,631,4051,631
4205,588,4217,588,4217,631,4205,631
4221,588,4295,588,4295,631,4221,631
4313,588,4374,588,4374,631,4313,631
4392,588,4497,588,4497,631,4392,631
4112,632,4221,632,4221,679,4112,679
4239,632,4354,632,4354,679,4239,679
3956,690,4033,690,4033,728,3956,728
4037,690,4085,690,4085,728,4037,728
4093,690,4103,690,4103,728,4093,728
4259,687,4347,687,4347,729,4259,729
4361,687,4372,687,4372,729,4361,729
3951,744,4036,744,4036,787,3951,787
1004,709,1004,712,989,712,989,709
3650,692,3840,692,3840,730,3650,730
3846,692,3856,692,3856,730,3846,730
4543,692,4677,692,4677,730,4543,730
4697,692,4707,692,4707,730,4697,730
4543,747,4697,747,4697,783,4543,783
1004,751,1004,754,989,754,989,751
4246,743,4290,748,4286,781,4242,777
1004,789,1004,792,989,792,989,789
1004,864,1004,867,989,867,989,864
1709,860,1714,860,1714,881,1709,881
4107,847,4356,847,4356,893,4107,893
1004,903,1004,906,989,906,989,903
1004,941,1004,944,989,944,989,941
2212,972,2212,926,2234,926,2234,972
3803,933,3896,933,3896,962,3803,962
3910,933,3918,933,3918,962,3910,962
3932,933,4023,933,4023,962,3932,962
4567,939,4588,939,4588,962,4567,962
4592,939,4598,939,4598,962,4592,962
4601,939,4622,939,4622,962,4601,962
4630,939,4668,939,4668,962,4630,962
2040,962,2172,962,2172,996,2040,996
2190,962,2199,962,2199,996,2190,996
1004,980,1004,983,989,983,989,980
1185,1029,1185,983,1206,983,1206,1029
1504,972,1640,972,1640,1008,1504,1008
1659,972,1669,972,1669,1008,1659,1008
2668,971,2802,971,2802,1013,2668,1013
2822,971,2833,971,2833,1013,2822,1013
2889,1026,2889,974,2911,974,2911,1026
3804,999,3895,999,3895,1022,3804,1022
4575,1004,4580,1004,4580,1025,4575,1025
4586,1004,4591,1004,4591,1025,4586,1025
4592,1004,4615,1004,4615,1025,4592,1025
4622,1004,4661,1004,4661,1025,4622,1025
1004,1018,1004,1021,989,1021,989,1018
1657,1061,1657,1019,1683,1019,1683,1061
1004,1056,1004,1059,989,1059,989,1056
3801,1059,3918,1059,3918,1081,3801,1081
3934,1059,3939,1059,3939,1081,3934,1081
4571,1059,4589,1059,4589,1090,4571,1090
4590,1059,4598,1059,4598,1090,4590,1090
4599,1059,4622,1059,4622,1090,4599,1090
4627,1059,4666,1059,4666,1090,4627,1090
1004,1094,1004,1097,989,1097,989,1094
3804,1115,3919,1115,3919,1144,3804,1144
3932,1115,3940,1115,3940,1144,3932,1144
1004,1132,1004,1135,989,1135,989,1132
4576,1119,4583,1119,4583,1146,4576,1146
4587,1119,4594,1119,4594,1146,4587,1146
4594,1119,4614,1119,4614,1146,4594,1146
4621,1119,4661,1119,4661,1146,4621,1146
435,1139,435,1143,419,1143,419,1139
1315,1179,1315,1175,1332,1175,1332,1179
1315,1171,1315,1167,1332,1167,1332,1171
1315,1166,1315,1162,1332,1162,1332,1166
1315,1153,1315,1149,1332,1149,1332,1153
1333,1191,1333,1173,1357,1173,1357,1191
1333,1165,1333,1152,1357,1152,1357,1165
1333,1153,1333,1147,1357,1147,1357,1153
435,1172,435,1176,419,1176,419,1172
3114,1172,3165,1172,3165,1193,3114,1193
3801,1173,3918,1173,3918,1200,3801,1200
3933,1173,3940,1173,3940,1200,3933,1200
4569,1173,4588,1173,4588,1200,4569,1200
4591,1173,4598,1173,4598,1200,4591,1200
4598,1173,4623,1173,4623,1200,4598,1200
4628,1173,4669,1173,4669,1200,4628,1200
435,1211,435,1215,419,1215,419,1211
1333,1223,1333,1217,1357,1217,1357,1223
1263,1267,1263,1206,1275,1206,1275,1267
1275,1276,1275,1246,1290,1246,1290,1276
1275,1243,1275,1229,1290,1229,1290,1243
1275,1220,1275,1217,1290,1217,1290,1220
1275,1211,1275,1200,1290,1200,1290,1211
3801,1234,3918,1234,3918,1256,3801,1256
3932,1234,3937,1234,3937,1256,3932,1256
4571,1231,4585,1231,4585,1258,4571,1258
4592,1231,4599,1231,4599,1258,4592,1258
4600,1231,4620,1231,4620,1258,4600,1258
4626,1231,4667,1231,4667,1258,4626,1258
435,1248,435,1252,419,1252,419,1248
1333,1255,1333,1249,1357,1249,1357,1255
1333,1288,1333,1282,1357,1282,1357,1288
435,1287,435,1291,419,1291,419,1287
3806,1289,3875,1289,3875,1320,3806,1320
3885,1289,3913,1289,3913,1320,3885,1320
3927,1289,3974,1289,3974,1320,3927,1320
4573,1291,4580,1291,4580,1319,4573,1319
4584,1291,4591,1291,4591,1319,4584,1319
4592,1291,4612,1291,4612,1319,4592,1319
4620,1291,4661,1291,4661,1319,4620,1319
435,1325,435,1329,419,1329,419,1325
3803,1349,3874,1349,3874,1379,3803,1379
3886,1349,3894,1349,3894,1379,3886,1379
3902,1349,3910,1349,3910,1379,3902,1379
3905,1349,3952,1349,3952,1379,3905,1379
4577,1351,4582,1351,4582,1373,4577,1373
4586,1351,4591,1351,4591,1373,4586,1373
4590,1351,4615,1351,4615,1373,4590,1373
4622,1351,4658,1351,4658,1373,4622,1373
435,1364,435,1368,419,1368,419,1364
1438,1363,1452,1363,1452,1412,1438,1412
1488,1363,1502,1363,1502,1412,1488,1412
1530,1363,1544,1363,1544,1412,1530,1412
1578,1363,1592,1363,1592,1412,1578,1412
1618,1363,1632,1363,1632,1412,1618,1412
1668,1363,1682,1363,1682,1412,1668,1412
435,1401,435,1405,419,1405,419,1401
3797,1407,3842,1407,3842,1434,3797,1434
4573,1410,4579,1410,4579,1433,4573,1433
4585,1410,4591,1410,4591,1433,4585,1433
4591,1410,4612,1410,4612,1433,4591,1433
4621,1410,4659,1410,4659,1433,4621,1433
435,1439,435,1443,419,1443,419,1439
1073,1480,1073,1477,1087,1477,1087,1480
435,1478,435,1482,419,1482,419,1478
3799,1472,3852,1472,3852,1490,3799,1490
4571,1468,4576,1468,4576,1490,4571,1490
4585,1468,4590,1468,4590,1490,4585,1490
4592,1468,4612,1468,4612,1490,4592,1490
4620,1468,4661,1468,4661,1490,4620,1490
1073,1498,1073,1495,1087,1495,1087,1498
2042,1482,2098,1482,2098,1517,2042,1517
2184,1517,2184,1474,2207,1474,2207,1517
1074,1516,1074,1513,1088,1513,1088,1516
1074,1553,1074,1550,1088,1550,1088,1553
435,1554,435,1558,419,1558,419,1554
3004,1602,3004,1541,3015,1541,3015,1602
3017,1610,3017,1581,3031,1581,3031,1610
3017,1576,3017,1563,3031,1563,3031,1576
3017,1555,3017,1552,3031,1552,3031,1555
3017,1545,3017,1535,3031,1535,3031,1545
3041,1524,3042,1610,3033,1610,3032,1524
1330,1577,1328,1600,1311,1599,1313,1576
3809,1558,3902,1558,3902,1593,3809,1593
3919,1558,4064,1558,4064,1593,3919,1593
4080,1558,4259,1558,4259,1593,4080,1593
4512,1553,4565,1553,4565,1601,4512,1601
4570,1553,4583,1553,4583,1601,4570,1601
4589,1553,4625,1553,4625,1601,4589,1601
4643,1553,4722,1553,4722,1601,4643,1601
2926,1590,2926,1584,2948,1582,2949,1588
435,1591,435,1595,419,1595,419,1591
2097,1636,2097,1591,2118,1591,2118,1636
2928,1623,2928,1617,2950,1615,2951,1621
434,1632,434,1636,418,1636,418,1632
1326,1634,1326,1638,1309,1637,1309,1633
1602,1640,1602,1643,1587,1643,1587,1640
842,1673,842,1669,860,1669,860,1673
842,1665,842,1661,860,1661,860,1665
842,1659,842,1655,860,1655,860,1659
842,1650,842,1646,860,1646,860,1650
862,1686,861,1669,880,1668,881,1685
861,1659,860,1645,879,1644,880,1658
2933,1679,2933,1673,2955,1671,2956,1677
2932,1673,2932,1667,2954,1665,2955,1671
2932,1667,2932,1661,2954,1659,2955,1665
2931,1657,2931,1651,2953,1649,2954,1655
2957,1679,2957,1663,2975,1663,2975,1679
2957,1653,2957,1632,2975,1632,2975,1653
434,1668,434,1672,418,1672,418,1668
1602,1671,1602,1674,1587,1674,1587,1671
1312,1670,1353,1669,1353,1687,1312,1688
1353,1670,1357,1670,1357,1687,1353,1687
1358,1669,1391,1668,1391,1686,1358,1687
3803,1657,3928,1657,3928,1685,3803,1685
3944,1657,3951,1657,3951,1685,3944,1685
4567,1660,4586,1660,4586,1681,4567,1681
4593,1660,4598,1660,4598,1681,4593,1681
4600,1660,4619,1660,4619,1681,4600,1681
4629,1660,4668,1660,4668,1681,4629,1681
1666,1718,1660,1686,1677,1682,1684,1714
827,1670,828,1757,821,1757,820,1670
434,1707,434,1711,418,1711,418,1707
3106,1726,3106,1683,3126,1683,3126,1726
1012,1738,1012,1688,1035,1688,1035,1738
864,1717,864,1712,883,1711,883,1716
791,1764,791,1702,802,1702,802,1764
803,1772,803,1741,818,1741,818,1772
803,1738,803,1724,818,1724,818,1738
803,1716,803,1713,818,1713,818,1716
803,1707,803,1696,818,1696,818,1707
4569,1710,4585,1710,4585,1731,4569,1731
4592,1710,4597,1710,4597,1731,4592,1731
4599,1710,4618,1710,4618,1731,4599,1731
4628,1710,4667,1710,4667,1731,4628,1731
3806,1707,3929,1707,3929,1738,3806,1738
3941,1707,3949,1707,3949,1738,3941,1738
434,1744,434,1748,418,1748,418,1744
865,1749,865,1744,884,1743,884,1748
571,1756,626,1756,626,1777,571,1777
1057,1748,1168,1748,1168,1782,1057,1782
2423,1777,2423,1730,2442,1730,2442,1777
2264,1746,2273,1746,2273,1781,2264,1781
2319,1746,2384,1746,2384,1781,2319,1781
2029,1755,2074,1755,2074,1777,2029,1777
3205,1684,3329,1684,3329,1722,3205,1722
3343,1684,3353,1684,3353,1722,3343,1722
3258,1748,3311,1748,3311,1785,3258,1785
3231,1780,3244,1780,3244,1827,3231,1827
3245,1780,3258,1780,3258,1827,3245,1827
3264,1780,3277,1780,3277,1827,3264,1827
3279,1780,3292,1780,3292,1827,3279,1827
3294,1780,3319,1780,3319,1827,3294,1827
2884,1794,2884,1748,2919,1748,2919,1794
866,1783,866,1778,885,1777,885,1782
434,1783,434,1787,418,1787,418,1783
1283,1766,1317,1765,1317,1783,1283,1784
1389,1763,1430,1762,1430,1780,1389,1781
1302,1787,1400,1784,1401,1806,1303,1809
1314,1809,1316,1809,1316,1821,1314,1821
1334,1809,1336,1809,1336,1821,1334,1821
1351,1809,1353,1809,1353,1821,1351,1821
1371,1809,1373,1809,1373,1821,1371,1821
1391,1809,1408,1809,1408,1821,1391,1821
546,1786,556,1786,556,1822,546,1822
561,1786,571,1786,571,1822,561,1822
579,1786,589,1786,589,1822,579,1822
594,1786,604,1786,604,1822,594,1822
607,1786,640,1786,640,1822,607,1822
1451,1791,1459,1791,1459,1822,1451,1822
1464,1791,1472,1791,1472,1822,1464,1822
1496,1791,1504,1791,1504,1822,1496,1822
1502,1791,1510,1791,1510,1822,1502,1822
1531,1791,1539,1791,1539,1822,1531,1822
1537,1791,1545,1791,1545,1822,1537,1822
2670,1773,2803,1770,2804,1805,2671,1808
2821,1770,2830,1770,2831,1804,2822,1804
868,1819,868,1814,887,1813,887,1818
434,1821,434,1825,418,1825,418,1821
1290,1823,1298,1823,1298,1853,1290,1853
1353,1823,1405,1823,1405,1853,1353,1853
1405,1823,1413,1823,1413,1853,1405,1853
434,1860,434,1864,418,1864,418,1860
524,1860,645,1860,645,1896,524,1896
662,1860,672,1860,672,1896,662,1896
1042,1881,1048,1881,1049,1905,1043,1905
1092,1880,1098,1880,1099,1904,1093,1904
1137,1879,1143,1879,1144,1903,1138,1903
1182,1878,1188,1878,1189,1902,1183,1902
1227,1876,1233,1876,1234,1900,1228,1900
1272,1875,1278,1875,1279,1899,1273,1899
434,1897,434,1901,418,1901,418,1897
709,1943,709,1894,724,1894,724,1943
1293,1927,1296,1927,1295,1941,1292,1941
1314,1928,1317,1928,1316,1942,1313,1942
1332,1928,1335,1928,1334,1942,1331,1942
1350,1929,1353,1929,1352,1943,1349,1943
1368,1930,1371,1930,1370,1944,1367,1944
1386,1931,1389,1931,1388,1945,1385,1945
1405,1932,1408,1932,1407,1946,1404,1946
809,1992,816,1923,840,1926,833,1994
435,1967,435,1992,418,1992,418,1967
887,1985,887,1988,872,1988,872,1985
887,2018,887,2021,872,2021,872,2018
866,2022,866,2047,853,2047,853,2022
887,2052,887,2055,872,2055,872,2052
2413,2070,2426,2004,2444,2008,2432,2074
435,2050,435,2054,418,2054,418,2050
3249,2039,3295,2039,3295,2060,3249,2060
887,2086,887,2089,872,2089,872,2086
435,2089,435,2093,418,2093,418,2089
2305,2089,2351,2089,2351,2110,2305,2110
2685,2072,2698,2073,2695,2120,2682,2119
2718,2074,2759,2077,2756,2124,2715,2121
3221,2093,3270,2093,3270,2122,3221,2122
3277,2093,3285,2093,3285,2122,3277,2122
3284,2093,3326,2093,3326,2122,3284,2122
3564,2110,3582,2109,3583,2121,3565,2122
887,2119,887,2122,872,2122,872,2119
435,2127,435,2131,418,2131,418,2127
887,2153,887,2156,872,2156,872,2153
435,2165,435,2169,418,2169,418,2165
887,2185,887,2188,872,2188,872,2185
887,2218,887,2221,872,2221,872,2218
790,2264,790,2204,802,2204,802,2264
803,2273,803,2243,818,2243,818,2273
803,2239,803,2225,818,2225,818,2239
803,2219,803,2216,818,2216,818,2219
803,2208,803,2198,818,2198,818,2208
820,2272,818,2190,826,2190,828,2272
1430,2190,1440,2190,1440,2226,1430,2226
1454,2190,1510,2190,1510,2226,1454,2226
1430,2230,1439,2230,1439,2264,1430,2264
1451,2230,1460,2230,1460,2264,1451,2264
1469,2230,1478,2230,1478,2264,1469,2264
1477,2230,1508,2230,1508,2264,1477,2264
435,2240,435,2244,418,2244,418,2240
887,2252,887,2255,872,2255,872,2252
1869,2261,1869,2269,1839,2268,1839,2260
435,2280,435,2284,418,2284,418,2280
889,2286,889,2290,872,2289,872,2285
1868,2313,1868,2321,1838,2320,1838,2312
435,2318,435,2322,418,2322,418,2318
1012,2354,1012,2310,1034,2310,1034,2354
1433,2304,1528,2304,1528,2338,1433,2338
886,2352,886,2356,869,2355,869,2351
435,2356,435,2360,418,2360,418,2356
1867,2360,1867,2368,1837,2367,1837,2359
885,2385,885,2389,868,2388,868,2384
435,2393,435,2397,418,2397,418,2393
1865,2406,1865,2414,1835,2413,1835,2405
884,2419,884,2423,867,2422,867,2418
435,2433,435,2437,418,2437,418,2433
1864,2450,1864,2458,1834,2457,1834,2449
863,2439,863,2455,846,2455,846,2439
863,2465,863,2487,846,2487,846,2465
883,2464,883,2468,866,2467,866,2463
883,2469,883,2473,866,2472,866,2468
882,2477,882,2481,865,2480,865,2476
882,2486,882,2490,865,2489,865,2485
435,2471,435,2475,418,2475,418,2471
3682,2458,3739,2458,3739,2489,3682,2489
3754,2458,3788,2458,3788,2489,3754,2489
3802,2458,3912,2458,3912,2489,3802,2489
3927,2458,3961,2458,3961,2489,3927,2489
3975,2458,4111,2458,4111,2489,3975,2489
4117,2458,4185,2458,4185,2489,4117,2489
4196,2458,4204,2458,4204,2489,4196,2489
4203,2458,4211,2458,4211,2489,4203,2489
4209,2458,4342,2458,4342,2489,4209,2489
1862,2496,1862,2504,1832,2503,1832,2495
435,2509,435,2513,418,2513,418,2509
1861,2540,1861,2548,1831,2547,1831,2539
435,2546,435,2550,418,2550,418,2546
4249,2565,4263,2563,4264,2572,4250,2574
4251,2571,4259,2571,4259,2581,4251,2581
4244,2581,4249,2581,4249,2589,4244,2589
4251,2581,4252,2581,4252,2589,4251,2589
4253,2581,4259,2581,4259,2590,4253,2590
4261,2582,4271,2582,4271,2590,4261,2590
435,2586,435,2590,418,2590,418,2586
1860,2583,1860,2591,1830,2590,1830,2582
1446,2589,1498,2589,1498,2610,1446,2610
583,2603,625,2603,625,2632,583,2632
4167,2619,4171,2619,4171,2665,4167,2665
554,2652,605,2652,605,2675,554,2675
612,2652,618,2652,618,2675,612,2675
620,2652,660,2652,660,2675,620,2675
4139,2587,4139,2695,4131,2695,4131,2587
4148,2555,4148,2805,4141,2805,4141,2555
4157,2600,4157,2773,4149,2773,4149,2600
4314,2727,4324,2728,4324,2737,4314,2736
4306,2737,4312,2737,4312,2743,4306,2743
4314,2737,4315,2737,4315,2743,4314,2743
4316,2737,4321,2737,4321,2743,4316,2743
4324,2737,4332,2737,4332,2743,4324,2743
4149,2797,4151,2797,4151,2808,4149,2808
4188,2806,4193,2806,4193,2813,4188,2813
4195,2806,4196,2806,4196,2813,4195,2813
4196,2806,4202,2806,4202,2813,4196,2813
4205,2806,4215,2806,4215,2813,4205,2813
4307,2864,4315,2862,4318,2873,4310,2876
4300,2874,4306,2874,4306,2881,4300,2881
4307,2874,4308,2874,4308,2881,4307,2881
4309,2874,4315,2874,4315,2881,4309,2881
4319,2874,4320,2874,4320,2881,4319,2881
4129,2938,4125,2883,4135,2882,4139,2937
4355,3014,4354,2937,4363,2937,4364,3014
4014,2993,4052,2993,4052,3000,4014,3000
4117,2993,4121,2993,4121,3000,4117,3000
4138,2993,4162,2993,4162,3000,4138,3000
4029,3003,4066,3001,4066,3010,4029,3012
4078,3001,4148,2997,4148,3005,4078,3009
4015,3010,4075,3010,4075,3017,4015,3017
4128,3012,4131,3012,4130,3026,4127,3026
4175,3030,4181,3030,4181,3037,4175,3037
4183,3030,4184,3030,4184,3037,4183,3037
4185,3030,4190,3030,4190,3037,4185,3037
4193,3030,4201,3030,4201,3037,4193,3037
4353,3027,4363,3026,4364,3038,4354,3039
4347,3040,4352,3040,4352,3048,4347,3048
4354,3040,4355,3040,4355,3048,4354,3048
4358,3039,4361,3039,4361,3048,4358,3048
4364,3039,4374,3039,4374,3047,4364,3047
2344,3092,2344,3087,2364,3086,2364,3091
2394,3079,2397,3079,2397,3094,2394,3094
2434,3080,2437,3080,2437,3095,2434,3095
2474,3080,2477,3080,2477,3095,2474,3095
2514,3080,2517,3080,2517,3095,2514,3095
2554,3081,2557,3081,2557,3096,2554,3096
4253,3080,4255,3080,4256,3091,4254,3091
4070,3119,4076,3119,4076,3128,4070,3128
4076,3119,4078,3119,4078,3128,4076,3128
4079,3119,4085,3119,4085,3128,4079,3128
4087,3119,4097,3119,4097,3128,4087,3128
4393,3121,4406,3121,4406,3127,4393,3127
145,3118,169,3118,169,3150,145,3150
229,3118,237,3118,237,3150,229,3150
242,3118,250,3118,250,3150,242,3150
249,3118,257,3118,257,3150,249,3150
341,3118,349,3118,349,3150,341,3150
2353,3122,2359,3122,2360,3146,2354,3146
2396,3121,2402,3121,2403,3145,2397,3145
2436,3120,2442,3120,2443,3144,2437,3144
2476,3119,2482,3119,2483,3143,2477,3143
2516,3118,2522,3118,2523,3142,2517,3142
2556,3117,2562,3117,2563,3141,2557,3141
2598,3116,2604,3116,2605,3140,2599,3140
4391,3129,4405,3128,4406,3137,4392,3138
4386,3139,4392,3139,4392,3146,4386,3146
4393,3139,4394,3139,4394,3146,4393,3146
4396,3139,4401,3139,4401,3146,4396,3146
4404,3139,4414,3139,4414,3146,4404,3146
1866,3180,1962,3183,1961,3218,1865,3215
1975,3183,2095,3186,2094,3221,1974,3218
2167,3159,2245,3159,2245,3188,2167,3188
2147,3188,2270,3192,2269,3227,2146,3223
4025,3173,4210,3173,4210,3180,4025,3180
4201,3180,4416,3179,4416,3188,4201,3189
4026,3189,4124,3188,4124,3197,4026,3198
4149,3189,4167,3189,4167,3197,4149,3197
4154,3190,4156,3190,4156,3197,4154,3197
4216,3190,4219,3190,4219,3197,4216,3197
4240,3190,4427,3191,4427,3199,4240,3198
2395,3194,2461,3194,2461,3217,2395,3217
2467,3194,2560,3194,2560,3217,2467,3217
2740,3192,2835,3192,2835,3221,2740,3221
3003,3190,3070,3190,3070,3223,3003,3223
3073,3190,3082,3190,3082,3223,3073,3223
3084,3190,3167,3190,3167,3223,3084,3223
3345,3173,3436,3173,3436,3204,3345,3204
3269,3209,3373,3209,3373,3239,3269,3239
3384,3209,3450,3209,3450,3239,3384,3239
3457,3209,3500,3209,3500,3239,3457,3239
156,3275,161,3275,161,3297,156,3297
160,3275,233,3275,233,3297,160,3297
153,3303,192,3303,192,3325,153,3325
204,3303,291,3303,291,3325,204,3325
299,3303,399,3303,399,3325,299,3325
413,3303,459,3303,459,3325,413,3325
461,3303,623,3303,623,3325,461,3325
632,3303,637,3303,637,3325,632,3325
646,3303,706,3303,706,3325,646,3325
714,3303,752,3303,752,3325,714,3325
761,3303,852,3303,852,3325,761,3325
860,3303,906,3303,906,3325,860,3325
913,3303,1021,3303,1021,3325,913,3325
1031,3303,1080,3303,1080,3325,1031,3325
1090,3303,1102,3303,1102,3325,1090,3325
1116,3303,1192,3303,1192,3325,1116,3325
1200,3303,1238,3303,1238,3325,1200,3325
1247,3303,1317,3303,1317,3325,1247,3325
1325,3303,1345,3303,1345,3325,1325,3325
1357,3303,1376,3303,1376,3325,1357,3325
1389,3303,1409,3303,1409,3325,1389,3325
1423,3303,1494,3303,1494,3325,1423,3325
1493,3303,1498,3303,1498,3325,1493,3325
1505,3303,1547,3303,1547,3325,1505,3325
1551,3303,1694,3303,1694,3325,1551,3325
1704,3303,1750,3303,1750,3325,1704,3325
1757,3303,1888,3303,1888,3325,1757,3325
1900,3303,1905,3303,1905,3325,1900,3325
1909,3303,1914,3303,1914,3325,1909,3325
1916,3303,1952,3303,1952,3325,1916,3325
1964,3303,2068,3303,2068,3325,1964,3325
2079,3303,2084,3303,2084,3325,2079,3325
2100,3303,2121,3303,2121,3325,2100,3325
2130,3303,2171,3303,2171,3325,2130,3325
2185,3303,2206,3303,2206,3325,2185,3325
2219,3303,2295,3303,2295,3325,2219,3325
2308,3303,2332,3303,2332,3325,2308,3325
2343,3303,2348,3303,2348,3325,2343,3325
2348,3303,2353,3303,2353,3325,2348,3325
2353,3303,2411,3303,2411,3325,2353,3325
2422,3303,2527,3303,2527,3325,2422,3325
2527,3303,2532,3303,2532,3325,2527,3325
2541,3303,2578,3303,2578,3325,2541,3325
2586,3303,2700,3303,2700,3325,2586,3325
2708,3303,2825,3303,2825,3325,2708,3325
2826,3303,2831,3303,2831,3325,2826,3325
2838,3303,2999,3303,2999,3325,2838,3325
3008,3303,3028,3303,3028,3325,3008,3325
3040,3303,3202,3303,3202,3325,3040,3325
3204,3303,3209,3303,3209,3325,3204,3325
3217,3303,3260,3303,3260,3325,3217,3325
3264,3303,3284,3303,3284,3325,3264,3325
3298,3303,3318,3303,3318,3325,3298,3325
3329,3303,3364,3303,3364,3325,3329,3325
3370,3303,3467,3303,3467,3325,3370,3325
3474,3303,3505,3303,3505,3325,3474,3325
156,3330,278,3330,278,3355,156,3355
286,3330,339,3330,339,3355,286,3355
342,3330,348,3330,348,3355,342,3355
354,3330,386,3330,386,3355,354,3355
392,3330,474,3330,474,3355,392,3355
485,3330,521,3330,521,3355,485,3355
533,3330,589,3330,589,3355,533,3355
600,3330,636,3330,636,3355,600,3355
646,3330,675,3330,675,3355,646,3355
685,3330,818,3330,818,3355,685,3355
823,3330,829,3330,829,3355,823,3355
836,3330,875,3330,875,3355,836,3355
882,3330,994,3330,994,3355,882,3355
1005,3330,1028,3330,1028,3355,1005,3355
1036,3330,1103,3330,1103,3355,1036,3355
1106,3330,1112,3330,1112,3355,1106,3355
1125,3330,1195,3330,1195,3355,1125,3355
1197,3330,1203,3330,1203,3355,1197,3355
1210,3330,1252,3330,1252,3355,1210,3355
1264,3330,1353,3330,1353,3355,1264,3355
1363,3330,1411,3330,1411,3355,1363,3355
1419,3330,1455,3330,1455,3355,1419,3355
1465,3330,1471,3330,1471,3355,1465,3355
1470,3330,1476,3330,1476,3355,1470,3355
1476,3330,1624,3330,1624,3355,1476,3355
1629,3330,1665,3330,1665,3355,1629,3355
1676,3330,1809,3330,1809,3355,1676,3355
1823,3330,1869,3330,1869,3355,1823,3355
1874,3330,1943,3330,1943,3355,1874,3355
1954,3330,1960,3330,1960,3355,1954,3355
1972,3330,2010,3330,2010,3355,1972,3355
2019,3330,2103,3330,2103,3355,2019,3355
2102,3330,2108,3330,2108,3355,2102,3355
2115,3330,2129,3330,2129,3355,2115,3355
2141,3330,2218,3330,2218,3355,2141,3355
2224,3330,2230,3330,2230,3355,2224,3355
2237,3330,2243,3330,2243,3355,2237,3355
2242,3330,2248,3330,2248,3355,2242,3355
2249,3330,2393,3330,2393,3355,2249,3355
2399,3330,2422,3330,2422,3355,2399,3355
2427,3330,2456,3330,2456,3355,2427,3355
2465,3330,2587,3330,2587,3355,2465,3355
2594,3330,2630,3330,2630,3355,2594,3355
2642,3330,2766,3330,2766,3355,2642,3355
2780,3330,2825,3330,2825,3355,2780,3355
2832,3330,2963,3330,2963,3355,2832,3355
2973,3330,2979,3330,2979,3355,2973,3355
2983,3330,2989,3330,2989,3355,2983,3355
2990,3330,3027,3330,3027,3355,2990,3355
3033,3330,3126,3330,3126,3355,3033,3355
3664,3282,3746,3282,3746,3340,3664,3340
3760,3282,3776,3282,3776,3340,3760,3340
3796,3282,3829,3282,3829,3340,3796,3340
3831,3282,3847,3282,3847,3340,3831,3340
3859,3282,3902,3282,3902,3340,3859,3340
3907,3282,3923,3282,3923,3340,3907,3340
3913,3282,3977,3282,3977,3340,3913,3340
3972,3282,3988,3282,3988,3340,3972,3340
3989,3282,4090,3282,4090,3340,3989,3340
4276,3294,4387,3294,4387,3328,4276,3328
4405,3294,4414,3294,4414,3328,4405,3328
