4015,170,4299,170,4299,228,4015,228
4019,226,4297,226,4297,284,4019,284
4106,374,4112,374,4112,398,4106,398
4120,374,4155,374,4155,398,4120,398
4164,374,4186,374,4186,398,4164,398
4196,374,4243,374,4243,398,4196,398
4256,374,4262,374,4262,398,4256,398
4273,374,4361,374,4361,398,4273,398
4130,406,4189,406,4189,429,4130,429
4204,406,4256,406,4256,429,4204,429
4262,406,4319,406,4319,429,4262,429
302,486,649,247,699,321,352,559
4152,481,4302,481,4302,551,4152,551
3967,588,4042,588,4042,631,3967,631
4051,588,4191,588,4191,631,4051,631
4205,588,4217,588,4217,631,4205,631
4221,588,4295,588,4295,631,4221,631
4313,588,4374,588,4374,631,4313,631
4392,588,4497,588,4497,631,4392,631
4116,632,4217,632,4217,679,4116,679
4234,632,4349,632,4349,679,4234,679
3955,689,4029,689,4029,729,3955,729
4041,689,4084,689,4084,729,4041,729
4094,689,4105,689,4105,729,4094,729
4259,690,4348,690,4348,728,4259,728
4364,690,4374,690,4374,728,4364,728
3951,747,4036,747,4036,783,3951,783
3651,694,3835,694,3835,725,3651,725
3849,694,3857,694,3857,725,3849,725
4543,692,4677,692,4677,730,4543,730
4697,692,4707,692,4707,730,4697,730
4541,750,4694,750,4694,781,4541,781
4253,743,4284,746,4280,781,4249,778
529,975,539,870,596,876,587,980
543,814,549,748,608,754,602,819
3023,879,3023,858,3052,858,3052,879
4105,845,4361,845,4361,893,4105,893
3023,920,3023,912,3052,912,3052,920
3085,915,3085,965,3056,965,3056,915
3801,935,3898,935,3898,962,3801,962
3911,935,3918,935,3918,962,3911,962
3931,935,4021,935,4021,962,3931,962
4037,935,4044,935,4044,962,4037,962
4057,935,4148,935,4148,962,4057,962
4565,939,4591,939,4591,962,4565,962
4591,939,4597,939,4597,962,4591,962
4603,939,4620,939,4620,962,4603,962
4629,939,4667,939,4667,962,4629,962
3803,998,3919,998,3919,1020,3803,1020
3935,998,3940,998,3940,1020,3935,1020
4569,997,4592,997,4592,1028,4569,1028
4592,997,4600,997,4600,1028,4592,1028
4601,997,4624,997,4624,1028,4601,1028
4629,997,4668,997,4668,1028,4629,1028
3803,1058,3919,1058,3919,1079,3803,1079
3934,1058,3939,1058,3939,1079,3934,1079
4574,1056,4582,1056,4582,1087,4574,1087
4587,1056,4595,1056,4595,1087,4587,1087
4596,1056,4614,1056,4614,1087,4596,1087
4623,1056,4664,1056,4664,1087,4623,1087
482,1152,482,1102,507,1102,507,1152
1610,1101,1754,1093,1756,1128,1612,1136
1610,1102,1752,1114,1749,1151,1607,1139
1835,1090,1903,1086,1905,1120,1837,1124
1809,1120,1818,1121,1815,1156,1806,1155
1827,1122,1836,1123,1833,1158,1824,1157
1849,1124,1858,1125,1855,1160,1846,1159
1867,1125,1876,1126,1873,1161,1864,1160
1882,1125,1914,1128,1911,1164,1879,1161
1924,1130,1933,1131,1930,1166,1921,1165
3126,1193,3126,1131,3160,1131,3160,1193
3126,1128,3126,1119,3160,1119,3160,1128
3126,1115,3126,1066,3160,1066,3160,1115
3803,1109,3875,1109,3875,1138,3803,1138
3883,1109,3915,1109,3915,1138,3883,1138
3926,1109,3996,1109,3996,1138,3926,1138
4572,1118,4578,1118,4578,1141,4572,1141
4586,1118,4592,1118,4592,1141,4586,1141
4596,1118,4613,1118,4613,1141,4596,1141
4622,1118,4660,1118,4660,1141,4622,1141
3797,1171,3842,1171,3842,1198,3797,1198
4575,1171,4581,1171,4581,1194,4575,1194
4585,1171,4591,1171,4591,1194,4585,1194
4594,1171,4611,1171,4611,1194,4594,1194
4620,1171,4658,1171,4658,1194,4620,1194
1693,1204,1702,1204,1703,1238,1694,1238
1731,1202,1780,1200,1781,1235,1732,1237
3803,1227,3851,1227,3851,1258,3803,1258
4573,1232,4578,1232,4578,1253,4573,1253
4584,1232,4589,1232,4589,1253,4584,1253
4593,1232,4612,1232,4612,1253,4593,1253
4623,1232,4658,1232,4658,1253,4623,1253
955,1319,1028,1319,1028,1335,955,1335
944,1335,979,1335,979,1352,944,1352
983,1335,1002,1335,1002,1352,983,1352
1011,1335,1015,1335,1015,1352,1011,1352
1023,1335,1035,1335,1035,1352,1023,1352
1784,1318,1857,1318,1857,1334,1784,1334
1772,1334,1808,1334,1808,1350,1772,1350
1813,1334,1830,1334,1830,1350,1813,1350
1838,1334,1842,1334,1842,1350,1838,1350
1851,1334,1863,1334,1863,1350,1851,1350
2798,1320,2871,1320,2871,1334,2798,1334
2787,1336,2821,1336,2821,1352,2787,1352
2827,1336,2845,1336,2845,1352,2827,1352
2852,1336,2856,1336,2856,1352,2852,1352
2866,1336,2878,1336,2878,1352,2866,1352
3807,1316,3900,1316,3900,1359,3807,1359
3922,1316,4065,1316,4065,1359,3922,1359
4076,1316,4256,1316,4256,1359,4076,1359
4515,1316,4563,1316,4563,1359,4515,1359
4568,1316,4580,1316,4580,1359,4568,1359
4581,1316,4629,1316,4629,1359,4581,1359
4638,1316,4725,1316,4725,1359,4638,1359
1765,1352,1827,1353,1827,1361,1765,1360
293,1347,675,1347,675,1376,293,1376
673,1381,676,1381,675,1395,672,1395
682,1382,685,1382,684,1396,681,1396
690,1382,693,1382,692,1396,689,1396
1925,1384,1929,1384,1929,1400,1925,1400
1935,1384,1939,1384,1939,1400,1935,1400
1942,1384,1946,1384,1946,1400,1942,1400
1954,1384,1958,1384,1958,1400,1954,1400
2734,1385,2761,1387,2760,1404,2733,1402
2766,1387,2770,1387,2769,1403,2765,1403
2736,1405,2757,1406,2755,1429,2734,1428
2765,1407,2782,1408,2780,1431,2763,1430
1187,1383,1219,1383,1219,1401,1187,1401
1189,1409,1197,1409,1197,1438,1189,1438
1228,1408,1236,1408,1236,1437,1228,1437
3113,1393,3121,1394,3119,1423,3111,1422
748,1415,756,1415,756,1444,748,1444
790,1414,798,1414,798,1443,790,1443
829,1414,837,1414,837,1443,829,1443
843,1413,901,1412,901,1442,843,1443
907,1413,915,1413,915,1442,907,1442
949,1412,957,1412,957,1441,949,1441
1030,1411,1038,1411,1038,1440,1030,1440
988,1412,996,1412,996,1441,988,1441
1069,1410,1077,1410,1077,1439,1069,1439
1108,1410,1116,1410,1116,1439,1108,1439
1150,1409,1158,1409,1158,1438,1150,1438
1270,1408,1278,1408,1278,1437,1270,1437
3167,1397,3175,1398,3173,1427,3165,1426
1885,1401,1894,1400,1897,1434,1888,1435
1899,1400,1918,1398,1921,1432,1902,1434
1933,1397,1957,1395,1960,1428,1936,1431
1809,1409,1818,1408,1821,1442,1812,1443
1829,1407,1838,1406,1841,1440,1832,1441
1843,1406,1852,1405,1855,1439,1846,1440
2814,1410,2820,1410,2818,1433,2812,1433
3062,1389,3070,1390,3068,1419,3060,1418
3022,1424,3074,1427,3072,1451,3020,1448
1721,1418,1775,1413,1778,1447,1725,1453
2855,1413,2861,1413,2859,1436,2853,1436
2896,1416,2902,1416,2900,1439,2894,1439
2934,1418,2940,1418,2938,1441,2932,1441
3220,1401,3228,1402,3226,1431,3218,1430
3274,1405,3282,1406,3280,1435,3272,1434
3803,1418,3930,1418,3930,1449,3803,1449
4571,1417,4587,1417,4587,1446,4571,1446
4592,1417,4600,1417,4600,1446,4592,1446
4600,1417,4621,1417,4621,1446,4600,1446
4630,1417,4667,1417,4667,1446,4630,1446
2084,1518,2086,1518,2086,1527,2084,1527
2106,1518,2108,1518,2108,1527,2106,1527
2128,1518,2130,1518,2130,1527,2128,1527
2150,1518,2152,1518,2152,1527,2150,1527
3806,1508,3897,1508,3897,1542,3806,1542
3915,1508,4061,1508,4061,1542,3915,1542
4075,1508,4231,1508,4231,1542,4075,1542
4516,1511,4564,1511,4564,1555,4516,1555
4570,1511,4582,1511,4582,1555,4570,1555
4585,1511,4625,1511,4625,1555,4585,1555
4645,1511,4718,1511,4718,1555,4645,1555
2745,1619,2745,1627,2716,1625,2716,1617
2163,1632,2160,1669,2145,1668,2148,1631
2265,1650,2278,1649,2280,1695,2267,1696
2290,1649,2333,1647,2335,1693,2292,1695
2742,1667,2742,1675,2713,1673,2713,1665
3099,1676,3107,1676,3106,1705,3098,1705
3150,1678,3158,1678,3157,1707,3149,1707
3204,1680,3212,1680,3211,1709,3203,1709
2739,1721,2739,1729,2710,1727,2710,1719
2284,1730,2284,1741,2242,1741,2242,1730
2449,1714,2589,1714,2589,1748,2449,1748
2736,1775,2736,1783,2707,1781,2707,1773
2284,1786,2284,1797,2242,1797,2242,1786
1476,1834,1476,1780,1508,1780,1508,1834
1646,1787,1806,1787,1806,1829,1646,1829
1828,1787,1839,1787,1839,1829,1828,1829
2733,1829,2733,1837,2704,1835,2704,1827
3282,1870,3282,1816,3316,1816,3316,1870
808,1856,923,1856,923,1903,808,1903
938,1856,951,1856,951,1903,938,1903
957,1856,1095,1856,1095,1903,957,1903
2204,1853,2213,1853,2213,1886,2204,1886
2255,1853,2264,1853,2264,1886,2255,1886
2306,1853,2315,1853,2315,1886,2306,1886
2284,1880,2284,1891,2242,1891,2242,1880
2730,1883,2730,1891,2701,1889,2701,1881
470,1957,473,1908,508,1910,505,1959
2931,1896,3090,1893,3091,1935,2932,1938
3116,1893,3127,1893,3128,1934,3117,1934
2727,1937,2727,1945,2698,1943,2698,1935
592,1957,600,1955,606,1984,598,1985
2177,1971,2209,1971,2209,1985,2177,1985
889,1948,900,1948,900,1988,889,1988
919,1948,988,1948,988,1988,919,1988
892,1994,937,1994,937,2034,892,2034
938,1994,949,1994,949,2034,938,2034
952,1994,988,1994,988,2034,952,2034
2724,1990,2724,1998,2695,1996,2695,1988
2935,1979,2943,1978,2950,2068,2942,2069
464,2048,465,2039,499,2041,499,2050
838,2039,838,2047,809,2048,809,2040
3116,2019,3116,2029,3079,2029,3079,2019
3067,2012,3067,2057,3027,2057,3027,2012
3116,2064,3116,2074,3079,2074,3079,2064
2689,2055,2689,2047,2718,2048,2718,2056
2501,2067,2564,2070,2562,2104,2499,2101
461,2102,462,2093,496,2095,496,2104
839,2093,839,2101,810,2102,810,2094
2687,2109,2687,2101,2716,2102,2716,2110
1402,2146,1402,2137,1436,2135,1437,2144
458,2156,459,2147,493,2149,493,2158
841,2147,841,2155,812,2156,812,2148
2685,2163,2685,2155,2714,2156,2714,2164
2493,2159,2544,2159,2544,2189,2493,2189
1405,2200,1405,2191,1439,2189,1440,2198
454,2210,455,2201,489,2203,489,2212
1226,2185,1344,2185,1344,2227,1226,2227
2260,2227,2260,2173,2294,2173,2294,2227
2683,2214,2683,2206,2712,2207,2712,2215
2197,2215,2250,2235,2240,2263,2186,2243
1408,2258,1408,2249,1442,2247,1443,2256
843,2201,843,2209,814,2210,814,2202
844,2255,844,2263,815,2264,815,2256
846,2309,846,2317,817,2318,817,2310
1720,2277,1774,2277,1774,2306,1720,2306
2414,2046,2411,2113,2352,2110,2355,2043
2408,2176,2404,2272,2345,2269,2349,2173
2400,2351,2392,2522,2333,2519,2341,2348
2911,2284,2919,2284,2919,2316,2911,2316
2954,2284,2962,2284,2962,2316,2954,2316
3075,2270,3086,2272,3079,2313,3068,2311
3122,2278,3133,2280,3126,2321,3115,2319
3156,2283,3180,2287,3173,2329,3149,2325
470,2303,536,2310,530,2361,465,2354
570,2313,584,2315,578,2365,565,2364
669,2325,683,2327,677,2377,664,2376
375,2334,381,2334,381,2357,375,2357
397,2334,403,2334,403,2357,397,2357
418,2334,424,2334,424,2357,418,2357
445,2334,451,2334,451,2357,445,2357
471,2334,477,2334,477,2357,471,2357
495,2334,501,2334,501,2357,495,2357
514,2334,520,2334,520,2357,514,2357
548,2334,554,2334,554,2357,548,2357
570,2334,576,2334,576,2357,570,2357
588,2334,594,2334,594,2357,588,2357
634,2327,635,2333,612,2338,611,2332
636,2337,637,2343,614,2348,613,2342
1480,2400,1480,2348,1504,2348,1504,2400
529,2376,529,2379,515,2379,515,2376
457,2370,457,2375,436,2375,436,2370
457,2392,457,2397,436,2397,436,2392
457,2414,457,2419,436,2419,436,2414
529,2398,529,2401,515,2401,515,2398
772,2499,772,2313,805,2313,805,2499
822,2391,822,2395,805,2395,805,2391
848,2366,850,2437,821,2438,819,2367
822,2414,822,2418,805,2418,805,2414
822,2436,822,2440,805,2440,805,2436
529,2420,529,2423,515,2423,515,2420
529,2442,529,2445,515,2445,515,2442
822,2458,822,2462,805,2462,805,2458
529,2463,529,2466,515,2466,515,2463
3684,2458,3738,2458,3738,2489,3684,2489
3752,2458,3787,2458,3787,2489,3752,2489
3804,2458,3914,2458,3914,2489,3804,2489
3930,2458,3958,2458,3958,2489,3930,2489
3974,2458,4109,2458,4109,2489,3974,2489
4119,2458,4183,2458,4183,2489,4119,2489
4195,2458,4203,2458,4203,2489,4195,2489
4201,2458,4209,2458,4209,2489,4201,2489
4207,2458,4344,2458,4344,2489,4207,2489
529,2486,529,2489,515,2489,515,2486
4379,2563,4399,2563,4399,2573,4379,2573
4380,2574,4395,2571,4397,2585,4383,2588
4368,2590,4378,2590,4378,2600,4368,2600
4380,2590,4382,2590,4382,2600,4380,2600
4385,2590,4391,2590,4391,2600,4385,2600
4396,2590,4411,2590,4411,2600,4396,2600
4165,2761,4160,2648,4190,2647,4195,2760
4483,2717,4483,2723,4458,2725,4458,2719
4507,2791,4505,2674,4521,2674,4523,2791
4243,2746,4265,2745,4265,2756,4243,2757
4245,2756,4261,2756,4261,2770,4245,2770
4235,2772,4241,2772,4241,2782,4235,2782
4244,2772,4246,2772,4246,2782,4244,2782
4249,2772,4255,2772,4255,2782,4249,2782
4260,2772,4275,2772,4275,2782,4260,2782
4421,2825,4441,2825,4441,2837,4421,2837
4421,2836,4439,2834,4441,2849,4423,2851
4411,2852,4419,2852,4419,2862,4411,2862
4421,2852,4423,2852,4423,2862,4421,2862
4425,2852,4433,2852,4433,2862,4425,2862
4437,2852,4452,2852,4452,2862,4437,2862
4158,2942,4180,2942,4180,2955,4158,2955
4149,2968,4159,2968,4159,2981,4149,2981
4160,2968,4163,2968,4163,2981,4160,2981
4163,2968,4173,2968,4173,2981,4163,2981
4175,2968,4191,2968,4191,2981,4175,2981
3965,3035,3986,3035,3986,3045,3965,3045
3968,3045,3984,3045,3984,3059,3968,3059
3957,3061,3965,3061,3965,3073,3957,3073
3967,3061,3969,3061,3969,3073,3967,3073
3970,3061,3978,3061,3978,3073,3970,3073
3983,3061,3998,3061,3998,3073,3983,3073
2344,3092,2344,3087,2364,3086,2364,3091
1867,3029,2257,3029,2257,3154,1867,3154
2394,3079,2397,3079,2397,3094,2394,3094
2434,3080,2437,3080,2437,3095,2434,3095
2474,3080,2477,3080,2477,3095,2474,3095
2514,3080,2517,3080,2517,3095,2514,3095
2554,3081,2557,3081,2557,3096,2554,3096
4356,3086,4376,3086,4376,3098,4356,3098
4356,3099,4373,3099,4373,3111,4356,3111
4346,3114,4356,3114,4356,3125,4346,3125
4357,3114,4359,3114,4359,3125,4357,3125
4361,3114,4368,3114,4368,3125,4361,3125
4373,3114,4387,3114,4387,3125,4373,3125
143,3124,173,3124,173,3157,143,3157
2353,3122,2359,3122,2360,3146,2354,3146
247,3124,256,3124,256,3157,247,3157
260,3124,269,3124,269,3157,260,3157
270,3124,279,3124,279,3157,270,3157
2396,3121,2402,3121,2403,3145,2397,3145
2436,3120,2442,3120,2443,3144,2437,3144
2476,3119,2482,3119,2483,3143,2477,3143
2516,3118,2522,3118,2523,3142,2517,3142
2598,3116,2604,3116,2605,3140,2599,3140
2556,3117,2562,3117,2563,3141,2557,3141
4068,3168,4128,3172,4127,3186,4067,3182
1866,3180,1962,3183,1961,3218,1865,3215
1975,3183,2095,3186,2094,3221,1974,3218
2167,3159,2245,3159,2245,3188,2167,3188
2147,3188,2270,3192,2269,3227,2146,3223
2397,3193,2460,3193,2460,3217,2397,3217
2469,3193,2560,3193,2560,3217,2469,3217
2740,3192,2835,3192,2835,3221,2740,3221
3003,3190,3070,3190,3070,3223,3003,3223
3073,3190,3082,3190,3082,3223,3073,3223
3084,3190,3167,3190,3167,3223,3084,3223
3345,3173,3436,3173,3436,3204,3345,3204
3269,3209,3373,3209,3373,3239,3269,3239
3384,3209,3450,3209,3450,3239,3384,3239
3457,3209,3500,3209,3500,3239,3457,3239
154,3274,160,3274,160,3297,154,3297
159,3274,232,3274,232,3297,159,3297
153,3303,192,3303,192,3325,153,3325
204,3303,291,3303,291,3325,204,3325
299,3303,399,3303,399,3325,299,3325
413,3303,459,3303,459,3325,413,3325
461,3303,623,3303,623,3325,461,3325
632,3303,637,3303,637,3325,632,3325
646,3303,706,3303,706,3325,646,3325
714,3303,752,3303,752,3325,714,3325
761,3303,852,3303,852,3325,761,3325
860,3303,906,3303,906,3325,860,3325
913,3303,1021,3303,1021,3325,913,3325
1031,3303,1080,3303,1080,3325,1031,3325
1090,3303,1102,3303,1102,3325,1090,3325
1116,3303,1192,3303,1192,3325,1116,3325
1200,3303,1238,3303,1238,3325,1200,3325
1247,3303,1317,3303,1317,3325,1247,3325
1325,3303,1345,3303,1345,3325,1325,3325
1357,3303,1376,3303,1376,3325,1357,3325
1389,3303,1409,3303,1409,3325,1389,3325
1423,3303,1494,3303,1494,3325,1423,3325
1493,3303,1498,3303,1498,3325,1493,3325
1505,3303,1547,3303,1547,3325,1505,3325
1551,3303,1694,3303,1694,3325,1551,3325
1704,3303,1750,3303,1750,3325,1704,3325
1757,3303,1888,3303,1888,3325,1757,3325
1900,3303,1905,3303,1905,3325,1900,3325
1909,3303,1914,3303,1914,3325,1909,3325
1916,3303,1952,3303,1952,3325,1916,3325
1964,3303,2068,3303,2068,3325,1964,3325
2079,3303,2084,3303,2084,3325,2079,3325
2100,3303,2121,3303,2121,3325,2100,3325
2130,3303,2171,3303,2171,3325,2130,3325
2185,3303,2206,3303,2206,3325,2185,3325
2219,3303,2295,3303,2295,3325,2219,3325
2308,3303,2332,3303,2332,3325,2308,3325
2343,3303,2348,3303,2348,3325,2343,3325
2348,3303,2353,3303,2353,3325,2348,3325
2353,3303,2411,3303,2411,3325,2353,3325
2422,3303,2527,3303,2527,3325,2422,3325
2527,3303,2532,3303,2532,3325,2527,3325
2541,3303,2578,3303,2578,3325,2541,3325
2586,3303,2700,3303,2700,3325,2586,3325
2708,3303,2825,3303,2825,3325,2708,3325
2826,3303,2831,3303,2831,3325,2826,3325
2838,3303,2999,3303,2999,3325,2838,3325
3008,3303,3028,3303,3028,3325,3008,3325
3040,3303,3202,3303,3202,3325,3040,3325
3204,3303,3209,3303,3209,3325,3204,3325
3217,3303,3260,3303,3260,3325,3217,3325
3264,3303,3284,3303,3284,3325,3264,3325
3298,3303,3318,3303,3318,3325,3298,3325
3329,3303,3364,3303,3364,3325,3329,3325
3370,3303,3467,3303,3467,3325,3370,3325
3474,3303,3505,3303,3505,3325,3474,3325
156,3330,278,3330,278,3355,156,3355
286,3330,339,3330,339,3355,286,3355
342,3330,348,3330,348,3355,342,3355
354,3330,386,3330,386,3355,354,3355
392,3330,474,3330,474,3355,392,3355
485,3330,521,3330,521,3355,485,3355
533,3330,589,3330,589,3355,533,3355
600,3330,636,3330,636,3355,600,3355
646,3330,675,3330,675,3355,646,3355
685,3330,818,3330,818,3355,685,3355
823,3330,829,3330,829,3355,823,3355
836,3330,875,3330,875,3355,836,3355
882,3330,994,3330,994,3355,882,3355
1005,3330,1028,3330,1028,3355,1005,3355
1036,3330,1103,3330,1103,3355,1036,3355
1106,3330,1112,3330,1112,3355,1106,3355
1125,3330,1195,3330,1195,3355,1125,3355
1197,3330,1203,3330,1203,3355,1197,3355
1210,3330,1252,3330,1252,3355,1210,3355
1264,3330,1353,3330,1353,3355,1264,3355
1363,3330,1411,3330,1411,3355,1363,3355
1419,3330,1455,3330,1455,3355,1419,3355
1465,3330,1471,3330,1471,3355,1465,3355
1470,3330,1476,3330,1476,3355,1470,3355
1476,3330,1624,3330,1624,3355,1476,3355
1629,3330,1665,3330,1665,3355,1629,3355
1676,3330,1809,3330,1809,3355,1676,3355
1823,3330,1869,3330,1869,3355,1823,3355
1874,3330,1943,3330,1943,3355,1874,3355
1954,3330,1960,3330,1960,3355,1954,3355
1972,3330,2010,3330,2010,3355,1972,3355
2019,3330,2103,3330,2103,3355,2019,3355
2102,3330,2108,3330,2108,3355,2102,3355
2115,3330,2129,3330,2129,3355,2115,3355
2141,3330,2218,3330,2218,3355,2141,3355
2224,3330,2230,3330,2230,3355,2224,3355
2237,3330,2243,3330,2243,3355,2237,3355
2242,3330,2248,3330,2248,3355,2242,3355
2249,3330,2393,3330,2393,3355,2249,3355
2399,3330,2422,3330,2422,3355,2399,3355
2427,3330,2456,3330,2456,3355,2427,3355
2465,3330,2587,3330,2587,3355,2465,3355
2594,3330,2630,3330,2630,3355,2594,3355
2642,3330,2766,3330,2766,3355,2642,3355
2780,3330,2825,3330,2825,3355,2780,3355
2832,3330,2963,3330,2963,3355,2832,3355
2973,3330,2979,3330,2979,3355,2973,3355
2983,3330,2989,3330,2989,3355,2983,3355
2990,3330,3027,3330,3027,3355,2990,3355
3033,3330,3126,3330,3126,3355,3033,3355
3662,3276,3749,3276,3749,3343,3662,3343
3758,3276,3777,3276,3777,3343,3758,3343
3793,3276,3830,3276,3830,3343,3793,3343
3833,3276,3852,3276,3852,3343,3833,3343
3861,3276,3898,3276,3898,3343,3861,3343
3908,3276,3927,3276,3927,3343,3908,3343
3917,3276,3979,3276,3979,3343,3917,3343
3969,3276,3988,3276,3988,3343,3969,3343
3987,3276,4089,3276,4089,3343,3987,3343
4276,3294,4392,3294,4392,3329,4276,3329
4405,3294,4414,3294,4414,3329,4405,3329
