4014,166,4297,166,4297,228,4014,228
4021,224,4295,224,4295,287,4021,287
4106,372,4112,372,4112,397,4106,397
4121,372,4153,372,4153,397,4121,397
4163,372,4186,372,4186,397,4163,397
4197,372,4242,372,4242,397,4197,397
4256,372,4262,372,4262,397,4256,397
4275,372,4361,372,4361,397,4275,397
4131,405,4192,405,4192,428,4131,428
4205,405,4257,405,4257,428,4205,428
4263,405,4321,405,4321,428,4263,428
301,491,542,321,590,390,349,560
4146,477,4304,477,4304,551,4146,551
3965,587,4041,587,4041,628,3965,628
4050,587,4187,587,4187,628,4050,628
4202,587,4213,587,4213,628,4202,628
4226,587,4297,587,4297,628,4226,628
4310,587,4376,587,4376,628,4310,628
4386,587,4497,587,4497,628,4386,628
4118,632,4222,632,4222,675,4118,675
4242,632,4352,632,4352,675,4242,675
3955,688,4029,688,4029,731,3955,731
4039,688,4086,688,4086,731,4039,731
4091,688,4103,688,4103,731,4091,731
4262,689,4345,689,4345,729,4262,729
4363,689,4374,689,4374,729,4363,729
3951,748,4043,744,4044,778,3952,782
4250,746,4287,746,4287,779,4250,779
3652,693,3839,693,3839,727,3652,727
3850,693,3859,693,3859,727,3850,727
738,725,829,746,819,786,729,765
1359,706,1412,706,1412,768,1359,768
2000,706,2017,706,2017,768,2000,768
1968,706,1981,706,1981,768,1968,768
2160,706,2239,706,2239,768,2160,768
2351,724,2351,735,2309,735,2309,724
2351,771,2351,782,2309,782,2309,771
2330,710,2400,710,2400,764,2330,764
4546,689,4679,689,4679,731,4546,731
4693,689,4704,689,4704,731,4693,731
4547,746,4583,746,4583,784,4547,784
4597,746,4717,746,4717,784,4597,784
1456,783,1488,786,1487,801,1455,798
674,802,674,800,685,800,685,802
1012,827,1012,796,1025,796,1025,827
673,823,673,821,684,821,684,823
2351,827,2351,838,2309,838,2309,827
800,821,866,817,868,853,802,857
672,854,672,852,683,852,683,854
2534,833,2652,833,2652,873,2534,873
4102,843,4357,843,4357,893,4102,893
2351,883,2351,894,2309,894,2309,883
1301,877,1366,877,1366,942,1301,942
2351,934,2351,945,2309,945,2309,934
2782,955,2782,922,2797,922,2797,955
2725,944,2772,944,2772,967,2725,967
3804,931,3899,931,3899,962,3804,962
3911,931,3919,931,3919,962,3911,962
3932,931,4024,931,4024,962,3932,962
4039,931,4047,931,4047,962,4039,962
4057,931,4150,931,4150,962,4057,962
4532,937,4553,937,4553,966,4532,966
4557,937,4565,937,4565,966,4557,966
4565,937,4586,937,4586,966,4565,966
4595,937,4632,937,4632,966,4595,966
2324,961,2344,961,2346,1030,2326,1030
2387,959,2407,959,2409,1028,2389,1028
2443,958,2463,958,2465,1027,2445,1027
2499,957,2519,957,2521,1026,2501,1026
2555,955,2575,955,2577,1024,2557,1024
2604,954,2624,954,2626,1023,2606,1023
2646,953,2666,953,2668,1022,2648,1022
2733,951,2880,948,2882,1018,2735,1021
1644,996,1657,999,1647,1045,1634,1042
1677,1003,1781,1025,1771,1071,1667,1049
3801,997,3922,997,3922,1024,3801,1024
3936,997,3943,997,3943,1024,3936,1024
4535,994,4555,994,4555,1029,4535,1029
4557,994,4566,994,4566,1029,4557,1029
4568,994,4587,994,4587,1029,4568,1029
4596,994,4634,994,4634,1029,4596,1029
1068,1051,1068,1045,1093,1044,1093,1050
1068,1035,1068,1029,1093,1028,1093,1034
1067,1025,1067,1019,1092,1018,1092,1024
1456,1028,1574,1024,1575,1048,1457,1052
3803,1053,3922,1053,3922,1079,3803,1079
3932,1053,3939,1053,3939,1079,3932,1079
4534,1057,4555,1057,4555,1086,4534,1086
4559,1057,4567,1057,4567,1086,4559,1086
4567,1057,4588,1057,4588,1086,4567,1086
4592,1057,4635,1057,4635,1086,4592,1086
1072,1131,1070,1099,1096,1098,1098,1130
1454,1124,1454,1094,1471,1094,1471,1124
1557,1076,1747,1068,1749,1118,1559,1126
3803,1113,3872,1113,3872,1134,3803,1134
3886,1113,3912,1113,3912,1134,3886,1134
3924,1113,3996,1113,3996,1134,3924,1134
4538,1113,4543,1113,4543,1135,4538,1135
4550,1113,4555,1113,4555,1135,4550,1135
4557,1113,4577,1113,4577,1135,4557,1135
4589,1113,4625,1113,4625,1135,4589,1135
1650,1189,1650,1135,1675,1135,1675,1189
3797,1171,3842,1171,3842,1198,3797,1198
4541,1172,4547,1172,4547,1195,4541,1195
4551,1172,4557,1172,4557,1195,4551,1195
4557,1172,4578,1172,4578,1195,4557,1195
4586,1172,4624,1172,4624,1195,4586,1195
3802,1226,3856,1226,3856,1257,3802,1257
4541,1227,4549,1227,4549,1258,4541,1258
4551,1227,4559,1227,4559,1258,4551,1258
4559,1227,4582,1227,4582,1258,4559,1258
4587,1227,4628,1227,4628,1258,4587,1258
816,1348,810,1341,835,1319,841,1325
779,1306,658,1170,684,1147,805,1283
1181,1283,1186,1283,1186,1302,1181,1302
1295,1272,1307,1272,1307,1315,1295,1315
1348,1272,1360,1272,1360,1315,1348,1315
3806,1316,3906,1316,3906,1359,3806,1359
3921,1316,4069,1316,4069,1359,3921,1359
4082,1316,4262,1316,4262,1359,4082,1359
4475,1315,4533,1315,4533,1360,4475,1360
4532,1315,4544,1315,4544,1360,4532,1360
4546,1315,4595,1315,4595,1360,4546,1360
4607,1315,4690,1315,4690,1360,4607,1360
629,1436,588,1312,627,1298,669,1423
1715,1397,1725,1397,1725,1435,1715,1435
1780,1411,1810,1411,1810,1426,1780,1426
1783,1397,1811,1397,1811,1435,1783,1435
3804,1417,3898,1417,3898,1446,3804,1446
4534,1420,4551,1420,4551,1442,4534,1442
4559,1420,4564,1420,4564,1442,4559,1442
4566,1420,4585,1420,4585,1442,4566,1442
4593,1420,4634,1420,4634,1442,4593,1442
1805,1443,1813,1442,1816,1472,1808,1473
1973,1449,2089,1449,2089,1497,1973,1497
2098,1449,2111,1449,2111,1497,2098,1497
2124,1449,2251,1449,2251,1497,2124,1497
1627,1460,1635,1459,1638,1489,1630,1490
1649,1458,1657,1457,1660,1487,1652,1488
1671,1456,1679,1455,1682,1485,1674,1486
1715,1452,1768,1447,1771,1478,1718,1483
987,1489,995,1489,995,1520,987,1520
1042,1489,1050,1489,1050,1520,1042,1520
1476,1475,1484,1474,1487,1504,1479,1505
1096,1489,1104,1489,1104,1520,1096,1520
1216,1567,1216,1508,1247,1508,1247,1567
1216,1505,1216,1497,1247,1497,1247,1505
3808,1508,3899,1508,3899,1542,3808,1542
3918,1508,4058,1508,4058,1542,3918,1542
4073,1508,4233,1508,4233,1542,4073,1542
4479,1498,4536,1498,4536,1560,4479,1560
4534,1498,4551,1498,4551,1560,4534,1560
4551,1498,4596,1498,4596,1560,4551,1560
4606,1498,4686,1498,4686,1560,4606,1560
2072,1552,2141,1552,2141,1584,2072,1584
2076,1594,2086,1594,2086,1631,2076,1631
2095,1594,2105,1594,2105,1631,2095,1631
2112,1594,2146,1594,2146,1631,2112,1631
1420,1562,1513,1562,1513,1616,1420,1616
1505,1562,1520,1562,1520,1616,1505,1616
1528,1562,1548,1562,1548,1616,1528,1616
1381,1611,1562,1611,1562,1666,1381,1666
578,1609,601,1606,602,1618,579,1621
716,1631,725,1631,723,1664,714,1664
771,1633,780,1633,778,1666,769,1666
1447,1723,1447,1727,1430,1728,1430,1724
918,1712,929,1712,930,1752,919,1752
964,1711,1123,1708,1124,1748,965,1751
1148,1708,1159,1708,1160,1748,1149,1748
1441,1729,1449,1728,1451,1757,1443,1758
1459,1728,1467,1727,1469,1756,1461,1757
1474,1727,1482,1726,1484,1755,1476,1756
1492,1726,1500,1725,1502,1754,1494,1755
1537,1723,1545,1722,1547,1751,1539,1752
657,1735,661,1755,590,1768,586,1749
1995,1772,2050,1772,2050,1804,1995,1804
1430,1849,1430,1766,1443,1766,1443,1849
1430,1767,1430,1764,1443,1764,1443,1767
1130,1823,1136,1823,1135,1846,1129,1846
1183,1824,1189,1824,1188,1847,1182,1847
1250,1826,1256,1826,1255,1849,1249,1849
1456,1849,1469,1849,1469,1861,1456,1861
1477,1849,1479,1849,1479,1861,1477,1861
1485,1849,1487,1849,1487,1861,1485,1861
3756,1895,3820,1895,3820,1906,3756,1906
3826,1895,3832,1895,3832,1906,3826,1906
3840,1895,3873,1895,3873,1906,3840,1906
3877,1895,3929,1895,3929,1906,3877,1906
3933,1895,3935,1895,3935,1906,3933,1906
3937,1895,3939,1895,3939,1906,3937,1906
3944,1895,3995,1895,3995,1906,3944,1906
4147,1893,4152,1893,4152,1902,4147,1902
4170,1893,4233,1893,4233,1902,4170,1902
4233,1893,4272,1893,4272,1902,4233,1902
4276,1893,4330,1893,4330,1902,4276,1902
4534,1891,4593,1891,4593,1903,4534,1903
2640,1989,2640,1837,2664,1837,2664,1989
1440,1927,1442,1927,1442,1939,1440,1939
1446,1927,1448,1927,1448,1939,1446,1939
1451,1927,1453,1927,1453,1939,1451,1939
1458,1927,1460,1927,1460,1939,1458,1939
1463,1927,1465,1927,1465,1939,1463,1939
954,1927,1012,1927,1012,1960,954,1960
3007,1928,3053,1928,3053,1960,3007,1960
3755,1934,3818,1934,3818,1947,3755,1947
3822,1934,3845,1934,3845,1947,3822,1947
3849,1934,3889,1934,3889,1947,3849,1947
3906,1934,3911,1934,3911,1947,3906,1947
3910,1934,3913,1934,3913,1947,3910,1947
3927,1934,3970,1934,3970,1947,3927,1947
4147,1930,4151,1930,4151,1941,4147,1941
4155,1930,4180,1930,4180,1941,4155,1941
4182,1930,4194,1930,4194,1941,4182,1941
4198,1930,4250,1930,4250,1941,4198,1941
4268,1930,4270,1930,4270,1941,4268,1941
4288,1930,4330,1930,4330,1941,4288,1941
4332,1930,4334,1930,4334,1941,4332,1941
4334,1930,4336,1930,4336,1941,4334,1941
4146,1943,4189,1943,4189,1953,4146,1953
4232,1943,4263,1943,4263,1953,4232,1953
4537,1935,4571,1934,4571,1943,4537,1944
4572,1935,4583,1935,4583,1943,4572,1943
611,2008,611,1945,622,1945,622,2008
3755,1979,3837,1979,3837,1989,3755,1989
3841,1979,3874,1979,3874,1989,3841,1989
3877,1979,3920,1979,3920,1989,3877,1989
3925,1979,3927,1979,3927,1989,3925,1989
3935,1979,3940,1979,3940,1989,3935,1989
3943,1979,3997,1979,3997,1989,3943,1989
4146,1984,4170,1984,4170,1994,4146,1994
4172,1984,4187,1984,4187,1994,4172,1994
4189,1984,4230,1984,4230,1994,4189,1994
4234,1984,4265,1984,4265,1994,4234,1994
4535,1984,4630,1984,4630,1997,4535,1997
4640,1984,4651,1984,4651,1997,4640,1997
1622,2011,1626,2011,1626,2028,1622,2028
1661,2011,1665,2011,1665,2028,1661,2028
1701,2012,1705,2012,1705,2029,1701,2029
1740,2012,1744,2012,1744,2029,1740,2029
1782,2012,1786,2012,1786,2029,1782,2029
1820,2012,1824,2012,1824,2029,1820,2029
1861,2012,1865,2012,1865,2029,1861,2029
1901,2013,1905,2013,1905,2030,1901,2030
1942,2013,1946,2013,1946,2030,1942,2030
1982,2013,1986,2013,1986,2030,1982,2030
2061,2014,2065,2014,2065,2031,2061,2031
2102,2014,2106,2014,2106,2031,2102,2031
2142,2014,2146,2014,2146,2031,2142,2031
2181,2014,2185,2014,2185,2031,2181,2031
3757,2019,3891,2018,3891,2029,3757,2030
3897,2018,3903,2018,3903,2029,3897,2029
3911,2018,3913,2018,3913,2029,3911,2029
3912,2018,3914,2018,3914,2029,3912,2029
3913,2017,3970,2016,3970,2027,3913,2028
4146,2019,4170,2019,4170,2029,4146,2029
4174,2019,4202,2019,4202,2029,4174,2029
4206,2019,4208,2019,4208,2029,4206,2029
4201,2019,4202,2019,4202,2029,4201,2029
4224,2019,4225,2019,4225,2029,4224,2029
4242,2019,4244,2019,4244,2029,4242,2029
4248,2019,4250,2019,4250,2029,4248,2029
4249,2019,4298,2019,4298,2029,4249,2029
1596,2026,1600,2026,1601,2043,1597,2043
1605,2025,1609,2025,1610,2042,1606,2042
1612,2025,1616,2025,1617,2042,1613,2042
1625,2024,1629,2024,1630,2041,1626,2041
4534,2026,4592,2026,4592,2037,4534,2037
4588,2026,4616,2026,4616,2037,4588,2037
745,2042,766,2042,766,2058,745,2058
776,2042,792,2042,792,2058,776,2058
1593,2047,1616,2047,1616,2068,1593,2068
1626,2047,1653,2047,1653,2068,1626,2068
2120,2049,2153,2049,2153,2064,2120,2064
3757,2062,3811,2062,3811,2075,3757,2075
3814,2062,3838,2062,3838,2075,3814,2075
3840,2062,3855,2062,3855,2075,3840,2075
3855,2062,3882,2062,3882,2075,3855,2075
3890,2062,3941,2062,3941,2075,3890,2075
3942,2062,3983,2062,3983,2075,3942,2075
4148,2061,4170,2061,4170,2072,4148,2072
4174,2061,4195,2061,4195,2072,4174,2072
4212,2061,4214,2061,4214,2072,4212,2072
4218,2061,4220,2061,4220,2072,4218,2072
4219,2061,4276,2061,4276,2072,4219,2072
4535,2064,4592,2064,4592,2078,4535,2078
4600,2064,4638,2064,4638,2078,4600,2078
4640,2064,4657,2064,4657,2078,4640,2078
4658,2064,4706,2064,4706,2078,4658,2078
4706,2064,4722,2064,4722,2078,4706,2078
4723,2064,4767,2064,4767,2078,4723,2078
2866,2063,3026,2063,3026,2105,2866,2105
3048,2063,3059,2063,3059,2105,3048,2105
4505,1902,4505,2005,4433,2005,4433,1902
4505,2021,4505,2041,4433,2041,4433,2021
4505,2094,4505,2260,4433,2260,4433,2094
3921,2102,3989,2102,3989,2113,3921,2113
3991,2102,3993,2102,3993,2113,3991,2113
798,2100,873,2100,873,2114,798,2114
788,2115,825,2115,825,2130,788,2130
830,2115,846,2115,846,2130,830,2130
854,2115,857,2115,857,2130,854,2130
867,2115,881,2115,881,2130,867,2130
1879,2099,1953,2099,1953,2114,1879,2114
1869,2114,1905,2114,1905,2130,1869,2130
1910,2114,1927,2114,1927,2130,1910,2130
1935,2114,1939,2114,1939,2130,1935,2130
1948,2114,1960,2114,1960,2130,1948,2130
3756,2102,3831,2102,3831,2113,3756,2113
3835,2102,3867,2102,3867,2113,3835,2113
3871,2102,3891,2102,3891,2113,3871,2113
3885,2102,3886,2102,3886,2113,3885,2113
3756,2116,3854,2116,3854,2126,3756,2126
4147,2107,4169,2107,4169,2119,4147,2119
4174,2107,4198,2107,4198,2119,4174,2119
4202,2107,4204,2107,4204,2119,4202,2119
4213,2107,4216,2107,4216,2119,4213,2119
4233,2107,4275,2107,4275,2119,4233,2119
4538,2104,4608,2104,4608,2116,4538,2116
4608,2104,4663,2104,4663,2116,4608,2116
4665,2104,4681,2104,4681,2116,4665,2116
4681,2104,4719,2104,4719,2116,4681,2116
3756,2149,3795,2149,3795,2162,3756,2162
3796,2149,3813,2149,3813,2162,3796,2162
3805,2149,3806,2149,3806,2162,3805,2162
4101,2144,4128,2146,4127,2160,4100,2158
3835,2149,3856,2149,3856,2162,3835,2162
4148,2143,4171,2143,4171,2157,4148,2157
4172,2143,4187,2143,4187,2157,4172,2157
4189,2143,4223,2143,4223,2157,4189,2157
4229,2143,4232,2143,4232,2157,4229,2157
4246,2143,4249,2143,4249,2157,4246,2157
4249,2143,4250,2143,4250,2157,4249,2157
3268,2186,3268,2133,3305,2133,3305,2186
4273,2143,4288,2143,4288,2157,4273,2157
4308,2143,4330,2143,4330,2157,4308,2157
4535,2151,4574,2151,4574,2162,4535,2162
4584,2151,4623,2151,4623,2162,4584,2162
601,2175,660,2172,662,2203,603,2206
4147,2183,4171,2183,4171,2195,4147,2195
4172,2183,4187,2183,4187,2195,4172,2195
4185,2183,4223,2183,4223,2195,4185,2195
4270,2183,4272,2183,4272,2195,4270,2195
4305,2183,4327,2183,4327,2195,4305,2195
4322,2183,4324,2183,4324,2195,4322,2195
4356,2183,4373,2183,4373,2195,4356,2195
1422,2189,1478,2189,1478,2211,1422,2211
3756,2192,3804,2192,3804,2204,3756,2204
4532,2189,4609,2189,4609,2200,4532,2200
4616,2189,4630,2189,4630,2200,4616,2200
4634,2189,4687,2189,4687,2200,4634,2200
4688,2189,4735,2189,4735,2200,4688,2200
4534,2203,4608,2202,4608,2211,4534,2212
4145,2225,4171,2225,4171,2236,4145,2236
4172,2225,4186,2225,4186,2236,4172,2236
4189,2225,4224,2225,4224,2236,4189,2236
4229,2225,4233,2225,4233,2236,4229,2236
4240,2225,4283,2225,4283,2236,4240,2236
4311,2225,4330,2225,4330,2236,4311,2236
4335,2225,4358,2225,4358,2236,4335,2236
3748,2233,3749,2233,3749,2244,3748,2244
3775,2233,3886,2235,3886,2247,3775,2245
4536,2234,4567,2234,4567,2246,4536,2246
4567,2234,4609,2234,4609,2246,4567,2246
4615,2234,4660,2234,4660,2246,4615,2246
4145,2272,4172,2272,4172,2283,4145,2283
4195,2272,4225,2272,4225,2283,4195,2283
4231,2272,4245,2272,4245,2283,4231,2283
4238,2272,4240,2272,4240,2283,4238,2283
4268,2272,4282,2272,4282,2283,4268,2283
3751,2281,3752,2281,3752,2293,3751,2293
3777,2281,3825,2281,3825,2293,3777,2293
3831,2281,3883,2281,3883,2293,3831,2293
4429,2285,4430,2285,4430,2293,4429,2293
4437,2277,4511,2278,4511,2289,4437,2288
4536,2278,4584,2279,4584,2290,4536,2289
4485,2285,4485,2285,4485,2293,4485,2293
4500,2285,4520,2285,4520,2293,4500,2293
683,2343,686,2290,720,2292,717,2345
1350,2293,1465,2297,1464,2332,1349,2328
2079,2279,2146,2279,2146,2310,2079,2310
2077,2321,2087,2321,2087,2357,2077,2357
2096,2321,2106,2321,2106,2357,2096,2357
2106,2321,2146,2321,2146,2357,2106,2357
4106,2316,4127,2315,4127,2322,4106,2323
3755,2324,3799,2324,3799,2335,3755,2335
3807,2324,3877,2324,3877,2335,3807,2335
2366,2359,2375,2245,2393,2247,2384,2360
3894,2324,3914,2324,3914,2335,3894,2335
4145,2325,4243,2325,4243,2336,4145,2336
4246,2325,4338,2325,4338,2336,4246,2336
4341,2325,4353,2325,4353,2336,4341,2336
627,2284,629,2345,600,2346,598,2285
629,2350,629,2358,600,2359,600,2351
630,2360,632,2410,603,2411,601,2361
4371,2325,4399,2325,4399,2336,4371,2336
2338,2379,2338,2304,2356,2304,2356,2379
2355,2388,2355,2354,2372,2354,2372,2388
2355,2347,2355,2331,2372,2331,2372,2347
2355,2324,2355,2320,2372,2320,2372,2324
2355,2310,2355,2298,2372,2298,2372,2310
3757,2366,3780,2366,3780,2377,3757,2377
3781,2366,3797,2366,3797,2377,3781,2377
3795,2366,3834,2366,3834,2377,3795,2377
3842,2366,3865,2366,3865,2377,3842,2377
3870,2366,3872,2366,3872,2377,3870,2377
3874,2366,3876,2366,3876,2377,3874,2377
3877,2366,3933,2366,3933,2377,3877,2377
4144,2365,4193,2365,4193,2377,4144,2377
4191,2365,4345,2363,4345,2375,4191,2377
2402,2434,2402,2430,2419,2431,2419,2435
2402,2425,2402,2421,2419,2422,2419,2426
2402,2418,2402,2414,2419,2415,2419,2419
2403,2406,2403,2402,2420,2403,2420,2407
2424,2439,2425,2416,2442,2417,2441,2440
2426,2404,2427,2391,2444,2392,2443,2405
3345,2415,3368,2415,3368,2432,3345,2432
3683,2456,3737,2456,3737,2490,3683,2490
3756,2456,3787,2456,3787,2490,3756,2490
3805,2456,3912,2456,3912,2490,3805,2490
3931,2456,3962,2456,3962,2490,3931,2490
3976,2456,4109,2456,4109,2490,3976,2490
4117,2456,4183,2456,4183,2490,4117,2490
4196,2456,4205,2456,4205,2490,4196,2490
4203,2456,4212,2456,4212,2490,4203,2490
4212,2456,4346,2456,4346,2490,4212,2490
2922,2499,2926,2499,2926,2516,2922,2516
3028,2499,3032,2499,3032,2516,3028,2516
3037,2499,3041,2499,3041,2516,3037,2516
3045,2499,3049,2499,3049,2516,3045,2516
3057,2499,3061,2499,3061,2516,3057,2516
2999,2520,3020,2520,3020,2539,2999,2539
3032,2520,3059,2520,3059,2539,3032,2539
4694,2473,4714,2473,4714,2542,4694,2542
2455,2511,2638,2511,2638,2538,2455,2538
2378,2543,2489,2543,2489,2572,2378,2572
2596,2543,2762,2543,2762,2572,2596,2572
2889,2571,2963,2571,2963,2587,2889,2587
2877,2586,2914,2586,2914,2603,2877,2603
2917,2586,2936,2586,2936,2603,2917,2603
2944,2586,2948,2586,2948,2603,2944,2603
2957,2586,2969,2586,2969,2603,2957,2603
4292,2576,4302,2576,4302,2585,4292,2585
4285,2587,4291,2587,4291,2593,4285,2593
4293,2587,4294,2587,4294,2593,4293,2593
4295,2587,4300,2587,4300,2593,4295,2593
4303,2587,4311,2587,4311,2593,4303,2593
4246,2639,4246,2645,4221,2645,4221,2639
2682,2637,2740,2637,2740,2668,2682,2668
4175,2657,4185,2657,4185,2665,4175,2665
4169,2667,4174,2667,4174,2675,4169,2675
4176,2667,4177,2667,4177,2675,4176,2675
4178,2667,4183,2667,4183,2676,4178,2676
4186,2668,4196,2668,4196,2676,4186,2676
2687,2695,2802,2699,2801,2738,2686,2734
3275,2727,3275,2690,3300,2690,3300,2727
4310,2723,4320,2723,4320,2733,4310,2733
4303,2733,4309,2733,4309,2741,4303,2741
4310,2733,4311,2733,4311,2741,4310,2741
4313,2733,4318,2733,4318,2741,4313,2741
4322,2733,4323,2733,4323,2741,4322,2741
4385,2574,4385,2622,4356,2622,4356,2574
4385,2643,4385,2872,4356,2872,4356,2643
3339,2764,3345,2763,3349,2786,3343,2788
3349,2762,3355,2761,3359,2784,3353,2786
3357,2761,3363,2760,3367,2783,3361,2785
2872,2802,2874,2802,2874,2811,2872,2811
4174,2831,4188,2831,4188,2838,4174,2838
3275,2891,3275,2864,3300,2864,3300,2891
3275,2857,3275,2851,3300,2851,3300,2857
3275,2842,3275,2836,3300,2836,3300,2842
3275,2831,3275,2825,3300,2825,3300,2831
3275,2811,3275,2805,3300,2805,3300,2811
4175,2839,4185,2838,4185,2846,4175,2847
4168,2849,4174,2849,4174,2855,4168,2855
4176,2849,4177,2849,4177,2855,4176,2855
4178,2849,4183,2849,4183,2855,4178,2855
4186,2849,4196,2849,4196,2855,4186,2855
4375,2896,4371,2952,4353,2951,4357,2895
4175,3024,4188,3023,4188,3031,4175,3032
4175,3031,4187,3030,4187,3039,4175,3040
4168,3041,4174,3041,4174,3048,4168,3048
4175,3041,4176,3041,4176,3048,4175,3048
4178,3041,4184,3041,4184,3048,4178,3048
4186,3041,4196,3041,4196,3048,4186,3048
2343,3094,2343,3088,2368,3088,2368,3094
2394,3078,2398,3078,2398,3095,2394,3095
2433,3078,2437,3078,2437,3095,2433,3095
2473,3078,2477,3078,2477,3095,2473,3095
2514,3078,2518,3078,2518,3095,2514,3095
4479,3094,4488,3096,4486,3104,4477,3103
4477,3101,4489,3100,4490,3112,4478,3113
2343,3136,2343,3130,2368,3130,2368,3136
4093,3121,4101,3120,4102,3129,4094,3130
2353,3122,2359,3122,2360,3146,2354,3146
140,3124,171,3124,171,3158,140,3158
2395,3121,2401,3121,2402,3145,2396,3145
2438,3120,2444,3120,2445,3144,2439,3144
2598,3116,2604,3116,2605,3140,2599,3140
247,3124,256,3124,256,3158,247,3158
261,3124,270,3124,270,3158,261,3158
268,3124,277,3124,277,3158,268,3158
2475,3119,2481,3119,2482,3143,2476,3143
2518,3118,2524,3118,2525,3142,2519,3142
2558,3117,2564,3117,2565,3141,2559,3141
4084,3131,4090,3131,4090,3138,4084,3138
4092,3131,4093,3131,4093,3138,4092,3138
4095,3130,4100,3130,4100,3138,4095,3138
4102,3130,4112,3130,4112,3137,4102,3137
4342,3128,4354,3128,4354,3135,4342,3135
4344,3137,4352,3137,4352,3144,4344,3145
842,3151,842,3146,863,3146,863,3151
4336,3146,4341,3146,4341,3153,4336,3153
4342,3146,4343,3146,4343,3153,4342,3153
4346,3146,4351,3146,4351,3153,4346,3153
4353,3146,4363,3146,4363,3153,4353,3153
1091,3125,1097,3125,1099,3193,1093,3193
842,3180,842,3175,863,3175,863,3180
4093,3155,4095,3155,4095,3166,4093,3166
4048,3173,4111,3173,4111,3181,4048,3181
4023,3182,4156,3183,4156,3191,4023,3190
4025,3190,4129,3190,4129,3197,4025,3197
2164,3159,2244,3159,2244,3188,2164,3188
2147,3188,2270,3192,2269,3227,2146,3223
1866,3180,1960,3183,1959,3218,1865,3215
1975,3183,2095,3186,2094,3221,1974,3218
4412,3190,4413,3190,4413,3198,4412,3198
4466,3182,4531,3182,4531,3189,4466,3189
4457,3189,4520,3188,4520,3197,4457,3198
4263,3199,4338,3199,4338,3205,4263,3205
4338,3199,4339,3199,4339,3205,4338,3205
2398,3191,2462,3191,2462,3223,2398,3223
2469,3191,2562,3191,2562,3223,2469,3223
2739,3194,2834,3194,2834,3217,2739,3217
3005,3191,3065,3191,3065,3222,3005,3222
3074,3191,3082,3191,3082,3222,3074,3222
3084,3191,3170,3191,3170,3222,3084,3222
3347,3175,3439,3175,3439,3206,3347,3206
3270,3209,3373,3209,3373,3241,3270,3241
3385,3209,3446,3209,3446,3241,3385,3241
3462,3209,3503,3209,3503,3241,3462,3241
153,3272,157,3272,157,3290,153,3290
159,3272,218,3272,218,3290,159,3290
151,3294,184,3294,184,3315,151,3315
192,3294,265,3294,265,3315,192,3315
272,3294,364,3294,364,3315,272,3315
373,3294,388,3294,388,3315,373,3315
394,3294,468,3294,468,3315,394,3315
478,3294,560,3294,560,3315,478,3315
571,3294,609,3294,609,3315,571,3315
615,3294,747,3294,747,3315,615,3315
750,3294,755,3294,755,3315,750,3315
760,3294,813,3294,813,3315,760,3315
823,3294,853,3294,853,3315,823,3315
861,3294,934,3294,934,3315,861,3315
946,3294,980,3294,980,3315,946,3315
990,3294,1075,3294,1075,3315,990,3315
1085,3294,1126,3294,1126,3315,1085,3315
1132,3294,1147,3294,1147,3315,1132,3315
1156,3294,1218,3294,1218,3315,1156,3315
1228,3294,1258,3294,1258,3315,1228,3315
1266,3294,1321,3294,1321,3315,1266,3315
1329,3294,1348,3294,1348,3315,1329,3315
1357,3294,1372,3294,1372,3315,1357,3315
1385,3294,1400,3294,1400,3315,1385,3315
1412,3294,1469,3294,1469,3315,1412,3315
1469,3294,1474,3294,1474,3315,1469,3315
1483,3294,1510,3294,1510,3315,1483,3315
1518,3294,1541,3294,1541,3315,1518,3315
1550,3294,1594,3294,1594,3315,1550,3315
1604,3294,1623,3294,1623,3315,1604,3315
1633,3294,1677,3294,1677,3315,1633,3315
1684,3294,1707,3294,1707,3315,1684,3315
1717,3294,1783,3294,1783,3315,1717,3315
1785,3294,1819,3294,1819,3315,1785,3315
1823,3294,1970,3294,1970,3315,1823,3315
1972,3294,1999,3294,1999,3315,1972,3315
2005,3294,2100,3294,2100,3315,2005,3315
2103,3294,2108,3294,2108,3315,2103,3315
2115,3294,2175,3294,2175,3315,2115,3315
2178,3294,2183,3294,2183,3315,2178,3315
2189,3294,2223,3294,2223,3315,2189,3315
2232,3294,2307,3294,2307,3315,2232,3315
2307,3294,2312,3294,2312,3315,2307,3315
2322,3294,2436,3294,2436,3315,2322,3315
2437,3294,2442,3294,2442,3315,2437,3315
2449,3294,2555,3294,2555,3315,2449,3315
2563,3294,2582,3294,2582,3315,2563,3315
2592,3294,2703,3294,2703,3315,2592,3315
2706,3294,2711,3294,2711,3315,2706,3315
2720,3294,2796,3294,2796,3315,2720,3315
2798,3294,2803,3294,2803,3315,2798,3315
2812,3294,2876,3294,2876,3315,2812,3315
2882,3294,2912,3294,2912,3315,2882,3315
2920,3294,3000,3294,3000,3315,2920,3315
3008,3294,3046,3294,3046,3315,3008,3315
3051,3294,3110,3294,3110,3315,3051,3315
3113,3294,3118,3294,3118,3315,3113,3315
3121,3294,3137,3294,3137,3315,3121,3315
3148,3294,3159,3294,3159,3315,3148,3315
3171,3294,3210,3294,3210,3315,3171,3315
3216,3294,3221,3294,3221,3315,3216,3315
3229,3294,3258,3294,3258,3315,3229,3315
3269,3294,3337,3294,3337,3315,3269,3315
3339,3294,3344,3294,3344,3315,3339,3315
3347,3294,3363,3294,3363,3315,3347,3315
3370,3294,3508,3294,3508,3315,3370,3315
152,3314,217,3314,217,3339,152,3339
223,3314,246,3314,246,3339,223,3339
253,3314,281,3314,281,3339,253,3339
289,3314,369,3314,369,3339,289,3339
381,3314,424,3314,424,3339,381,3339
429,3314,527,3314,527,3339,429,3339
537,3314,543,3314,543,3339,537,3339
546,3314,552,3314,552,3339,546,3339
552,3314,615,3314,615,3339,552,3339
625,3314,639,3314,639,3339,625,3339
651,3314,718,3314,718,3339,651,3339
728,3314,757,3314,757,3339,728,3339
765,3314,858,3314,858,3339,765,3339
866,3314,923,3314,923,3339,866,3339
930,3314,953,3314,953,3339,930,3339
960,3314,1053,3314,1053,3339,960,3339
1064,3314,1082,3314,1082,3339,1064,3339
1086,3314,1183,3314,1183,3339,1086,3339
1191,3314,1220,3314,1220,3339,1191,3339
1228,3314,1274,3314,1274,3339,1228,3339
1285,3314,1291,3314,1291,3339,1285,3339
1293,3314,1299,3314,1299,3339,1293,3339
1301,3314,1338,3314,1338,3339,1301,3339
1340,3314,1346,3314,1346,3339,1340,3339
1351,3314,1456,3314,1456,3339,1351,3339
1462,3314,1490,3314,1490,3339,1462,3339
1495,3314,1616,3314,1616,3339,1495,3339
1623,3314,1662,3314,1662,3339,1623,3339
1667,3314,1776,3314,1776,3339,1667,3339
1785,3314,1791,3314,1791,3339,1785,3339
1792,3314,1798,3314,1798,3339,1792,3339
1801,3314,1830,3314,1830,3339,1801,3339
1839,3314,1927,3314,1927,3339,1839,3339
1935,3314,1941,3314,1941,3339,1935,3339
1953,3314,1971,3314,1971,3339,1953,3339
1980,3314,2013,3314,2013,3339,1980,3339
2023,3314,2041,3314,2041,3339,2023,3339
2050,3314,2117,3314,2117,3339,2050,3339
2126,3314,2149,3314,2149,3339,2126,3339
2154,3314,2160,3314,2160,3339,2154,3339
2159,3314,2165,3314,2165,3339,2159,3339
2167,3314,2214,3314,2214,3339,2167,3339
2219,3314,2306,3314,2306,3339,2219,3339
2310,3314,2316,3314,2316,3339,2310,3339
2322,3314,2351,3314,2351,3339,2322,3339
2357,3314,2451,3314,2451,3339,2357,3339
2461,3314,2556,3314,2556,3339,2461,3339
2557,3314,2563,3314,2563,3339,2557,3339
2569,3314,2702,3314,2702,3339,2569,3339
2710,3314,2728,3314,2728,3339,2710,3339
2738,3314,2871,3314,2871,3339,2738,3339
2871,3314,2877,3314,2877,3339,2871,3339
2884,3314,2917,3314,2917,3339,2884,3339
2926,3314,2940,3314,2940,3339,2926,3339
2951,3314,2969,3314,2969,3339,2951,3339
2980,3314,3008,3314,3008,3339,2980,3339
3011,3314,3093,3314,3093,3339,3011,3339
3101,3314,3122,3314,3122,3339,3101,3339
3134,3314,3233,3314,3233,3339,3134,3339
3239,3314,3287,3314,3287,3339,3239,3339
3287,3314,3293,3314,3293,3339,3287,3339
3298,3314,3323,3314,3323,3339,3298,3339
3330,3314,3405,3314,3405,3339,3330,3339
3410,3314,3416,3314,3416,3339,3410,3339
3420,3314,3445,3314,3445,3339,3420,3339
152,3340,220,3340,220,3361,152,3361
224,3340,229,3340,229,3361,224,3361
232,3340,259,3340,259,3361,232,3361
267,3340,312,3340,312,3361,267,3361
317,3340,322,3340,322,3361,317,3361
331,3340,361,3340,361,3361,331,3361
366,3340,391,3340,391,3361,366,3361
401,3340,513,3340,513,3361,401,3361
523,3340,538,3340,538,3361,523,3361
543,3340,576,3340,576,3361,543,3361
583,3340,721,3340,721,3361,583,3361
722,3340,727,3340,727,3361,722,3361
730,3340,753,3340,753,3361,730,3361
759,3340,827,3340,827,3361,759,3361
829,3340,834,3340,834,3361,829,3361
840,3340,845,3340,845,3361,840,3361
844,3340,849,3340,849,3361,844,3361
850,3340,970,3340,970,3361,850,3361
975,3340,994,3340,994,3361,975,3361
996,3340,1019,3340,1019,3361,996,3361
1031,3340,1131,3340,1131,3361,1031,3361
1138,3340,1168,3340,1168,3361,1138,3361
1176,3340,1280,3340,1280,3361,1176,3361
1293,3340,1332,3340,1332,3361,1293,3361
1334,3340,1443,3340,1443,3361,1334,3361
1454,3340,1459,3340,1459,3361,1454,3361
1463,3340,1468,3340,1468,3361,1463,3361
1469,3340,1497,3340,1497,3361,1469,3361
1502,3340,1579,3340,1579,3361,1502,3361
1584,3340,1589,3340,1589,3361,1584,3361
3660,3292,3748,3292,3748,3332,3660,3332
3764,3292,3775,3292,3775,3332,3764,3332
3796,3292,3825,3292,3825,3332,3796,3332
3834,3292,3845,3292,3845,3332,3834,3332
3849,3292,3878,3292,3878,3332,3849,3332
3887,3292,3898,3292,3898,3332,3887,3332
3896,3292,3967,3292,3967,3332,3896,3332
4273,3287,4394,3287,4394,3336,4273,3336
4402,3287,4416,3287,4416,3336,4402,3336
4477,3287,4491,3287,4491,3336,4477,3336
