4015,170,4299,170,4299,228,4015,228
4019,226,4297,226,4297,284,4019,284
4106,374,4112,374,4112,398,4106,398
4120,374,4155,374,4155,398,4120,398
4164,374,4186,374,4186,398,4164,398
4196,374,4243,374,4243,398,4196,398
4256,374,4262,374,4262,398,4256,398
4273,374,4361,374,4361,398,4273,398
4130,406,4189,406,4189,429,4130,429
4204,406,4256,406,4256,429,4204,429
4262,406,4319,406,4319,429,4262,429
2147,455,2160,454,2162,501,2149,502
2159,455,2172,454,2174,501,2161,502
2235,451,2296,448,2298,496,2237,499
309,483,648,252,697,325,359,556
4156,472,4302,472,4302,551,4156,551
1275,545,1282,545,1282,572,1275,572
1280,545,1287,545,1287,572,1280,572
1317,545,1324,545,1324,572,1317,572
1342,545,1349,545,1349,572,1342,572
1728,532,1760,532,1760,576,1728,576
1850,532,1862,532,1862,576,1850,576
1328,622,1324,627,1306,611,1309,607
1301,655,1297,660,1279,644,1282,640
1276,686,1272,691,1254,675,1257,671
1474,662,1532,654,1542,722,1484,730
1541,652,1561,649,1571,717,1551,720
3967,588,4042,588,4042,631,3967,631
4051,588,4191,588,4191,631,4051,631
4205,588,4217,588,4217,631,4205,631
4221,588,4295,588,4295,631,4221,631
4313,588,4374,588,4374,631,4313,631
4392,588,4497,588,4497,631,4392,631
4112,632,4221,632,4221,679,4112,679
4238,632,4353,632,4353,679,4238,679
3955,689,4029,689,4029,729,3955,729
4041,689,4084,689,4084,729,4041,729
4094,689,4105,689,4105,729,4094,729
4259,690,4348,690,4348,728,4259,728
4364,690,4374,690,4374,728,4364,728
3951,748,4027,745,4028,782,3953,785
1251,717,1247,722,1229,706,1232,702
1725,714,1724,723,1690,718,1691,709
3650,692,3840,692,3840,730,3650,730
3846,692,3856,692,3856,730,3846,730
1225,748,1221,753,1203,737,1206,733
1888,608,1888,627,1821,627,1821,608
1888,662,1888,681,1821,681,1821,662
1888,717,1888,736,1821,736,1821,717
1888,771,1888,790,1821,790,1821,771
1888,805,1888,824,1821,824,1821,805
1888,880,1888,899,1821,899,1821,880
4543,692,4677,692,4677,730,4543,730
4697,692,4707,692,4707,730,4697,730
4541,750,4696,750,4696,781,4541,781
2133,741,2144,741,2143,781,2132,781
2203,742,2365,744,2364,785,2202,783
2383,745,2394,745,2393,785,2382,785
4255,743,4286,746,4282,781,4251,778
1429,765,1482,760,1485,794,1432,799
1275,779,1284,778,1287,812,1278,813
1317,775,1326,774,1329,808,1320,809
1330,774,1368,770,1371,804,1333,808
2686,788,2686,784,2704,783,2704,787
2512,816,2512,763,2549,763,2549,816
2814,823,2814,818,2833,818,2833,823
2814,807,2814,802,2833,802,2833,807
2814,795,2814,790,2833,790,2833,795
2688,828,2688,824,2706,823,2706,827
1892,814,1901,814,1900,847,1891,847
1943,815,1952,815,1951,848,1942,848
1998,817,2007,817,2006,850,1997,850
2690,868,2690,864,2708,863,2708,867
2137,855,2146,855,2145,888,2136,888
2202,858,2211,858,2210,891,2201,891
2256,860,2265,860,2264,893,2255,893
2311,862,2320,862,2319,895,2310,895
2365,865,2374,865,2373,898,2364,898
4107,847,4363,847,4363,893,4107,893
2694,948,2694,944,2712,943,2712,947
3801,935,3898,935,3898,962,3801,962
4575,939,4580,939,4580,961,4575,961
4586,939,4591,939,4591,961,4586,961
4590,939,4614,939,4614,961,4590,961
4621,939,4662,939,4662,961,4621,961
2696,988,2696,984,2714,983,2714,987
3804,993,3898,993,3898,1022,3804,1022
3911,993,3919,993,3919,1022,3911,1022
3930,993,4021,993,4021,1022,3930,1022
4569,1001,4590,1001,4590,1024,4569,1024
4592,1001,4598,1001,4598,1024,4592,1024
4600,1001,4621,1001,4621,1024,4600,1024
4630,1001,4668,1001,4668,1024,4630,1024
2725,1058,2725,1035,2743,1035,2743,1058
2725,1024,2725,998,2743,998,2743,1024
2699,1067,2697,1032,2716,1031,2718,1066
3804,1053,3919,1053,3919,1082,3804,1082
3935,1053,3943,1053,3943,1082,3935,1082
4568,1060,4589,1060,4589,1083,4568,1083
4593,1060,4599,1060,4599,1083,4593,1083
4603,1060,4620,1060,4620,1083,4603,1083
4629,1060,4667,1060,4667,1083,4629,1083
1923,1072,1937,1072,1937,1123,1923,1123
1975,1072,1989,1072,1989,1123,1975,1123
2021,1072,2035,1072,2035,1123,2021,1123
2084,1072,2098,1072,2098,1123,2084,1123
2136,1072,2150,1072,2150,1123,2136,1123
2193,1072,2207,1072,2207,1123,2193,1123
2245,1072,2259,1072,2259,1123,2245,1123
2302,1072,2316,1072,2316,1123,2302,1123
2354,1072,2368,1072,2368,1123,2354,1123
2406,1072,2420,1072,2420,1123,2406,1123
2463,1072,2477,1072,2477,1123,2463,1123
2515,1072,2529,1072,2529,1123,2515,1123
3800,1111,3921,1111,3921,1142,3800,1142
3932,1111,3940,1111,3940,1142,3932,1142
4574,1118,4580,1118,4580,1141,4574,1141
4586,1118,4592,1118,4592,1141,4586,1141
4596,1118,4613,1118,4613,1141,4596,1141
4622,1118,4660,1118,4660,1141,4622,1141
1650,1111,1700,1111,1700,1140,1650,1140
1657,1147,1725,1147,1725,1190,1657,1190
1668,1152,1722,1151,1723,1199,1669,1200
1319,1163,1323,1163,1323,1180,1319,1180
1370,1163,1374,1163,1374,1180,1370,1180
1425,1163,1429,1163,1429,1180,1425,1180
1163,1159,1176,1159,1177,1206,1164,1206
1326,1157,1339,1157,1340,1204,1327,1204
1379,1156,1392,1156,1393,1203,1380,1203
1575,1154,1588,1154,1589,1201,1576,1201
1200,1232,1200,1178,1238,1178,1238,1232
1200,1171,1200,1161,1238,1161,1238,1171
3804,1172,3872,1172,3872,1194,3804,1194
3884,1172,3912,1172,3912,1194,3884,1194
3925,1172,3996,1172,3996,1194,3925,1194
4572,1172,4577,1172,4577,1194,4572,1194
4586,1172,4591,1172,4591,1194,4586,1194
4590,1172,4615,1172,4615,1194,4590,1194
4622,1172,4658,1172,4658,1194,4622,1194
1356,1206,1422,1210,1419,1250,1354,1246
3800,1229,3839,1229,3839,1256,3800,1256
4575,1231,4580,1231,4580,1253,4575,1253
4586,1231,4591,1231,4591,1253,4586,1253
4594,1231,4613,1231,4613,1253,4594,1253
4623,1231,4659,1231,4659,1253,4623,1253
2705,1273,2705,1268,2726,1268,2726,1273
2705,1264,2705,1259,2726,1259,2726,1264
2705,1258,2705,1253,2726,1253,2726,1258
2705,1245,2705,1240,2726,1240,2726,1245
2728,1291,2728,1270,2748,1270,2748,1291
2728,1259,2728,1245,2748,1245,2748,1259
3800,1289,3854,1289,3854,1316,3800,1316
4573,1287,4581,1287,4581,1316,4573,1316
4585,1287,4593,1287,4593,1316,4585,1316
4593,1287,4614,1287,4614,1316,4593,1316
4623,1287,4660,1287,4660,1316,4623,1316
2695,1323,2695,1320,2709,1320,2709,1323
1303,1282,1357,1282,1357,1317,1303,1317
1319,1331,1329,1331,1330,1369,1320,1369
1214,1334,1224,1334,1225,1372,1215,1372
1265,1333,1275,1333,1276,1371,1266,1371
1378,1329,1388,1329,1389,1367,1379,1367
2696,1363,2696,1360,2710,1360,2710,1363
2200,1389,2360,1389,2360,1431,2200,1431
2382,1389,2393,1389,2393,1431,2382,1431
3806,1380,3902,1380,3902,1414,3806,1414
3918,1380,4068,1380,4068,1414,3918,1414
4076,1380,4259,1380,4259,1414,4076,1414
4515,1372,4562,1372,4562,1423,4515,1423
4571,1372,4585,1372,4585,1423,4571,1423
4583,1372,4630,1372,4630,1423,4583,1423
4644,1372,4720,1372,4720,1423,4644,1423
2696,1404,2696,1401,2710,1401,2710,1404
2697,1440,2697,1437,2711,1437,2711,1440
1456,1424,1509,1426,1508,1461,1455,1459
2515,1472,2515,1419,2549,1419,2549,1472
3802,1479,3898,1479,3898,1506,3802,1506
4573,1480,4579,1480,4579,1503,4573,1503
4585,1480,4591,1480,4591,1503,4585,1503
4593,1480,4614,1480,4614,1503,4593,1503
4623,1480,4661,1480,4661,1503,4623,1503
1391,1532,1504,1532,1504,1572,1391,1572
3805,1566,3899,1566,3899,1600,3805,1600
3913,1566,4058,1566,4058,1600,3913,1600
4073,1566,4233,1566,4233,1600,4073,1600
4511,1556,4570,1556,4570,1620,4511,1620
4568,1556,4586,1556,4586,1620,4568,1620
4586,1556,4633,1556,4633,1620,4586,1620
4643,1556,4725,1556,4725,1620,4643,1620
2267,1600,2316,1600,2316,1643,2267,1643
1196,1708,1196,1697,1236,1698,1236,1709
1197,1660,1199,1603,1240,1604,1238,1661
1322,1687,1330,1687,1330,1716,1322,1716
1376,1687,1384,1687,1384,1716,1376,1716
1430,1687,1438,1687,1438,1716,1430,1716
1484,1687,1492,1687,1492,1716,1484,1716
1538,1685,1546,1685,1546,1716,1538,1716
2729,1835,2729,1827,2760,1827,2760,1835
2399,1828,2461,1828,2461,1859,2399,1859
2729,1879,2729,1871,2760,1871,2760,1879
2294,1990,2299,1930,2323,1932,2318,1992
2259,1949,2259,1994,2242,1994,2242,1949
2729,1972,2729,1964,2760,1964,2760,1972
2268,2022,2268,2003,2289,2003,2289,2022
2268,1990,2268,1963,2289,1963,2289,1990
2729,2017,2729,2009,2760,2009,2760,2017
2258,2039,2258,2043,2241,2043,2241,2039
2729,2062,2729,2054,2760,2054,2760,2062
2258,2078,2258,2082,2241,2082,2241,2078
2729,2110,2729,2102,2760,2102,2760,2110
2258,2118,2258,2122,2241,2122,2241,2118
1308,2100,1321,2100,1319,2147,1306,2147
1356,2102,1369,2102,1367,2149,1354,2149
1409,2104,1422,2104,1420,2151,1407,2151
1462,2106,1475,2106,1473,2153,1460,2153
1515,2107,1528,2107,1526,2154,1513,2154
1572,2109,1585,2109,1583,2156,1570,2156
2729,2155,2729,2147,2760,2147,2760,2155
2258,2159,2258,2163,2241,2163,2241,2159
1160,2173,1183,2172,1184,2204,1161,2205
1267,2169,1301,2168,1302,2199,1268,2200
2729,2199,2729,2191,2760,2191,2760,2199
2257,2199,2257,2203,2240,2203,2240,2199
1190,2223,1195,2223,1195,2242,1190,2242
1212,2222,1217,2222,1217,2241,1212,2241
1236,2222,1241,2222,1241,2241,1236,2241
2257,2239,2257,2243,2240,2243,2240,2239
2010,2274,2010,2218,2045,2218,2045,2274
2729,2247,2729,2239,2760,2239,2760,2247
2257,2278,2257,2282,2240,2282,2240,2278
1559,2249,1678,2249,1678,2323,1559,2323
1680,2249,1701,2249,1701,2323,1680,2323
1709,2249,1843,2249,1843,2323,1709,2323
2322,2320,2324,2244,2339,2244,2337,2320
2337,2330,2338,2295,2353,2295,2352,2330
2338,2288,2338,2272,2352,2272,2352,2288
2338,2263,2338,2260,2352,2260,2352,2263
2339,2251,2339,2238,2353,2238,2353,2251
2405,2319,2405,2261,2434,2261,2434,2319
2729,2292,2729,2284,2760,2284,2760,2292
1171,2292,1203,2292,1203,2313,1171,2313
1211,2292,1216,2292,1216,2313,1211,2313
1227,2292,1232,2292,1232,2313,1227,2313
1244,2292,1249,2292,1249,2313,1244,2313
2509,2274,2627,2278,2626,2313,2508,2309
2257,2320,2257,2324,2240,2324,2240,2320
2729,2337,2729,2329,2760,2329,2760,2337
2256,2359,2256,2363,2239,2363,2239,2359
1175,2366,1178,2366,1178,2380,1175,2380
1196,2366,1199,2366,1199,2380,1196,2380
1217,2366,1220,2366,1220,2380,1217,2380
1241,2366,1244,2366,1244,2380,1241,2380
2729,2385,2729,2377,2760,2377,2760,2385
1228,2371,1287,2379,1281,2427,1221,2419
1284,2379,1297,2381,1290,2427,1277,2426
2256,2399,2256,2403,2239,2403,2239,2399
2507,2413,2516,2413,2514,2447,2505,2447
2537,2414,2606,2418,2604,2453,2535,2449
2256,2438,2256,2442,2239,2442,2239,2438
1639,2412,1650,2412,1649,2452,1638,2452
1672,2413,1735,2415,1733,2455,1671,2453
1515,2463,1526,2463,1526,2502,1515,2502
1567,2463,1578,2463,1578,2502,1567,2502
1628,2463,1685,2463,1685,2502,1628,2502
1687,2463,1698,2463,1698,2502,1687,2502
1700,2463,1736,2463,1736,2502,1700,2502
2729,2475,2729,2467,2760,2467,2760,2475
1296,2469,1304,2469,1304,2498,1296,2498
1350,2469,1358,2469,1358,2498,1350,2498
1404,2469,1412,2469,1412,2498,1404,2498
1458,2469,1466,2469,1466,2498,1458,2498
3682,2458,3739,2458,3739,2489,3682,2489
3754,2458,3788,2458,3788,2489,3754,2489
3802,2458,3912,2458,3912,2489,3802,2489
3927,2458,3961,2458,3961,2489,3927,2489
3975,2458,4111,2458,4111,2489,3975,2489
4117,2458,4185,2458,4185,2489,4117,2489
4196,2458,4204,2458,4204,2489,4196,2489
4203,2458,4211,2458,4211,2489,4203,2489
4209,2458,4342,2458,4342,2489,4209,2489
2256,2480,2256,2484,2239,2484,2239,2480
2271,2510,2271,2478,2288,2478,2288,2510
2533,2463,2543,2463,2543,2499,2533,2499
2555,2463,2565,2463,2565,2499,2555,2499
2568,2463,2601,2463,2601,2499,2568,2499
2729,2523,2729,2515,2760,2515,2760,2523
1174,2515,1177,2515,1177,2530,1174,2530
1197,2515,1200,2515,1200,2530,1197,2530
1219,2515,1222,2515,1222,2530,1219,2530
1240,2515,1243,2515,1243,2530,1240,2530
1262,2515,1265,2515,1265,2530,1262,2530
2256,2519,2256,2523,2239,2523,2239,2519
2255,2559,2255,2563,2238,2563,2238,2559
2729,2567,2729,2559,2760,2559,2760,2567
4246,2580,4258,2581,4257,2589,4245,2588
2729,2612,2729,2604,2760,2604,2760,2612
1297,2629,1297,2632,1282,2632,1282,2629
4167,2619,4171,2619,4171,2665,4167,2665
1297,2651,1297,2654,1282,2654,1282,2651
2729,2660,2729,2652,2760,2652,2760,2660
1692,2647,1747,2647,1747,2674,1692,2674
2793,2666,2793,2689,2776,2689,2776,2666
1297,2695,1297,2698,1282,2698,1282,2695
4138,2592,4139,2805,4133,2805,4132,2592
4148,2586,4148,2805,4141,2805,4141,2586
4157,2585,4157,2793,4149,2793,4149,2585
2729,2705,2729,2697,2760,2697,2760,2705
4237,2698,4282,2701,4280,2737,4235,2734
1297,2717,1297,2720,1282,2720,1282,2717
4314,2727,4324,2728,4324,2737,4314,2736
1297,2739,1297,2742,1282,2742,1282,2739
4306,2737,4312,2737,4312,2743,4306,2743
4313,2737,4314,2737,4314,2743,4313,2743
4316,2737,4321,2737,4321,2743,4316,2743
4324,2737,4334,2737,4334,2743,4324,2743
2502,2730,2563,2732,2562,2764,2501,2762
2569,2732,2577,2732,2576,2763,2568,2763
2580,2733,2629,2734,2628,2765,2579,2764
2729,2750,2729,2742,2760,2742,2760,2750
4192,2675,4183,2846,4140,2843,4149,2673
4149,2797,4151,2797,4151,2808,4149,2808
4188,2806,4193,2806,4193,2813,4188,2813
4195,2806,4196,2806,4196,2813,4195,2813
4196,2806,4202,2806,4202,2813,4196,2813
4205,2806,4215,2806,4215,2813,4205,2813
4307,2864,4319,2863,4319,2873,4307,2874
4300,2874,4306,2874,4306,2881,4300,2881
4308,2874,4309,2874,4309,2881,4308,2881
4310,2874,4315,2874,4315,2882,4310,2882
4318,2875,4328,2875,4328,2882,4318,2882
4129,2948,4127,2884,4136,2884,4138,2948
4362,2924,4363,2969,4355,2969,4354,2924
4372,2943,4372,2998,4364,2998,4364,2943
4022,2995,4068,2994,4068,2999,4022,3000
4076,3000,4163,2996,4163,3005,4076,3009
4015,3010,4075,3010,4075,3017,4015,3017
4128,3012,4131,3012,4130,3026,4127,3026
4175,3030,4181,3030,4181,3037,4175,3037
4183,3030,4184,3030,4184,3037,4183,3037
4185,3030,4190,3030,4190,3037,4185,3037
4193,3030,4201,3030,4201,3037,4193,3037
4353,3027,4363,3026,4364,3038,4354,3039
4347,3040,4352,3040,4352,3048,4347,3048
4354,3040,4355,3040,4355,3048,4354,3048
4358,3039,4361,3039,4361,3048,4358,3048
4364,3039,4374,3039,4374,3047,4364,3047
2344,3092,2344,3087,2364,3086,2364,3091
2394,3079,2397,3079,2397,3094,2394,3094
2434,3080,2437,3080,2437,3095,2434,3095
2474,3080,2477,3080,2477,3095,2474,3095
2514,3080,2517,3080,2517,3095,2514,3095
2554,3081,2557,3081,2557,3096,2554,3096
4253,3080,4255,3080,4256,3091,4254,3091
4070,3119,4076,3119,4076,3128,4070,3128
4076,3119,4078,3119,4078,3128,4076,3128
4079,3119,4085,3119,4085,3128,4079,3128
4087,3119,4097,3119,4097,3128,4087,3128
4393,3121,4406,3121,4406,3127,4393,3127
2353,3122,2359,3122,2360,3146,2354,3146
143,3124,173,3124,173,3157,143,3157
2396,3121,2402,3121,2403,3145,2397,3145
247,3124,256,3124,256,3157,247,3157
260,3124,269,3124,269,3157,260,3157
270,3124,279,3124,279,3157,270,3157
2436,3120,2442,3120,2443,3144,2437,3144
2476,3119,2482,3119,2483,3143,2477,3143
2598,3116,2604,3116,2605,3140,2599,3140
2516,3118,2522,3118,2523,3142,2517,3142
4391,3129,4405,3128,4406,3137,4392,3138
2556,3117,2562,3117,2563,3141,2557,3141
4386,3139,4392,3139,4392,3146,4386,3146
4393,3139,4394,3139,4394,3146,4393,3146
4396,3139,4401,3139,4401,3146,4396,3146
4404,3139,4414,3139,4414,3146,4404,3146
1866,3180,1962,3183,1961,3218,1865,3215
1975,3183,2095,3186,2094,3221,1974,3218
2167,3159,2245,3159,2245,3188,2167,3188
2147,3188,2270,3192,2269,3227,2146,3223
4025,3173,4210,3173,4210,3180,4025,3180
4201,3180,4416,3179,4416,3188,4201,3189
4026,3189,4124,3188,4124,3197,4026,3198
4149,3189,4167,3189,4167,3197,4149,3197
4154,3190,4156,3190,4156,3197,4154,3197
4216,3190,4219,3190,4219,3197,4216,3197
4240,3190,4427,3191,4427,3199,4240,3198
2397,3193,2460,3193,2460,3217,2397,3217
2469,3193,2560,3193,2560,3217,2469,3217
2740,3192,2835,3192,2835,3221,2740,3221
3003,3190,3070,3190,3070,3223,3003,3223
3073,3190,3082,3190,3082,3223,3073,3223
3084,3190,3167,3190,3167,3223,3084,3223
3345,3173,3436,3173,3436,3204,3345,3204
3269,3209,3373,3209,3373,3239,3269,3239
3384,3209,3450,3209,3450,3239,3384,3239
3457,3209,3500,3209,3500,3239,3457,3239
154,3274,160,3274,160,3297,154,3297
159,3274,232,3274,232,3297,159,3297
153,3303,192,3303,192,3325,153,3325
204,3303,291,3303,291,3325,204,3325
299,3303,399,3303,399,3325,299,3325
413,3303,459,3303,459,3325,413,3325
461,3303,623,3303,623,3325,461,3325
632,3303,637,3303,637,3325,632,3325
646,3303,706,3303,706,3325,646,3325
714,3303,752,3303,752,3325,714,3325
761,3303,852,3303,852,3325,761,3325
860,3303,906,3303,906,3325,860,3325
913,3303,1021,3303,1021,3325,913,3325
1031,3303,1080,3303,1080,3325,1031,3325
1090,3303,1102,3303,1102,3325,1090,3325
1116,3303,1192,3303,1192,3325,1116,3325
1200,3303,1238,3303,1238,3325,1200,3325
1247,3303,1317,3303,1317,3325,1247,3325
1325,3303,1345,3303,1345,3325,1325,3325
1357,3303,1376,3303,1376,3325,1357,3325
1389,3303,1409,3303,1409,3325,1389,3325
1423,3303,1494,3303,1494,3325,1423,3325
1493,3303,1498,3303,1498,3325,1493,3325
1505,3303,1547,3303,1547,3325,1505,3325
1551,3303,1694,3303,1694,3325,1551,3325
1704,3303,1750,3303,1750,3325,1704,3325
1757,3303,1888,3303,1888,3325,1757,3325
1900,3303,1905,3303,1905,3325,1900,3325
1909,3303,1914,3303,1914,3325,1909,3325
1916,3303,1952,3303,1952,3325,1916,3325
1964,3303,2068,3303,2068,3325,1964,3325
2079,3303,2084,3303,2084,3325,2079,3325
2100,3303,2121,3303,2121,3325,2100,3325
2130,3303,2171,3303,2171,3325,2130,3325
2185,3303,2206,3303,2206,3325,2185,3325
2219,3303,2295,3303,2295,3325,2219,3325
2308,3303,2332,3303,2332,3325,2308,3325
2343,3303,2348,3303,2348,3325,2343,3325
2348,3303,2353,3303,2353,3325,2348,3325
2353,3303,2411,3303,2411,3325,2353,3325
2422,3303,2527,3303,2527,3325,2422,3325
2527,3303,2532,3303,2532,3325,2527,3325
2541,3303,2578,3303,2578,3325,2541,3325
2586,3303,2700,3303,2700,3325,2586,3325
2708,3303,2825,3303,2825,3325,2708,3325
2826,3303,2831,3303,2831,3325,2826,3325
2838,3303,2999,3303,2999,3325,2838,3325
3008,3303,3028,3303,3028,3325,3008,3325
3040,3303,3202,3303,3202,3325,3040,3325
3204,3303,3209,3303,3209,3325,3204,3325
3217,3303,3260,3303,3260,3325,3217,3325
3264,3303,3284,3303,3284,3325,3264,3325
3298,3303,3318,3303,3318,3325,3298,3325
3329,3303,3364,3303,3364,3325,3329,3325
3370,3303,3467,3303,3467,3325,3370,3325
3474,3303,3505,3303,3505,3325,3474,3325
156,3330,278,3330,278,3355,156,3355
286,3330,339,3330,339,3355,286,3355
342,3330,348,3330,348,3355,342,3355
354,3330,386,3330,386,3355,354,3355
392,3330,474,3330,474,3355,392,3355
485,3330,521,3330,521,3355,485,3355
533,3330,589,3330,589,3355,533,3355
600,3330,636,3330,636,3355,600,3355
646,3330,675,3330,675,3355,646,3355
685,3330,818,3330,818,3355,685,3355
823,3330,829,3330,829,3355,823,3355
836,3330,875,3330,875,3355,836,3355
882,3330,994,3330,994,3355,882,3355
1005,3330,1028,3330,1028,3355,1005,3355
1036,3330,1103,3330,1103,3355,1036,3355
1106,3330,1112,3330,1112,3355,1106,3355
1125,3330,1195,3330,1195,3355,1125,3355
1197,3330,1203,3330,1203,3355,1197,3355
1210,3330,1252,3330,1252,3355,1210,3355
1264,3330,1353,3330,1353,3355,1264,3355
1363,3330,1411,3330,1411,3355,1363,3355
1419,3330,1455,3330,1455,3355,1419,3355
1465,3330,1471,3330,1471,3355,1465,3355
1470,3330,1476,3330,1476,3355,1470,3355
1476,3330,1624,3330,1624,3355,1476,3355
1629,3330,1665,3330,1665,3355,1629,3355
1676,3330,1809,3330,1809,3355,1676,3355
1823,3330,1869,3330,1869,3355,1823,3355
1874,3330,1943,3330,1943,3355,1874,3355
1954,3330,1960,3330,1960,3355,1954,3355
1972,3330,2010,3330,2010,3355,1972,3355
2019,3330,2103,3330,2103,3355,2019,3355
2102,3330,2108,3330,2108,3355,2102,3355
2115,3330,2129,3330,2129,3355,2115,3355
2141,3330,2218,3330,2218,3355,2141,3355
2224,3330,2230,3330,2230,3355,2224,3355
2237,3330,2243,3330,2243,3355,2237,3355
2242,3330,2248,3330,2248,3355,2242,3355
2249,3330,2393,3330,2393,3355,2249,3355
2399,3330,2422,3330,2422,3355,2399,3355
2427,3330,2456,3330,2456,3355,2427,3355
2465,3330,2587,3330,2587,3355,2465,3355
2594,3330,2630,3330,2630,3355,2594,3355
2642,3330,2766,3330,2766,3355,2642,3355
2780,3330,2825,3330,2825,3355,2780,3355
2832,3330,2963,3330,2963,3355,2832,3355
2973,3330,2979,3330,2979,3355,2973,3355
2983,3330,2989,3330,2989,3355,2983,3355
2990,3330,3027,3330,3027,3355,2990,3355
3033,3330,3126,3330,3126,3355,3033,3355
3664,3282,3746,3282,3746,3340,3664,3340
3760,3282,3776,3282,3776,3340,3760,3340
3796,3282,3829,3282,3829,3340,3796,3340
3831,3282,3847,3282,3847,3340,3831,3340
3859,3282,3902,3282,3902,3340,3859,3340
3907,3282,3923,3282,3923,3340,3907,3340
3913,3282,3977,3282,3977,3340,3913,3340
3972,3282,3988,3282,3988,3340,3972,3340
3989,3282,4090,3282,4090,3340,3989,3340
4276,3294,4387,3294,4387,3328,4276,3328
4405,3294,4414,3294,4414,3328,4405,3328
