4014,166,4297,166,4297,228,4014,228
4021,224,4295,224,4295,287,4021,287
4106,372,4112,372,4112,397,4106,397
4121,372,4153,372,4153,397,4121,397
4163,372,4186,372,4186,397,4163,397
4197,372,4242,372,4242,397,4197,397
4256,372,4262,372,4262,397,4256,397
4275,372,4361,372,4361,397,4275,397
4131,405,4192,405,4192,428,4131,428
4205,405,4257,405,4257,428,4205,428
4263,405,4321,405,4321,428,4263,428
302,492,540,323,589,392,351,561
4146,477,4304,477,4304,551,4146,551
3965,588,4040,588,4040,628,3965,628
4055,588,4185,588,4185,628,4055,628
4205,588,4216,588,4216,628,4205,628
4224,588,4298,588,4298,628,4224,628
4312,588,4374,588,4374,628,4312,628
4390,588,4497,588,4497,628,4390,628
4118,632,4222,632,4222,675,4118,675
4242,632,4352,632,4352,675,4242,675
3958,692,4029,692,4029,730,3958,730
4039,692,4087,692,4087,730,4039,730
4095,692,4105,692,4105,730,4095,730
4260,689,4348,689,4348,729,4260,729
4361,689,4372,689,4372,729,4361,729
3955,744,4036,744,4036,787,3955,787
3651,694,3835,694,3835,725,3651,725
3849,694,3857,694,3857,725,3849,725
4547,687,4676,690,4675,731,4546,728
4695,691,4706,691,4705,731,4694,731
4547,746,4583,746,4583,784,4547,784
4597,746,4717,746,4717,784,4597,784
4253,740,4289,743,4286,784,4250,781
4105,846,4357,850,4356,892,4104,888
3802,936,3898,936,3898,958,3802,958
4575,939,4582,939,4582,966,4575,966
4586,939,4593,939,4593,966,4586,966
4596,939,4616,939,4616,966,4596,966
4623,939,4663,939,4663,966,4623,966
3082,960,3081,976,3023,972,3024,956
2201,966,2204,966,2204,977,2201,977
2244,966,2247,966,2247,977,2244,977
2265,966,2267,966,2267,977,2265,977
2270,966,2272,966,2272,977,2270,977
2274,966,2276,966,2276,977,2274,977
2279,966,2281,966,2281,977,2279,977
778,1008,778,1012,761,1012,761,1008
2288,1002,2308,1002,2308,1015,2288,1015
497,1006,538,1006,538,1030,497,1030
1506,994,1553,987,1560,1034,1513,1041
1510,1008,1557,1008,1557,1027,1510,1027
2762,1003,2768,1003,2766,1026,2760,1026
2791,1005,2837,1008,2835,1032,2789,1029
3805,999,3899,998,3899,1021,3805,1022
3912,998,3917,998,3917,1020,3912,1020
3932,998,4023,997,4023,1020,3932,1021
4568,1001,4589,1001,4589,1029,4568,1029
4593,1001,4600,1001,4600,1029,4593,1029
4603,1001,4624,1001,4624,1029,4603,1029
4632,1001,4668,1001,4668,1029,4632,1029
777,1068,777,1072,760,1072,760,1068
3804,1055,3922,1055,3922,1084,3804,1084
3935,1055,3943,1055,3943,1084,3935,1084
4571,1061,4590,1061,4590,1088,4571,1088
4593,1061,4600,1061,4600,1088,4593,1088
4600,1061,4625,1061,4625,1088,4600,1088
4630,1061,4671,1061,4671,1088,4630,1088
751,1087,751,1112,736,1112,736,1087
777,1102,777,1106,760,1106,760,1102
2230,1076,2348,1069,2350,1105,2232,1112
3077,1037,3076,1053,3018,1049,3019,1033
3073,1084,3072,1100,3014,1096,3015,1080
3070,1130,3069,1146,3011,1142,3012,1126
3066,1172,3065,1188,3007,1184,3008,1168
3381,1095,3380,1100,3361,1096,3362,1091
3380,1101,3379,1106,3360,1102,3361,1097
3378,1107,3377,1112,3358,1108,3359,1103
3376,1116,3375,1121,3356,1117,3357,1112
3805,1117,3922,1117,3922,1144,3805,1144
3933,1117,3940,1117,3940,1144,3933,1144
4576,1117,4584,1117,4584,1146,4576,1146
4588,1117,4596,1117,4596,1146,4588,1146
4596,1117,4617,1117,4617,1146,4596,1146
4626,1117,4663,1117,4663,1146,4626,1146
777,1134,777,1138,760,1138,760,1134
2210,1146,2219,1147,2216,1182,2207,1181
2231,1148,2240,1149,2237,1184,2228,1183
2256,1150,2282,1152,2279,1188,2253,1186
777,1169,777,1173,760,1173,760,1169
1896,1227,1897,1216,1936,1218,1936,1229
1898,1186,1899,1175,1938,1177,1938,1188
3805,1173,3922,1173,3922,1200,3805,1200
3933,1173,3940,1173,3940,1200,3933,1200
4572,1173,4586,1173,4586,1200,4572,1200
4593,1173,4600,1173,4600,1200,4593,1200
4602,1173,4621,1173,4621,1200,4602,1200
4631,1173,4667,1173,4667,1200,4631,1200
776,1201,776,1205,759,1205,759,1201
2213,1182,2244,1183,2243,1198,2213,1197
2258,1184,2261,1184,2261,1199,2258,1199
2275,1184,2278,1184,2278,1199,2275,1199
2293,1185,2296,1185,2296,1200,2293,1200
2250,1202,2289,1202,2289,1216,2250,1216
2311,1202,2314,1202,2314,1216,2311,1216
2256,1218,2259,1218,2259,1233,2256,1233
2305,1218,2327,1218,2327,1233,2305,1233
463,1218,563,1222,562,1258,462,1254
3142,1205,3142,1250,3120,1250,3120,1205
776,1235,776,1239,759,1239,759,1235
2816,1234,2950,1234,2950,1274,2816,1274
2967,1234,2978,1234,2978,1274,2967,1274
3016,1268,3016,1258,3053,1258,3053,1268
3016,1224,3016,1214,3053,1214,3053,1224
3037,1234,3048,1234,3048,1274,3037,1274
3803,1230,3875,1228,3876,1258,3804,1260
3887,1229,3914,1228,3915,1257,3888,1258
3926,1228,3975,1227,3976,1256,3927,1257
4573,1235,4578,1235,4578,1256,4573,1256
4586,1235,4591,1235,4591,1256,4586,1256
4592,1235,4615,1235,4615,1256,4592,1256
4622,1235,4661,1235,4661,1256,4622,1256
776,1269,776,1273,759,1273,759,1269
452,1250,454,1298,433,1299,431,1251
694,1242,694,1272,681,1272,681,1242
694,1276,694,1290,681,1290,681,1276
694,1297,694,1300,681,1300,681,1297
694,1308,694,1317,681,1317,681,1308
708,1252,708,1314,694,1314,694,1252
3272,1276,3271,1295,3253,1294,3254,1275
3271,1302,3270,1314,3253,1313,3253,1301
3339,1277,3339,1280,3324,1280,3324,1277
3339,1291,3339,1294,3324,1294,3324,1291
3339,1299,3339,1302,3324,1302,3324,1299
973,1288,973,1330,941,1330,941,1288
776,1302,776,1306,759,1306,759,1302
3804,1286,3872,1286,3872,1317,3804,1317
3889,1286,3897,1286,3897,1317,3889,1317
3902,1286,3910,1286,3910,1317,3902,1317
3909,1286,3954,1286,3954,1317,3909,1317
2021,1310,2024,1310,2024,1324,2021,1324
4577,1287,4585,1287,4585,1318,4577,1318
4587,1287,4595,1287,4595,1318,4587,1318
4595,1287,4618,1287,4618,1318,4595,1318
4623,1287,4664,1287,4664,1318,4623,1318
2040,1310,2043,1310,2043,1324,2040,1324
2058,1310,2061,1310,2061,1324,2058,1324
2076,1310,2079,1310,2079,1324,2076,1324
2094,1310,2097,1310,2097,1324,2094,1324
2112,1310,2115,1310,2115,1324,2112,1324
2927,1302,2935,1302,2936,1331,2928,1331
2972,1300,2980,1300,2981,1329,2973,1329
2885,1304,2893,1304,2894,1333,2886,1333
1419,1308,1512,1308,1512,1351,1419,1351
1521,1308,1533,1308,1533,1351,1521,1351
1541,1308,1650,1308,1650,1351,1541,1351
2537,1321,2537,1327,2512,1327,2512,1321
775,1334,775,1338,758,1338,758,1334
2166,1388,2166,1358,2179,1358,2179,1388
3804,1347,3858,1347,3858,1378,3804,1378
4573,1349,4581,1349,4581,1378,4573,1378
4585,1349,4593,1349,4593,1378,4585,1378
4592,1349,4619,1349,4619,1378,4592,1378
4623,1349,4660,1349,4660,1378,4623,1378
2537,1365,2537,1371,2512,1371,2512,1365
775,1403,775,1407,758,1407,758,1403
2537,1412,2537,1418,2512,1418,2512,1412
501,1385,554,1385,554,1411,501,1411
498,1417,508,1417,508,1453,498,1453
512,1417,522,1417,522,1453,512,1453
526,1417,553,1417,553,1453,526,1453
1486,1384,1544,1384,1544,1421,1486,1421
1463,1422,1490,1422,1490,1458,1463,1458
1497,1422,1507,1422,1507,1458,1497,1458
1511,1422,1538,1422,1538,1458,1511,1458
2585,1450,2585,1424,2598,1424,2598,1450
775,1435,775,1439,758,1439,758,1435
774,1467,774,1471,757,1471,757,1467
1897,1457,1921,1456,1921,1466,1897,1467
3807,1436,3906,1436,3906,1479,3807,1479
3922,1436,4071,1436,4071,1479,3922,1479
4083,1436,4263,1436,4263,1479,4083,1479
4519,1437,4559,1437,4559,1481,4519,1481
4571,1437,4583,1437,4583,1481,4571,1481
4584,1437,4633,1437,4633,1481,4584,1481
4644,1437,4725,1437,4725,1481,4644,1481
750,1485,749,1503,732,1502,733,1484
749,1513,748,1535,731,1534,732,1512
774,1506,774,1546,757,1546,757,1506
3100,1524,3249,1521,3249,1541,3100,1544
3805,1537,3898,1537,3898,1568,3805,1568
4573,1534,4581,1534,4581,1566,4573,1566
4586,1534,4594,1534,4594,1566,4586,1566
4595,1534,4619,1534,4619,1566,4595,1566
4625,1534,4660,1534,4660,1566,4625,1566
725,1570,725,1589,710,1589,710,1570
2887,1563,2930,1563,2930,1588,2887,1588
313,1594,360,1598,358,1616,311,1612
2146,1631,2200,1631,2200,1658,2146,1658
2095,1635,2095,1682,2073,1682,2073,1635
2098,1636,2102,1686,2043,1690,2039,1640
2581,1692,2581,1687,2603,1686,2603,1691
2581,1680,2578,1618,2600,1617,2603,1679
3804,1628,3898,1628,3898,1660,3804,1660
3913,1628,4063,1628,4063,1660,3913,1660
4075,1628,4233,1628,4233,1660,4075,1660
4515,1622,4567,1622,4567,1680,4515,1680
4571,1622,4587,1622,4587,1680,4571,1680
4587,1622,4630,1622,4630,1680,4587,1680
4642,1622,4727,1622,4727,1680,4642,1680
1896,1670,1921,1670,1921,1683,1896,1683
3342,1658,3342,1664,3319,1664,3319,1658
3342,1673,3342,1679,3319,1679,3319,1673
3342,1680,3342,1686,3319,1686,3319,1680
2868,1693,3003,1693,3003,1732,2868,1732
3019,1693,3030,1693,3030,1732,3019,1732
3242,1718,3243,1724,3220,1726,3219,1720
1763,1620,1767,1890,1731,1891,1727,1621
2160,1735,2206,1730,2209,1759,2163,1764
2066,1764,2066,1786,2049,1786,2049,1764
2254,1781,2266,1780,2267,1788,2255,1790
3248,1786,3249,1792,3226,1794,3225,1788
3142,1784,3142,1829,3121,1829,3121,1784
1823,1816,1917,1816,1917,1837,1823,1837
2512,1803,2512,1850,2489,1850,2489,1803
3251,1819,3252,1825,3229,1827,3228,1821
3252,1829,3253,1846,3231,1848,3229,1831
3254,1849,3255,1855,3232,1857,3231,1851
3254,1853,3256,1876,3232,1878,3230,1855
1803,1852,1801,1900,1778,1899,1780,1851
3271,1854,3271,1857,3256,1857,3256,1854
3271,1860,3271,1863,3256,1863,3256,1860
3271,1866,3271,1869,3256,1869,3256,1866
3271,1878,3271,1881,3256,1881,3256,1878
3758,1893,3814,1893,3814,1910,3758,1910
3819,1892,3839,1892,3839,1909,3819,1909
3846,1892,3873,1892,3873,1909,3846,1909
3879,1892,3921,1892,3921,1909,3879,1909
3926,1892,3930,1892,3930,1909,3926,1909
3936,1891,3940,1891,3940,1908,3936,1908
3940,1891,3944,1891,3944,1908,3940,1908
3944,1891,3960,1891,3960,1908,3944,1908
3966,1891,3978,1891,3978,1908,3966,1908
3983,1891,3997,1891,3997,1908,3983,1908
4101,1883,4121,1883,4121,1913,4101,1913
4150,1891,4152,1891,4152,1902,4150,1902
4158,1891,4180,1891,4180,1902,4158,1902
4183,1891,4195,1891,4195,1902,4183,1902
4201,1891,4236,1891,4236,1902,4201,1902
4239,1891,4255,1891,4255,1902,4239,1902
4261,1891,4263,1891,4263,1902,4261,1902
4271,1891,4273,1891,4273,1902,4271,1902
4275,1891,4277,1891,4277,1902,4275,1902
4278,1891,4294,1891,4294,1902,4278,1902
4302,1891,4312,1891,4312,1902,4302,1902
4317,1891,4330,1891,4330,1902,4317,1902
4538,1892,4594,1892,4594,1903,4538,1903
1838,1935,1878,1935,1878,1956,1838,1956
3759,1934,3813,1934,3813,1947,3759,1947
3817,1934,3846,1934,3846,1947,3817,1947
3852,1934,3893,1934,3893,1947,3852,1947
3898,1934,3901,1934,3901,1947,3898,1947
3908,1934,3911,1934,3911,1947,3908,1947
3912,1934,3915,1934,3915,1947,3912,1947
3916,1934,3930,1934,3930,1947,3916,1947
3940,1934,3949,1934,3949,1947,3940,1947
3955,1934,3968,1934,3968,1947,3955,1947
4150,1931,4152,1931,4152,1941,4150,1941
4158,1931,4178,1931,4178,1941,4158,1941
4183,1931,4195,1931,4195,1941,4183,1941
4199,1931,4234,1931,4234,1941,4199,1941
4241,1931,4255,1931,4255,1941,4241,1941
4261,1931,4263,1931,4263,1941,4261,1941
4271,1931,4273,1931,4273,1941,4271,1941
4275,1931,4277,1931,4277,1941,4275,1941
4279,1931,4294,1931,4294,1941,4279,1941
4302,1931,4312,1931,4312,1941,4302,1941
4317,1931,4330,1931,4330,1941,4317,1941
4334,1931,4336,1931,4336,1941,4334,1941
4149,1943,4151,1943,4151,1954,4149,1954
4154,1943,4156,1943,4156,1954,4154,1954
4157,1943,4173,1943,4173,1954,4157,1954
4181,1943,4203,1943,4203,1954,4181,1954
4207,1943,4219,1943,4219,1954,4207,1954
4224,1943,4261,1943,4261,1954,4224,1954
4539,1934,4569,1934,4569,1946,4539,1946
4575,1934,4597,1934,4597,1946,4575,1946
2238,1936,2286,1936,2286,1957,2238,1957
2217,1966,2243,1966,2243,1979,2217,1979
2276,1937,2287,1937,2286,1978,2275,1978
2292,1938,2308,1938,2307,1979,2291,1979
2359,1939,2399,1940,2398,1982,2358,1981
2300,1993,2352,1994,2351,2035,2299,2034
3675,1912,3675,1890,3706,1890,3706,1912
3675,1954,3675,1931,3706,1931,3706,1954
3675,2000,3675,1972,3706,1972,3706,2000
3675,2039,3675,2031,3706,2031,3706,2039
3758,1978,3812,1978,3812,1990,3758,1990
3818,1978,3837,1978,3837,1990,3818,1990
3844,1978,3873,1978,3873,1990,3844,1990
3879,1978,3920,1978,3920,1990,3879,1990
3927,1978,3929,1978,3929,1990,3927,1990
3937,1978,3939,1978,3939,1990,3937,1990
3941,1978,3943,1978,3943,1990,3941,1990
3944,1978,3960,1978,3960,1990,3944,1990
3967,1978,3978,1978,3978,1990,3967,1990
3983,1978,3997,1978,3997,1990,3983,1990
4148,1983,4170,1983,4170,1994,4148,1994
4176,1983,4186,1983,4186,1994,4176,1994
4191,1983,4226,1983,4226,1994,4191,1994
4231,1983,4266,1983,4266,1994,4231,1994
4537,1984,4577,1984,4577,1997,4537,1997
4584,1984,4587,1984,4587,1997,4584,1997
4592,1984,4626,1984,4626,1997,4592,1997
4631,1984,4651,1984,4651,1997,4631,1997
2230,1992,2241,1992,2240,2032,2229,2032
3758,2018,3812,2018,3812,2030,3758,2030
3816,2018,3838,2018,3838,2030,3816,2030
3844,2018,3853,2018,3853,2030,3844,2030
3859,2018,3867,2018,3867,2030,3859,2030
3871,2018,3894,2018,3894,2030,3871,2030
3900,2018,3902,2018,3902,2030,3900,2030
3910,2018,3912,2018,3912,2030,3910,2030
3914,2018,3916,2018,3916,2030,3914,2030
3917,2018,3933,2018,3933,2030,3917,2030
3940,2018,3951,2018,3951,2030,3940,2030
3956,2018,3970,2018,3970,2030,3956,2030
4147,2018,4171,2018,4171,2031,4147,2031
4177,2018,4187,2018,4187,2031,4177,2031
4189,2018,4192,2018,4192,2031,4189,2031
4192,2018,4204,2018,4204,2031,4192,2031
4207,2018,4210,2018,4210,2031,4207,2031
4212,2018,4229,2018,4229,2031,4212,2031
4235,2018,4238,2018,4238,2031,4235,2031
4243,2018,4246,2018,4246,2031,4243,2031
4249,2018,4252,2018,4252,2031,4249,2031
4253,2018,4267,2018,4267,2031,4253,2031
4276,2018,4285,2018,4285,2031,4276,2031
4293,2018,4306,2018,4306,2031,4293,2031
4538,2027,4565,2027,4565,2037,4538,2037
4567,2027,4619,2027,4619,2037,4567,2037
3198,2036,3241,2036,3241,2059,3198,2059
3134,2056,3229,2056,3229,2090,3134,2090
3758,2062,3812,2062,3812,2075,3758,2075
3817,2062,3838,2062,3838,2075,3817,2075
3844,2062,3853,2062,3853,2075,3844,2075
3858,2062,3919,2062,3919,2075,3858,2075
3926,2062,3940,2062,3940,2075,3926,2075
3946,2062,3986,2062,3986,2075,3946,2075
4149,2061,4170,2061,4170,2073,4149,2073
4175,2061,4197,2061,4197,2073,4175,2073
4205,2061,4207,2061,4207,2073,4205,2073
4213,2061,4215,2061,4215,2073,4213,2073
4218,2061,4220,2061,4220,2073,4218,2073
4221,2061,4236,2061,4236,2073,4221,2073
4246,2061,4254,2061,4254,2073,4246,2073
4263,2061,4274,2061,4274,2073,4263,2073
4537,2064,4592,2064,4592,2078,4537,2078
4597,2064,4638,2064,4638,2078,4597,2078
4642,2064,4659,2064,4659,2078,4642,2078
4663,2064,4707,2064,4707,2078,4663,2078
4711,2064,4721,2064,4721,2078,4711,2078
4727,2064,4769,2064,4769,2078,4727,2078
2575,2106,2575,2102,2593,2101,2593,2105
3757,2102,3806,2102,3806,2115,3757,2115
3810,2102,3813,2102,3813,2115,3810,2115
3814,2102,3834,2102,3834,2115,3814,2115
3839,2102,3866,2102,3866,2115,3839,2115
3873,2102,3892,2102,3892,2115,3873,2115
3898,2102,3920,2102,3920,2115,3898,2115
3924,2102,3937,2102,3937,2115,3924,2115
3941,2102,3987,2102,3987,2115,3941,2115
3990,2102,3993,2102,3993,2115,3990,2115
3758,2115,3810,2115,3810,2126,3758,2126
3814,2115,3828,2115,3828,2126,3814,2126
3833,2115,3855,2115,3855,2126,3833,2126
4147,2108,4171,2108,4171,2121,4147,2121
4175,2108,4199,2108,4199,2121,4175,2121
4204,2108,4207,2108,4207,2121,4204,2121
4214,2108,4217,2108,4217,2121,4214,2121
4218,2108,4221,2108,4221,2121,4218,2121
4222,2108,4236,2108,4236,2121,4222,2121
4246,2108,4255,2108,4255,2121,4246,2121
4262,2108,4274,2108,4274,2121,4262,2121
4538,2104,4557,2104,4557,2118,4538,2118
4562,2104,4610,2104,4610,2118,4562,2118
4614,2104,4617,2104,4617,2118,4614,2118
4618,2104,4621,2104,4621,2118,4618,2118
4621,2104,4665,2104,4665,2118,4621,2118
4670,2104,4680,2104,4680,2118,4670,2118
4684,2104,4723,2104,4723,2118,4684,2118
2576,2130,2576,2126,2594,2125,2594,2129
3341,2140,3341,2144,3323,2144,3323,2140
3341,2156,3341,2160,3323,2160,3323,2156
3341,2163,3341,2167,3323,2167,3323,2163
2578,2162,2578,2158,2596,2157,2596,2161
3271,2139,3271,2156,3253,2156,3253,2139
3271,2165,3271,2179,3253,2179,3253,2165
4148,2144,4171,2144,4171,2157,4148,2157
4174,2144,4186,2144,4186,2157,4174,2157
4190,2144,4227,2144,4227,2157,4190,2157
4232,2144,4247,2144,4247,2157,4232,2157
4253,2144,4302,2144,4302,2157,4253,2157
4307,2144,4330,2144,4330,2157,4307,2157
3757,2150,3796,2150,3796,2163,3757,2163
3800,2150,3812,2150,3812,2163,3800,2163
3817,2150,3846,2150,3846,2163,3817,2163
3850,2150,3856,2150,3856,2163,3850,2163
4538,2151,4573,2151,4573,2163,4538,2163
4578,2151,4622,2151,4622,2163,4578,2163
4148,2184,4171,2184,4171,2197,4148,2197
4174,2184,4186,2184,4186,2197,4174,2197
4190,2184,4227,2184,4227,2197,4190,2197
4232,2184,4247,2184,4247,2197,4232,2197
4253,2184,4302,2184,4302,2197,4253,2197
4308,2184,4328,2184,4328,2197,4308,2197
4335,2184,4374,2184,4374,2197,4335,2197
3757,2192,3780,2192,3780,2206,3757,2206
3785,2192,3823,2192,3823,2206,3785,2206
4534,2189,4580,2189,4580,2201,4534,2201
4585,2189,4631,2189,4631,2201,4585,2201
4635,2189,4687,2189,4687,2201,4635,2201
4690,2189,4702,2189,4702,2201,4690,2201
4706,2189,4733,2189,4733,2201,4706,2201
4535,2203,4606,2203,4606,2214,4535,2214
4148,2225,4171,2225,4171,2238,4148,2238
4174,2225,4186,2225,4186,2238,4174,2238
4190,2225,4227,2225,4227,2238,4190,2238
4232,2225,4247,2225,4247,2238,4232,2238
4253,2225,4302,2225,4302,2238,4253,2238
4308,2225,4328,2225,4328,2238,4308,2238
4336,2225,4358,2225,4358,2238,4336,2238
3757,2234,3790,2234,3790,2247,3757,2247
3793,2234,3829,2234,3829,2247,3793,2247
3833,2234,3842,2234,3842,2247,3833,2247
3849,2234,3888,2234,3888,2247,3849,2247
4467,2229,4487,2229,4487,2241,4467,2241
4537,2234,4566,2234,4566,2248,4537,2248
4571,2234,4611,2234,4611,2248,4571,2248
4617,2234,4661,2234,4661,2248,4617,2248
4148,2271,4172,2271,4172,2286,4148,2286
4177,2271,4193,2271,4193,2286,4177,2286
4198,2271,4229,2271,4229,2286,4198,2286
4234,2271,4245,2271,4245,2286,4234,2286
4249,2271,4284,2271,4284,2286,4249,2286
3757,2282,3790,2282,3790,2295,3757,2295
3793,2282,3829,2282,3829,2295,3793,2295
3833,2282,3845,2282,3845,2295,3833,2295
3849,2282,3882,2282,3882,2295,3849,2295
4091,2273,4104,2273,4104,2290,4091,2290
4439,2276,4482,2276,4482,2295,4439,2295
4519,2276,4524,2276,4524,2295,4519,2295
4538,2276,4585,2276,4585,2295,4538,2295
2829,2280,2963,2280,2963,2312,2829,2312
2983,2280,2991,2280,2991,2312,2983,2312
2507,2275,2507,2302,2488,2302,2488,2275
2507,2318,2507,2323,2488,2323,2488,2318
2507,2336,2507,2366,2488,2366,2488,2336
4108,2315,4134,2315,4134,2322,4108,2322
3758,2325,3803,2325,3803,2336,3758,2336
3808,2325,3830,2325,3830,2336,3808,2336
3834,2325,3859,2325,3859,2336,3834,2336
3864,2325,3919,2325,3919,2336,3864,2336
4148,2325,4163,2325,4163,2338,4148,2338
4172,2325,4181,2325,4181,2338,4172,2338
4189,2325,4218,2325,4218,2338,4189,2338
4223,2325,4243,2325,4243,2338,4223,2338
4247,2325,4313,2325,4313,2338,4247,2338
4316,2325,4338,2325,4338,2338,4316,2338
4343,2325,4353,2325,4353,2338,4343,2338
4358,2325,4400,2325,4400,2338,4358,2338
3143,2335,3140,2383,3118,2382,3121,2334
3759,2366,3781,2366,3781,2379,3759,2379
3786,2366,3795,2366,3795,2379,3786,2379
3802,2366,3837,2366,3837,2379,3802,2379
3841,2366,3856,2366,3856,2379,3841,2379
3862,2366,3865,2366,3865,2379,3862,2379
3870,2366,3873,2366,3873,2379,3870,2379
3876,2366,3879,2366,3879,2379,3876,2379
3879,2366,3895,2366,3895,2379,3879,2379
3903,2366,3912,2366,3912,2379,3903,2379
3919,2366,3932,2366,3932,2379,3919,2379
4148,2365,4162,2365,4162,2377,4148,2377
4170,2365,4191,2365,4191,2377,4170,2377
4197,2365,4262,2365,4262,2377,4197,2377
4265,2365,4302,2365,4302,2377,4265,2377
4307,2365,4334,2365,4334,2377,4307,2377
4341,2365,4346,2365,4346,2377,4341,2377
3475,2415,3480,2411,3495,2430,3490,2433
3450,2436,3455,2432,3470,2451,3465,2454
3266,2396,3262,2547,3242,2546,3246,2396
3380,2466,3380,2470,3363,2470,3363,2466
3380,2473,3380,2477,3363,2477,3363,2473
3380,2478,3380,2482,3363,2482,3363,2478
3380,2487,3380,2491,3363,2491,3363,2487
3425,2456,3430,2452,3445,2471,3440,2474
3682,2458,3738,2458,3738,2490,3682,2490
3753,2458,3789,2458,3789,2490,3753,2490
3802,2458,3913,2458,3913,2490,3802,2490
3930,2458,3959,2458,3959,2490,3930,2490
3975,2458,4112,2458,4112,2490,3975,2490
4117,2458,4185,2458,4185,2490,4117,2490
4196,2458,4204,2458,4204,2490,4196,2490
4203,2458,4211,2458,4211,2490,4203,2490
4209,2458,4343,2458,4343,2490,4209,2490
2043,2488,2047,2488,2047,2506,2043,2506
2054,2488,2058,2488,2058,2506,2054,2506
2062,2488,2066,2488,2066,2506,2062,2506
2088,2488,2092,2488,2092,2506,2088,2506
2096,2488,2100,2488,2100,2506,2096,2506
3400,2478,3405,2474,3420,2493,3415,2496
2885,2511,2930,2509,2931,2532,2886,2534
2889,2496,2932,2496,2932,2547,2889,2547
2263,2539,2264,2529,2275,2530,2274,2540
4393,2579,4414,2579,4414,2589,4393,2589
4393,2592,4407,2587,4411,2597,4397,2602
4383,2606,4391,2606,4391,2616,4383,2616
4394,2606,4396,2606,4396,2616,4394,2616
4397,2606,4405,2606,4405,2616,4397,2616
4409,2606,4424,2606,4424,2616,4409,2616
4244,2738,4265,2739,4265,2750,4244,2749
4245,2747,4261,2747,4261,2761,4245,2761
4233,2765,4242,2765,4242,2775,4233,2775
4244,2765,4246,2765,4246,2775,4244,2775
4247,2765,4255,2765,4255,2775,4247,2775
4260,2765,4275,2765,4275,2775,4260,2775
4436,2821,4436,2820,4444,2824,4443,2824
4432,2831,4442,2831,4442,2842,4432,2842
4444,2831,4446,2831,4446,2842,4444,2842
4446,2831,4454,2831,4454,2842,4446,2842
4458,2831,4474,2831,4474,2842,4458,2842
4554,2718,4564,2983,4495,2985,4485,2721
4163,2943,4184,2943,4184,2953,4163,2953
4166,2953,4182,2953,4182,2967,4166,2967
4155,2968,4165,2968,4165,2980,4155,2980
4166,2968,4168,2968,4168,2980,4166,2980
4169,2968,4177,2968,4177,2980,4169,2980
4181,2968,4196,2968,4196,2980,4181,2980
3924,3014,3945,3014,3945,3024,3924,3024
3927,3022,3943,3022,3943,3037,3927,3037
3916,3041,3926,3041,3926,3052,3916,3052
3928,3041,3930,3041,3930,3052,3928,3052
3930,3041,3938,3041,3938,3052,3930,3052
3942,3041,3958,3041,3958,3052,3942,3052
4452,3041,4473,3041,4473,3051,4452,3051
4455,3051,4470,3051,4470,3065,4455,3065
4443,3066,4453,3066,4453,3077,4443,3077
4455,3066,4457,3066,4457,3077,4455,3077
4457,3066,4465,3066,4465,3077,4457,3077
4469,3066,4485,3066,4485,3077,4469,3077
2395,3078,2398,3078,2398,3092,2395,3092
2434,3079,2437,3079,2437,3093,2434,3093
2343,3094,2343,3088,2368,3088,2368,3094
2475,3080,2478,3080,2478,3094,2475,3094
2515,3081,2518,3081,2518,3095,2515,3095
4203,3097,4223,3097,4223,3109,4203,3109
4203,3108,4220,3107,4221,3121,4204,3122
2343,3136,2343,3130,2368,3130,2368,3136
144,3121,165,3121,165,3150,144,3150
229,3121,237,3121,237,3150,229,3150
241,3121,249,3121,249,3150,241,3150
250,3121,258,3121,258,3150,250,3150
340,3121,348,3121,348,3150,340,3150
2353,3120,2359,3120,2359,3144,2353,3144
2395,3119,2401,3119,2401,3143,2395,3143
2438,3119,2444,3119,2444,3143,2438,3143
2478,3118,2484,3118,2484,3142,2478,3142
2518,3117,2524,3117,2524,3141,2518,3141
2558,3117,2564,3117,2564,3141,2558,3141
2598,3116,2604,3116,2604,3140,2598,3140
4194,3124,4202,3124,4202,3136,4194,3136
4205,3124,4207,3124,4207,3136,4205,3136
4206,3124,4216,3124,4216,3136,4206,3136
4220,3124,4235,3124,4235,3136,4220,3136
1866,3180,1960,3183,1959,3218,1865,3215
1975,3183,2095,3186,2094,3221,1974,3218
2164,3159,2244,3159,2244,3188,2164,3188
2147,3188,2270,3192,2269,3227,2146,3223
3872,3166,4095,3169,4094,3211,3871,3208
4102,3170,4273,3173,4272,3215,4101,3212
4290,3173,4301,3173,4300,3214,4289,3214
2398,3191,2462,3191,2462,3223,2398,3223
2469,3191,2562,3191,2562,3223,2469,3223
2739,3194,2834,3194,2834,3217,2739,3217
3347,3175,3439,3175,3439,3206,3347,3206
3270,3209,3373,3209,3373,3241,3270,3241
3385,3209,3446,3209,3446,3241,3385,3241
3462,3209,3503,3209,3503,3241,3462,3241
3005,3191,3065,3191,3065,3222,3005,3222
3074,3191,3082,3191,3082,3222,3074,3222
3084,3191,3170,3191,3170,3222,3084,3222
153,3272,157,3272,157,3290,153,3290
159,3272,218,3272,218,3290,159,3290
151,3294,184,3294,184,3315,151,3315
192,3294,265,3294,265,3315,192,3315
272,3294,364,3294,364,3315,272,3315
373,3294,388,3294,388,3315,373,3315
394,3294,468,3294,468,3315,394,3315
478,3294,560,3294,560,3315,478,3315
571,3294,609,3294,609,3315,571,3315
615,3294,747,3294,747,3315,615,3315
750,3294,755,3294,755,3315,750,3315
760,3294,813,3294,813,3315,760,3315
823,3294,853,3294,853,3315,823,3315
861,3294,934,3294,934,3315,861,3315
946,3294,980,3294,980,3315,946,3315
990,3294,1075,3294,1075,3315,990,3315
1085,3294,1126,3294,1126,3315,1085,3315
1132,3294,1147,3294,1147,3315,1132,3315
1156,3294,1218,3294,1218,3315,1156,3315
1228,3294,1258,3294,1258,3315,1228,3315
1266,3294,1321,3294,1321,3315,1266,3315
1329,3294,1348,3294,1348,3315,1329,3315
1357,3294,1372,3294,1372,3315,1357,3315
1385,3294,1400,3294,1400,3315,1385,3315
1412,3294,1469,3294,1469,3315,1412,3315
1469,3294,1474,3294,1474,3315,1469,3315
1483,3294,1510,3294,1510,3315,1483,3315
1518,3294,1541,3294,1541,3315,1518,3315
1550,3294,1594,3294,1594,3315,1550,3315
1604,3294,1623,3294,1623,3315,1604,3315
1633,3294,1677,3294,1677,3315,1633,3315
1684,3294,1707,3294,1707,3315,1684,3315
1717,3294,1783,3294,1783,3315,1717,3315
1785,3294,1819,3294,1819,3315,1785,3315
1823,3294,1970,3294,1970,3315,1823,3315
1972,3294,1999,3294,1999,3315,1972,3315
2005,3294,2100,3294,2100,3315,2005,3315
2103,3294,2108,3294,2108,3315,2103,3315
2115,3294,2175,3294,2175,3315,2115,3315
2178,3294,2183,3294,2183,3315,2178,3315
2189,3294,2223,3294,2223,3315,2189,3315
2232,3294,2307,3294,2307,3315,2232,3315
2307,3294,2312,3294,2312,3315,2307,3315
2322,3294,2436,3294,2436,3315,2322,3315
2437,3294,2442,3294,2442,3315,2437,3315
2449,3294,2555,3294,2555,3315,2449,3315
2563,3294,2582,3294,2582,3315,2563,3315
2592,3294,2703,3294,2703,3315,2592,3315
2706,3294,2711,3294,2711,3315,2706,3315
2720,3294,2796,3294,2796,3315,2720,3315
2798,3294,2803,3294,2803,3315,2798,3315
2812,3294,2876,3294,2876,3315,2812,3315
2882,3294,2912,3294,2912,3315,2882,3315
2920,3294,3000,3294,3000,3315,2920,3315
3008,3294,3046,3294,3046,3315,3008,3315
3051,3294,3110,3294,3110,3315,3051,3315
3113,3294,3118,3294,3118,3315,3113,3315
3121,3294,3137,3294,3137,3315,3121,3315
3148,3294,3159,3294,3159,3315,3148,3315
3171,3294,3210,3294,3210,3315,3171,3315
3216,3294,3221,3294,3221,3315,3216,3315
3229,3294,3258,3294,3258,3315,3229,3315
3269,3294,3337,3294,3337,3315,3269,3315
3339,3294,3344,3294,3344,3315,3339,3315
3347,3294,3363,3294,3363,3315,3347,3315
3370,3294,3508,3294,3508,3315,3370,3315
152,3314,217,3314,217,3339,152,3339
223,3314,246,3314,246,3339,223,3339
253,3314,281,3314,281,3339,253,3339
289,3314,369,3314,369,3339,289,3339
381,3314,424,3314,424,3339,381,3339
429,3314,527,3314,527,3339,429,3339
537,3314,543,3314,543,3339,537,3339
546,3314,552,3314,552,3339,546,3339
552,3314,615,3314,615,3339,552,3339
625,3314,639,3314,639,3339,625,3339
651,3314,718,3314,718,3339,651,3339
728,3314,757,3314,757,3339,728,3339
765,3314,858,3314,858,3339,765,3339
866,3314,923,3314,923,3339,866,3339
930,3314,953,3314,953,3339,930,3339
960,3314,1053,3314,1053,3339,960,3339
1064,3314,1082,3314,1082,3339,1064,3339
1086,3314,1183,3314,1183,3339,1086,3339
1191,3314,1220,3314,1220,3339,1191,3339
1228,3314,1274,3314,1274,3339,1228,3339
1285,3314,1291,3314,1291,3339,1285,3339
1293,3314,1299,3314,1299,3339,1293,3339
1301,3314,1338,3314,1338,3339,1301,3339
1340,3314,1346,3314,1346,3339,1340,3339
1351,3314,1456,3314,1456,3339,1351,3339
1462,3314,1490,3314,1490,3339,1462,3339
1495,3314,1616,3314,1616,3339,1495,3339
1623,3314,1662,3314,1662,3339,1623,3339
1667,3314,1776,3314,1776,3339,1667,3339
1785,3314,1791,3314,1791,3339,1785,3339
1792,3314,1798,3314,1798,3339,1792,3339
1801,3314,1830,3314,1830,3339,1801,3339
1839,3314,1927,3314,1927,3339,1839,3339
1935,3314,1941,3314,1941,3339,1935,3339
1953,3314,1971,3314,1971,3339,1953,3339
1980,3314,2013,3314,2013,3339,1980,3339
2023,3314,2041,3314,2041,3339,2023,3339
2050,3314,2117,3314,2117,3339,2050,3339
2126,3314,2149,3314,2149,3339,2126,3339
2154,3314,2160,3314,2160,3339,2154,3339
2159,3314,2165,3314,2165,3339,2159,3339
2167,3314,2214,3314,2214,3339,2167,3339
2219,3314,2306,3314,2306,3339,2219,3339
2310,3314,2316,3314,2316,3339,2310,3339
2322,3314,2351,3314,2351,3339,2322,3339
2357,3314,2451,3314,2451,3339,2357,3339
2461,3314,2556,3314,2556,3339,2461,3339
2557,3314,2563,3314,2563,3339,2557,3339
2569,3314,2702,3314,2702,3339,2569,3339
2710,3314,2728,3314,2728,3339,2710,3339
2738,3314,2871,3314,2871,3339,2738,3339
2871,3314,2877,3314,2877,3339,2871,3339
2884,3314,2917,3314,2917,3339,2884,3339
2926,3314,2940,3314,2940,3339,2926,3339
2951,3314,2969,3314,2969,3339,2951,3339
2980,3314,3008,3314,3008,3339,2980,3339
3011,3314,3093,3314,3093,3339,3011,3339
3101,3314,3122,3314,3122,3339,3101,3339
3134,3314,3233,3314,3233,3339,3134,3339
3239,3314,3287,3314,3287,3339,3239,3339
3287,3314,3293,3314,3293,3339,3287,3339
3298,3314,3323,3314,3323,3339,3298,3339
3330,3314,3405,3314,3405,3339,3330,3339
3410,3314,3416,3314,3416,3339,3410,3339
3420,3314,3445,3314,3445,3339,3420,3339
152,3340,220,3340,220,3361,152,3361
224,3340,229,3340,229,3361,224,3361
232,3340,259,3340,259,3361,232,3361
267,3340,312,3340,312,3361,267,3361
317,3340,322,3340,322,3361,317,3361
331,3340,361,3340,361,3361,331,3361
366,3340,391,3340,391,3361,366,3361
401,3340,513,3340,513,3361,401,3361
523,3340,538,3340,538,3361,523,3361
543,3340,576,3340,576,3361,543,3361
583,3340,721,3340,721,3361,583,3361
722,3340,727,3340,727,3361,722,3361
730,3340,753,3340,753,3361,730,3361
759,3340,827,3340,827,3361,759,3361
829,3340,834,3340,834,3361,829,3361
840,3340,845,3340,845,3361,840,3361
844,3340,849,3340,849,3361,844,3361
850,3340,970,3340,970,3361,850,3361
975,3340,994,3340,994,3361,975,3361
996,3340,1019,3340,1019,3361,996,3361
1031,3340,1131,3340,1131,3361,1031,3361
1138,3340,1168,3340,1168,3361,1138,3361
1176,3340,1280,3340,1280,3361,1176,3361
1293,3340,1332,3340,1332,3361,1293,3361
1334,3340,1443,3340,1443,3361,1334,3361
1454,3340,1459,3340,1459,3361,1454,3361
1463,3340,1468,3340,1468,3361,1463,3361
1469,3340,1497,3340,1497,3361,1469,3361
1502,3340,1579,3340,1579,3361,1502,3361
1584,3340,1589,3340,1589,3361,1584,3361
3660,3294,3748,3294,3748,3332,3660,3332
3762,3294,3772,3294,3772,3332,3762,3332
3796,3294,3825,3294,3825,3332,3796,3332
3832,3294,3842,3294,3842,3332,3832,3332
3851,3294,3878,3294,3878,3332,3851,3332
3887,3294,3897,3294,3897,3332,3887,3332
3901,3294,3969,3294,3969,3332,3901,3332
4278,3282,4392,3282,4392,3340,4278,3340
4403,3282,4419,3282,4419,3340,4403,3340
4474,3282,4490,3282,4490,3340,4474,3340
